0	0,0.037312124545	(0, 0.037312124545037934)
0	38,0.074062465642	(0, 0.037312124545037934)
0	84,0.0747974251425	(0, 0.037312124545037934)
0	173,0.0793684209362	(0, 0.037312124545037934)
0	99,0.080083910782	(0, 0.037312124545037934)
0	109,0.0861739218108	(0, 0.037312124545037934)
0	144,0.0932372379136	(0, 0.037312124545037934)
0	14,0.0960904946755	(0, 0.037312124545037934)
0	170,0.0969255858076	(0, 0.037312124545037934)
0	27,0.100465597917	(0, 0.037312124545037934)
1	1,0.0244947315611	(1, 0.024494731561079883)
1	103,0.0373915997133	(1, 0.024494731561079883)
1	102,0.0443272213743	(1, 0.024494731561079883)
1	28,0.04594453379	(1, 0.024494731561079883)
1	114,0.0469219553431	(1, 0.024494731561079883)
1	155,0.0510384956108	(1, 0.024494731561079883)
1	91,0.0521664883414	(1, 0.024494731561079883)
1	153,0.0529320315116	(1, 0.024494731561079883)
1	53,0.0558424677897	(1, 0.024494731561079883)
1	26,0.0576326338282	(1, 0.024494731561079883)
2	154,0.0319665096866	(2, 0.054084232713728857)
2	4,0.0325149971446	(2, 0.054084232713728857)
2	174,0.0437127692874	(2, 0.054084232713728857)
2	69,0.0447929988247	(2, 0.054084232713728857)
2	40,0.0452233652791	(2, 0.054084232713728857)
2	172,0.0494104362439	(2, 0.054084232713728857)
2	2,0.0540842327137	(2, 0.054084232713728857)
2	25,0.0622293390111	(2, 0.054084232713728857)
2	148,0.0642188737411	(2, 0.054084232713728857)
2	116,0.0679604917936	(2, 0.054084232713728857)
3	3,0.0129727369772	(3, 0.012972736977220943)
3	63,0.0172188028315	(3, 0.012972736977220943)
3	132,0.024368386873	(3, 0.012972736977220943)
3	81,0.0261951126394	(3, 0.012972736977220943)
3	147,0.0272834615641	(3, 0.012972736977220943)
3	11,0.0275582294412	(3, 0.012972736977220943)
3	150,0.0276264726182	(3, 0.012972736977220943)
3	151,0.0276439694756	(3, 0.012972736977220943)
3	162,0.0281497444075	(3, 0.012972736977220943)
3	121,0.0283178133444	(3, 0.012972736977220943)
4	172,0.0232939982736	(4, 0.034175222648126787)
4	13,0.0296203245197	(4, 0.034175222648126787)
4	17,0.0303265065459	(4, 0.034175222648126787)
4	37,0.0321221066355	(4, 0.034175222648126787)
4	40,0.0332834545611	(4, 0.034175222648126787)
4	4,0.0341752226481	(4, 0.034175222648126787)
4	69,0.0360098780996	(4, 0.034175222648126787)
4	120,0.0370143626713	(4, 0.034175222648126787)
4	77,0.0371139579214	(4, 0.034175222648126787)
4	3,0.0406898894638	(4, 0.034175222648126787)
5	73,0.0272548633335	(5, 0.10287594126416202)
5	93,0.048695229785	(5, 0.10287594126416202)
5	107,0.0509683586792	(5, 0.10287594126416202)
5	78,0.0562741012588	(5, 0.10287594126416202)
5	128,0.0562817988442	(5, 0.10287594126416202)
5	124,0.0574168319455	(5, 0.10287594126416202)
5	95,0.0601040619778	(5, 0.10287594126416202)
5	101,0.0610047325714	(5, 0.10287594126416202)
5	26,0.0615650429908	(5, 0.10287594126416202)
5	1,0.0633025663314	(5, 0.10287594126416202)
6	139,0.0151002336179	(6, 0.025201110436551429)
6	46,0.0195461361996	(6, 0.025201110436551429)
6	6,0.0252011104366	(6, 0.025201110436551429)
6	22,0.0282354610254	(6, 0.025201110436551429)
6	76,0.0284184292756	(6, 0.025201110436551429)
6	18,0.0307449218503	(6, 0.025201110436551429)
6	158,0.0313604716097	(6, 0.025201110436551429)
6	171,0.0330151433169	(6, 0.025201110436551429)
6	132,0.0332238951516	(6, 0.025201110436551429)
6	35,0.0345346547806	(6, 0.025201110436551429)
7	66,0.10391633512	(7, 0.22378435497211407)
7	167,0.16176617039	(7, 0.22378435497211407)
7	51,0.171055004458	(7, 0.22378435497211407)
7	169,0.172789671599	(7, 0.22378435497211407)
7	32,0.174915533866	(7, 0.22378435497211407)
7	80,0.184779168851	(7, 0.22378435497211407)
7	133,0.195035940177	(7, 0.22378435497211407)
7	160,0.209096486187	(7, 0.22378435497211407)
7	149,0.215396993463	(7, 0.22378435497211407)
7	7,0.223784354972	(7, 0.22378435497211407)
8	11,0.0285962092684	(8, 0.038509926894423632)
8	121,0.0328899496091	(8, 0.038509926894423632)
8	73,0.0368817197851	(8, 0.038509926894423632)
8	71,0.0379822834073	(8, 0.038509926894423632)
8	162,0.0383496925878	(8, 0.038509926894423632)
8	8,0.0385099268944	(8, 0.038509926894423632)
8	70,0.0425096651768	(8, 0.038509926894423632)
8	3,0.0439079642366	(8, 0.038509926894423632)
8	18,0.0446886260602	(8, 0.038509926894423632)
8	78,0.0448759654596	(8, 0.038509926894423632)
9	9,0.0530743813078	(9, 0.053074381307761348)
9	155,0.0961303018193	(9, 0.053074381307761348)
9	114,0.0969214060571	(9, 0.053074381307761348)
9	124,0.110125298136	(9, 0.053074381307761348)
9	91,0.110817025299	(9, 0.053074381307761348)
9	53,0.115101192618	(9, 0.053074381307761348)
9	41,0.133652952855	(9, 0.053074381307761348)
9	28,0.134742195096	(9, 0.053074381307761348)
9	65,0.140508870036	(9, 0.053074381307761348)
9	16,0.147551837202	(9, 0.053074381307761348)
10	10,0.0653477901102	(10, 0.065347790110226373)
10	47,0.0719070470276	(10, 0.065347790110226373)
10	167,0.142332561955	(10, 0.065347790110226373)
10	99,0.151777396323	(10, 0.065347790110226373)
10	173,0.153971203857	(10, 0.065347790110226373)
10	84,0.162893778543	(10, 0.065347790110226373)
10	27,0.165706928974	(10, 0.065347790110226373)
10	58,0.170279121644	(10, 0.065347790110226373)
10	19,0.171413933032	(10, 0.065347790110226373)
10	138,0.172285207763	(10, 0.065347790110226373)
11	11,0.0119495323974	(11, 0.011949532397443469)
11	119,0.0294861952739	(11, 0.011949532397443469)
11	81,0.0301012804514	(11, 0.011949532397443469)
11	3,0.0345964681979	(11, 0.011949532397443469)
11	37,0.0346169960077	(11, 0.011949532397443469)
11	115,0.0351077873138	(11, 0.011949532397443469)
11	96,0.035315519505	(11, 0.011949532397443469)
11	112,0.0411285000487	(11, 0.011949532397443469)
11	71,0.0413567132372	(11, 0.011949532397443469)
11	143,0.0440562706456	(11, 0.011949532397443469)
12	22,0.0193994451114	(12, 0.019916669374539585)
12	12,0.0199166693745	(12, 0.019916669374539585)
12	126,0.0208563488505	(12, 0.019916669374539585)
12	76,0.0220987084182	(12, 0.019916669374539585)
12	121,0.0233628866123	(12, 0.019916669374539585)
12	151,0.0236560501499	(12, 0.019916669374539585)
12	132,0.0262802051059	(12, 0.019916669374539585)
12	18,0.0277942845334	(12, 0.019916669374539585)
12	137,0.0281180455647	(12, 0.019916669374539585)
12	86,0.0284786809422	(12, 0.019916669374539585)
13	11,0.0202654488182	(13, 0.032546492662996529)
13	172,0.02155723911	(13, 0.032546492662996529)
13	3,0.0228583529387	(13, 0.032546492662996529)
13	17,0.023234334897	(13, 0.032546492662996529)
13	162,0.0242326968468	(13, 0.032546492662996529)
13	77,0.0252932628192	(13, 0.032546492662996529)
13	37,0.0259978091375	(13, 0.032546492662996529)
13	136,0.0268568102074	(13, 0.032546492662996529)
13	90,0.0278259058496	(13, 0.032546492662996529)
13	81,0.0293175868751	(13, 0.032546492662996529)
14	14,0.0247981613799	(14, 0.024798161379887523)
14	72,0.0328803572193	(14, 0.024798161379887523)
14	159,0.0362316162003	(14, 0.024798161379887523)
14	144,0.0507768993106	(14, 0.024798161379887523)
14	109,0.0510779366974	(14, 0.024798161379887523)
14	123,0.0515784141704	(14, 0.024798161379887523)
14	145,0.0521998384145	(14, 0.024798161379887523)
14	84,0.0536418954063	(14, 0.024798161379887523)
14	38,0.0543978025428	(14, 0.024798161379887523)
14	131,0.0563751384925	(14, 0.024798161379887523)
15	15,0.0209710810282	(15, 0.020971081028248673)
15	17,0.0300700560565	(15, 0.020971081028248673)
15	59,0.0406730889041	(15, 0.020971081028248673)
15	161,0.0407968137676	(15, 0.020971081028248673)
15	49,0.041918352466	(15, 0.020971081028248673)
15	34,0.0424101084139	(15, 0.020971081028248673)
15	174,0.0426716464983	(15, 0.020971081028248673)
15	77,0.0426786504609	(15, 0.020971081028248673)
15	100,0.0445245644752	(15, 0.020971081028248673)
15	56,0.0454584377874	(15, 0.020971081028248673)
16	16,0.0430632269514	(16, 0.043063226951424415)
16	170,0.0438233828579	(16, 0.043063226951424415)
16	19,0.0584304500768	(16, 0.043063226951424415)
16	0,0.0623247618633	(16, 0.043063226951424415)
16	101,0.0674119578104	(16, 0.043063226951424415)
16	114,0.0681039649798	(16, 0.043063226951424415)
16	73,0.0709120344778	(16, 0.043063226951424415)
16	144,0.0722198711321	(16, 0.043063226951424415)
16	27,0.0724779000664	(16, 0.043063226951424415)
16	78,0.0749596071676	(16, 0.043063226951424415)
17	17,0.0134391207283	(17, 0.013439120728333026)
17	172,0.0199690525959	(17, 0.013439120728333026)
17	77,0.0267381840476	(17, 0.013439120728333026)
17	143,0.0274429633629	(17, 0.013439120728333026)
17	100,0.0276767769995	(17, 0.013439120728333026)
17	49,0.0308005121138	(17, 0.013439120728333026)
17	37,0.0322568636498	(17, 0.013439120728333026)
17	136,0.0334119033158	(17, 0.013439120728333026)
17	90,0.0341756006535	(17, 0.013439120728333026)
17	3,0.0348514241568	(17, 0.013439120728333026)
18	18,0.0151102282822	(18, 0.015110228282172554)
18	121,0.0205910442225	(18, 0.015110228282172554)
18	88,0.0206513884905	(18, 0.015110228282172554)
18	22,0.0219295058404	(18, 0.015110228282172554)
18	35,0.0247371072098	(18, 0.015110228282172554)
18	76,0.0251566726338	(18, 0.015110228282172554)
18	132,0.0256433932527	(18, 0.015110228282172554)
18	61,0.0265069899754	(18, 0.015110228282172554)
18	139,0.0267301800111	(18, 0.015110228282172554)
18	147,0.0305022664049	(18, 0.015110228282172554)
19	19,0.0487126706065	(19, 0.048712670606508426)
19	27,0.0562752365154	(19, 0.048712670606508426)
19	43,0.0615183873977	(19, 0.048712670606508426)
19	99,0.063270657065	(19, 0.048712670606508426)
19	84,0.0811020807951	(19, 0.048712670606508426)
19	107,0.0842293888665	(19, 0.048712670606508426)
19	32,0.0850544398782	(19, 0.048712670606508426)
19	164,0.0888961515447	(19, 0.048712670606508426)
19	138,0.0891791197693	(19, 0.048712670606508426)
19	39,0.0907699120423	(19, 0.048712670606508426)
20	73,0.0368326373966	(20, 0.041035196294627492)
20	20,0.0410351962946	(20, 0.041035196294627492)
20	124,0.0422104653721	(20, 0.041035196294627492)
20	93,0.0481671449938	(20, 0.041035196294627492)
20	89,0.0514868555994	(20, 0.041035196294627492)
20	128,0.0533102553833	(20, 0.041035196294627492)
20	109,0.055830650817	(20, 0.041035196294627492)
20	157,0.0568215482475	(20, 0.041035196294627492)
20	78,0.0574011614171	(20, 0.041035196294627492)
20	1,0.057805591667	(20, 0.041035196294627492)
21	71,0.0192113219495	(21, 0.033306374742529302)
21	121,0.0203565161768	(21, 0.033306374742529302)
21	11,0.0210544684155	(21, 0.033306374742529302)
21	117,0.0224046612244	(21, 0.033306374742529302)
21	162,0.0229244312075	(21, 0.033306374742529302)
21	22,0.0302712313089	(21, 0.033306374742529302)
21	23,0.0327341164729	(21, 0.033306374742529302)
21	76,0.0332711429217	(21, 0.033306374742529302)
21	21,0.0333063747425	(21, 0.033306374742529302)
21	70,0.0340000229835	(21, 0.033306374742529302)
22	22,0.0177703518818	(22, 0.017770351881801219)
22	117,0.0190952512092	(22, 0.017770351881801219)
22	139,0.0198775692902	(22, 0.017770351881801219)
22	76,0.0219390757487	(22, 0.017770351881801219)
22	132,0.0233074815812	(22, 0.017770351881801219)
22	46,0.024335058636	(22, 0.017770351881801219)
22	3,0.0256589610663	(22, 0.017770351881801219)
22	81,0.0272786462214	(22, 0.017770351881801219)
22	18,0.0278458226859	(22, 0.017770351881801219)
22	121,0.028483636382	(22, 0.017770351881801219)
23	23,0.0110385426756	(23, 0.011038542675567848)
23	61,0.0137172715873	(23, 0.011038542675567848)
23	26,0.0301647281127	(23, 0.011038542675567848)
23	121,0.0353942379685	(23, 0.011038542675567848)
23	63,0.0377346194662	(23, 0.011038542675567848)
23	78,0.0381565373771	(23, 0.011038542675567848)
23	162,0.0386629819944	(23, 0.011038542675567848)
23	76,0.0409707056748	(23, 0.011038542675567848)
23	147,0.0442665134133	(23, 0.011038542675567848)
23	70,0.0462295635271	(23, 0.011038542675567848)
24	24,0.020735757781	(24, 0.020735757781002985)
24	107,0.0455885893056	(24, 0.020735757781002985)
24	27,0.0469670495187	(24, 0.020735757781002985)
24	135,0.058152520355	(24, 0.020735757781002985)
24	61,0.0584451620236	(24, 0.020735757781002985)
24	158,0.0595710328529	(24, 0.020735757781002985)
24	50,0.059980732302	(24, 0.020735757781002985)
24	73,0.0604519530185	(24, 0.020735757781002985)
24	22,0.0626538661627	(24, 0.020735757781002985)
24	12,0.0637576724295	(24, 0.020735757781002985)
25	69,0.0211271608069	(25, 0.021886176618054906)
25	25,0.0218861766181	(25, 0.021886176618054906)
25	40,0.0269312460843	(25, 0.021886176618054906)
25	4,0.0344369382265	(25, 0.021886176618054906)
25	15,0.035666765554	(25, 0.021886176618054906)
25	148,0.0392571504647	(25, 0.021886176618054906)
25	154,0.0475885801786	(25, 0.021886176618054906)
25	79,0.0478663866979	(25, 0.021886176618054906)
25	60,0.0514802412149	(25, 0.021886176618054906)
25	56,0.0538864071437	(25, 0.021886176618054906)
26	18,0.0189455886597	(26, 0.046811252176235808)
26	63,0.0201844393185	(26, 0.046811252176235808)
26	76,0.0205758050697	(26, 0.046811252176235808)
26	151,0.0207146178617	(26, 0.046811252176235808)
26	3,0.0220083376748	(26, 0.046811252176235808)
26	121,0.0232008193946	(26, 0.046811252176235808)
26	11,0.0235977077228	(26, 0.046811252176235808)
26	162,0.0247802357755	(26, 0.046811252176235808)
26	132,0.0249215498172	(26, 0.046811252176235808)
26	147,0.0253126234606	(26, 0.046811252176235808)
27	78,0.0361491266225	(27, 0.046754733497394708)
27	61,0.040931551149	(27, 0.046754733497394708)
27	73,0.0411301950817	(27, 0.046754733497394708)
27	170,0.0422361531572	(27, 0.046754733497394708)
27	121,0.043001598138	(27, 0.046754733497394708)
27	26,0.0447655854717	(27, 0.046754733497394708)
27	27,0.0467547334974	(27, 0.046754733497394708)
27	128,0.0479057002606	(27, 0.046754733497394708)
27	107,0.0487167678462	(27, 0.046754733497394708)
27	101,0.0504115985336	(27, 0.046754733497394708)
28	1,0.034655131482	(28, 0.044866223438430955)
28	13,0.0346988614466	(28, 0.044866223438430955)
28	73,0.0401571441722	(28, 0.044866223438430955)
28	3,0.0435574252869	(28, 0.044866223438430955)
28	28,0.0448662234384	(28, 0.044866223438430955)
28	53,0.0506191322689	(28, 0.044866223438430955)
28	93,0.0508407878749	(28, 0.044866223438430955)
28	155,0.0514839465636	(28, 0.044866223438430955)
28	26,0.0518864858335	(28, 0.044866223438430955)
28	157,0.0527888520644	(28, 0.044866223438430955)
29	29,0.0201731729007	(29, 0.020173172900671117)
29	77,0.0241881578627	(29, 0.020173172900671117)
29	71,0.0329364372367	(29, 0.020173172900671117)
29	135,0.0377900920195	(29, 0.020173172900671117)
29	73,0.0386477809539	(29, 0.020173172900671117)
29	13,0.0394728290945	(29, 0.020173172900671117)
29	172,0.0410604455979	(29, 0.020173172900671117)
29	1,0.0425496985732	(29, 0.020173172900671117)
29	11,0.0427929370171	(29, 0.020173172900671117)
29	3,0.0429986132724	(29, 0.020173172900671117)
30	30,0.0557754934483	(30, 0.055775493448334927)
30	103,0.0681283622468	(30, 0.055775493448334927)
30	1,0.0745542945635	(30, 0.055775493448334927)
30	114,0.081246851931	(30, 0.055775493448334927)
30	153,0.0825426392265	(30, 0.055775493448334927)
30	91,0.0838290818716	(30, 0.055775493448334927)
30	28,0.0847437533776	(30, 0.055775493448334927)
30	102,0.0875572265433	(30, 0.055775493448334927)
30	110,0.0914643329598	(30, 0.055775493448334927)
30	53,0.0920940896957	(30, 0.055775493448334927)
31	166,0.0564266812185	(31, 0.058816111777008746)
31	31,0.058816111777	(31, 0.058816111777008746)
31	72,0.0696633786473	(31, 0.058816111777008746)
31	116,0.0809218960313	(31, 0.058816111777008746)
31	131,0.0830906571357	(31, 0.058816111777008746)
31	123,0.085211637986	(31, 0.058816111777008746)
31	104,0.0852412689002	(31, 0.058816111777008746)
31	124,0.0864812810142	(31, 0.058816111777008746)
31	69,0.0883351324084	(31, 0.058816111777008746)
31	144,0.0902965541742	(31, 0.058816111777008746)
32	32,0.0464444557074	(32, 0.046444455707407094)
32	156,0.0503398910534	(32, 0.046444455707407094)
32	27,0.0566838845779	(32, 0.046444455707407094)
32	73,0.066913522381	(32, 0.046444455707407094)
32	164,0.0677932754005	(32, 0.046444455707407094)
32	107,0.0690640389402	(32, 0.046444455707407094)
32	50,0.0699556858123	(32, 0.046444455707407094)
32	106,0.0836806917582	(32, 0.046444455707407094)
32	131,0.0843007796495	(32, 0.046444455707407094)
32	13,0.0855087747625	(32, 0.046444455707407094)
33	33,0.041701530022	(33, 0.041701530021969316)
33	4,0.0610239523433	(33, 0.041701530021969316)
33	116,0.0621542156036	(33, 0.041701530021969316)
33	69,0.0637547946819	(33, 0.041701530021969316)
33	106,0.0663065484955	(33, 0.041701530021969316)
33	40,0.0729032738137	(33, 0.041701530021969316)
33	28,0.0735902616509	(33, 0.041701530021969316)
33	93,0.0736707095189	(33, 0.041701530021969316)
33	73,0.0756534010596	(33, 0.041701530021969316)
33	156,0.0782805632327	(33, 0.041701530021969316)
34	15,0.0238394791331	(34, 0.062887737464581692)
34	17,0.0262465045064	(34, 0.062887737464581692)
34	69,0.0284217961541	(34, 0.062887737464581692)
34	40,0.0326048403814	(34, 0.062887737464581692)
34	120,0.0334538570924	(34, 0.062887737464581692)
34	172,0.0339845340319	(34, 0.062887737464581692)
34	148,0.0341978126308	(34, 0.062887737464581692)
34	4,0.0357536718283	(34, 0.062887737464581692)
34	83,0.037750817373	(34, 0.062887737464581692)
34	174,0.0382231900235	(34, 0.062887737464581692)
35	35,0.0160955187869	(35, 0.016095518786856413)
35	88,0.0267325080541	(35, 0.016095518786856413)
35	18,0.0287141373418	(35, 0.016095518786856413)
35	22,0.0360264022295	(35, 0.016095518786856413)
35	139,0.0381370101599	(35, 0.016095518786856413)
35	12,0.0387527871245	(35, 0.016095518786856413)
35	158,0.0412562821362	(35, 0.016095518786856413)
35	38,0.04177299598	(35, 0.016095518786856413)
35	128,0.0427480326975	(35, 0.016095518786856413)
35	159,0.0436141694091	(35, 0.016095518786856413)
36	76,0.0127818440164	(36, 0.01526815766780993)
36	46,0.0138305451216	(36, 0.01526815766780993)
36	147,0.0147740397864	(36, 0.01526815766780993)
36	36,0.0152681576678	(36, 0.01526815766780993)
36	18,0.0192275616203	(36, 0.01526815766780993)
36	63,0.0198137287843	(36, 0.01526815766780993)
36	171,0.0213671749061	(36, 0.01526815766780993)
36	88,0.0278739263896	(36, 0.01526815766780993)
36	150,0.028885346984	(36, 0.01526815766780993)
36	139,0.0293482769684	(36, 0.01526815766780993)
37	37,0.0202588366829	(37, 0.020258836682911945)
37	11,0.0250271023288	(37, 0.020258836682911945)
37	100,0.0251369833748	(37, 0.020258836682911945)
37	3,0.0272571932765	(37, 0.020258836682911945)
37	77,0.0281270699786	(37, 0.020258836682911945)
37	90,0.030175559831	(37, 0.020258836682911945)
37	21,0.033833993146	(37, 0.020258836682911945)
37	70,0.0354578420016	(37, 0.020258836682911945)
37	17,0.0362584421215	(37, 0.020258836682911945)
37	71,0.0382402079527	(37, 0.020258836682911945)
38	38,0.019160210636	(38, 0.019160210635961218)
38	12,0.0379895608643	(38, 0.019160210635961218)
38	55,0.045730396642	(38, 0.019160210635961218)
38	14,0.0474639181964	(38, 0.019160210635961218)
38	43,0.0516072441058	(38, 0.019160210635961218)
38	107,0.0533583868252	(38, 0.019160210635961218)
38	105,0.0539779648049	(38, 0.019160210635961218)
38	50,0.0568430388694	(38, 0.019160210635961218)
38	128,0.0579079561764	(38, 0.019160210635961218)
38	24,0.0587137071646	(38, 0.019160210635961218)
39	39,0.039636511308	(39, 0.039636511307987114)
39	169,0.0750346347466	(39, 0.039636511307987114)
39	101,0.0758731048294	(39, 0.039636511307987114)
39	51,0.0778875654037	(39, 0.039636511307987114)
39	156,0.0823923357005	(39, 0.039636511307987114)
39	27,0.0824055908257	(39, 0.039636511307987114)
39	84,0.0836077509391	(39, 0.039636511307987114)
39	107,0.0855514108518	(39, 0.039636511307987114)
39	99,0.0873162030147	(39, 0.039636511307987114)
39	73,0.0895254345568	(39, 0.039636511307987114)
40	40,0.014769178502	(40, 0.014769178502040068)
40	69,0.0236979506897	(40, 0.014769178502040068)
40	79,0.0288207406611	(40, 0.014769178502040068)
40	4,0.0292403757721	(40, 0.014769178502040068)
40	172,0.0297823523371	(40, 0.014769178502040068)
40	148,0.0341590185361	(40, 0.014769178502040068)
40	25,0.0380848136445	(40, 0.014769178502040068)
40	17,0.0389444852185	(40, 0.014769178502040068)
40	60,0.0402362477437	(40, 0.014769178502040068)
40	15,0.0408902960929	(40, 0.014769178502040068)
41	41,0.0185850357508	(41, 0.018585035750773152)
41	155,0.0345528876981	(41, 0.018585035750773152)
41	20,0.0526911949146	(41, 0.018585035750773152)
41	1,0.0556728007028	(41, 0.018585035750773152)
41	91,0.0589864825596	(41, 0.018585035750773152)
41	124,0.0647127665387	(41, 0.018585035750773152)
41	101,0.0681127522067	(41, 0.018585035750773152)
41	102,0.0734730833518	(41, 0.018585035750773152)
41	114,0.0754541792565	(41, 0.018585035750773152)
41	53,0.078024008294	(41, 0.018585035750773152)
42	163,0.0619099021017	(42, 0.13934203908434981)
42	69,0.0735780433686	(42, 0.13934203908434981)
42	28,0.0815236484603	(42, 0.13934203908434981)
42	53,0.0827821099462	(42, 0.13934203908434981)
42	118,0.0851904285844	(42, 0.13934203908434981)
42	34,0.0859105521952	(42, 0.13934203908434981)
42	97,0.0922980149344	(42, 0.13934203908434981)
42	140,0.0928816535671	(42, 0.13934203908434981)
42	65,0.093517814998	(42, 0.13934203908434981)
42	4,0.096977382007	(42, 0.13934203908434981)
43	22,0.0230973539092	(43, 0.048318602708765729)
43	121,0.0266796970882	(43, 0.048318602708765729)
43	128,0.0269504228551	(43, 0.048318602708765729)
43	12,0.0270151764431	(43, 0.048318602708765729)
43	78,0.0297251289865	(43, 0.048318602708765729)
43	18,0.030666115526	(43, 0.048318602708765729)
43	158,0.0314451343696	(43, 0.048318602708765729)
43	61,0.0316800738381	(43, 0.048318602708765729)
43	50,0.0343691768418	(43, 0.048318602708765729)
43	107,0.0347771024357	(43, 0.048318602708765729)
44	124,0.0389221126728	(44, 0.13143529788662994)
44	116,0.0401016378796	(44, 0.13143529788662994)
44	109,0.0410568460769	(44, 0.13143529788662994)
44	93,0.0441528925107	(44, 0.13143529788662994)
44	73,0.0474980761104	(44, 0.13143529788662994)
44	144,0.0512745842053	(44, 0.13143529788662994)
44	84,0.0564579108174	(44, 0.13143529788662994)
44	159,0.0567512210345	(44, 0.13143529788662994)
44	123,0.0578652200899	(44, 0.13143529788662994)
44	12,0.0600453554867	(44, 0.13143529788662994)
45	45,0.0591905862502	(45, 0.059190586250217753)
45	94,0.0835894600375	(45, 0.059190586250217753)
45	130,0.0844206229373	(45, 0.059190586250217753)
45	133,0.0880993527303	(45, 0.059190586250217753)
45	129,0.0922090338152	(45, 0.059190586250217753)
45	34,0.103082707609	(45, 0.059190586250217753)
45	98,0.10813355864	(45, 0.059190586250217753)
45	83,0.110019229726	(45, 0.059190586250217753)
45	53,0.111150298127	(45, 0.059190586250217753)
45	155,0.117497106885	(45, 0.059190586250217753)
46	46,0.0088651436017	(46, 0.0088651436017029867)
46	36,0.014725080665	(46, 0.0088651436017029867)
46	171,0.016348333105	(46, 0.0088651436017029867)
46	76,0.0195907616094	(46, 0.0088651436017029867)
46	137,0.0201372629661	(46, 0.0088651436017029867)
46	139,0.0275798482756	(46, 0.0088651436017029867)
46	147,0.0279447665475	(46, 0.0088651436017029867)
46	63,0.0290111932863	(46, 0.0088651436017029867)
46	18,0.0291033261993	(46, 0.0088651436017029867)
46	146,0.0297291627035	(46, 0.0088651436017029867)
47	99,0.0651707769018	(47, 0.081451177241490064)
47	27,0.071422376042	(47, 0.081451177241490064)
47	10,0.0768673555076	(47, 0.081451177241490064)
47	19,0.0788549473091	(47, 0.081451177241490064)
47	47,0.0814511772415	(47, 0.081451177241490064)
47	138,0.0882984865783	(47, 0.081451177241490064)
47	43,0.0887216748649	(47, 0.081451177241490064)
47	84,0.089865889221	(47, 0.081451177241490064)
47	0,0.099344611719	(47, 0.081451177241490064)
47	173,0.101860427766	(47, 0.081451177241490064)
48	56,0.0331216360036	(48, 0.03694401800328681)
48	120,0.0335574703123	(48, 0.03694401800328681)
48	48,0.0369440180033	(48, 0.03694401800328681)
48	69,0.0379055247841	(48, 0.03694401800328681)
48	97,0.0404458606663	(48, 0.03694401800328681)
48	40,0.0476276915175	(48, 0.03694401800328681)
48	174,0.0501719141341	(48, 0.03694401800328681)
48	4,0.0503168164392	(48, 0.03694401800328681)
48	124,0.0568129495576	(48, 0.03694401800328681)
48	154,0.0573957185605	(48, 0.03694401800328681)
49	49,0.0280819920015	(49, 0.028081992001453424)
49	59,0.0315405353546	(49, 0.028081992001453424)
49	98,0.0360060297338	(49, 0.028081992001453424)
49	15,0.0369476004717	(49, 0.028081992001453424)
49	77,0.0399290056075	(49, 0.028081992001453424)
49	172,0.0424038609606	(49, 0.028081992001453424)
49	100,0.0434348165723	(49, 0.028081992001453424)
49	17,0.046812234826	(49, 0.028081992001453424)
49	83,0.050353509998	(49, 0.028081992001453424)
49	174,0.051332775559	(49, 0.028081992001453424)
50	50,0.0153537794323	(50, 0.015353779432296953)
50	12,0.0394188241817	(50, 0.015353779432296953)
50	107,0.041069502617	(50, 0.015353779432296953)
50	158,0.0472376425463	(50, 0.015353779432296953)
50	171,0.0480585614846	(50, 0.015353779432296953)
50	128,0.0496979643285	(50, 0.015353779432296953)
50	38,0.0517515195868	(50, 0.015353779432296953)
50	22,0.0518885291795	(50, 0.015353779432296953)
50	76,0.0520176735109	(50, 0.015353779432296953)
50	46,0.0553914134814	(50, 0.015353779432296953)
51	124,0.0229906288908	(51, 0.11135283883106274)
51	155,0.0408069259124	(51, 0.11135283883106274)
51	73,0.0415649678669	(51, 0.11135283883106274)
51	53,0.0477017052797	(51, 0.11135283883106274)
51	157,0.0489191907841	(51, 0.11135283883106274)
51	93,0.0539903752409	(51, 0.11135283883106274)
51	28,0.0571978732999	(51, 0.11135283883106274)
51	1,0.0578705828319	(51, 0.11135283883106274)
51	41,0.0593414329242	(51, 0.11135283883106274)
51	13,0.062037519763	(51, 0.11135283883106274)
52	53,0.0413162312327	(52, 0.13164576594492164)
52	44,0.0439751415368	(52, 0.13164576594492164)
52	13,0.05451365508	(52, 0.13164576594492164)
52	124,0.0546459824765	(52, 0.13164576594492164)
52	65,0.0548271225701	(52, 0.13164576594492164)
52	155,0.0554004631655	(52, 0.13164576594492164)
52	163,0.0558444592487	(52, 0.13164576594492164)
52	4,0.0573484876864	(52, 0.13164576594492164)
52	114,0.0620449633377	(52, 0.13164576594492164)
52	161,0.0628273305604	(52, 0.13164576594492164)
53	65,0.0247308329775	(53, 0.03553381067818151)
53	53,0.0355338106782	(53, 0.03553381067818151)
53	155,0.0408075210016	(53, 0.03553381067818151)
53	44,0.0410722663478	(53, 0.03553381067818151)
53	161,0.0486192765679	(53, 0.03553381067818151)
53	163,0.05075181465	(53, 0.03553381067818151)
53	120,0.0518770056294	(53, 0.03553381067818151)
53	114,0.0582324701081	(53, 0.03553381067818151)
53	34,0.0608883550794	(53, 0.03553381067818151)
53	13,0.0619494518529	(53, 0.03553381067818151)
54	136,0.0170926436903	(54, 0.031961305097447712)
54	162,0.0293214410962	(54, 0.031961305097447712)
54	11,0.0302940171338	(54, 0.031961305097447712)
54	3,0.0313816497321	(54, 0.031961305097447712)
54	137,0.031814622733	(54, 0.031961305097447712)
54	54,0.0319613050974	(54, 0.031961305097447712)
54	71,0.0323579093242	(54, 0.031961305097447712)
54	63,0.0343377257247	(54, 0.031961305097447712)
54	147,0.0346543535278	(54, 0.031961305097447712)
54	37,0.0358852151388	(54, 0.031961305097447712)
55	12,0.0267585396414	(55, 0.037572925405657896)
55	159,0.0340489385444	(55, 0.037572925405657896)
55	152,0.0359956163291	(55, 0.037572925405657896)
55	134,0.0360463351445	(55, 0.037572925405657896)
55	55,0.0375729254057	(55, 0.037572925405657896)
55	128,0.0390370442421	(55, 0.037572925405657896)
55	38,0.0393977863384	(55, 0.037572925405657896)
55	121,0.0396660283058	(55, 0.037572925405657896)
55	86,0.0409814704723	(55, 0.037572925405657896)
55	18,0.0421040143015	(55, 0.037572925405657896)
56	56,0.0251494767933	(56, 0.025149476793276577)
56	120,0.0342311244009	(56, 0.025149476793276577)
56	15,0.0348264939029	(56, 0.025149476793276577)
56	113,0.0518310573824	(56, 0.025149476793276577)
56	44,0.0541250708433	(56, 0.025149476793276577)
56	174,0.0544560977384	(56, 0.025149476793276577)
56	2,0.0546278046888	(56, 0.025149476793276577)
56	69,0.0588683388433	(56, 0.025149476793276577)
56	4,0.0614376196139	(56, 0.025149476793276577)
56	161,0.0627146297593	(56, 0.025149476793276577)
57	57,0.0395271980565	(57, 0.039527198056460065)
57	122,0.07311992663	(57, 0.039527198056460065)
57	15,0.089734617179	(57, 0.039527198056460065)
57	174,0.0958900625903	(57, 0.039527198056460065)
57	56,0.101702391075	(57, 0.039527198056460065)
57	113,0.1119571394	(57, 0.039527198056460065)
57	120,0.114812118052	(57, 0.039527198056460065)
57	2,0.11754891148	(57, 0.039527198056460065)
57	59,0.127732904499	(57, 0.039527198056460065)
57	108,0.130600921694	(57, 0.039527198056460065)
58	24,0.0328854145277	(58, 0.13482050586509289)
58	107,0.0375652401425	(58, 0.13482050586509289)
58	27,0.0432466081342	(58, 0.13482050586509289)
58	50,0.0433669525739	(58, 0.13482050586509289)
58	61,0.0528621691262	(58, 0.13482050586509289)
58	38,0.0565211162965	(58, 0.13482050586509289)
58	43,0.0568322330671	(58, 0.13482050586509289)
58	158,0.0582131052164	(58, 0.13482050586509289)
58	73,0.0587300180719	(58, 0.13482050586509289)
58	12,0.0598402386472	(58, 0.13482050586509289)
59	15,0.0697470676868	(59, 0.080400219034493986)
59	83,0.0705221958012	(59, 0.080400219034493986)
59	65,0.073267681838	(59, 0.080400219034493986)
59	113,0.0744926005936	(59, 0.080400219034493986)
59	94,0.0799674665843	(59, 0.080400219034493986)
59	59,0.0804002190345	(59, 0.080400219034493986)
59	130,0.0868612486926	(59, 0.080400219034493986)
59	120,0.088728396115	(59, 0.080400219034493986)
59	44,0.0905723792936	(59, 0.080400219034493986)
59	34,0.0913847356104	(59, 0.080400219034493986)
60	60,0.0262371959095	(60, 0.026237195909457011)
60	40,0.02937240725	(60, 0.026237195909457011)
60	69,0.0304154465541	(60, 0.026237195909457011)
60	79,0.0334150548069	(60, 0.026237195909457011)
60	4,0.0411925876048	(60, 0.026237195909457011)
60	25,0.0447485721496	(60, 0.026237195909457011)
60	15,0.0455203330204	(60, 0.026237195909457011)
60	77,0.0458279681134	(60, 0.026237195909457011)
60	172,0.0469788031365	(60, 0.026237195909457011)
60	34,0.0482314606848	(60, 0.026237195909457011)
61	61,0.0164056218968	(61, 0.016405621896781818)
61	23,0.0197419422681	(61, 0.016405621896781818)
61	26,0.0242940411906	(61, 0.016405621896781818)
61	121,0.0272510630391	(61, 0.016405621896781818)
61	78,0.0290868847674	(61, 0.016405621896781818)
61	76,0.029704487516	(61, 0.016405621896781818)
61	63,0.029864155985	(61, 0.016405621896781818)
61	162,0.0309508459491	(61, 0.016405621896781818)
61	147,0.0324570638034	(61, 0.016405621896781818)
61	3,0.0340595132667	(61, 0.016405621896781818)
62	78,0.0306779372128	(62, 0.042594669409099513)
62	26,0.0324169428623	(62, 0.042594669409099513)
62	73,0.0371243419567	(62, 0.042594669409099513)
62	107,0.0372968525272	(62, 0.042594669409099513)
62	61,0.0416322170427	(62, 0.042594669409099513)
62	62,0.0425946694091	(62, 0.042594669409099513)
62	158,0.0434918649765	(62, 0.042594669409099513)
62	22,0.04775455048	(62, 0.042594669409099513)
62	121,0.0481219378936	(62, 0.042594669409099513)
62	128,0.0505782819614	(62, 0.042594669409099513)
63	3,0.0130961691002	(63, 0.024151799834534225)
63	77,0.021893477448	(63, 0.024151799834534225)
63	11,0.0227954539565	(63, 0.024151799834534225)
63	63,0.0241517998345	(63, 0.024151799834534225)
63	162,0.0247052697652	(63, 0.024151799834534225)
63	136,0.0273277362944	(63, 0.024151799834534225)
63	37,0.0281401752686	(63, 0.024151799834534225)
63	171,0.0294326375577	(63, 0.024151799834534225)
63	81,0.0303882326164	(63, 0.024151799834534225)
63	71,0.0321576058248	(63, 0.024151799834534225)
64	64,0.0881084721564	(64, 0.088108472156370868)
64	45,0.137732398017	(64, 0.088108472156370868)
64	118,0.146819184947	(64, 0.088108472156370868)
64	130,0.153853384941	(64, 0.088108472156370868)
64	133,0.174584423415	(64, 0.088108472156370868)
64	33,0.182548189434	(64, 0.088108472156370868)
64	34,0.199804410651	(64, 0.088108472156370868)
64	113,0.209018654009	(64, 0.088108472156370868)
64	94,0.214686840947	(64, 0.088108472156370868)
64	15,0.23174239383	(64, 0.088108472156370868)
65	65,0.0225755029039	(65, 0.022575502903887348)
65	161,0.0244397406388	(65, 0.022575502903887348)
65	83,0.0325573114583	(65, 0.022575502903887348)
65	68,0.0378336524814	(65, 0.022575502903887348)
65	155,0.0405654339406	(65, 0.022575502903887348)
65	59,0.0451860461268	(65, 0.022575502903887348)
65	1,0.0475782765089	(65, 0.022575502903887348)
65	13,0.0503325167179	(65, 0.022575502903887348)
65	44,0.0504423359788	(65, 0.022575502903887348)
65	17,0.0515089740528	(65, 0.022575502903887348)
66	66,0.0797660906793	(66, 0.079766090679330187)
66	130,0.163368667414	(66, 0.079766090679330187)
66	133,0.185978722342	(66, 0.079766090679330187)
66	140,0.194378474892	(66, 0.079766090679330187)
66	118,0.20070088443	(66, 0.079766090679330187)
66	91,0.220451684758	(66, 0.079766090679330187)
66	33,0.22236091521	(66, 0.079766090679330187)
66	141,0.242173242441	(66, 0.079766090679330187)
66	169,0.242920024538	(66, 0.079766090679330187)
66	53,0.246989798294	(66, 0.079766090679330187)
67	67,0.0578728913032	(67, 0.057872891303226232)
67	84,0.0719531150387	(67, 0.057872891303226232)
67	169,0.0723355515151	(67, 0.057872891303226232)
67	93,0.0797710850195	(67, 0.057872891303226232)
67	149,0.0828355299425	(67, 0.057872891303226232)
67	28,0.0889681771475	(67, 0.057872891303226232)
67	116,0.0900775471271	(67, 0.057872891303226232)
67	131,0.092734484063	(67, 0.057872891303226232)
67	140,0.0944456444216	(67, 0.057872891303226232)
67	109,0.0964566331778	(67, 0.057872891303226232)
68	68,0.0237167286443	(68, 0.023716728644287526)
68	23,0.0381536873866	(68, 0.023716728644287526)
68	70,0.0390731163003	(68, 0.023716728644287526)
68	61,0.0407025544804	(68, 0.023716728644287526)
68	63,0.0453160107597	(68, 0.023716728644287526)
68	162,0.0486963287159	(68, 0.023716728644287526)
68	26,0.0502729666436	(68, 0.023716728644287526)
68	147,0.0508844578004	(68, 0.023716728644287526)
68	77,0.0538090741018	(68, 0.023716728644287526)
68	71,0.055137249273	(68, 0.023716728644287526)
69	122,0.085155957565	(69, 0.10175058359434311)
69	15,0.0935627406818	(69, 0.10175058359434311)
69	174,0.0949950332808	(69, 0.10175058359434311)
69	69,0.101750583594	(69, 0.10175058359434311)
69	2,0.10435723666	(69, 0.10175058359434311)
69	48,0.105102360022	(69, 0.10175058359434311)
69	56,0.107034128919	(69, 0.10175058359434311)
69	154,0.107808547358	(69, 0.10175058359434311)
69	33,0.113596832179	(69, 0.10175058359434311)
69	4,0.116017599098	(69, 0.10175058359434311)
70	3,0.0277069972072	(70, 0.031855497494047473)
70	121,0.0282920302011	(70, 0.031855497494047473)
70	70,0.031855497494	(70, 0.031855497494047473)
70	11,0.0329053617005	(70, 0.031855497494047473)
70	77,0.0331216296675	(70, 0.031855497494047473)
70	132,0.0348835383673	(70, 0.031855497494047473)
70	117,0.0358444175925	(70, 0.031855497494047473)
70	139,0.036678752335	(70, 0.031855497494047473)
70	22,0.0376968201536	(70, 0.031855497494047473)
70	81,0.038107926099	(70, 0.031855497494047473)
71	91,0.0535133119621	(71, 0.13695966529841072)
71	133,0.0616610329605	(71, 0.13695966529841072)
71	41,0.0780728574499	(71, 0.13695966529841072)
71	101,0.0808779279702	(71, 0.13695966529841072)
71	155,0.0827785141053	(71, 0.13695966529841072)
71	102,0.0856667879507	(71, 0.13695966529841072)
71	28,0.0874910643306	(71, 0.13695966529841072)
71	95,0.0900741607859	(71, 0.13695966529841072)
71	1,0.0938648904028	(71, 0.13695966529841072)
71	124,0.101100432747	(71, 0.13695966529841072)
72	174,0.0396064882953	(72, 0.23393146740062951)
72	17,0.0421245208165	(72, 0.23393146740062951)
72	172,0.0430259113544	(72, 0.23393146740062951)
72	148,0.0449401473194	(72, 0.23393146740062951)
72	143,0.0470286135382	(72, 0.23393146740062951)
72	77,0.0575250852356	(72, 0.23393146740062951)
72	3,0.0584402589643	(72, 0.23393146740062951)
72	100,0.0584721214694	(72, 0.23393146740062951)
72	40,0.0592068983742	(72, 0.23393146740062951)
72	4,0.0592883433631	(72, 0.23393146740062951)
73	73,0.0231172815518	(73, 0.023117281551809792)
73	13,0.0338167390772	(73, 0.023117281551809792)
73	124,0.0382975701763	(73, 0.023117281551809792)
73	157,0.0467961236553	(73, 0.023117281551809792)
73	27,0.0473349128974	(73, 0.023117281551809792)
73	53,0.0480307899821	(73, 0.023117281551809792)
73	114,0.0565326927612	(73, 0.023117281551809792)
73	109,0.0580703861306	(73, 0.023117281551809792)
73	93,0.0594002107034	(73, 0.023117281551809792)
73	155,0.0602840016089	(73, 0.023117281551809792)
74	17,0.0165847546451	(74, 0.021822314141612426)
74	136,0.0189992913482	(74, 0.021822314141612426)
74	74,0.0218223141416	(74, 0.021822314141612426)
74	37,0.0223859406758	(74, 0.021822314141612426)
74	100,0.0246323383708	(74, 0.021822314141612426)
74	77,0.0246732251816	(74, 0.021822314141612426)
74	90,0.0260096854663	(74, 0.021822314141612426)
74	127,0.0286720657315	(74, 0.021822314141612426)
74	11,0.03500485491	(74, 0.021822314141612426)
74	172,0.0358980639453	(74, 0.021822314141612426)
75	75,0.135750717381	(75, 0.13575071738147693)
75	167,0.15974850879	(75, 0.13575071738147693)
75	47,0.216290384741	(75, 0.13575071738147693)
75	80,0.225971375914	(75, 0.13575071738147693)
75	10,0.230243024466	(75, 0.13575071738147693)
75	99,0.236561337081	(75, 0.13575071738147693)
75	67,0.246473259581	(75, 0.13575071738147693)
75	85,0.254145381254	(75, 0.13575071738147693)
75	84,0.255549990226	(75, 0.13575071738147693)
75	169,0.256100142335	(75, 0.13575071738147693)
76	76,0.0111148673525	(76, 0.01111486735248535)
76	147,0.0136568496384	(76, 0.01111486735248535)
76	63,0.0146577325299	(76, 0.01111486735248535)
76	137,0.0161334795854	(76, 0.01111486735248535)
76	171,0.0191678761608	(76, 0.01111486735248535)
76	3,0.0233732264486	(76, 0.01111486735248535)
76	46,0.0236989826859	(76, 0.01111486735248535)
76	22,0.0247902829966	(76, 0.01111486735248535)
76	18,0.0252325639182	(76, 0.01111486735248535)
76	36,0.025980968186	(76, 0.01111486735248535)
77	162,0.0176845119946	(77, 0.021189128618452152)
77	90,0.0184303271998	(77, 0.021189128618452152)
77	11,0.0195252484554	(77, 0.021189128618452152)
77	136,0.0200274336764	(77, 0.021189128618452152)
77	77,0.0211891286185	(77, 0.021189128618452152)
77	147,0.02218870336	(77, 0.021189128618452152)
77	3,0.0222696748287	(77, 0.021189128618452152)
77	137,0.0224116476729	(77, 0.021189128618452152)
77	63,0.0226863082581	(77, 0.021189128618452152)
77	37,0.0260952180213	(77, 0.021189128618452152)
78	151,0.0149768259877	(78, 0.028345977775407576)
78	63,0.0173664701224	(78, 0.028345977775407576)
78	76,0.0184773586985	(78, 0.028345977775407576)
78	132,0.0191276672004	(78, 0.028345977775407576)
78	22,0.0215905536798	(78, 0.028345977775407576)
78	147,0.0218099226138	(78, 0.028345977775407576)
78	18,0.0228064975062	(78, 0.028345977775407576)
78	121,0.0230577441373	(78, 0.028345977775407576)
78	61,0.0267300771804	(78, 0.028345977775407576)
78	23,0.0278047815954	(78, 0.028345977775407576)
79	69,0.0183870244465	(79, 0.020367158813309749)
79	4,0.0192896849379	(79, 0.020367158813309749)
79	40,0.0202616849101	(79, 0.020367158813309749)
79	79,0.0203671588133	(79, 0.020367158813309749)
79	25,0.0358273594621	(79, 0.020367158813309749)
79	172,0.0403212366631	(79, 0.020367158813309749)
79	56,0.0406510877501	(79, 0.020367158813309749)
79	148,0.0421496686353	(79, 0.020367158813309749)
79	17,0.0430921772912	(79, 0.020367158813309749)
79	15,0.0470272315281	(79, 0.020367158813309749)
80	80,0.0632148290446	(80, 0.063214829044576731)
80	51,0.0924239854375	(80, 0.063214829044576731)
80	167,0.0985391296743	(80, 0.063214829044576731)
80	32,0.133943765573	(80, 0.063214829044576731)
80	39,0.181392046129	(80, 0.063214829044576731)
80	169,0.181638278454	(80, 0.063214829044576731)
80	27,0.190842397764	(80, 0.063214829044576731)
80	165,0.19439455113	(80, 0.063214829044576731)
80	160,0.200527515993	(80, 0.063214829044576731)
80	58,0.201116091588	(80, 0.063214829044576731)
81	81,0.0189149687621	(81, 0.018914968762098389)
81	3,0.0238384417397	(81, 0.018914968762098389)
81	132,0.0272124354858	(81, 0.018914968762098389)
81	11,0.0287795953461	(81, 0.018914968762098389)
81	22,0.0304334795486	(81, 0.018914968762098389)
81	77,0.0308651753966	(81, 0.018914968762098389)
81	151,0.0323374715918	(81, 0.018914968762098389)
81	117,0.03290225617	(81, 0.018914968762098389)
81	121,0.0333268390847	(81, 0.018914968762098389)
81	76,0.034833125867	(81, 0.018914968762098389)
82	27,0.0524900068509	(82, 0.085469680680627505)
82	38,0.0554140092702	(82, 0.085469680680627505)
82	12,0.0566030093687	(82, 0.085469680680627505)
82	73,0.0575549967473	(82, 0.085469680680627505)
82	24,0.0587665777754	(82, 0.085469680680627505)
82	107,0.061279292235	(82, 0.085469680680627505)
82	13,0.0613133391347	(82, 0.085469680680627505)
82	50,0.0637465491146	(82, 0.085469680680627505)
82	105,0.0639863788176	(82, 0.085469680680627505)
82	61,0.0658726064552	(82, 0.085469680680627505)
83	13,0.0251097656099	(83, 0.034398278924552474)
83	161,0.0281234615293	(83, 0.034398278924552474)
83	155,0.0292867787184	(83, 0.034398278924552474)
83	71,0.0334323576035	(83, 0.034398278924552474)
83	11,0.0334886050532	(83, 0.034398278924552474)
83	65,0.0337098440122	(83, 0.034398278924552474)
83	17,0.0342512531842	(83, 0.034398278924552474)
83	83,0.0343982789246	(83, 0.034398278924552474)
83	120,0.0383653762812	(83, 0.034398278924552474)
83	136,0.0415980303424	(83, 0.034398278924552474)
84	84,0.0911674039152	(84, 0.091167403915247053)
84	67,0.094631621609	(84, 0.091167403915247053)
84	169,0.0997143807254	(84, 0.091167403915247053)
84	166,0.107912306492	(84, 0.091167403915247053)
84	99,0.123376532045	(84, 0.091167403915247053)
84	140,0.124212594931	(84, 0.091167403915247053)
84	109,0.140880752845	(84, 0.091167403915247053)
84	144,0.14529793922	(84, 0.091167403915247053)
84	149,0.146965061435	(84, 0.091167403915247053)
84	156,0.147510205869	(84, 0.091167403915247053)
85	67,0.0734801388672	(85, 0.12098260570037341)
85	140,0.118748459545	(85, 0.12098260570037341)
85	85,0.1209826057	(85, 0.12098260570037341)
85	84,0.130631634185	(85, 0.12098260570037341)
85	166,0.136294969531	(85, 0.12098260570037341)
85	149,0.137174623213	(85, 0.12098260570037341)
85	169,0.146227897336	(85, 0.12098260570037341)
85	144,0.162496821625	(85, 0.12098260570037341)
85	99,0.163633927799	(85, 0.12098260570037341)
85	93,0.167227910153	(85, 0.12098260570037341)
86	86,0.0193264877108	(86, 0.019326487710758219)
86	137,0.020602370389	(86, 0.019326487710758219)
86	146,0.0251916720312	(86, 0.019326487710758219)
86	150,0.0258592667566	(86, 0.019326487710758219)
86	117,0.026253691791	(86, 0.019326487710758219)
86	162,0.0265553393885	(86, 0.019326487710758219)
86	18,0.0274579138969	(86, 0.019326487710758219)
86	3,0.0277987925227	(86, 0.019326487710758219)
86	12,0.0281447477805	(86, 0.019326487710758219)
86	171,0.0282583887071	(86, 0.019326487710758219)
87	26,0.0322527858058	(87, 0.076599380038441287)
87	78,0.0329737133961	(87, 0.076599380038441287)
87	121,0.0333206374362	(87, 0.076599380038441287)
87	1,0.0350674265344	(87, 0.076599380038441287)
87	61,0.039955734221	(87, 0.076599380038441287)
87	23,0.0408933941887	(87, 0.076599380038441287)
87	71,0.0414993494875	(87, 0.076599380038441287)
87	11,0.042384711332	(87, 0.076599380038441287)
87	41,0.0447953367098	(87, 0.076599380038441287)
87	22,0.0455268002484	(87, 0.076599380038441287)
88	147,0.0166384918688	(88, 0.01919464202806713)
88	18,0.0179553901452	(88, 0.01919464202806713)
88	76,0.0189451050157	(88, 0.01919464202806713)
88	88,0.0191946420281	(88, 0.01919464202806713)
88	63,0.0220937212428	(88, 0.01919464202806713)
88	46,0.0229787360693	(88, 0.01919464202806713)
88	35,0.0241465751867	(88, 0.01919464202806713)
88	117,0.0243503159977	(88, 0.01919464202806713)
88	171,0.0243631988427	(88, 0.01919464202806713)
88	22,0.0247388919641	(88, 0.01919464202806713)
89	124,0.0283406093127	(89, 0.042644254261757601)
89	155,0.0321369651751	(89, 0.042644254261757601)
89	53,0.0364574173687	(89, 0.042644254261757601)
89	89,0.0426442542618	(89, 0.042644254261757601)
89	1,0.0434311793693	(89, 0.042644254261757601)
89	73,0.0441386144711	(89, 0.042644254261757601)
89	71,0.0507097353749	(89, 0.042644254261757601)
89	161,0.0510696741727	(89, 0.042644254261757601)
89	13,0.0520684985119	(89, 0.042644254261757601)
89	120,0.0534776669189	(89, 0.042644254261757601)
90	90,0.0145748311861	(90, 0.014574831186149719)
90	11,0.0235732078861	(90, 0.014574831186149719)
90	162,0.0245247723915	(90, 0.014574831186149719)
90	137,0.0263347484284	(90, 0.014574831186149719)
90	81,0.0270775041664	(90, 0.014574831186149719)
90	96,0.0277846863504	(90, 0.014574831186149719)
90	172,0.0279911882717	(90, 0.014574831186149719)
90	136,0.0301562567759	(90, 0.014574831186149719)
90	37,0.0314564302214	(90, 0.014574831186149719)
90	3,0.0314803769246	(90, 0.014574831186149719)
91	133,0.0510285466043	(91, 0.094764444952591967)
91	91,0.0947644449526	(91, 0.094764444952591967)
91	130,0.119487584244	(91, 0.094764444952591967)
91	103,0.152846496391	(91, 0.094764444952591967)
91	34,0.158063015972	(91, 0.094764444952591967)
91	102,0.165953576888	(91, 0.094764444952591967)
91	66,0.166249449991	(91, 0.094764444952591967)
91	51,0.169314049543	(91, 0.094764444952591967)
91	155,0.178350944841	(91, 0.094764444952591967)
91	95,0.179057959545	(91, 0.094764444952591967)
92	78,0.0246666424972	(92, 0.07653786333103621)
92	61,0.0334272757908	(92, 0.07653786333103621)
92	24,0.0345326349115	(92, 0.07653786333103621)
92	158,0.0357877155517	(92, 0.07653786333103621)
92	128,0.0366256154538	(92, 0.07653786333103621)
92	26,0.0395573330181	(92, 0.07653786333103621)
92	27,0.0442494973847	(92, 0.07653786333103621)
92	107,0.0458355939783	(92, 0.07653786333103621)
92	22,0.0470225243471	(92, 0.07653786333103621)
92	23,0.047499027922	(92, 0.07653786333103621)
93	22,0.0209641736332	(93, 0.033011281413706219)
93	132,0.0238758700934	(93, 0.033011281413706219)
93	128,0.0270328393821	(93, 0.033011281413706219)
93	158,0.0277981110266	(93, 0.033011281413706219)
93	76,0.030468064112	(93, 0.033011281413706219)
93	121,0.0314069743935	(93, 0.033011281413706219)
93	12,0.0325304226121	(93, 0.033011281413706219)
93	93,0.0330112814137	(93, 0.033011281413706219)
93	78,0.0348868628158	(93, 0.033011281413706219)
93	3,0.035366892796	(93, 0.033011281413706219)
94	94,0.0405737789334	(94, 0.040573778933367131)
94	83,0.0665763509455	(94, 0.040573778933367131)
94	155,0.0800724977331	(94, 0.040573778933367131)
94	59,0.0878270250817	(94, 0.040573778933367131)
94	15,0.0942866886331	(94, 0.040573778933367131)
94	161,0.10411321669	(94, 0.040573778933367131)
94	120,0.104288972911	(94, 0.040573778933367131)
94	45,0.10435485186	(94, 0.040573778933367131)
94	65,0.104973956223	(94, 0.040573778933367131)
94	98,0.108373981351	(94, 0.040573778933367131)
95	107,0.0389674813551	(95, 0.097101096263014247)
95	99,0.0404457945258	(95, 0.097101096263014247)
95	43,0.0502059540365	(95, 0.097101096263014247)
95	78,0.0528612570087	(95, 0.097101096263014247)
95	128,0.0534126640346	(95, 0.097101096263014247)
95	138,0.0539769552834	(95, 0.097101096263014247)
95	19,0.0581145752727	(95, 0.097101096263014247)
95	27,0.0601102298189	(95, 0.097101096263014247)
95	55,0.0664920251951	(95, 0.097101096263014247)
95	39,0.0674830556022	(95, 0.097101096263014247)
96	96,0.0182124144466	(96, 0.018212414446648291)
96	13,0.0304653118875	(96, 0.018212414446648291)
96	11,0.0326732698443	(96, 0.018212414446648291)
96	162,0.0334948876662	(96, 0.018212414446648291)
96	17,0.0341317349291	(96, 0.018212414446648291)
96	119,0.0394478337571	(96, 0.018212414446648291)
96	161,0.0396586511156	(96, 0.018212414446648291)
96	143,0.0403869004921	(96, 0.018212414446648291)
96	112,0.0420198592457	(96, 0.018212414446648291)
96	4,0.0448768575317	(96, 0.018212414446648291)
97	172,0.0255238625629	(97, 0.049551837385467083)
97	40,0.0255304119822	(97, 0.049551837385467083)
97	69,0.0281845321321	(97, 0.049551837385467083)
97	120,0.0339873876926	(97, 0.049551837385467083)
97	17,0.0357232844783	(97, 0.049551837385467083)
97	4,0.0400668183749	(97, 0.049551837385467083)
97	3,0.0434732727948	(97, 0.049551837385467083)
97	79,0.0438621412483	(97, 0.049551837385467083)
97	37,0.0459656589411	(97, 0.049551837385467083)
97	154,0.0485438762774	(97, 0.049551837385467083)
98	98,0.0184934365816	(98, 0.018493436581553276)
98	15,0.0318154104433	(98, 0.018493436581553276)
98	40,0.0361972205996	(98, 0.018493436581553276)
98	25,0.0381722861105	(98, 0.018493436581553276)
98	49,0.0423094780019	(98, 0.018493436581553276)
98	172,0.0455573662966	(98, 0.018493436581553276)
98	154,0.0463746439045	(98, 0.018493436581553276)
98	174,0.0501424716912	(98, 0.018493436581553276)
98	4,0.0510874540933	(98, 0.018493436581553276)
98	83,0.0525611275918	(98, 0.018493436581553276)
99	73,0.033231794565	(99, 0.049572441452726622)
99	128,0.0336030102871	(99, 0.049572441452726622)
99	93,0.0342113947491	(99, 0.049572441452726622)
99	78,0.0351198503092	(99, 0.049572441452726622)
99	109,0.0385392729583	(99, 0.049572441452726622)
99	144,0.041063275874	(99, 0.049572441452726622)
99	159,0.041737545835	(99, 0.049572441452726622)
99	12,0.0422407225495	(99, 0.049572441452726622)
99	84,0.0426137568004	(99, 0.049572441452726622)
99	116,0.0452472891907	(99, 0.049572441452726622)
100	100,0.0177032070952	(100, 0.017703207095241012)
100	77,0.0218908572054	(100, 0.017703207095241012)
100	21,0.0226252558352	(100, 0.017703207095241012)
100	37,0.0233812575248	(100, 0.017703207095241012)
100	90,0.0235895019144	(100, 0.017703207095241012)
100	74,0.0245307532192	(100, 0.017703207095241012)
100	11,0.0253442020654	(100, 0.017703207095241012)
100	136,0.0258936010712	(100, 0.017703207095241012)
100	63,0.026919865707	(100, 0.017703207095241012)
100	3,0.0277245911967	(100, 0.017703207095241012)
101	73,0.040806094507	(101, 0.041870478581993269)
101	101,0.041870478582	(101, 0.041870478581993269)
101	1,0.0441815071592	(101, 0.041870478581993269)
101	13,0.0447684870294	(101, 0.041870478581993269)
101	124,0.0476486494391	(101, 0.041870478581993269)
101	60,0.0478446491591	(101, 0.041870478581993269)
101	29,0.0488466857371	(101, 0.041870478581993269)
101	77,0.0490109282051	(101, 0.041870478581993269)
101	69,0.0531025362818	(101, 0.041870478581993269)
101	81,0.0538980857224	(101, 0.041870478581993269)
102	91,0.0496724408886	(102, 0.062763859298126612)
102	114,0.0553734155403	(102, 0.062763859298126612)
102	41,0.0575841888095	(102, 0.062763859298126612)
102	155,0.0595198794175	(102, 0.062763859298126612)
102	101,0.0597436403469	(102, 0.062763859298126612)
102	102,0.0627638592981	(102, 0.062763859298126612)
102	110,0.063589404451	(102, 0.062763859298126612)
102	1,0.0654061056057	(102, 0.062763859298126612)
102	103,0.0681253049124	(102, 0.062763859298126612)
102	53,0.0723567747798	(102, 0.062763859298126612)
103	103,0.0522989109014	(103, 0.052298910901366867)
103	73,0.0605054416314	(103, 0.052298910901366867)
103	93,0.0661748512478	(103, 0.052298910901366867)
103	101,0.0720379358167	(103, 0.052298910901366867)
103	91,0.0774664431124	(103, 0.052298910901366867)
103	30,0.0791943760124	(103, 0.052298910901366867)
103	51,0.0824103944112	(103, 0.052298910901366867)
103	39,0.0842731257121	(103, 0.052298910901366867)
103	128,0.0861386370867	(103, 0.052298910901366867)
103	107,0.0864394505155	(103, 0.052298910901366867)
104	124,0.0257053237754	(104, 0.057414104214517654)
104	93,0.039294377676	(104, 0.057414104214517654)
104	81,0.04406312204	(104, 0.057414104214517654)
104	119,0.0444176276827	(104, 0.057414104214517654)
104	73,0.0450127816795	(104, 0.057414104214517654)
104	115,0.0460102294558	(104, 0.057414104214517654)
104	11,0.0464834465993	(104, 0.057414104214517654)
104	3,0.0523672939602	(104, 0.057414104214517654)
104	157,0.0565881893318	(104, 0.057414104214517654)
104	104,0.0574141042145	(104, 0.057414104214517654)
105	27,0.0449581125945	(105, 0.06057316319152798)
105	43,0.0458988000181	(105, 0.06057316319152798)
105	24,0.048953730553	(105, 0.06057316319152798)
105	19,0.0584019945208	(105, 0.06057316319152798)
105	107,0.0591858183695	(105, 0.06057316319152798)
105	105,0.0605731631915	(105, 0.06057316319152798)
105	50,0.0611316437749	(105, 0.06057316319152798)
105	38,0.0618195573198	(105, 0.06057316319152798)
105	99,0.0622332969442	(105, 0.06057316319152798)
105	12,0.06810885314	(105, 0.06057316319152798)
106	106,0.0227297753252	(106, 0.022729775325188505)
106	116,0.0480332048035	(106, 0.022729775325188505)
106	157,0.0528002147516	(106, 0.022729775325188505)
106	174,0.0530155298598	(106, 0.022729775325188505)
106	93,0.0585519311469	(106, 0.022729775325188505)
106	172,0.0596589109325	(106, 0.022729775325188505)
106	13,0.0632618327176	(106, 0.022729775325188505)
106	156,0.0642247900008	(106, 0.022729775325188505)
106	165,0.0658605412417	(106, 0.022729775325188505)
106	54,0.0700387692339	(106, 0.022729775325188505)
107	22,0.0331109668233	(107, 0.033752134951457506)
107	26,0.0337285846656	(107, 0.033752134951457506)
107	107,0.0337521349515	(107, 0.033752134951457506)
107	121,0.0356768023581	(107, 0.033752134951457506)
107	139,0.0358068806417	(107, 0.033752134951457506)
107	77,0.0362475130754	(107, 0.033752134951457506)
107	76,0.0384620112636	(107, 0.033752134951457506)
107	78,0.0397489450889	(107, 0.033752134951457506)
107	61,0.0398655892849	(107, 0.033752134951457506)
107	128,0.0406710471219	(107, 0.033752134951457506)
108	77,0.0269223606523	(108, 0.075421402390596332)
108	172,0.0341838697249	(108, 0.075421402390596332)
108	174,0.0386976233039	(108, 0.075421402390596332)
108	40,0.0427561564383	(108, 0.075421402390596332)
108	4,0.0432266837098	(108, 0.075421402390596332)
108	49,0.0440376438043	(108, 0.075421402390596332)
108	17,0.0446084731622	(108, 0.075421402390596332)
108	100,0.0459384662915	(108, 0.075421402390596332)
108	15,0.0462939731655	(108, 0.075421402390596332)
108	171,0.0527176026007	(108, 0.075421402390596332)
109	109,0.0255834687985	(109, 0.025583468798530823)
109	159,0.0311903718973	(109, 0.025583468798530823)
109	134,0.036314906671	(109, 0.025583468798530823)
109	128,0.0406152759333	(109, 0.025583468798530823)
109	146,0.0409198631592	(109, 0.025583468798530823)
109	12,0.0418609627204	(109, 0.025583468798530823)
109	84,0.0436843159432	(109, 0.025583468798530823)
109	152,0.0477301809819	(109, 0.025583468798530823)
109	14,0.0478292610607	(109, 0.025583468798530823)
109	38,0.0518189139023	(109, 0.025583468798530823)
110	1,0.0265390777749	(110, 0.049200657379502528)
110	11,0.0345905741297	(110, 0.049200657379502528)
110	121,0.0346972996813	(110, 0.049200657379502528)
110	26,0.0406084452381	(110, 0.049200657379502528)
110	162,0.0420275437528	(110, 0.049200657379502528)
110	155,0.0423029097974	(110, 0.049200657379502528)
110	73,0.0424445233293	(110, 0.049200657379502528)
110	68,0.0425841120732	(110, 0.049200657379502528)
110	71,0.0434782784138	(110, 0.049200657379502528)
110	3,0.0455562620332	(110, 0.049200657379502528)
111	73,0.0282921922337	(111, 0.10834704967890582)
111	124,0.0284949399991	(111, 0.10834704967890582)
111	93,0.0399603960107	(111, 0.10834704967890582)
111	157,0.0406764282191	(111, 0.10834704967890582)
111	101,0.0416161241107	(111, 0.10834704967890582)
111	13,0.0421752694107	(111, 0.10834704967890582)
111	114,0.0530916769075	(111, 0.10834704967890582)
111	41,0.0537371801095	(111, 0.10834704967890582)
111	1,0.0548030989447	(111, 0.10834704967890582)
111	109,0.0573296050867	(111, 0.10834704967890582)
112	11,0.0193380664135	(112, 0.025880336564941948)
112	90,0.0208258306661	(112, 0.025880336564941948)
112	3,0.0241644604779	(112, 0.025880336564941948)
112	112,0.0258803365649	(112, 0.025880336564941948)
112	162,0.0260524336704	(112, 0.025880336564941948)
112	100,0.0284706246264	(112, 0.025880336564941948)
112	21,0.0290088491402	(112, 0.025880336564941948)
112	81,0.0306141980147	(112, 0.025880336564941948)
112	77,0.0319946145829	(112, 0.025880336564941948)
112	143,0.0322232673681	(112, 0.025880336564941948)
113	113,0.0251572309859	(113, 0.025157230985942147)
113	65,0.0478631283146	(113, 0.025157230985942147)
113	130,0.0734623176591	(113, 0.025157230985942147)
113	44,0.0789561518574	(113, 0.025157230985942147)
113	120,0.0799559684123	(113, 0.025157230985942147)
113	97,0.0844410053244	(113, 0.025157230985942147)
113	15,0.0882384294463	(113, 0.025157230985942147)
113	53,0.0899100874613	(113, 0.025157230985942147)
113	161,0.0928897893528	(113, 0.025157230985942147)
113	155,0.0939151492451	(113, 0.025157230985942147)
114	114,0.0281586713155	(114, 0.028158671315457379)
114	73,0.0333017686433	(114, 0.028158671315457379)
114	53,0.0347151905066	(114, 0.028158671315457379)
114	124,0.0359459889602	(114, 0.028158671315457379)
114	13,0.0487501492758	(114, 0.028158671315457379)
114	155,0.0504882296363	(114, 0.028158671315457379)
114	104,0.0522282911816	(114, 0.028158671315457379)
114	93,0.053787793888	(114, 0.028158671315457379)
114	157,0.0543285051112	(114, 0.028158671315457379)
114	140,0.0547866541438	(114, 0.028158671315457379)
115	119,0.0318283873294	(115, 0.034735987148085262)
115	11,0.0333932062087	(115, 0.034735987148085262)
115	115,0.0347359871481	(115, 0.034735987148085262)
115	37,0.036435787136	(115, 0.034735987148085262)
115	96,0.0418509071551	(115, 0.034735987148085262)
115	81,0.0422781945001	(115, 0.034735987148085262)
115	136,0.0429023819768	(115, 0.034735987148085262)
115	17,0.0442917398267	(115, 0.034735987148085262)
115	172,0.044664405291	(115, 0.034735987148085262)
115	3,0.0455771582677	(115, 0.034735987148085262)
116	116,0.0205187831854	(116, 0.020518783185381355)
116	93,0.0267217401569	(116, 0.020518783185381355)
116	109,0.0519973959494	(116, 0.020518783185381355)
116	73,0.0522453861496	(116, 0.020518783185381355)
116	144,0.0523892867025	(116, 0.020518783185381355)
116	156,0.0550801039712	(116, 0.020518783185381355)
116	131,0.0555651205689	(116, 0.020518783185381355)
116	172,0.0571978334146	(116, 0.020518783185381355)
116	124,0.0584417359524	(116, 0.020518783185381355)
116	159,0.0586744275112	(116, 0.020518783185381355)
117	117,0.00971923624125	(117, 0.0097192362412464092)
117	21,0.0222796329641	(117, 0.0097192362412464092)
117	71,0.0230267757962	(117, 0.0097192362412464092)
117	77,0.0274321625437	(117, 0.0097192362412464092)
117	76,0.0276737787041	(117, 0.0097192362412464092)
117	22,0.0284150387255	(117, 0.0097192362412464092)
117	81,0.0291751311898	(117, 0.0097192362412464092)
117	162,0.0294647155622	(117, 0.0097192362412464092)
117	11,0.0295436757607	(117, 0.0097192362412464092)
117	63,0.03121529001	(117, 0.0097192362412464092)
118	34,0.0524576526612	(118, 0.080756573584409658)
118	33,0.0697185783734	(118, 0.080756573584409658)
118	69,0.0703552825209	(118, 0.080756573584409658)
118	113,0.0736550895596	(118, 0.080756573584409658)
118	118,0.0807565735844	(118, 0.080756573584409658)
118	15,0.0815013169736	(118, 0.080756573584409658)
118	130,0.0828134231783	(118, 0.080756573584409658)
118	4,0.086303327583	(118, 0.080756573584409658)
118	65,0.087451249449	(118, 0.080756573584409658)
118	120,0.0878284627459	(118, 0.080756573584409658)
119	120,0.0309047288244	(119, 0.038040281476153896)
119	119,0.0380402814762	(119, 0.038040281476153896)
119	17,0.039748310248	(119, 0.038040281476153896)
119	4,0.0431540602548	(119, 0.038040281476153896)
119	40,0.0465565000693	(119, 0.038040281476153896)
119	11,0.0474028121063	(119, 0.038040281476153896)
119	69,0.0477618732372	(119, 0.038040281476153896)
119	96,0.0480487705201	(119, 0.038040281476153896)
119	172,0.0487015234128	(119, 0.038040281476153896)
119	124,0.0490616645328	(119, 0.038040281476153896)
120	120,0.0215653164467	(120, 0.021565316446701299)
120	65,0.0308940471771	(120, 0.021565316446701299)
120	44,0.0386699373747	(120, 0.021565316446701299)
120	161,0.0390630811055	(120, 0.021565316446701299)
120	155,0.0461516498482	(120, 0.021565316446701299)
120	97,0.0464389671083	(120, 0.021565316446701299)
120	53,0.0496805129412	(120, 0.021565316446701299)
120	17,0.0524320147083	(120, 0.021565316446701299)
120	13,0.0530679060591	(120, 0.021565316446701299)
120	83,0.0550177964234	(120, 0.021565316446701299)
121	121,0.0238306217069	(121, 0.023830621706900326)
121	22,0.0255302225699	(121, 0.023830621706900326)
121	26,0.0300099935247	(121, 0.023830621706900326)
121	78,0.0304496379007	(121, 0.023830621706900326)
121	1,0.031810554825	(121, 0.023830621706900326)
121	128,0.0375803757759	(121, 0.023830621706900326)
121	73,0.0378533811875	(121, 0.023830621706900326)
121	61,0.0386343765978	(121, 0.023830621706900326)
121	132,0.0390716486235	(121, 0.023830621706900326)
121	158,0.0391537507663	(121, 0.023830621706900326)
122	174,0.0380957426632	(122, 0.046597065937854502)
122	154,0.0462255217563	(122, 0.046597065937854502)
122	122,0.0465970659379	(122, 0.046597065937854502)
122	69,0.0613694972264	(122, 0.046597065937854502)
122	2,0.0648230630482	(122, 0.046597065937854502)
122	116,0.0662809414893	(122, 0.046597065937854502)
122	172,0.0663551736093	(122, 0.046597065937854502)
122	48,0.0695587716277	(122, 0.046597065937854502)
122	4,0.0737735901423	(122, 0.046597065937854502)
122	56,0.0767053728705	(122, 0.046597065937854502)
123	172,0.0282289628871	(123, 0.03004388172981598)
123	123,0.0300438817298	(123, 0.03004388172981598)
123	40,0.0420954770488	(123, 0.03004388172981598)
123	81,0.0432376391059	(123, 0.03004388172981598)
123	146,0.0457761016486	(123, 0.03004388172981598)
123	119,0.0471751509845	(123, 0.03004388172981598)
123	90,0.0472206620395	(123, 0.03004388172981598)
123	115,0.050309551661	(123, 0.03004388172981598)
123	96,0.0525602340091	(123, 0.03004388172981598)
123	137,0.0531461618926	(123, 0.03004388172981598)
124	124,0.0395226778188	(124, 0.039522677818780196)
124	101,0.0554386165652	(124, 0.039522677818780196)
124	73,0.0693141342843	(124, 0.039522677818780196)
124	41,0.0693319791476	(124, 0.039522677818780196)
124	169,0.0719472769296	(124, 0.039522677818780196)
124	157,0.0759860885973	(124, 0.039522677818780196)
124	27,0.0763659544876	(124, 0.039522677818780196)
124	144,0.0785267704664	(124, 0.039522677818780196)
124	53,0.0786423357003	(124, 0.039522677818780196)
124	140,0.0793989583859	(124, 0.039522677818780196)
125	13,0.0622036274899	(125, 0.067994730411550769)
125	73,0.0668929203057	(125, 0.067994730411550769)
125	125,0.0679947304116	(125, 0.067994730411550769)
125	155,0.0694102275658	(125, 0.067994730411550769)
125	23,0.0732965679214	(125, 0.067994730411550769)
125	61,0.0749336168214	(125, 0.067994730411550769)
125	68,0.0757305895149	(125, 0.067994730411550769)
125	65,0.0768784948237	(125, 0.067994730411550769)
125	41,0.0773430094671	(125, 0.067994730411550769)
125	29,0.079579341994	(125, 0.067994730411550769)
126	126,0.0273708175061	(126, 0.027370817506136617)
126	121,0.0300162380598	(126, 0.027370817506136617)
126	132,0.0300346158635	(126, 0.027370817506136617)
126	22,0.0326691179531	(126, 0.027370817506136617)
126	11,0.0331195314121	(126, 0.027370817506136617)
126	81,0.0333433550731	(126, 0.027370817506136617)
126	3,0.0337726494425	(126, 0.027370817506136617)
126	128,0.0377721918215	(126, 0.027370817506136617)
126	151,0.0382716616103	(126, 0.027370817506136617)
126	119,0.0387363625418	(126, 0.027370817506136617)
127	17,0.0198447846661	(127, 0.025549486939824784)
127	136,0.0212337163201	(127, 0.025549486939824784)
127	74,0.0232898979685	(127, 0.025549486939824784)
127	127,0.0255494869398	(127, 0.025549486939824784)
127	77,0.027872008011	(127, 0.025549486939824784)
127	100,0.0289670694474	(127, 0.025549486939824784)
127	37,0.029766773844	(127, 0.025549486939824784)
127	59,0.030202254631	(127, 0.025549486939824784)
127	49,0.0351346374079	(127, 0.025549486939824784)
127	172,0.0413997413238	(127, 0.025549486939824784)
128	128,0.0208335747654	(128, 0.020833574765434112)
128	159,0.0304345466322	(128, 0.020833574765434112)
128	139,0.0304612681003	(128, 0.020833574765434112)
128	22,0.0314710080979	(128, 0.020833574765434112)
128	12,0.0314750356456	(128, 0.020833574765434112)
128	121,0.031667861096	(128, 0.020833574765434112)
128	18,0.0331966897792	(128, 0.020833574765434112)
128	78,0.0336786337492	(128, 0.020833574765434112)
128	158,0.0337951518192	(128, 0.020833574765434112)
128	132,0.0338288175343	(128, 0.020833574765434112)
129	49,0.0481638666951	(129, 0.086047661186644864)
129	98,0.0493138888398	(129, 0.086047661186644864)
129	15,0.0611098637744	(129, 0.086047661186644864)
129	59,0.0673352557556	(129, 0.086047661186644864)
129	94,0.0678332376983	(129, 0.086047661186644864)
129	100,0.0693029617775	(129, 0.086047661186644864)
129	83,0.0704899098503	(129, 0.086047661186644864)
129	77,0.0707636888783	(129, 0.086047661186644864)
129	25,0.0732520932326	(129, 0.086047661186644864)
129	34,0.0854387173323	(129, 0.086047661186644864)
130	130,0.0618051634929	(130, 0.061805163492854684)
130	34,0.0702913581199	(130, 0.061805163492854684)
130	65,0.0715462987402	(130, 0.061805163492854684)
130	13,0.0721617202487	(130, 0.061805163492854684)
130	155,0.0800350523403	(130, 0.061805163492854684)
130	91,0.081024028808	(130, 0.061805163492854684)
130	53,0.082998703494	(130, 0.061805163492854684)
130	28,0.0839218093701	(130, 0.061805163492854684)
130	33,0.0851091095238	(130, 0.061805163492854684)
130	157,0.0853185898496	(130, 0.061805163492854684)
131	116,0.0458028050524	(131, 0.051774409060448744)
131	131,0.0517744090604	(131, 0.051774409060448744)
131	166,0.0517818084654	(131, 0.051774409060448744)
131	72,0.0573015905701	(131, 0.051774409060448744)
131	144,0.0603049921061	(131, 0.051774409060448744)
131	156,0.0652188876569	(131, 0.051774409060448744)
131	84,0.0688451132873	(131, 0.051774409060448744)
131	104,0.0777304195981	(131, 0.051774409060448744)
131	73,0.0801958101745	(131, 0.051774409060448744)
131	93,0.0802591388795	(131, 0.051774409060448744)
132	132,0.0171602124835	(132, 0.017160212483536438)
132	18,0.0190278817205	(132, 0.017160212483536438)
132	22,0.0194537363323	(132, 0.017160212483536438)
132	139,0.0211148174634	(132, 0.017160212483536438)
132	46,0.0222230482067	(132, 0.017160212483536438)
132	76,0.0229858026692	(132, 0.017160212483536438)
132	158,0.0247952210957	(132, 0.017160212483536438)
132	147,0.0251842372246	(132, 0.017160212483536438)
132	171,0.025188742215	(132, 0.017160212483536438)
132	121,0.0278650075714	(132, 0.017160212483536438)
133	133,0.0252016966956	(133, 0.025201696695630122)
133	91,0.0658248464295	(133, 0.025201696695630122)
133	102,0.0715931966817	(133, 0.025201696695630122)
133	130,0.0726466334089	(133, 0.025201696695630122)
133	34,0.0739087014642	(133, 0.025201696695630122)
133	114,0.075643510544	(133, 0.025201696695630122)
133	103,0.0757871675843	(133, 0.025201696695630122)
133	53,0.0805455616317	(133, 0.025201696695630122)
133	110,0.0810251448426	(133, 0.025201696695630122)
133	155,0.0838010572939	(133, 0.025201696695630122)
134	128,0.0234122763561	(134, 0.031293035771415782)
134	121,0.0259956511857	(134, 0.031293035771415782)
134	78,0.0273918742049	(134, 0.031293035771415782)
134	134,0.0312930357714	(134, 0.031293035771415782)
134	22,0.036733418238	(134, 0.031293035771415782)
134	18,0.0406387193233	(134, 0.031293035771415782)
134	73,0.0423893896479	(134, 0.031293035771415782)
134	151,0.0438272499411	(134, 0.031293035771415782)
134	109,0.0440925084186	(134, 0.031293035771415782)
134	12,0.0459736068713	(134, 0.031293035771415782)
135	147,0.0170276759451	(135, 0.020890081158153002)
135	76,0.0184075390982	(135, 0.020890081158153002)
135	137,0.0184215907079	(135, 0.020890081158153002)
135	135,0.0208900811582	(135, 0.020890081158153002)
135	63,0.0209186477048	(135, 0.020890081158153002)
135	162,0.0235981986028	(135, 0.020890081158153002)
135	77,0.0260380817678	(135, 0.020890081158153002)
135	171,0.0262582837364	(135, 0.020890081158153002)
135	117,0.0262877720134	(135, 0.020890081158153002)
135	3,0.0296424035651	(135, 0.020890081158153002)
136	136,0.0288155668675	(136, 0.02881556686748642)
136	121,0.0381436692461	(136, 0.02881556686748642)
136	11,0.0389370776943	(136, 0.02881556686748642)
136	54,0.0407718650785	(136, 0.02881556686748642)
136	126,0.0411472749885	(136, 0.02881556686748642)
136	162,0.0446386308588	(136, 0.02881556686748642)
136	3,0.0460428853625	(136, 0.02881556686748642)
136	132,0.0470576763569	(136, 0.02881556686748642)
136	37,0.0490308939245	(136, 0.02881556686748642)
136	78,0.0494523626346	(136, 0.02881556686748642)
137	137,0.00889453436445	(137, 0.0088945343644513935)
137	147,0.0166969343701	(137, 0.0088945343644513935)
137	63,0.0172010806237	(137, 0.0088945343644513935)
137	3,0.0217105391466	(137, 0.0088945343644513935)
137	171,0.0224324092471	(137, 0.0088945343644513935)
137	76,0.0246046519499	(137, 0.0088945343644513935)
137	90,0.02504506413	(137, 0.0088945343644513935)
137	36,0.027652771071	(137, 0.0088945343644513935)
137	77,0.0287374026482	(137, 0.0088945343644513935)
137	136,0.0293784022501	(137, 0.0088945343644513935)
138	78,0.0319842285643	(138, 0.042368005031251252)
138	128,0.0320640602118	(138, 0.042368005031251252)
138	158,0.03396250188	(138, 0.042368005031251252)
138	107,0.0380561328291	(138, 0.042368005031251252)
138	138,0.0423680050313	(138, 0.042368005031251252)
138	99,0.0475059201614	(138, 0.042368005031251252)
138	55,0.0482746987158	(138, 0.042368005031251252)
138	159,0.0497242038943	(138, 0.042368005031251252)
138	38,0.0497363005396	(138, 0.042368005031251252)
138	22,0.0515965935554	(138, 0.042368005031251252)
139	139,0.00862664780205	(139, 0.0086266478020506961)
139	46,0.0214294405773	(139, 0.0086266478020506961)
139	151,0.0244266242025	(139, 0.0086266478020506961)
139	18,0.0262450047825	(139, 0.0086266478020506961)
139	76,0.0278346059395	(139, 0.0086266478020506961)
139	22,0.0282547426055	(139, 0.0086266478020506961)
139	132,0.028446940156	(139, 0.0086266478020506961)
139	146,0.0335719900637	(139, 0.0086266478020506961)
139	35,0.0339983263779	(139, 0.0086266478020506961)
139	121,0.0349019711851	(139, 0.0086266478020506961)
140	124,0.044729014678	(140, 0.044968661886875351)
140	140,0.0449686618869	(140, 0.044968661886875351)
140	73,0.0461797001417	(140, 0.044968661886875351)
140	93,0.0522623796448	(140, 0.044968661886875351)
140	157,0.0539314013524	(140, 0.044968661886875351)
140	101,0.0549681274583	(140, 0.044968661886875351)
140	69,0.0580519447669	(140, 0.044968661886875351)
140	114,0.0581731098871	(140, 0.044968661886875351)
140	53,0.0598327560579	(140, 0.044968661886875351)
140	13,0.0617257948296	(140, 0.044968661886875351)
141	141,0.0781312806594	(141, 0.078131280659379451)
141	48,0.0803682012079	(141, 0.078131280659379451)
141	124,0.08644111349	(141, 0.078131280659379451)
141	33,0.095968547208	(141, 0.078131280659379451)
141	4,0.096180924147	(141, 0.078131280659379451)
141	97,0.0976099810025	(141, 0.078131280659379451)
141	120,0.0987846162796	(141, 0.078131280659379451)
141	69,0.0999564753476	(141, 0.078131280659379451)
141	2,0.10005405835	(141, 0.078131280659379451)
141	56,0.101468611532	(141, 0.078131280659379451)
142	61,0.0432734579087	(142, 0.1373379306154813)
142	38,0.0493625449296	(142, 0.1373379306154813)
142	12,0.0508733707458	(142, 0.1373379306154813)
142	23,0.0531522027767	(142, 0.1373379306154813)
142	73,0.0544465972477	(142, 0.1373379306154813)
142	24,0.0569675065869	(142, 0.1373379306154813)
142	105,0.059038286152	(142, 0.1373379306154813)
142	78,0.0597615644284	(142, 0.1373379306154813)
142	55,0.0614441136802	(142, 0.1373379306154813)
142	135,0.0617786517463	(142, 0.1373379306154813)
143	143,0.0175317933396	(143, 0.017531793339574893)
143	3,0.0193876495382	(143, 0.017531793339574893)
143	112,0.0204394838304	(143, 0.017531793339574893)
143	11,0.0206150601883	(143, 0.017531793339574893)
143	162,0.0217664690271	(143, 0.017531793339574893)
143	90,0.0222505886587	(143, 0.017531793339574893)
143	137,0.0234742756525	(143, 0.017531793339574893)
143	150,0.0278973650068	(143, 0.017531793339574893)
143	96,0.0289870480124	(143, 0.017531793339574893)
143	17,0.0294589176377	(143, 0.017531793339574893)
144	144,0.0243003510472	(144, 0.024300351047225954)
144	38,0.0433246758177	(144, 0.024300351047225954)
144	14,0.0459825602868	(144, 0.024300351047225954)
144	12,0.0482639380958	(144, 0.024300351047225954)
144	159,0.0571768215652	(144, 0.024300351047225954)
144	145,0.0591246766938	(144, 0.024300351047225954)
144	50,0.0593533430378	(144, 0.024300351047225954)
144	116,0.0610144625717	(144, 0.024300351047225954)
144	109,0.065318548232	(144, 0.024300351047225954)
144	73,0.0657028001711	(144, 0.024300351047225954)
145	128,0.0342324215448	(145, 0.03660624890731521)
145	78,0.0344082227217	(145, 0.03660624890731521)
145	38,0.035166915911	(145, 0.03660624890731521)
145	145,0.0366062489073	(145, 0.03660624890731521)
145	158,0.0375717296589	(145, 0.03660624890731521)
145	55,0.0391017692431	(145, 0.03660624890731521)
145	24,0.0426654997972	(145, 0.03660624890731521)
145	12,0.0447717430159	(145, 0.03660624890731521)
145	14,0.0483143896301	(145, 0.03660624890731521)
145	22,0.0515101335394	(145, 0.03660624890731521)
146	146,0.0107698169115	(146, 0.010769816911477378)
146	159,0.0275784347928	(146, 0.010769816911477378)
146	12,0.0385836515216	(146, 0.010769816911477378)
146	137,0.0417652232406	(146, 0.010769816911477378)
146	81,0.0427946930166	(146, 0.010769816911477378)
146	18,0.0429473210242	(146, 0.010769816911477378)
146	46,0.043996106261	(146, 0.010769816911477378)
146	3,0.0446544840313	(146, 0.010769816911477378)
146	132,0.0449424333903	(146, 0.010769816911477378)
146	172,0.0466171414287	(146, 0.010769816911477378)
147	76,0.0144991843463	(147, 0.015466150945244233)
147	63,0.0152699958836	(147, 0.015466150945244233)
147	147,0.0154661509452	(147, 0.015466150945244233)
147	132,0.0219492651467	(147, 0.015466150945244233)
147	22,0.0228712595078	(147, 0.015466150945244233)
147	3,0.023227546961	(147, 0.015466150945244233)
147	126,0.0241064404854	(147, 0.015466150945244233)
147	151,0.0245067502457	(147, 0.015466150945244233)
147	171,0.0248386534127	(147, 0.015466150945244233)
147	121,0.0260662564492	(147, 0.015466150945244233)
148	148,0.0163266407086	(148, 0.016326640708619888)
148	17,0.0209751311857	(148, 0.016326640708619888)
148	143,0.0218750650772	(148, 0.016326640708619888)
148	100,0.0290000041422	(148, 0.016326640708619888)
148	90,0.0300917351821	(148, 0.016326640708619888)
148	49,0.0365027448412	(148, 0.016326640708619888)
148	172,0.0377878386699	(148, 0.016326640708619888)
148	112,0.0401601035122	(148, 0.016326640708619888)
148	37,0.0415882333339	(148, 0.016326640708619888)
148	3,0.0426745768251	(148, 0.016326640708619888)
149	149,0.0464167783134	(149, 0.04641677831344266)
149	32,0.0805309726803	(149, 0.04641677831344266)
149	169,0.0939874436748	(149, 0.04641677831344266)
149	33,0.106985483436	(149, 0.04641677831344266)
149	165,0.145507132631	(149, 0.04641677831344266)
149	156,0.150525344365	(149, 0.04641677831344266)
149	111,0.152294605872	(149, 0.04641677831344266)
149	27,0.153822243193	(149, 0.04641677831344266)
149	51,0.157582972454	(149, 0.04641677831344266)
149	45,0.159522912812	(149, 0.04641677831344266)
150	3,0.0136110426526	(150, 0.026260576980421852)
150	11,0.0175392803707	(150, 0.026260576980421852)
150	71,0.0204415846307	(150, 0.026260576980421852)
150	162,0.0211646703607	(150, 0.026260576980421852)
150	121,0.0250163462648	(150, 0.026260576980421852)
150	63,0.0256443139283	(150, 0.026260576980421852)
150	150,0.0262605769804	(150, 0.026260576980421852)
150	86,0.0265120507851	(150, 0.026260576980421852)
150	143,0.027166248871	(150, 0.026260576980421852)
150	117,0.0273242694717	(150, 0.026260576980421852)
151	121,0.0156066738268	(151, 0.021429289771190813)
151	151,0.0214292897712	(151, 0.021429289771190813)
151	132,0.0239482087804	(151, 0.021429289771190813)
151	78,0.0275249896995	(151, 0.021429289771190813)
151	22,0.0275383736203	(151, 0.021429289771190813)
151	70,0.0292747240273	(151, 0.021429289771190813)
151	3,0.0295850646544	(151, 0.021429289771190813)
151	63,0.0308030510523	(151, 0.021429289771190813)
151	18,0.0314724555541	(151, 0.021429289771190813)
151	11,0.032068384242	(151, 0.021429289771190813)
152	152,0.0224068474063	(152, 0.022406847406337877)
152	121,0.0318759744033	(152, 0.022406847406337877)
152	18,0.0341160460298	(152, 0.022406847406337877)
152	35,0.0357806643196	(152, 0.022406847406337877)
152	88,0.03673465538	(152, 0.022406847406337877)
152	117,0.0372342321575	(152, 0.022406847406337877)
152	139,0.0379433213261	(152, 0.022406847406337877)
152	12,0.038683234775	(152, 0.022406847406337877)
152	22,0.0395094872733	(152, 0.022406847406337877)
152	81,0.0449083155679	(152, 0.022406847406337877)
153	133,0.0358542159905	(153, 0.06848261218466882)
153	153,0.0684826121847	(153, 0.06848261218466882)
153	130,0.069133345412	(153, 0.06848261218466882)
153	34,0.0709995674737	(153, 0.06848261218466882)
153	91,0.0768285288624	(153, 0.06848261218466882)
153	102,0.0769290512282	(153, 0.06848261218466882)
153	103,0.0878006469555	(153, 0.06848261218466882)
153	95,0.0927384805121	(153, 0.06848261218466882)
153	28,0.0952340248683	(153, 0.06848261218466882)
153	1,0.0953981433525	(153, 0.06848261218466882)
154	154,0.0103494511746	(154, 0.01034945117462498)
154	40,0.0380198401611	(154, 0.01034945117462498)
154	174,0.0416400314005	(154, 0.01034945117462498)
154	172,0.0479176763849	(154, 0.01034945117462498)
154	69,0.0492043753577	(154, 0.01034945117462498)
154	4,0.0534672500584	(154, 0.01034945117462498)
154	56,0.0570928086462	(154, 0.01034945117462498)
154	48,0.0612165644858	(154, 0.01034945117462498)
154	15,0.065508414735	(154, 0.01034945117462498)
154	2,0.0660512939373	(154, 0.01034945117462498)
155	11,0.0215021684168	(155, 0.036268702961147065)
155	71,0.021625574618	(155, 0.036268702961147065)
155	162,0.0230030959932	(155, 0.036268702961147065)
155	121,0.0330308771708	(155, 0.036268702961147065)
155	117,0.0344404419562	(155, 0.036268702961147065)
155	155,0.0362687029611	(155, 0.036268702961147065)
155	1,0.0370873031243	(155, 0.036268702961147065)
155	3,0.0390422131613	(155, 0.036268702961147065)
155	77,0.0398133357044	(155, 0.036268702961147065)
155	73,0.0401775490248	(155, 0.036268702961147065)
156	73,0.0322483677511	(156, 0.035941468616811807)
156	156,0.0359414686168	(156, 0.035941468616811807)
156	144,0.0442030276416	(156, 0.035941468616811807)
156	109,0.0470237458486	(156, 0.035941468616811807)
156	27,0.0514416329364	(156, 0.035941468616811807)
156	107,0.0515770348025	(156, 0.035941468616811807)
156	50,0.0556380862381	(156, 0.035941468616811807)
156	128,0.0581828327393	(156, 0.035941468616811807)
156	38,0.0590368767878	(156, 0.035941468616811807)
156	93,0.0626528245903	(156, 0.035941468616811807)
157	12,0.0313824988207	(157, 0.039246748616104304)
157	22,0.0318044649789	(157, 0.039246748616104304)
157	93,0.0325580882402	(157, 0.039246748616104304)
157	73,0.0334023278208	(157, 0.039246748616104304)
157	3,0.0347665151245	(157, 0.039246748616104304)
157	126,0.035490883926	(157, 0.039246748616104304)
157	172,0.0365740627246	(157, 0.039246748616104304)
157	77,0.037855706326	(157, 0.039246748616104304)
157	128,0.0379028881194	(157, 0.039246748616104304)
157	76,0.0379417807292	(157, 0.039246748616104304)
158	77,0.0168509253969	(158, 0.058832162906303227)
158	3,0.022315643634	(158, 0.058832162906303227)
158	37,0.0264896288473	(158, 0.058832162906303227)
158	171,0.0280168649599	(158, 0.058832162906303227)
158	136,0.0282014921462	(158, 0.058832162906303227)
158	63,0.0282020651922	(158, 0.058832162906303227)
158	147,0.0284671303108	(158, 0.058832162906303227)
158	76,0.029274521848	(158, 0.058832162906303227)
158	100,0.0302834371782	(158, 0.058832162906303227)
158	11,0.0303139675339	(158, 0.058832162906303227)
159	146,0.0178279384612	(159, 0.04094443090679644)
159	137,0.0241506974728	(159, 0.04094443090679644)
159	147,0.0262835892411	(159, 0.04094443090679644)
159	150,0.027132697853	(159, 0.04094443090679644)
159	63,0.0272737239745	(159, 0.04094443090679644)
159	36,0.0274313285624	(159, 0.04094443090679644)
159	18,0.0278292098349	(159, 0.04094443090679644)
159	46,0.028137048768	(159, 0.04094443090679644)
159	3,0.0291619198177	(159, 0.04094443090679644)
159	81,0.0302249745279	(159, 0.04094443090679644)
160	164,0.0562728760534	(160, 0.24041012254278962)
160	73,0.0567463887268	(160, 0.24041012254278962)
160	27,0.0574718280297	(160, 0.24041012254278962)
160	38,0.065576337757	(160, 0.24041012254278962)
160	107,0.0681695523081	(160, 0.24041012254278962)
160	109,0.0700615926519	(160, 0.24041012254278962)
160	105,0.0708590088545	(160, 0.24041012254278962)
160	43,0.0711676501949	(160, 0.24041012254278962)
160	32,0.0717165869503	(160, 0.24041012254278962)
160	12,0.073946487405	(160, 0.24041012254278962)
161	161,0.0136941584654	(161, 0.013694158465416812)
161	65,0.0301074948751	(161, 0.013694158465416812)
161	155,0.0397308081552	(161, 0.013694158465416812)
161	44,0.0413187664416	(161, 0.013694158465416812)
161	68,0.0426340829014	(161, 0.013694158465416812)
161	17,0.0430190943366	(161, 0.013694158465416812)
161	83,0.0456920908991	(161, 0.013694158465416812)
161	13,0.0488614463102	(161, 0.013694158465416812)
161	1,0.0497130071569	(161, 0.013694158465416812)
161	71,0.0529858573707	(161, 0.013694158465416812)
162	162,0.0179778330365	(162, 0.017977833036542112)
162	117,0.0208951836055	(162, 0.017977833036542112)
162	18,0.0235183766928	(162, 0.017977833036542112)
162	76,0.0267312385437	(162, 0.017977833036542112)
162	88,0.0280591977254	(162, 0.017977833036542112)
162	147,0.0288931174334	(162, 0.017977833036542112)
162	150,0.0288964805164	(162, 0.017977833036542112)
162	11,0.0298208060236	(162, 0.017977833036542112)
162	90,0.029854135798	(162, 0.017977833036542112)
162	121,0.0307380846676	(162, 0.017977833036542112)
163	17,0.0319050962461	(163, 0.047570113109841453)
163	172,0.0349328686812	(163, 0.047570113109841453)
163	3,0.0361745110416	(163, 0.047570113109841453)
163	40,0.0365190317051	(163, 0.047570113109841453)
163	148,0.0377305490354	(163, 0.047570113109841453)
163	100,0.0377573416402	(163, 0.047570113109841453)
163	11,0.0389165310665	(163, 0.047570113109841453)
163	37,0.0399664068192	(163, 0.047570113109841453)
163	143,0.0400074867465	(163, 0.047570113109841453)
163	83,0.0417735576412	(163, 0.047570113109841453)
164	156,0.0410451298411	(164, 0.052476262767251973)
164	27,0.0512119242029	(164, 0.052476262767251973)
164	164,0.0524762627673	(164, 0.052476262767251973)
164	144,0.0539196926423	(164, 0.052476262767251973)
164	73,0.0558565738135	(164, 0.052476262767251973)
164	131,0.060446334091	(164, 0.052476262767251973)
164	109,0.0634043493508	(164, 0.052476262767251973)
164	32,0.0650331405995	(164, 0.052476262767251973)
164	84,0.070466161798	(164, 0.052476262767251973)
164	107,0.0733864627647	(164, 0.052476262767251973)
165	93,0.0379084470939	(165, 0.057432384012273713)
165	116,0.0484938320678	(165, 0.057432384012273713)
165	157,0.0520960418302	(165, 0.057432384012273713)
165	73,0.055536221533	(165, 0.057432384012273713)
165	131,0.0559442755976	(165, 0.057432384012273713)
165	165,0.0574323840123	(165, 0.057432384012273713)
165	144,0.0600794229052	(165, 0.057432384012273713)
165	156,0.0640491097765	(165, 0.057432384012273713)
165	27,0.0703196470156	(165, 0.057432384012273713)
165	124,0.0723746316092	(165, 0.057432384012273713)
166	116,0.0474404516788	(166, 0.06689920623728339)
166	69,0.0628935422225	(166, 0.06689920623728339)
166	166,0.0668992062373	(166, 0.06689920623728339)
166	144,0.0674243769935	(166, 0.06689920623728339)
166	124,0.0677762036187	(166, 0.06689920623728339)
166	123,0.0737268036718	(166, 0.06689920623728339)
166	104,0.074810864052	(166, 0.06689920623728339)
166	93,0.0750991704756	(166, 0.06689920623728339)
166	13,0.0787477698336	(166, 0.06689920623728339)
166	140,0.0790350603668	(166, 0.06689920623728339)
167	51,0.0616343901433	(167, 0.083089359707537128)
167	39,0.0689401544899	(167, 0.083089359707537128)
167	32,0.0773290821197	(167, 0.083089359707537128)
167	27,0.0801372376991	(167, 0.083089359707537128)
167	169,0.0826181401875	(167, 0.083089359707537128)
167	167,0.0830893597075	(167, 0.083089359707537128)
167	19,0.102197148874	(167, 0.083089359707537128)
167	164,0.105472232887	(167, 0.083089359707537128)
167	138,0.107446013884	(167, 0.083089359707537128)
167	156,0.107981938182	(167, 0.083089359707537128)
168	18,0.0403500201265	(168, 0.041670510877991583)
168	121,0.0403762008062	(168, 0.041670510877991583)
168	12,0.0403857576237	(168, 0.041670510877991583)
168	168,0.041670510878	(168, 0.041670510877991583)
168	55,0.0425605867579	(168, 0.041670510877991583)
168	151,0.0456605752259	(168, 0.041670510877991583)
168	86,0.0467846653509	(168, 0.041670510877991583)
168	152,0.0483954449982	(168, 0.041670510877991583)
168	61,0.0496412702162	(168, 0.041670510877991583)
168	38,0.0509875573156	(168, 0.041670510877991583)
169	156,0.0514815000307	(169, 0.052009563378252341)
169	169,0.0520095633783	(169, 0.052009563378252341)
169	27,0.0606313516192	(169, 0.052009563378252341)
169	73,0.0633703533046	(169, 0.052009563378252341)
169	99,0.0640432182301	(169, 0.052009563378252341)
169	144,0.0661186936709	(169, 0.052009563378252341)
169	109,0.072169750046	(169, 0.052009563378252341)
169	84,0.0764721249584	(169, 0.052009563378252341)
169	170,0.0790684978409	(169, 0.052009563378252341)
169	93,0.0803965418488	(169, 0.052009563378252341)
170	170,0.0362214807059	(170, 0.03622148070588966)
170	99,0.0437880554958	(170, 0.03622148070588966)
170	27,0.0496735391273	(170, 0.03622148070588966)
170	144,0.0563929476648	(170, 0.03622148070588966)
170	19,0.0585103180672	(170, 0.03622148070588966)
170	73,0.0663384368064	(170, 0.03622148070588966)
170	0,0.0667170827199	(170, 0.03622148070588966)
170	84,0.0692030346039	(170, 0.03622148070588966)
170	109,0.0746035017982	(170, 0.03622148070588966)
170	78,0.0795710948271	(170, 0.03622148070588966)
171	27,0.0453599480734	(171, 0.13638709050730896)
171	156,0.0495955951448	(171, 0.13638709050730896)
171	32,0.0537673771602	(171, 0.13638709050730896)
171	164,0.0571717674171	(171, 0.13638709050730896)
171	107,0.0580017570506	(171, 0.13638709050730896)
171	73,0.0588527486625	(171, 0.13638709050730896)
171	19,0.0724728132781	(171, 0.13638709050730896)
171	51,0.0782572128952	(171, 0.13638709050730896)
171	99,0.0789220549371	(171, 0.13638709050730896)
171	144,0.0792781821034	(171, 0.13638709050730896)
172	172,0.0115346409985	(172, 0.011534640998476427)
172	137,0.0223735566422	(172, 0.011534640998476427)
172	3,0.0227411904846	(172, 0.011534640998476427)
172	81,0.0286354687118	(172, 0.011534640998476427)
172	90,0.0289803867742	(172, 0.011534640998476427)
172	17,0.0320405394504	(172, 0.011534640998476427)
172	77,0.0338311943634	(172, 0.011534640998476427)
172	37,0.0352282588769	(172, 0.011534640998476427)
172	146,0.0365073303886	(172, 0.011534640998476427)
172	171,0.0369010384968	(172, 0.011534640998476427)
173	107,0.0456328370696	(173, 0.078471423599712459)
173	158,0.0492035150886	(173, 0.078471423599712459)
173	24,0.0499276871381	(173, 0.078471423599712459)
173	27,0.0517300987591	(173, 0.078471423599712459)
173	38,0.0525828351779	(173, 0.078471423599712459)
173	128,0.0658243269958	(173, 0.078471423599712459)
173	61,0.0669071666686	(173, 0.078471423599712459)
173	78,0.067594784873	(173, 0.078471423599712459)
173	156,0.0682503726416	(173, 0.078471423599712459)
173	87,0.0694106593432	(173, 0.078471423599712459)
174	174,0.0172303638505	(174, 0.017230363850481645)
174	15,0.0283692647279	(174, 0.017230363850481645)
174	56,0.0289654703616	(174, 0.017230363850481645)
174	120,0.036527367621	(174, 0.017230363850481645)
174	69,0.0412642484899	(174, 0.017230363850481645)
174	17,0.0433164536965	(174, 0.017230363850481645)
174	4,0.046144254337	(174, 0.017230363850481645)
174	2,0.0469085509811	(174, 0.017230363850481645)
174	154,0.0486385979092	(174, 0.017230363850481645)
174	172,0.0500854545781	(174, 0.017230363850481645)
