0	0,3.4842751141e-06	(0, 3.4842751140995611e-06)
0	84,8.15709173526e-06	(0, 3.4842751140995611e-06)
0	99,8.20506018045e-06	(0, 3.4842751140995611e-06)
0	38,8.49101502553e-06	(0, 3.4842751140995611e-06)
0	109,9.7995152505e-06	(0, 3.4842751140995611e-06)
0	170,1.01050681411e-05	(0, 3.4842751140995611e-06)
0	144,1.04077781698e-05	(0, 3.4842751140995611e-06)
0	55,1.05425832299e-05	(0, 3.4842751140995611e-06)
0	138,1.16656403104e-05	(0, 3.4842751140995611e-06)
0	78,1.17051256557e-05	(0, 3.4842751140995611e-06)
1	1,2.85535362725e-06	(1, 2.8553536272521238e-06)
1	28,4.32201541926e-06	(1, 2.8553536272521238e-06)
1	102,4.50354977859e-06	(1, 2.8553536272521238e-06)
1	91,4.88635257643e-06	(1, 2.8553536272521238e-06)
1	103,4.93609032814e-06	(1, 2.8553536272521238e-06)
1	153,4.95903516019e-06	(1, 2.8553536272521238e-06)
1	155,5.5318434121e-06	(1, 2.8553536272521238e-06)
1	114,6.08724181273e-06	(1, 2.8553536272521238e-06)
1	53,6.16987431938e-06	(1, 2.8553536272521238e-06)
1	13,6.51849368378e-06	(1, 2.8553536272521238e-06)
2	4,3.90315632415e-06	(2, 5.7872757791832539e-06)
2	154,4.00738704184e-06	(2, 5.7872757791832539e-06)
2	69,4.57331343882e-06	(2, 5.7872757791832539e-06)
2	174,5.54288305712e-06	(2, 5.7872757791832539e-06)
2	40,5.76092078667e-06	(2, 5.7872757791832539e-06)
2	2,5.78727577918e-06	(2, 5.7872757791832539e-06)
2	172,6.62265141116e-06	(2, 5.7872757791832539e-06)
2	116,7.45354683962e-06	(2, 5.7872757791832539e-06)
2	25,7.76886123175e-06	(2, 5.7872757791832539e-06)
2	15,8.35104203721e-06	(2, 5.7872757791832539e-06)
3	3,1.2796481451e-06	(3, 1.2796481450957393e-06)
3	63,2.28817118501e-06	(3, 1.2796481450957393e-06)
3	81,2.70854881094e-06	(3, 1.2796481450957393e-06)
3	132,3.1104509886e-06	(3, 1.2796481450957393e-06)
3	162,3.2445363363e-06	(3, 1.2796481450957393e-06)
3	11,3.33191357784e-06	(3, 1.2796481450957393e-06)
3	137,3.36649454704e-06	(3, 1.2796481450957393e-06)
3	150,3.3679088391e-06	(3, 1.2796481450957393e-06)
3	147,3.48467431094e-06	(3, 1.2796481450957393e-06)
3	151,3.63585320307e-06	(3, 1.2796481450957393e-06)
4	172,2.49781018636e-06	(4, 4.2425393821720811e-06)
4	40,3.32240925564e-06	(4, 4.2425393821720811e-06)
4	69,3.46315037402e-06	(4, 4.2425393821720811e-06)
4	17,3.54439873681e-06	(4, 4.2425393821720811e-06)
4	13,3.62284329181e-06	(4, 4.2425393821720811e-06)
4	120,3.97649292342e-06	(4, 4.2425393821720811e-06)
4	37,4.06689777139e-06	(4, 4.2425393821720811e-06)
4	4,4.24253938217e-06	(4, 4.2425393821720811e-06)
4	77,4.67228186231e-06	(4, 4.2425393821720811e-06)
4	15,4.93766626975e-06	(4, 4.2425393821720811e-06)
5	73,3.85047131679e-06	(5, 1.2161486082830017e-05)
5	107,6.57365457652e-06	(5, 1.2161486082830017e-05)
5	95,7.01448163694e-06	(5, 1.2161486082830017e-05)
5	93,7.28284608692e-06	(5, 1.2161486082830017e-05)
5	26,7.32726886104e-06	(5, 1.2161486082830017e-05)
5	156,7.37513928786e-06	(5, 1.2161486082830017e-05)
5	78,7.40119476348e-06	(5, 1.2161486082830017e-05)
5	1,7.67010874312e-06	(5, 1.2161486082830017e-05)
5	51,7.67536336218e-06	(5, 1.2161486082830017e-05)
5	158,7.8817180132e-06	(5, 1.2161486082830017e-05)
6	139,1.99107616087e-06	(6, 2.3186919522697804e-06)
6	46,2.04786317034e-06	(6, 2.3186919522697804e-06)
6	6,2.31869195227e-06	(6, 2.3186919522697804e-06)
6	76,3.29401891441e-06	(6, 2.3186919522697804e-06)
6	22,3.64954624201e-06	(6, 2.3186919522697804e-06)
6	171,3.75891017145e-06	(6, 2.3186919522697804e-06)
6	35,3.81937957349e-06	(6, 2.3186919522697804e-06)
6	18,3.88794789221e-06	(6, 2.3186919522697804e-06)
6	132,4.19763869719e-06	(6, 2.3186919522697804e-06)
6	36,4.3882499642e-06	(6, 2.3186919522697804e-06)
7	66,1.45142609612e-05	(7, 2.4625161967505135e-05)
7	32,1.89444621002e-05	(7, 2.4625161967505135e-05)
7	167,1.89497277007e-05	(7, 2.4625161967505135e-05)
7	51,1.89604675071e-05	(7, 2.4625161967505135e-05)
7	80,2.0442529706e-05	(7, 2.4625161967505135e-05)
7	169,2.06262817313e-05	(7, 2.4625161967505135e-05)
7	160,2.08951050558e-05	(7, 2.4625161967505135e-05)
7	133,2.26659966312e-05	(7, 2.4625161967505135e-05)
7	149,2.40399336685e-05	(7, 2.4625161967505135e-05)
7	7,2.46251619675e-05	(7, 2.4625161967505135e-05)
8	11,2.97780365028e-06	(8, 5.7046797335259683e-06)
8	71,3.80589937356e-06	(8, 5.7046797335259683e-06)
8	121,3.88092990791e-06	(8, 5.7046797335259683e-06)
8	162,4.08391223501e-06	(8, 5.7046797335259683e-06)
8	1,4.1977226537e-06	(8, 5.7046797335259683e-06)
8	13,4.27321039244e-06	(8, 5.7046797335259683e-06)
8	73,4.33012069478e-06	(8, 5.7046797335259683e-06)
8	3,4.45893021193e-06	(8, 5.7046797335259683e-06)
8	155,4.77715460084e-06	(8, 5.7046797335259683e-06)
8	78,4.97268702845e-06	(8, 5.7046797335259683e-06)
9	9,5.62522555999e-06	(9, 5.6252255599928776e-06)
9	155,1.02302425886e-05	(9, 5.6252255599928776e-06)
9	114,1.20459167388e-05	(9, 5.6252255599928776e-06)
9	91,1.22818254508e-05	(9, 5.6252255599928776e-06)
9	53,1.29898898508e-05	(9, 5.6252255599928776e-06)
9	124,1.37753815277e-05	(9, 5.6252255599928776e-06)
9	41,1.55919824973e-05	(9, 5.6252255599928776e-06)
9	28,1.57652367506e-05	(9, 5.6252255599928776e-06)
9	65,1.60791013998e-05	(9, 5.6252255599928776e-06)
9	1,1.71478800306e-05	(9, 5.6252255599928776e-06)
10	10,7.11318365892e-06	(10, 7.1131836589181606e-06)
10	47,9.18491231635e-06	(10, 7.1131836589181606e-06)
10	167,1.60456150948e-05	(10, 7.1131836589181606e-06)
10	173,1.86924194953e-05	(10, 7.1131836589181606e-06)
10	99,1.88285513206e-05	(10, 7.1131836589181606e-06)
10	84,1.90710384299e-05	(10, 7.1131836589181606e-06)
10	166,1.96199185918e-05	(10, 7.1131836589181606e-06)
10	27,2.02219352025e-05	(10, 7.1131836589181606e-06)
10	138,2.04352589066e-05	(10, 7.1131836589181606e-06)
10	19,2.12203438342e-05	(10, 7.1131836589181606e-06)
11	11,1.52346040497e-06	(11, 1.5234604049659045e-06)
11	81,3.09807867659e-06	(11, 1.5234604049659045e-06)
11	119,3.30409060194e-06	(11, 1.5234604049659045e-06)
11	115,3.86268919056e-06	(11, 1.5234604049659045e-06)
11	3,3.94169854475e-06	(11, 1.5234604049659045e-06)
11	96,4.27850159556e-06	(11, 1.5234604049659045e-06)
11	37,4.44401955584e-06	(11, 1.5234604049659045e-06)
11	112,5.04900846245e-06	(11, 1.5234604049659045e-06)
11	86,5.25261869765e-06	(11, 1.5234604049659045e-06)
11	71,5.27769754483e-06	(11, 1.5234604049659045e-06)
12	12,2.19972483602e-06	(12, 2.1997248360200622e-06)
12	22,2.21237940856e-06	(12, 2.1997248360200622e-06)
12	151,2.51099695961e-06	(12, 2.1997248360200622e-06)
12	76,2.61998869743e-06	(12, 2.1997248360200622e-06)
12	126,2.67698554315e-06	(12, 2.1997248360200622e-06)
12	121,2.75344412386e-06	(12, 2.1997248360200622e-06)
12	132,2.94933364326e-06	(12, 2.1997248360200622e-06)
12	18,3.03758327207e-06	(12, 2.1997248360200622e-06)
12	3,3.49545391891e-06	(12, 2.1997248360200622e-06)
12	137,3.50453467056e-06	(12, 2.1997248360200622e-06)
13	172,2.67829642136e-06	(13, 3.5839480774340865e-06)
13	11,2.91430002272e-06	(13, 3.5839480774340865e-06)
13	17,2.95698538989e-06	(13, 3.5839480774340865e-06)
13	3,3.30197195897e-06	(13, 3.5839480774340865e-06)
13	37,3.43759389381e-06	(13, 3.5839480774340865e-06)
13	90,3.46135160156e-06	(13, 3.5839480774340865e-06)
13	162,3.47220135442e-06	(13, 3.5839480774340865e-06)
13	81,3.47704204792e-06	(13, 3.5839480774340865e-06)
13	77,3.51988916133e-06	(13, 3.5839480774340865e-06)
13	13,3.58394807743e-06	(13, 3.5839480774340865e-06)
14	14,3.30546578426e-06	(14, 3.3054657842647202e-06)
14	72,3.69622789441e-06	(14, 3.3054657842647202e-06)
14	159,4.68187042466e-06	(14, 3.3054657842647202e-06)
14	144,5.54990374496e-06	(14, 3.3054657842647202e-06)
14	109,5.94318834503e-06	(14, 3.3054657842647202e-06)
14	84,6.20927193681e-06	(14, 3.3054657842647202e-06)
14	123,6.45295998089e-06	(14, 3.3054657842647202e-06)
14	145,6.89868676199e-06	(14, 3.3054657842647202e-06)
14	38,7.22759284835e-06	(14, 3.3054657842647202e-06)
14	116,7.2921651175e-06	(14, 3.3054657842647202e-06)
15	15,1.64085374375e-06	(15, 1.6408537437495785e-06)
15	17,4.07135510257e-06	(15, 1.6408537437495785e-06)
15	59,4.81907567683e-06	(15, 1.6408537437495785e-06)
15	174,4.93493108599e-06	(15, 1.6408537437495785e-06)
15	49,4.95877871222e-06	(15, 1.6408537437495785e-06)
15	56,5.15868077248e-06	(15, 1.6408537437495785e-06)
15	100,5.5287557195e-06	(15, 1.6408537437495785e-06)
15	120,5.67995389413e-06	(15, 1.6408537437495785e-06)
15	34,5.71931176031e-06	(15, 1.6408537437495785e-06)
15	69,6.12676587037e-06	(15, 1.6408537437495785e-06)
16	16,4.60840657655e-06	(16, 4.6084065765483013e-06)
16	170,5.39854147301e-06	(16, 4.6084065765483013e-06)
16	19,5.92547487064e-06	(16, 4.6084065765483013e-06)
16	0,7.03762304106e-06	(16, 4.6084065765483013e-06)
16	27,7.31783368546e-06	(16, 4.6084065765483013e-06)
16	114,8.06783864901e-06	(16, 4.6084065765483013e-06)
16	73,8.35232097251e-06	(16, 4.6084065765483013e-06)
16	144,8.3598322094e-06	(16, 4.6084065765483013e-06)
16	164,8.38481375057e-06	(16, 4.6084065765483013e-06)
16	101,8.41199594593e-06	(16, 4.6084065765483013e-06)
17	17,1.43443917358e-06	(17, 1.4344391735774457e-06)
17	172,2.0579629679e-06	(17, 1.4344391735774457e-06)
17	77,2.99197485877e-06	(17, 1.4344391735774457e-06)
17	90,3.281763472e-06	(17, 1.4344391735774457e-06)
17	100,3.31545499109e-06	(17, 1.4344391735774457e-06)
17	143,3.43760127955e-06	(17, 1.4344391735774457e-06)
17	37,3.5779635597e-06	(17, 1.4344391735774457e-06)
17	136,3.65855713715e-06	(17, 1.4344391735774457e-06)
17	3,3.86795638974e-06	(17, 1.4344391735774457e-06)
17	137,4.05414699271e-06	(17, 1.4344391735774457e-06)
18	18,1.84365613698e-06	(18, 1.8436561369831598e-06)
18	88,1.98113396337e-06	(18, 1.8436561369831598e-06)
18	22,2.25495525927e-06	(18, 1.8436561369831598e-06)
18	61,2.57472230806e-06	(18, 1.8436561369831598e-06)
18	121,2.58520934919e-06	(18, 1.8436561369831598e-06)
18	35,2.60161693236e-06	(18, 1.8436561369831598e-06)
18	76,2.78220316559e-06	(18, 1.8436561369831598e-06)
18	139,2.81882647131e-06	(18, 1.8436561369831598e-06)
18	132,2.8307016869e-06	(18, 1.8436561369831598e-06)
18	23,3.37943911153e-06	(18, 1.8436561369831598e-06)
19	19,5.26796679346e-06	(19, 5.2679667934610997e-06)
19	43,6.63928964427e-06	(19, 5.2679667934610997e-06)
19	27,6.82851699104e-06	(19, 5.2679667934610997e-06)
19	99,8.19730456762e-06	(19, 5.2679667934610997e-06)
19	164,9.58760253459e-06	(19, 5.2679667934610997e-06)
19	32,1.03638706072e-05	(19, 5.2679667934610997e-06)
19	107,1.11312911269e-05	(19, 5.2679667934610997e-06)
19	84,1.11806315724e-05	(19, 5.2679667934610997e-06)
19	138,1.21814381746e-05	(19, 5.2679667934610997e-06)
19	170,1.22027581177e-05	(19, 5.2679667934610997e-06)
20	73,4.10885854874e-06	(20, 4.6855835811298012e-06)
20	20,4.68558358113e-06	(20, 4.6855835811298012e-06)
20	124,4.81419611028e-06	(20, 4.6855835811298012e-06)
20	93,5.15750540894e-06	(20, 4.6855835811298012e-06)
20	157,5.55302024517e-06	(20, 4.6855835811298012e-06)
20	109,5.784872389e-06	(20, 4.6855835811298012e-06)
20	1,6.04341613699e-06	(20, 4.6855835811298012e-06)
20	128,6.14174821621e-06	(20, 4.6855835811298012e-06)
20	89,6.27595324618e-06	(20, 4.6855835811298012e-06)
20	78,6.869997158e-06	(20, 4.6855835811298012e-06)
21	121,2.20871071493e-06	(21, 3.8586424598122357e-06)
21	71,2.31846041403e-06	(21, 3.8586424598122357e-06)
21	11,2.35586363247e-06	(21, 3.8586424598122357e-06)
21	117,2.61956873503e-06	(21, 3.8586424598122357e-06)
21	162,2.82518490818e-06	(21, 3.8586424598122357e-06)
21	22,3.51734876914e-06	(21, 3.8586424598122357e-06)
21	23,3.78156222089e-06	(21, 3.8586424598122357e-06)
21	86,3.80639904882e-06	(21, 3.8586424598122357e-06)
21	21,3.85864245981e-06	(21, 3.8586424598122357e-06)
21	76,4.01788151456e-06	(21, 3.8586424598122357e-06)
22	117,1.93889481377e-06	(22, 2.146867411014711e-06)
22	22,2.14686741101e-06	(22, 2.146867411014711e-06)
22	76,2.40976576775e-06	(22, 2.146867411014711e-06)
22	139,2.59816782477e-06	(22, 2.146867411014711e-06)
22	132,2.8191901472e-06	(22, 2.146867411014711e-06)
22	46,2.9019891976e-06	(22, 2.146867411014711e-06)
22	3,2.96607390814e-06	(22, 2.146867411014711e-06)
22	137,3.02242438428e-06	(22, 2.146867411014711e-06)
22	81,3.16666546063e-06	(22, 2.146867411014711e-06)
22	171,3.2662512388e-06	(22, 2.146867411014711e-06)
23	23,1.37026738936e-06	(23, 1.3702673893611607e-06)
23	61,1.76040161808e-06	(23, 1.3702673893611607e-06)
23	26,3.84791837016e-06	(23, 1.3702673893611607e-06)
23	121,4.57271883175e-06	(23, 1.3702673893611607e-06)
23	78,4.7190743792e-06	(23, 1.3702673893611607e-06)
23	63,5.43698887947e-06	(23, 1.3702673893611607e-06)
23	76,5.68252074803e-06	(23, 1.3702673893611607e-06)
23	162,5.72856881541e-06	(23, 1.3702673893611607e-06)
23	70,5.99677885924e-06	(23, 1.3702673893611607e-06)
23	147,6.07105741766e-06	(23, 1.3702673893611607e-06)
24	24,2.05239002922e-06	(24, 2.0523900292186185e-06)
24	107,5.2534754096e-06	(24, 2.0523900292186185e-06)
24	27,5.86075905205e-06	(24, 2.0523900292186185e-06)
24	61,6.40669866995e-06	(24, 2.0523900292186185e-06)
24	135,6.64677071212e-06	(24, 2.0523900292186185e-06)
24	158,6.7311756463e-06	(24, 2.0523900292186185e-06)
24	50,6.82815921029e-06	(24, 2.0523900292186185e-06)
24	73,6.98947561471e-06	(24, 2.0523900292186185e-06)
24	22,7.04400602753e-06	(24, 2.0523900292186185e-06)
24	12,7.06015615896e-06	(24, 2.0523900292186185e-06)
25	40,2.23607737466e-06	(25, 2.3595390619097474e-06)
25	25,2.35953906191e-06	(25, 2.3595390619097474e-06)
25	69,2.44606593328e-06	(25, 2.3595390619097474e-06)
25	15,3.51419485639e-06	(25, 2.3595390619097474e-06)
25	4,3.57280270651e-06	(25, 2.3595390619097474e-06)
25	148,4.02815191578e-06	(25, 2.3595390619097474e-06)
25	154,4.76812848429e-06	(25, 2.3595390619097474e-06)
25	172,4.95473997758e-06	(25, 2.3595390619097474e-06)
25	79,5.0714239849e-06	(25, 2.3595390619097474e-06)
25	17,5.72893653279e-06	(25, 2.3595390619097474e-06)
26	121,2.19349177734e-06	(26, 4.6383974387013049e-06)
26	18,2.32430410953e-06	(26, 4.6383974387013049e-06)
26	76,2.45620553905e-06	(26, 4.6383974387013049e-06)
26	22,2.50684621525e-06	(26, 4.6383974387013049e-06)
26	151,2.88970787264e-06	(26, 4.6383974387013049e-06)
26	162,2.89273453275e-06	(26, 4.6383974387013049e-06)
26	3,2.90362147082e-06	(26, 4.6383974387013049e-06)
26	11,3.02991059713e-06	(26, 4.6383974387013049e-06)
26	63,3.06121425068e-06	(26, 4.6383974387013049e-06)
26	23,3.07682971262e-06	(26, 4.6383974387013049e-06)
27	78,4.27051204499e-06	(27, 6.2671184651683055e-06)
27	73,4.68590786482e-06	(27, 6.2671184651683055e-06)
27	61,4.85201767856e-06	(27, 6.2671184651683055e-06)
27	121,4.99452588215e-06	(27, 6.2671184651683055e-06)
27	26,5.04275977115e-06	(27, 6.2671184651683055e-06)
27	170,5.23797751878e-06	(27, 6.2671184651683055e-06)
27	107,5.85203941665e-06	(27, 6.2671184651683055e-06)
27	101,5.85914263223e-06	(27, 6.2671184651683055e-06)
27	23,5.96578143785e-06	(27, 6.2671184651683055e-06)
27	13,6.16441918861e-06	(27, 6.2671184651683055e-06)
28	1,3.75795062075e-06	(28, 4.6922021904908186e-06)
28	13,3.80791517869e-06	(28, 4.6922021904908186e-06)
28	28,4.69220219049e-06	(28, 4.6922021904908186e-06)
28	73,4.94263570087e-06	(28, 4.6922021904908186e-06)
28	3,4.95952397283e-06	(28, 4.6922021904908186e-06)
28	155,5.47606428377e-06	(28, 4.6922021904908186e-06)
28	53,5.67243750936e-06	(28, 4.6922021904908186e-06)
28	65,5.71484963127e-06	(28, 4.6922021904908186e-06)
28	83,5.9982435534e-06	(28, 4.6922021904908186e-06)
28	114,6.26514124887e-06	(28, 4.6922021904908186e-06)
29	29,2.24664340768e-06	(29, 2.2466434076769854e-06)
29	77,2.70009438688e-06	(29, 2.2466434076769854e-06)
29	71,3.70619077374e-06	(29, 2.2466434076769854e-06)
29	135,3.87694495419e-06	(29, 2.2466434076769854e-06)
29	73,4.1754605791e-06	(29, 2.2466434076769854e-06)
29	13,4.29081966489e-06	(29, 2.2466434076769854e-06)
29	1,4.37488803619e-06	(29, 2.2466434076769854e-06)
29	76,4.62356845384e-06	(29, 2.2466434076769854e-06)
29	3,4.77295309386e-06	(29, 2.2466434076769854e-06)
29	11,4.80518079824e-06	(29, 2.2466434076769854e-06)
30	30,4.77365232995e-06	(30, 4.7736523299544807e-06)
30	28,5.52321817392e-06	(30, 4.7736523299544807e-06)
30	53,6.80315635529e-06	(30, 4.7736523299544807e-06)
30	103,7.57432220974e-06	(30, 4.7736523299544807e-06)
30	91,7.84993236031e-06	(30, 4.7736523299544807e-06)
30	1,8.24400291141e-06	(30, 4.7736523299544807e-06)
30	153,8.97979719283e-06	(30, 4.7736523299544807e-06)
30	73,9.08545065316e-06	(30, 4.7736523299544807e-06)
30	102,9.82838025385e-06	(30, 4.7736523299544807e-06)
30	114,9.88678600095e-06	(30, 4.7736523299544807e-06)
31	31,7.41875690686e-06	(31, 7.4187569068562641e-06)
31	166,7.80420279683e-06	(31, 7.4187569068562641e-06)
31	72,9.3302622757e-06	(31, 7.4187569068562641e-06)
31	116,9.78854566742e-06	(31, 7.4187569068562641e-06)
31	69,9.87916229121e-06	(31, 7.4187569068562641e-06)
31	104,1.01052193436e-05	(31, 7.4187569068562641e-06)
31	131,1.01271658439e-05	(31, 7.4187569068562641e-06)
31	48,1.06383356067e-05	(31, 7.4187569068562641e-06)
31	124,1.08634234354e-05	(31, 7.4187569068562641e-06)
31	4,1.15307749704e-05	(31, 7.4187569068562641e-06)
32	32,4.84486363133e-06	(32, 4.8448636313323595e-06)
32	156,5.06144919359e-06	(32, 4.8448636313323595e-06)
32	27,5.70128582817e-06	(32, 4.8448636313323595e-06)
32	73,8.17639996635e-06	(32, 4.8448636313323595e-06)
32	164,8.25963732392e-06	(32, 4.8448636313323595e-06)
32	131,8.57950385756e-06	(32, 4.8448636313323595e-06)
32	50,9.19441843336e-06	(32, 4.8448636313323595e-06)
32	165,9.38893445114e-06	(32, 4.8448636313323595e-06)
32	107,9.93337298153e-06	(32, 4.8448636313323595e-06)
32	144,1.03148887278e-05	(32, 4.8448636313323595e-06)
33	33,3.86795588427e-06	(33, 3.8679558842680085e-06)
33	4,6.91159260362e-06	(33, 3.8679558842680085e-06)
33	116,7.61129883665e-06	(33, 3.8679558842680085e-06)
33	69,7.6637712463e-06	(33, 3.8679558842680085e-06)
33	106,7.76799444668e-06	(33, 3.8679558842680085e-06)
33	40,8.97500943741e-06	(33, 3.8679558842680085e-06)
33	28,9.21582775077e-06	(33, 3.8679558842680085e-06)
33	156,9.30765103143e-06	(33, 3.8679558842680085e-06)
33	93,9.36179763528e-06	(33, 3.8679558842680085e-06)
33	73,9.68085524103e-06	(33, 3.8679558842680085e-06)
34	69,2.68527853718e-06	(34, 7.4523984533520754e-06)
34	15,3.04454454301e-06	(34, 7.4523984533520754e-06)
34	17,3.23026424809e-06	(34, 7.4523984533520754e-06)
34	40,3.23854942424e-06	(34, 7.4523984533520754e-06)
34	172,3.60296844066e-06	(34, 7.4523984533520754e-06)
34	148,3.68497842062e-06	(34, 7.4523984533520754e-06)
34	4,3.96702926028e-06	(34, 7.4523984533520754e-06)
34	120,3.99310055348e-06	(34, 7.4523984533520754e-06)
34	174,4.8010516251e-06	(34, 7.4523984533520754e-06)
34	154,4.83906568646e-06	(34, 7.4523984533520754e-06)
35	35,1.64357680285e-06	(35, 1.6435768028515836e-06)
35	88,2.52423643297e-06	(35, 1.6435768028515836e-06)
35	18,3.23333815573e-06	(35, 1.6435768028515836e-06)
35	22,4.4701780037e-06	(35, 1.6435768028515836e-06)
35	139,4.67255104659e-06	(35, 1.6435768028515836e-06)
35	12,4.7751717709e-06	(35, 1.6435768028515836e-06)
35	158,4.95088516226e-06	(35, 1.6435768028515836e-06)
35	121,4.98339611448e-06	(35, 1.6435768028515836e-06)
35	38,5.01278743024e-06	(35, 1.6435768028515836e-06)
35	61,5.11830481834e-06	(35, 1.6435768028515836e-06)
36	147,1.27459927341e-06	(36, 2.0628830999724633e-06)
36	76,1.5880922136e-06	(36, 2.0628830999724633e-06)
36	36,2.06288309997e-06	(36, 2.0628830999724633e-06)
36	46,2.07245598296e-06	(36, 2.0628830999724633e-06)
36	63,2.22652536396e-06	(36, 2.0628830999724633e-06)
36	18,2.28719500086e-06	(36, 2.0628830999724633e-06)
36	171,2.47503360156e-06	(36, 2.0628830999724633e-06)
36	88,2.64456819339e-06	(36, 2.0628830999724633e-06)
36	132,3.19367874998e-06	(36, 2.0628830999724633e-06)
36	35,3.25964832444e-06	(36, 2.0628830999724633e-06)
37	37,2.4525874158e-06	(37, 2.4525874157966965e-06)
37	77,2.74538270283e-06	(37, 2.4525874157966965e-06)
37	100,2.8019188807e-06	(37, 2.4525874157966965e-06)
37	3,3.25223583583e-06	(37, 2.4525874157966965e-06)
37	11,3.3617678177e-06	(37, 2.4525874157966965e-06)
37	90,3.44394419399e-06	(37, 2.4525874157966965e-06)
37	21,3.88252138809e-06	(37, 2.4525874157966965e-06)
37	70,4.20148342988e-06	(37, 2.4525874157966965e-06)
37	63,4.26373982222e-06	(37, 2.4525874157966965e-06)
37	17,4.34543390207e-06	(37, 2.4525874157966965e-06)
38	38,1.4731778977e-06	(38, 1.4731778977049251e-06)
38	12,3.67718809596e-06	(38, 1.4731778977049251e-06)
38	14,4.13025716438e-06	(38, 1.4731778977049251e-06)
38	55,4.45775502495e-06	(38, 1.4731778977049251e-06)
38	50,6.21550605248e-06	(38, 1.4731778977049251e-06)
38	159,6.48814569313e-06	(38, 1.4731778977049251e-06)
38	43,6.65985729866e-06	(38, 1.4731778977049251e-06)
38	105,6.88640425529e-06	(38, 1.4731778977049251e-06)
38	128,6.94044296845e-06	(38, 1.4731778977049251e-06)
38	152,6.94557873436e-06	(38, 1.4731778977049251e-06)
39	39,3.53077698364e-06	(39, 3.5307769836395829e-06)
39	51,8.47048088371e-06	(39, 3.5307769836395829e-06)
39	27,8.7477166865e-06	(39, 3.5307769836395829e-06)
39	169,9.59726892146e-06	(39, 3.5307769836395829e-06)
39	156,9.71334080403e-06	(39, 3.5307769836395829e-06)
39	99,9.9430233884e-06	(39, 3.5307769836395829e-06)
39	107,1.00488070565e-05	(39, 3.5307769836395829e-06)
39	101,1.01138383972e-05	(39, 3.5307769836395829e-06)
39	84,1.08249790564e-05	(39, 3.5307769836395829e-06)
39	95,1.10101329927e-05	(39, 3.5307769836395829e-06)
40	40,2.27654250823e-06	(40, 2.2765425082266294e-06)
40	25,2.96646583959e-06	(40, 2.2765425082266294e-06)
40	69,3.1373883213e-06	(40, 2.2765425082266294e-06)
40	148,3.15810339321e-06	(40, 2.2765425082266294e-06)
40	4,3.32801792396e-06	(40, 2.2765425082266294e-06)
40	79,3.38321311733e-06	(40, 2.2765425082266294e-06)
40	172,4.02535162272e-06	(40, 2.2765425082266294e-06)
40	60,4.11196993088e-06	(40, 2.2765425082266294e-06)
40	15,4.45205087623e-06	(40, 2.2765425082266294e-06)
40	17,4.61544738742e-06	(40, 2.2765425082266294e-06)
41	41,3.72172086116e-06	(41, 3.7217208611553404e-06)
41	155,4.33010219558e-06	(41, 3.7217208611553404e-06)
41	91,6.36855888353e-06	(41, 3.7217208611553404e-06)
41	1,7.43367913231e-06	(41, 3.7217208611553404e-06)
41	20,8.51336904911e-06	(41, 3.7217208611553404e-06)
41	124,8.7310605598e-06	(41, 3.7217208611553404e-06)
41	102,9.18492416588e-06	(41, 3.7217208611553404e-06)
41	53,9.32027294771e-06	(41, 3.7217208611553404e-06)
41	101,9.65156006533e-06	(41, 3.7217208611553404e-06)
41	83,9.86906183929e-06	(41, 3.7217208611553404e-06)
42	163,6.95841957578e-06	(42, 1.5097539433449027e-05)
42	28,9.97893527474e-06	(42, 1.5097539433449027e-05)
42	118,1.04944630817e-05	(42, 1.5097539433449027e-05)
42	53,1.04985161299e-05	(42, 1.5097539433449027e-05)
42	34,1.07700515756e-05	(42, 1.5097539433449027e-05)
42	97,1.08389958145e-05	(42, 1.5097539433449027e-05)
42	69,1.0952163698e-05	(42, 1.5097539433449027e-05)
42	65,1.11055074644e-05	(42, 1.5097539433449027e-05)
42	44,1.12651918944e-05	(42, 1.5097539433449027e-05)
42	140,1.23400936746e-05	(42, 1.5097539433449027e-05)
43	22,2.89173138055e-06	(43, 5.623415130910473e-06)
43	12,3.14343141028e-06	(43, 5.623415130910473e-06)
43	121,3.39734107206e-06	(43, 5.623415130910473e-06)
43	128,3.42297718524e-06	(43, 5.623415130910473e-06)
43	158,3.56891062057e-06	(43, 5.623415130910473e-06)
43	78,3.66027210408e-06	(43, 5.623415130910473e-06)
43	61,3.69050703123e-06	(43, 5.623415130910473e-06)
43	18,3.81338390607e-06	(43, 5.623415130910473e-06)
43	50,3.83622794295e-06	(43, 5.623415130910473e-06)
43	55,4.16434819004e-06	(43, 5.623415130910473e-06)
44	116,4.29743352589e-06	(44, 1.8801180722769149e-05)
44	93,4.93965544356e-06	(44, 1.8801180722769149e-05)
44	109,5.04864833292e-06	(44, 1.8801180722769149e-05)
44	144,5.77900574364e-06	(44, 1.8801180722769149e-05)
44	124,5.82157200177e-06	(44, 1.8801180722769149e-05)
44	123,6.27854903692e-06	(44, 1.8801180722769149e-05)
44	84,6.34910848837e-06	(44, 1.8801180722769149e-05)
44	72,6.74058419123e-06	(44, 1.8801180722769149e-05)
44	159,6.74184462317e-06	(44, 1.8801180722769149e-05)
44	73,7.12712572563e-06	(44, 1.8801180722769149e-05)
45	45,5.81552204789e-06	(45, 5.815522047891174e-06)
45	94,9.03116295727e-06	(45, 5.815522047891174e-06)
45	130,9.50072837378e-06	(45, 5.815522047891174e-06)
45	34,1.19350681619e-05	(45, 5.815522047891174e-06)
45	133,1.21886475555e-05	(45, 5.815522047891174e-06)
45	129,1.25914030452e-05	(45, 5.815522047891174e-06)
45	98,1.28834210616e-05	(45, 5.815522047891174e-06)
45	15,1.34153487374e-05	(45, 5.815522047891174e-06)
45	113,1.34444267048e-05	(45, 5.815522047891174e-06)
45	53,1.37158275015e-05	(45, 5.815522047891174e-06)
46	46,9.5109080722e-07	(46, 9.5109080722045959e-07)
46	36,1.85682564253e-06	(46, 9.5109080722045959e-07)
46	171,2.01843554465e-06	(46, 9.5109080722045959e-07)
46	137,2.21391047804e-06	(46, 9.5109080722045959e-07)
46	76,2.29041659565e-06	(46, 9.5109080722045959e-07)
46	147,3.01716036478e-06	(46, 9.5109080722045959e-07)
46	139,3.16141517956e-06	(46, 9.5109080722045959e-07)
46	63,3.35361478168e-06	(46, 9.5109080722045959e-07)
46	146,3.50001771786e-06	(46, 9.5109080722045959e-07)
46	6,3.52778447881e-06	(46, 9.5109080722045959e-07)
47	99,7.76152538934e-06	(47, 8.9316823373631249e-06)
47	19,8.09170951976e-06	(47, 8.9316823373631249e-06)
47	10,8.23018727855e-06	(47, 8.9316823373631249e-06)
47	27,8.55292758313e-06	(47, 8.9316823373631249e-06)
47	138,8.88423964929e-06	(47, 8.9316823373631249e-06)
47	47,8.93168233736e-06	(47, 8.9316823373631249e-06)
47	43,9.8314875557e-06	(47, 8.9316823373631249e-06)
47	84,9.90371659096e-06	(47, 8.9316823373631249e-06)
47	0,1.1305004001e-05	(47, 8.9316823373631249e-06)
47	173,1.1541597499e-05	(47, 8.9316823373631249e-06)
48	56,4.22531359976e-06	(48, 5.1000570308831164e-06)
48	120,4.4938456058e-06	(48, 5.1000570308831164e-06)
48	69,4.5652680932e-06	(48, 5.1000570308831164e-06)
48	97,4.71928083079e-06	(48, 5.1000570308831164e-06)
48	40,4.96284357806e-06	(48, 5.1000570308831164e-06)
48	48,5.10005703088e-06	(48, 5.1000570308831164e-06)
48	174,5.52412681175e-06	(48, 5.1000570308831164e-06)
48	4,5.72117079008e-06	(48, 5.1000570308831164e-06)
48	154,6.18844958391e-06	(48, 5.1000570308831164e-06)
48	172,6.62915166983e-06	(48, 5.1000570308831164e-06)
49	49,3.24578425384e-06	(49, 3.2457842538379115e-06)
49	59,3.55345307575e-06	(49, 3.2457842538379115e-06)
49	98,4.23690856513e-06	(49, 3.2457842538379115e-06)
49	15,4.33273192129e-06	(49, 3.2457842538379115e-06)
49	100,5.17223724092e-06	(49, 3.2457842538379115e-06)
49	77,5.25510462604e-06	(49, 3.2457842538379115e-06)
49	17,5.90514754688e-06	(49, 3.2457842538379115e-06)
49	172,6.08659382015e-06	(49, 3.2457842538379115e-06)
49	83,6.12961521013e-06	(49, 3.2457842538379115e-06)
49	174,6.66652189266e-06	(49, 3.2457842538379115e-06)
50	50,1.95519816665e-06	(50, 1.9551981666498596e-06)
50	12,4.65528334238e-06	(50, 1.9551981666498596e-06)
50	107,4.80987023452e-06	(50, 1.9551981666498596e-06)
50	171,5.2622299069e-06	(50, 1.9551981666498596e-06)
50	158,5.48946769519e-06	(50, 1.9551981666498596e-06)
50	22,6.0062085367e-06	(50, 1.9551981666498596e-06)
50	76,6.07301198972e-06	(50, 1.9551981666498596e-06)
50	128,6.17370115902e-06	(50, 1.9551981666498596e-06)
50	38,6.38938155697e-06	(50, 1.9551981666498596e-06)
50	46,6.77673669144e-06	(50, 1.9551981666498596e-06)
51	124,2.12348403642e-06	(51, 1.3192983535676874e-05)
51	73,4.69582310061e-06	(51, 1.3192983535676874e-05)
51	157,4.82955663945e-06	(51, 1.3192983535676874e-05)
51	155,5.14943076049e-06	(51, 1.3192983535676874e-05)
51	53,5.32626279046e-06	(51, 1.3192983535676874e-05)
51	93,6.06646664994e-06	(51, 1.3192983535676874e-05)
51	28,6.15268052427e-06	(51, 1.3192983535676874e-05)
51	13,6.71652533213e-06	(51, 1.3192983535676874e-05)
51	41,6.86155237058e-06	(51, 1.3192983535676874e-05)
51	116,6.90547004877e-06	(51, 1.3192983535676874e-05)
52	155,4.85036251012e-06	(52, 1.7948545540601969e-05)
52	124,5.19863830364e-06	(52, 1.7948545540601969e-05)
52	13,5.33119873932e-06	(52, 1.7948545540601969e-05)
52	53,5.46147730629e-06	(52, 1.7948545540601969e-05)
52	44,5.81158951182e-06	(52, 1.7948545540601969e-05)
52	119,5.88920462243e-06	(52, 1.7948545540601969e-05)
52	4,5.89455946265e-06	(52, 1.7948545540601969e-05)
52	161,6.07643992404e-06	(52, 1.7948545540601969e-05)
52	11,6.6877315188e-06	(52, 1.7948545540601969e-05)
52	65,6.79071244559e-06	(52, 1.7948545540601969e-05)
53	65,3.07656275485e-06	(53, 3.6202533477064883e-06)
53	53,3.62025334771e-06	(53, 3.6202533477064883e-06)
53	155,4.34087129807e-06	(53, 3.6202533477064883e-06)
53	44,4.46857571279e-06	(53, 3.6202533477064883e-06)
53	161,4.89053602934e-06	(53, 3.6202533477064883e-06)
53	163,5.46807419911e-06	(53, 3.6202533477064883e-06)
53	120,5.80601931458e-06	(53, 3.6202533477064883e-06)
53	114,6.12491262971e-06	(53, 3.6202533477064883e-06)
53	124,6.16337641474e-06	(53, 3.6202533477064883e-06)
53	13,6.32337428491e-06	(53, 3.6202533477064883e-06)
54	136,2.0977562197e-06	(54, 3.1533724497434095e-06)
54	54,3.15337244974e-06	(54, 3.1533724497434095e-06)
54	3,3.41726606992e-06	(54, 3.1533724497434095e-06)
54	137,3.4603330637e-06	(54, 3.1533724497434095e-06)
54	162,3.9426911156e-06	(54, 3.1533724497434095e-06)
54	17,3.9972128587e-06	(54, 3.1533724497434095e-06)
54	37,4.11007181116e-06	(54, 3.1533724497434095e-06)
54	11,4.13339866381e-06	(54, 3.1533724497434095e-06)
54	63,4.14551660434e-06	(54, 3.1533724497434095e-06)
54	147,4.19836036959e-06	(54, 3.1533724497434095e-06)
55	12,2.67944937589e-06	(55, 3.3587787262391475e-06)
55	55,3.35877872624e-06	(55, 3.3587787262391475e-06)
55	38,3.70123303484e-06	(55, 3.3587787262391475e-06)
55	159,3.72038000974e-06	(55, 3.3587787262391475e-06)
55	152,4.48862368963e-06	(55, 3.3587787262391475e-06)
55	121,4.69637663832e-06	(55, 3.3587787262391475e-06)
55	128,4.75795881592e-06	(55, 3.3587787262391475e-06)
55	134,4.90148497913e-06	(55, 3.3587787262391475e-06)
55	18,4.93301016415e-06	(55, 3.3587787262391475e-06)
55	151,5.09263674483e-06	(55, 3.3587787262391475e-06)
56	56,2.83773791049e-06	(56, 2.8377379104931075e-06)
56	15,3.69333834937e-06	(56, 2.8377379104931075e-06)
56	120,4.11938001542e-06	(56, 2.8377379104931075e-06)
56	113,6.0194232987e-06	(56, 2.8377379104931075e-06)
56	174,6.80071116769e-06	(56, 2.8377379104931075e-06)
56	69,6.92627373963e-06	(56, 2.8377379104931075e-06)
56	44,7.12503677631e-06	(56, 2.8377379104931075e-06)
56	2,7.55547003081e-06	(56, 2.8377379104931075e-06)
56	97,7.57493525245e-06	(56, 2.8377379104931075e-06)
56	48,7.95582399131e-06	(56, 2.8377379104931075e-06)
57	57,6.32534629374e-06	(57, 6.3253462937371443e-06)
57	122,1.06751303156e-05	(57, 6.3253462937371443e-06)
57	15,1.47456826775e-05	(57, 6.3253462937371443e-06)
57	174,1.4850929154e-05	(57, 6.3253462937371443e-06)
57	56,1.53384906083e-05	(57, 6.3253462937371443e-06)
57	120,1.75572561562e-05	(57, 6.3253462937371443e-06)
57	108,1.77869653288e-05	(57, 6.3253462937371443e-06)
57	113,1.78111386492e-05	(57, 6.3253462937371443e-06)
57	2,1.79946148773e-05	(57, 6.3253462937371443e-06)
57	59,1.89404250218e-05	(57, 6.3253462937371443e-06)
58	24,3.69055547179e-06	(58, 1.5038616068675818e-05)
58	107,4.68737467459e-06	(58, 1.5038616068675818e-05)
58	27,5.37349351039e-06	(58, 1.5038616068675818e-05)
58	50,5.49537114849e-06	(58, 1.5038616068675818e-05)
58	43,6.31736200462e-06	(58, 1.5038616068675818e-05)
58	61,6.51005218632e-06	(58, 1.5038616068675818e-05)
58	158,7.02691410378e-06	(58, 1.5038616068675818e-05)
58	38,7.0733473394e-06	(58, 1.5038616068675818e-05)
58	105,7.21837463096e-06	(58, 1.5038616068675818e-05)
58	12,7.629979828e-06	(58, 1.5038616068675818e-05)
59	15,8.33314419679e-06	(59, 1.0732417047373318e-05)
59	83,8.67788555176e-06	(59, 1.0732417047373318e-05)
59	113,8.75437028452e-06	(59, 1.0732417047373318e-05)
59	94,8.85141225817e-06	(59, 1.0732417047373318e-05)
59	65,8.8812923051e-06	(59, 1.0732417047373318e-05)
59	130,9.49772714762e-06	(59, 1.0732417047373318e-05)
59	44,1.01984838846e-05	(59, 1.0732417047373318e-05)
59	120,1.05709289623e-05	(59, 1.0732417047373318e-05)
59	59,1.07324170474e-05	(59, 1.0732417047373318e-05)
59	97,1.08136687816e-05	(59, 1.0732417047373318e-05)
60	60,2.74579218004e-06	(60, 2.7457921800355212e-06)
60	69,3.3880117949e-06	(60, 2.7457921800355212e-06)
60	40,3.59881099993e-06	(60, 2.7457921800355212e-06)
60	79,4.07134153756e-06	(60, 2.7457921800355212e-06)
60	4,4.34755755006e-06	(60, 2.7457921800355212e-06)
60	25,5.05338990342e-06	(60, 2.7457921800355212e-06)
60	34,5.48815371242e-06	(60, 2.7457921800355212e-06)
60	172,5.57499729413e-06	(60, 2.7457921800355212e-06)
60	77,5.64499978041e-06	(60, 2.7457921800355212e-06)
60	15,5.88791866815e-06	(60, 2.7457921800355212e-06)
61	61,1.75432309883e-06	(61, 1.7543230988332134e-06)
61	23,2.10447979753e-06	(61, 1.7543230988332134e-06)
61	26,2.71256474155e-06	(61, 1.7543230988332134e-06)
61	121,3.43305799809e-06	(61, 1.7543230988332134e-06)
61	78,3.83938922831e-06	(61, 1.7543230988332134e-06)
61	76,3.96629493587e-06	(61, 1.7543230988332134e-06)
61	162,3.97074857318e-06	(61, 1.7543230988332134e-06)
61	147,4.04122386109e-06	(61, 1.7543230988332134e-06)
61	63,4.07606760094e-06	(61, 1.7543230988332134e-06)
61	135,4.20706266035e-06	(61, 1.7543230988332134e-06)
62	107,3.50248935005e-06	(62, 5.0290522225467136e-06)
62	78,3.93033356829e-06	(62, 5.0290522225467136e-06)
62	26,3.97159584607e-06	(62, 5.0290522225467136e-06)
62	61,4.28387356384e-06	(62, 5.0290522225467136e-06)
62	73,4.46694424017e-06	(62, 5.0290522225467136e-06)
62	62,5.02905222255e-06	(62, 5.0290522225467136e-06)
62	158,5.35199689428e-06	(62, 5.0290522225467136e-06)
62	23,5.43386261868e-06	(62, 5.0290522225467136e-06)
62	95,5.61229625278e-06	(62, 5.0290522225467136e-06)
62	22,5.72821178171e-06	(62, 5.0290522225467136e-06)
63	3,2.11355075524e-06	(63, 3.148536258464291e-06)
63	11,2.38461939716e-06	(63, 3.148536258464291e-06)
63	77,2.63908155956e-06	(63, 3.148536258464291e-06)
63	71,2.84442233372e-06	(63, 3.148536258464291e-06)
63	162,2.99039396175e-06	(63, 3.148536258464291e-06)
63	37,3.00089457132e-06	(63, 3.148536258464291e-06)
63	63,3.14853625846e-06	(63, 3.148536258464291e-06)
63	136,3.61397150847e-06	(63, 3.148536258464291e-06)
63	70,3.71423520431e-06	(63, 3.148536258464291e-06)
63	100,3.8232249694e-06	(63, 3.148536258464291e-06)
64	64,8.64734977471e-06	(64, 8.6473497747123019e-06)
64	45,1.75202390675e-05	(64, 8.6473497747123019e-06)
64	118,1.7600651506e-05	(64, 8.6473497747123019e-06)
64	130,1.88442261411e-05	(64, 8.6473497747123019e-06)
64	33,2.0751398802e-05	(64, 8.6473497747123019e-06)
64	133,2.18612340952e-05	(64, 8.6473497747123019e-06)
64	113,2.53148402754e-05	(64, 8.6473497747123019e-06)
64	34,2.57641721687e-05	(64, 8.6473497747123019e-06)
64	94,2.7511787847e-05	(64, 8.6473497747123019e-06)
64	141,2.91824274003e-05	(64, 8.6473497747123019e-06)
65	65,2.59936431172e-06	(65, 2.5993643117190987e-06)
65	161,2.7178975439e-06	(65, 2.5993643117190987e-06)
65	83,3.96933156198e-06	(65, 2.5993643117190987e-06)
65	68,4.17145075769e-06	(65, 2.5993643117190987e-06)
65	155,4.96518025794e-06	(65, 2.5993643117190987e-06)
65	13,5.409860944e-06	(65, 2.5993643117190987e-06)
65	59,5.52798722682e-06	(65, 2.5993643117190987e-06)
65	1,5.93154387641e-06	(65, 2.5993643117190987e-06)
65	44,6.02013221957e-06	(65, 2.5993643117190987e-06)
65	71,6.0757699104e-06	(65, 2.5993643117190987e-06)
66	66,1.00616683281e-05	(66, 1.0061668328057165e-05)
66	130,1.99424263535e-05	(66, 1.0061668328057165e-05)
66	133,2.1570102956e-05	(66, 1.0061668328057165e-05)
66	140,2.38892229282e-05	(66, 1.0061668328057165e-05)
66	118,2.39239209879e-05	(66, 1.0061668328057165e-05)
66	33,2.57508226703e-05	(66, 1.0061668328057165e-05)
66	91,2.57689613973e-05	(66, 1.0061668328057165e-05)
66	169,2.76969471952e-05	(66, 1.0061668328057165e-05)
66	141,2.77872587761e-05	(66, 1.0061668328057165e-05)
66	149,2.94774267887e-05	(66, 1.0061668328057165e-05)
67	67,7.387613295e-06	(67, 7.3876132950012289e-06)
67	169,7.65576678415e-06	(67, 7.3876132950012289e-06)
67	84,8.97784357527e-06	(67, 7.3876132950012289e-06)
67	149,9.47456725922e-06	(67, 7.3876132950012289e-06)
67	93,9.52373915893e-06	(67, 7.3876132950012289e-06)
67	28,1.00431791319e-05	(67, 7.3876132950012289e-06)
67	116,1.02586472774e-05	(67, 7.3876132950012289e-06)
67	140,1.04604864657e-05	(67, 7.3876132950012289e-06)
67	30,1.07339475882e-05	(67, 7.3876132950012289e-06)
67	131,1.07839832252e-05	(67, 7.3876132950012289e-06)
68	68,2.40119353935e-06	(68, 2.4011935393540669e-06)
68	23,4.43239516272e-06	(68, 2.4011935393540669e-06)
68	70,4.76006855125e-06	(68, 2.4011935393540669e-06)
68	61,4.98213434233e-06	(68, 2.4011935393540669e-06)
68	63,6.09317148552e-06	(68, 2.4011935393540669e-06)
68	26,6.09600318677e-06	(68, 2.4011935393540669e-06)
68	162,6.26836291563e-06	(68, 2.4011935393540669e-06)
68	147,6.48384928083e-06	(68, 2.4011935393540669e-06)
68	135,6.57327876043e-06	(68, 2.4011935393540669e-06)
68	71,6.73530108799e-06	(68, 2.4011935393540669e-06)
69	122,9.61071353439e-06	(69, 1.3217113680177311e-05)
69	15,1.0765136913e-05	(69, 1.3217113680177311e-05)
69	174,1.11830020962e-05	(69, 1.3217113680177311e-05)
69	2,1.283881156e-05	(69, 1.3217113680177311e-05)
69	56,1.29337584281e-05	(69, 1.3217113680177311e-05)
69	154,1.30252412931e-05	(69, 1.3217113680177311e-05)
69	69,1.32171136802e-05	(69, 1.3217113680177311e-05)
69	33,1.39224614841e-05	(69, 1.3217113680177311e-05)
69	48,1.39598362925e-05	(69, 1.3217113680177311e-05)
69	4,1.39967653211e-05	(69, 1.3217113680177311e-05)
70	77,3.23673495035e-06	(70, 3.7959544363380145e-06)
70	121,3.31886356851e-06	(70, 3.7959544363380145e-06)
70	3,3.56355521441e-06	(70, 3.7959544363380145e-06)
70	70,3.79595443634e-06	(70, 3.7959544363380145e-06)
70	117,4.05597442487e-06	(70, 3.7959544363380145e-06)
70	139,4.07039922976e-06	(70, 3.7959544363380145e-06)
70	88,4.08354281031e-06	(70, 3.7959544363380145e-06)
70	132,4.24803793237e-06	(70, 3.7959544363380145e-06)
70	11,4.33505513051e-06	(70, 3.7959544363380145e-06)
70	71,4.34941783677e-06	(70, 3.7959544363380145e-06)
71	91,6.68893199682e-06	(71, 1.8046543627574275e-05)
71	133,7.87313877259e-06	(71, 1.8046543627574275e-05)
71	101,9.50717633293e-06	(71, 1.8046543627574275e-05)
71	41,9.78964039303e-06	(71, 1.8046543627574275e-05)
71	155,1.08877248632e-05	(71, 1.8046543627574275e-05)
71	28,1.12533215551e-05	(71, 1.8046543627574275e-05)
71	103,1.14667936874e-05	(71, 1.8046543627574275e-05)
71	102,1.15587641257e-05	(71, 1.8046543627574275e-05)
71	53,1.17788564911e-05	(71, 1.8046543627574275e-05)
71	1,1.19625234289e-05	(71, 1.8046543627574275e-05)
72	174,4.34144002159e-06	(72, 2.7920681454432417e-05)
72	17,4.99598944264e-06	(72, 2.7920681454432417e-05)
72	172,5.14452827374e-06	(72, 2.7920681454432417e-05)
72	143,5.89744146901e-06	(72, 2.7920681454432417e-05)
72	148,5.94662395044e-06	(72, 2.7920681454432417e-05)
72	77,6.74769922503e-06	(72, 2.7920681454432417e-05)
72	100,6.98548046189e-06	(72, 2.7920681454432417e-05)
72	4,7.0094044507e-06	(72, 2.7920681454432417e-05)
72	49,7.03587790573e-06	(72, 2.7920681454432417e-05)
72	154,7.23982375366e-06	(72, 2.7920681454432417e-05)
73	73,2.72658237555e-06	(73, 2.7265823755450225e-06)
73	13,3.48312031855e-06	(73, 2.7265823755450225e-06)
73	124,4.81625391975e-06	(73, 2.7265823755450225e-06)
73	157,5.44596575596e-06	(73, 2.7265823755450225e-06)
73	27,5.48718970351e-06	(73, 2.7265823755450225e-06)
73	53,6.0557192555e-06	(73, 2.7265823755450225e-06)
73	1,6.20737069083e-06	(73, 2.7265823755450225e-06)
73	41,6.25432330344e-06	(73, 2.7265823755450225e-06)
73	114,6.31925539435e-06	(73, 2.7265823755450225e-06)
73	101,6.76215966648e-06	(73, 2.7265823755450225e-06)
74	74,1.97036676244e-06	(74, 1.9703667624410515e-06)
74	17,1.99358104506e-06	(74, 1.9703667624410515e-06)
74	136,2.21522410232e-06	(74, 1.9703667624410515e-06)
74	100,3.05375598192e-06	(74, 1.9703667624410515e-06)
74	127,3.28200088505e-06	(74, 1.9703667624410515e-06)
74	90,3.31925548512e-06	(74, 1.9703667624410515e-06)
74	37,3.48701913763e-06	(74, 1.9703667624410515e-06)
74	77,3.55936485614e-06	(74, 1.9703667624410515e-06)
74	11,4.53706740073e-06	(74, 1.9703667624410515e-06)
74	49,4.87865274787e-06	(74, 1.9703667624410515e-06)
75	75,1.47848323078e-05	(75, 1.4784832307785747e-05)
75	167,1.86966969098e-05	(75, 1.4784832307785747e-05)
75	80,2.60269070996e-05	(75, 1.4784832307785747e-05)
75	47,2.75057375763e-05	(75, 1.4784832307785747e-05)
75	85,2.79048562407e-05	(75, 1.4784832307785747e-05)
75	10,2.92407164909e-05	(75, 1.4784832307785747e-05)
75	99,3.00288419401e-05	(75, 1.4784832307785747e-05)
75	166,3.0438144473e-05	(75, 1.4784832307785747e-05)
75	67,3.0633339722e-05	(75, 1.4784832307785747e-05)
75	169,3.20512689974e-05	(75, 1.4784832307785747e-05)
76	76,1.27859597465e-06	(76, 1.2785959746467032e-06)
76	147,1.67758763956e-06	(76, 1.2785959746467032e-06)
76	63,1.84706737165e-06	(76, 1.2785959746467032e-06)
76	137,2.03807577695e-06	(76, 1.2785959746467032e-06)
76	171,2.23160486584e-06	(76, 1.2785959746467032e-06)
76	22,2.66280546127e-06	(76, 1.2785959746467032e-06)
76	18,2.84509108082e-06	(76, 1.2785959746467032e-06)
76	3,2.8451352637e-06	(76, 1.2785959746467032e-06)
76	46,2.88621930168e-06	(76, 1.2785959746467032e-06)
76	132,3.10377561234e-06	(76, 1.2785959746467032e-06)
77	162,2.02227488006e-06	(77, 2.1635044166882063e-06)
77	136,2.10892123111e-06	(77, 2.1635044166882063e-06)
77	77,2.16350441669e-06	(77, 2.1635044166882063e-06)
77	90,2.30898622903e-06	(77, 2.1635044166882063e-06)
77	11,2.58988253941e-06	(77, 2.1635044166882063e-06)
77	3,2.61123337572e-06	(77, 2.1635044166882063e-06)
77	63,2.80591956262e-06	(77, 2.1635044166882063e-06)
77	74,2.81393409336e-06	(77, 2.1635044166882063e-06)
77	147,2.85138415911e-06	(77, 2.1635044166882063e-06)
77	137,2.85643076455e-06	(77, 2.1635044166882063e-06)
78	63,1.97588712101e-06	(78, 3.4493400316717215e-06)
78	76,1.97745323145e-06	(78, 3.4493400316717215e-06)
78	151,1.97839117683e-06	(78, 3.4493400316717215e-06)
78	147,2.41420662868e-06	(78, 3.4493400316717215e-06)
78	132,2.47040450819e-06	(78, 3.4493400316717215e-06)
78	22,2.63963378097e-06	(78, 3.4493400316717215e-06)
78	61,2.65245519424e-06	(78, 3.4493400316717215e-06)
78	23,2.65936423683e-06	(78, 3.4493400316717215e-06)
78	18,2.73647802428e-06	(78, 3.4493400316717215e-06)
78	121,2.76602980259e-06	(78, 3.4493400316717215e-06)
79	4,1.69523717791e-06	(79, 2.1930622321232531e-06)
79	79,2.19306223212e-06	(79, 2.1930622321232531e-06)
79	69,2.67703185087e-06	(79, 2.1930622321232531e-06)
79	40,3.96812117576e-06	(79, 2.1930622321232531e-06)
79	25,4.5938058782e-06	(79, 2.1930622321232531e-06)
79	34,4.929215151e-06	(79, 2.1930622321232531e-06)
79	56,5.31099279715e-06	(79, 2.1930622321232531e-06)
79	148,5.58885652227e-06	(79, 2.1930622321232531e-06)
79	17,5.96176336132e-06	(79, 2.1930622321232531e-06)
79	15,6.12632841302e-06	(79, 2.1930622321232531e-06)
80	80,7.32356406398e-06	(80, 7.323564063980368e-06)
80	51,9.91340625452e-06	(80, 7.323564063980368e-06)
80	167,1.20123446152e-05	(80, 7.323564063980368e-06)
80	32,1.47068242417e-05	(80, 7.323564063980368e-06)
80	169,2.08052313022e-05	(80, 7.323564063980368e-06)
80	27,2.1080559806e-05	(80, 7.323564063980368e-06)
80	165,2.14280316848e-05	(80, 7.323564063980368e-06)
80	39,2.14436679821e-05	(80, 7.323564063980368e-06)
80	58,2.1900938659e-05	(80, 7.323564063980368e-06)
80	160,2.28175931968e-05	(80, 7.323564063980368e-06)
81	81,2.20163690918e-06	(81, 2.2016369091771719e-06)
81	132,3.46850944237e-06	(81, 2.2016369091771719e-06)
81	121,3.47110984238e-06	(81, 2.2016369091771719e-06)
81	3,3.507569602e-06	(81, 2.2016369091771719e-06)
81	11,3.57056297065e-06	(81, 2.2016369091771719e-06)
81	117,3.80957790486e-06	(81, 2.2016369091771719e-06)
81	22,3.9926823157e-06	(81, 2.2016369091771719e-06)
81	77,4.21617447048e-06	(81, 2.2016369091771719e-06)
81	151,4.27494844636e-06	(81, 2.2016369091771719e-06)
81	12,4.3855091595e-06	(81, 2.2016369091771719e-06)
82	105,5.90993635341e-06	(82, 1.0118555313226696e-05)
82	12,6.59841826644e-06	(82, 1.0118555313226696e-05)
82	24,7.03040874101e-06	(82, 1.0118555313226696e-05)
82	27,7.40336928997e-06	(82, 1.0118555313226696e-05)
82	50,7.54277909397e-06	(82, 1.0118555313226696e-05)
82	38,7.56456192541e-06	(82, 1.0118555313226696e-05)
82	107,7.91462768669e-06	(82, 1.0118555313226696e-05)
82	13,7.98801189722e-06	(82, 1.0118555313226696e-05)
82	73,8.30326860334e-06	(82, 1.0118555313226696e-05)
82	29,8.68128109794e-06	(82, 1.0118555313226696e-05)
83	13,2.85053432671e-06	(83, 3.7889211741863707e-06)
83	155,3.03494534263e-06	(83, 3.7889211741863707e-06)
83	161,3.27534513843e-06	(83, 3.7889211741863707e-06)
83	65,3.68526542019e-06	(83, 3.7889211741863707e-06)
83	71,3.75321597316e-06	(83, 3.7889211741863707e-06)
83	83,3.78892117419e-06	(83, 3.7889211741863707e-06)
83	17,4.21041761771e-06	(83, 3.7889211741863707e-06)
83	11,4.28081955204e-06	(83, 3.7889211741863707e-06)
83	120,4.52194368227e-06	(83, 3.7889211741863707e-06)
83	1,4.72628707411e-06	(83, 3.7889211741863707e-06)
84	169,1.14611233579e-05	(84, 1.1883759060016007e-05)
84	84,1.188375906e-05	(84, 1.1883759060016007e-05)
84	166,1.19406066772e-05	(84, 1.1883759060016007e-05)
84	67,1.21437263323e-05	(84, 1.1883759060016007e-05)
84	140,1.46573269282e-05	(84, 1.1883759060016007e-05)
84	99,1.53329828402e-05	(84, 1.1883759060016007e-05)
84	149,1.57968740248e-05	(84, 1.1883759060016007e-05)
84	156,1.73407058416e-05	(84, 1.1883759060016007e-05)
84	109,1.73591326663e-05	(84, 1.1883759060016007e-05)
84	144,1.75789443988e-05	(84, 1.1883759060016007e-05)
85	67,9.49556891336e-06	(85, 1.2869285619769799e-05)
85	85,1.28692856198e-05	(85, 1.2869285619769799e-05)
85	140,1.45091701676e-05	(85, 1.2869285619769799e-05)
85	149,1.71406146168e-05	(85, 1.2869285619769799e-05)
85	166,1.75655310758e-05	(85, 1.2869285619769799e-05)
85	84,1.84885119153e-05	(85, 1.2869285619769799e-05)
85	169,1.93330762337e-05	(85, 1.2869285619769799e-05)
85	144,2.0764473852e-05	(85, 1.2869285619769799e-05)
85	99,2.16701228868e-05	(85, 1.2869285619769799e-05)
85	93,2.23208471569e-05	(85, 1.2869285619769799e-05)
86	86,2.12783230337e-06	(86, 2.1278323033682778e-06)
86	137,2.49690319639e-06	(86, 2.1278323033682778e-06)
86	162,2.90103377159e-06	(86, 2.1278323033682778e-06)
86	76,3.03189333813e-06	(86, 2.1278323033682778e-06)
86	11,3.06986639717e-06	(86, 2.1278323033682778e-06)
86	150,3.106242935e-06	(86, 2.1278323033682778e-06)
86	171,3.13093224903e-06	(86, 2.1278323033682778e-06)
86	3,3.22158734314e-06	(86, 2.1278323033682778e-06)
86	117,3.22589145946e-06	(86, 2.1278323033682778e-06)
86	126,3.25275274893e-06	(86, 2.1278323033682778e-06)
87	26,3.59563613841e-06	(87, 7.6518090745908815e-06)
87	78,3.64077406771e-06	(87, 7.6518090745908815e-06)
87	121,4.1729371347e-06	(87, 7.6518090745908815e-06)
87	1,4.38034072522e-06	(87, 7.6518090745908815e-06)
87	61,4.5980646996e-06	(87, 7.6518090745908815e-06)
87	20,4.65775500153e-06	(87, 7.6518090745908815e-06)
87	23,4.97614249599e-06	(87, 7.6518090745908815e-06)
87	41,5.10997153727e-06	(87, 7.6518090745908815e-06)
87	89,5.3307888642e-06	(87, 7.6518090745908815e-06)
87	22,5.34419679468e-06	(87, 7.6518090745908815e-06)
88	18,1.81837079982e-06	(88, 2.4951265940352109e-06)
88	76,1.81955372486e-06	(88, 2.4951265940352109e-06)
88	147,1.98677453411e-06	(88, 2.4951265940352109e-06)
88	46,2.3117184522e-06	(88, 2.4951265940352109e-06)
88	88,2.49512659404e-06	(88, 2.4951265940352109e-06)
88	22,2.53467383251e-06	(88, 2.4951265940352109e-06)
88	63,2.59876716767e-06	(88, 2.4951265940352109e-06)
88	35,2.65822811802e-06	(88, 2.4951265940352109e-06)
88	139,2.76015439135e-06	(88, 2.4951265940352109e-06)
88	117,2.84102368392e-06	(88, 2.4951265940352109e-06)
89	124,3.32808162072e-06	(89, 4.7135832108745699e-06)
89	155,3.78458875379e-06	(89, 4.7135832108745699e-06)
89	53,3.88134627949e-06	(89, 4.7135832108745699e-06)
89	89,4.71358321087e-06	(89, 4.7135832108745699e-06)
89	1,5.01486216556e-06	(89, 4.7135832108745699e-06)
89	73,5.58327319748e-06	(89, 4.7135832108745699e-06)
89	20,5.61050290112e-06	(89, 4.7135832108745699e-06)
89	120,5.95539805064e-06	(89, 4.7135832108745699e-06)
89	71,6.1567152435e-06	(89, 4.7135832108745699e-06)
89	65,6.30002532391e-06	(89, 4.7135832108745699e-06)
90	90,1.48259912996e-06	(90, 1.4825991299647406e-06)
90	137,3.06299458853e-06	(90, 1.4825991299647406e-06)
90	162,3.23045275132e-06	(90, 1.4825991299647406e-06)
90	81,3.43423629644e-06	(90, 1.4825991299647406e-06)
90	11,3.43791565942e-06	(90, 1.4825991299647406e-06)
90	172,3.53322491393e-06	(90, 1.4825991299647406e-06)
90	96,3.57145128145e-06	(90, 1.4825991299647406e-06)
90	147,3.60487050239e-06	(90, 1.4825991299647406e-06)
90	136,3.76786109952e-06	(90, 1.4825991299647406e-06)
90	37,3.88130367064e-06	(90, 1.4825991299647406e-06)
91	133,5.77657690795e-06	(91, 9.8411759586065037e-06)
91	91,9.84117595861e-06	(91, 9.8411759586065037e-06)
91	130,1.15916221798e-05	(91, 9.8411759586065037e-06)
91	103,1.53965402306e-05	(91, 9.8411759586065037e-06)
91	34,1.70589406857e-05	(91, 9.8411759586065037e-06)
91	102,1.78791797097e-05	(91, 9.8411759586065037e-06)
91	53,1.82770703038e-05	(91, 9.8411759586065037e-06)
91	51,1.84544796842e-05	(91, 9.8411759586065037e-06)
91	114,1.8729723295e-05	(91, 9.8411759586065037e-06)
91	66,1.94225271766e-05	(91, 9.8411759586065037e-06)
92	78,2.74723343839e-06	(92, 7.5295649881814272e-06)
92	128,4.02249571701e-06	(92, 7.5295649881814272e-06)
92	61,4.65478036893e-06	(92, 7.5295649881814272e-06)
92	158,4.95554306067e-06	(92, 7.5295649881814272e-06)
92	26,5.07327251428e-06	(92, 7.5295649881814272e-06)
92	99,5.24079663764e-06	(92, 7.5295649881814272e-06)
92	24,5.43641491273e-06	(92, 7.5295649881814272e-06)
92	12,5.49323027294e-06	(92, 7.5295649881814272e-06)
92	27,5.66497317187e-06	(92, 7.5295649881814272e-06)
92	107,5.80842984578e-06	(92, 7.5295649881814272e-06)
93	132,2.88669562927e-06	(93, 3.1164315456669003e-06)
93	93,3.11643154567e-06	(93, 3.1164315456669003e-06)
93	22,3.15930123586e-06	(93, 3.1164315456669003e-06)
93	128,3.60523752621e-06	(93, 3.1164315456669003e-06)
93	121,3.78157974918e-06	(93, 3.1164315456669003e-06)
93	3,3.91300232283e-06	(93, 3.1164315456669003e-06)
93	158,4.06601126874e-06	(93, 3.1164315456669003e-06)
93	146,4.19140674001e-06	(93, 3.1164315456669003e-06)
93	78,4.27953279423e-06	(93, 3.1164315456669003e-06)
93	12,4.29357820219e-06	(93, 3.1164315456669003e-06)
94	94,3.74480970118e-06	(94, 3.7448097011811948e-06)
94	83,7.95008558747e-06	(94, 3.7448097011811948e-06)
94	155,9.40296706055e-06	(94, 3.7448097011811948e-06)
94	15,9.63847689696e-06	(94, 3.7448097011811948e-06)
94	45,1.05595332361e-05	(94, 3.7448097011811948e-06)
94	59,1.09248049263e-05	(94, 3.7448097011811948e-06)
94	120,1.12892838174e-05	(94, 3.7448097011811948e-06)
94	161,1.15978111379e-05	(94, 3.7448097011811948e-06)
94	98,1.1977132886e-05	(94, 3.7448097011811948e-06)
94	65,1.22233084321e-05	(94, 3.7448097011811948e-06)
95	99,4.47852312076e-06	(95, 1.1847461330526867e-05)
95	107,5.00099244958e-06	(95, 1.1847461330526867e-05)
95	27,5.92045574623e-06	(95, 1.1847461330526867e-05)
95	19,6.64135144725e-06	(95, 1.1847461330526867e-05)
95	138,6.65405991015e-06	(95, 1.1847461330526867e-05)
95	78,6.82990982573e-06	(95, 1.1847461330526867e-05)
95	128,6.8342587921e-06	(95, 1.1847461330526867e-05)
95	43,6.86271574629e-06	(95, 1.1847461330526867e-05)
95	39,7.06559790842e-06	(95, 1.1847461330526867e-05)
95	84,7.69307510856e-06	(95, 1.1847461330526867e-05)
96	96,2.04657446215e-06	(96, 2.046574462152631e-06)
96	13,3.58851598091e-06	(96, 2.046574462152631e-06)
96	17,3.82763574396e-06	(96, 2.046574462152631e-06)
96	162,3.96575319041e-06	(96, 2.046574462152631e-06)
96	11,4.05563451836e-06	(96, 2.046574462152631e-06)
96	161,4.54930126514e-06	(96, 2.046574462152631e-06)
96	143,4.64736806654e-06	(96, 2.046574462152631e-06)
96	119,4.75806042012e-06	(96, 2.046574462152631e-06)
96	112,4.83763524644e-06	(96, 2.046574462152631e-06)
96	4,5.22613362986e-06	(96, 2.046574462152631e-06)
97	172,2.82925470535e-06	(97, 6.2995603714385226e-06)
97	120,2.92416541958e-06	(97, 6.2995603714385226e-06)
97	40,2.97497215614e-06	(97, 6.2995603714385226e-06)
97	17,3.09364696933e-06	(97, 6.2995603714385226e-06)
97	69,3.18251602731e-06	(97, 6.2995603714385226e-06)
97	4,4.4504404622e-06	(97, 6.2995603714385226e-06)
97	79,4.63064508504e-06	(97, 6.2995603714385226e-06)
97	37,4.98730095277e-06	(97, 6.2995603714385226e-06)
97	3,5.01884039383e-06	(97, 6.2995603714385226e-06)
97	56,5.18119770149e-06	(97, 6.2995603714385226e-06)
98	98,1.69560804335e-06	(98, 1.6956080433548831e-06)
98	40,3.96142870865e-06	(98, 1.6956080433548831e-06)
98	15,4.04438001697e-06	(98, 1.6956080433548831e-06)
98	25,4.68084129504e-06	(98, 1.6956080433548831e-06)
98	172,5.28224710823e-06	(98, 1.6956080433548831e-06)
98	154,5.50175295749e-06	(98, 1.6956080433548831e-06)
98	49,5.54559776158e-06	(98, 1.6956080433548831e-06)
98	83,6.19940885539e-06	(98, 1.6956080433548831e-06)
98	4,6.48188671837e-06	(98, 1.6956080433548831e-06)
98	174,6.48997726536e-06	(98, 1.6956080433548831e-06)
99	144,4.13885077715e-06	(99, 6.0972690795259569e-06)
99	93,4.39046703209e-06	(99, 6.0972690795259569e-06)
99	84,4.44859091373e-06	(99, 6.0972690795259569e-06)
99	159,5.14185542339e-06	(99, 6.0972690795259569e-06)
99	73,5.14837005909e-06	(99, 6.0972690795259569e-06)
99	109,5.40200590069e-06	(99, 6.0972690795259569e-06)
99	156,5.54623188333e-06	(99, 6.0972690795259569e-06)
99	116,5.59346660837e-06	(99, 6.0972690795259569e-06)
99	12,5.8788079563e-06	(99, 6.0972690795259569e-06)
99	14,5.88130596144e-06	(99, 6.0972690795259569e-06)
100	100,1.77093122629e-06	(100, 1.7709312262937684e-06)
100	74,2.50039289444e-06	(100, 1.7709312262937684e-06)
100	77,2.64418406608e-06	(100, 1.7709312262937684e-06)
100	21,2.93234832593e-06	(100, 1.7709312262937684e-06)
100	90,3.03416374188e-06	(100, 1.7709312262937684e-06)
100	37,3.0499955336e-06	(100, 1.7709312262937684e-06)
100	127,3.10783206701e-06	(100, 1.7709312262937684e-06)
100	136,3.26515124195e-06	(100, 1.7709312262937684e-06)
100	11,3.45710281738e-06	(100, 1.7709312262937684e-06)
100	3,3.53949752468e-06	(100, 1.7709312262937684e-06)
101	1,4.44279459079e-06	(101, 4.8436941257336784e-06)
101	73,4.52767012095e-06	(101, 4.8436941257336784e-06)
101	13,4.66008648538e-06	(101, 4.8436941257336784e-06)
101	101,4.84369412573e-06	(101, 4.8436941257336784e-06)
101	29,5.13851096234e-06	(101, 4.8436941257336784e-06)
101	77,5.51901769997e-06	(101, 4.8436941257336784e-06)
101	124,5.78214353204e-06	(101, 4.8436941257336784e-06)
101	102,5.8707539502e-06	(101, 4.8436941257336784e-06)
101	71,5.9003120495e-06	(101, 4.8436941257336784e-06)
101	60,6.08129910958e-06	(101, 4.8436941257336784e-06)
102	91,5.82003712086e-06	(102, 6.3140473263374249e-06)
102	114,6.0410262048e-06	(102, 6.3140473263374249e-06)
102	41,6.20864637696e-06	(102, 6.3140473263374249e-06)
102	102,6.31404732634e-06	(102, 6.3140473263374249e-06)
102	155,6.75031772612e-06	(102, 6.3140473263374249e-06)
102	1,7.3663890295e-06	(102, 6.3140473263374249e-06)
102	101,7.43739443506e-06	(102, 6.3140473263374249e-06)
102	53,7.73922050184e-06	(102, 6.3140473263374249e-06)
102	103,7.81084381264e-06	(102, 6.3140473263374249e-06)
102	110,8.16806041009e-06	(102, 6.3140473263374249e-06)
103	103,4.52469205523e-06	(103, 4.5246920552344855e-06)
103	39,8.51511686234e-06	(103, 4.5246920552344855e-06)
103	73,8.64802388943e-06	(103, 4.5246920552344855e-06)
103	51,8.65147149855e-06	(103, 4.5246920552344855e-06)
103	91,8.96050044364e-06	(103, 4.5246920552344855e-06)
103	101,8.98476270332e-06	(103, 4.5246920552344855e-06)
103	114,9.99807630613e-06	(103, 4.5246920552344855e-06)
103	30,1.02137984753e-05	(103, 4.5246920552344855e-06)
103	26,1.02212564264e-05	(103, 4.5246920552344855e-06)
103	27,1.04030903122e-05	(103, 4.5246920552344855e-06)
104	124,3.07850524441e-06	(104, 5.8962620290796668e-06)
104	93,4.31342470713e-06	(104, 5.8962620290796668e-06)
104	81,4.61402307559e-06	(104, 5.8962620290796668e-06)
104	119,4.71058178224e-06	(104, 5.8962620290796668e-06)
104	115,4.98598694088e-06	(104, 5.8962620290796668e-06)
104	73,4.98963878206e-06	(104, 5.8962620290796668e-06)
104	11,5.37451142122e-06	(104, 5.8962620290796668e-06)
104	3,5.85480374011e-06	(104, 5.8962620290796668e-06)
104	104,5.89626202908e-06	(104, 5.8962620290796668e-06)
104	13,6.18940040075e-06	(104, 5.8962620290796668e-06)
105	43,5.29972808231e-06	(105, 8.2368378861362944e-06)
105	27,5.98418358891e-06	(105, 8.2368378861362944e-06)
105	19,6.1407128194e-06	(105, 8.2368378861362944e-06)
105	38,6.20774073237e-06	(105, 8.2368378861362944e-06)
105	24,6.36630974744e-06	(105, 8.2368378861362944e-06)
105	99,6.48868853815e-06	(105, 8.2368378861362944e-06)
105	107,6.96821523465e-06	(105, 8.2368378861362944e-06)
105	55,7.57679469834e-06	(105, 8.2368378861362944e-06)
105	50,7.95289258801e-06	(105, 8.2368378861362944e-06)
105	61,7.96955299302e-06	(105, 8.2368378861362944e-06)
106	106,2.33238881156e-06	(106, 2.3323888115584476e-06)
106	116,5.73690324192e-06	(106, 2.3323888115584476e-06)
106	174,6.08887298346e-06	(106, 2.3323888115584476e-06)
106	156,6.56651574323e-06	(106, 2.3323888115584476e-06)
106	93,6.81897982379e-06	(106, 2.3323888115584476e-06)
106	172,7.35463269078e-06	(106, 2.3323888115584476e-06)
106	157,7.37881898607e-06	(106, 2.3323888115584476e-06)
106	13,7.71382572799e-06	(106, 2.3323888115584476e-06)
106	77,7.89888524954e-06	(106, 2.3323888115584476e-06)
106	171,8.0378057051e-06	(106, 2.3323888115584476e-06)
107	107,3.21652428869e-06	(107, 3.2165242886857922e-06)
107	22,3.61387242957e-06	(107, 3.2165242886857922e-06)
107	26,3.89765474546e-06	(107, 3.2165242886857922e-06)
107	139,3.92084192232e-06	(107, 3.2165242886857922e-06)
107	76,3.97794553383e-06	(107, 3.2165242886857922e-06)
107	61,4.14628932456e-06	(107, 3.2165242886857922e-06)
107	23,4.35909483634e-06	(107, 3.2165242886857922e-06)
107	158,4.49523859817e-06	(107, 3.2165242886857922e-06)
107	78,4.60140913626e-06	(107, 3.2165242886857922e-06)
107	77,4.66815488022e-06	(107, 3.2165242886857922e-06)
108	77,2.96007782373e-06	(108, 8.38040624485991e-06)
108	172,4.38396844153e-06	(108, 8.38040624485991e-06)
108	174,4.80408421118e-06	(108, 8.38040624485991e-06)
108	49,5.28319558576e-06	(108, 8.38040624485991e-06)
108	4,5.45858353473e-06	(108, 8.38040624485991e-06)
108	17,5.5004786793e-06	(108, 8.38040624485991e-06)
108	171,5.50530555897e-06	(108, 8.38040624485991e-06)
108	100,5.53349157399e-06	(108, 8.38040624485991e-06)
108	40,6.02213816417e-06	(108, 8.38040624485991e-06)
108	37,6.02315340019e-06	(108, 8.38040624485991e-06)
109	109,2.98628636157e-06	(109, 2.9862863615683918e-06)
109	159,3.21207077305e-06	(109, 2.9862863615683918e-06)
109	134,4.50857573869e-06	(109, 2.9862863615683918e-06)
109	146,4.97814975678e-06	(109, 2.9862863615683918e-06)
109	84,5.02740273684e-06	(109, 2.9862863615683918e-06)
109	128,5.16626073968e-06	(109, 2.9862863615683918e-06)
109	12,5.37231682551e-06	(109, 2.9862863615683918e-06)
109	14,5.37327169109e-06	(109, 2.9862863615683918e-06)
109	152,5.75070394231e-06	(109, 2.9862863615683918e-06)
109	38,5.91085288197e-06	(109, 2.9862863615683918e-06)
110	1,3.0060909303e-06	(110, 5.5987644908584046e-06)
110	11,4.22456183444e-06	(110, 5.5987644908584046e-06)
110	121,4.28220464436e-06	(110, 5.5987644908584046e-06)
110	73,4.53647071232e-06	(110, 5.5987644908584046e-06)
110	155,4.60543046363e-06	(110, 5.5987644908584046e-06)
110	13,4.87544739109e-06	(110, 5.5987644908584046e-06)
110	68,5.02305044443e-06	(110, 5.5987644908584046e-06)
110	162,5.13662542742e-06	(110, 5.5987644908584046e-06)
110	26,5.25831430227e-06	(110, 5.5987644908584046e-06)
110	114,5.29941740654e-06	(110, 5.5987644908584046e-06)
111	73,3.76631266318e-06	(111, 1.2516408798039753e-05)
111	124,4.40562160039e-06	(111, 1.2516408798039753e-05)
111	101,4.847702722e-06	(111, 1.2516408798039753e-05)
111	13,4.98162940939e-06	(111, 1.2516408798039753e-05)
111	157,5.53723762368e-06	(111, 1.2516408798039753e-05)
111	93,5.55416688388e-06	(111, 1.2516408798039753e-05)
111	41,6.20298555063e-06	(111, 1.2516408798039753e-05)
111	27,6.49853574865e-06	(111, 1.2516408798039753e-05)
111	114,6.68247098013e-06	(111, 1.2516408798039753e-05)
111	109,6.98883584994e-06	(111, 1.2516408798039753e-05)
112	11,2.17071794803e-06	(112, 2.9311116200994963e-06)
112	90,2.57309629963e-06	(112, 2.9311116200994963e-06)
112	112,2.9311116201e-06	(112, 2.9311116200994963e-06)
112	100,2.93813066442e-06	(112, 2.9311116200994963e-06)
112	3,2.94191300284e-06	(112, 2.9311116200994963e-06)
112	162,3.11457919508e-06	(112, 2.9311116200994963e-06)
112	21,3.18696116773e-06	(112, 2.9311116200994963e-06)
112	71,3.32576832038e-06	(112, 2.9311116200994963e-06)
112	77,3.61838676445e-06	(112, 2.9311116200994963e-06)
112	17,3.67251094998e-06	(112, 2.9311116200994963e-06)
113	113,4.25072191649e-06	(113, 4.250721916490533e-06)
113	65,6.82650899534e-06	(113, 4.250721916490533e-06)
113	130,9.03192573082e-06	(113, 4.250721916490533e-06)
113	44,1.07901739999e-05	(113, 4.250721916490533e-06)
113	120,1.09600439553e-05	(113, 4.250721916490533e-06)
113	15,1.10403505783e-05	(113, 4.250721916490533e-06)
113	155,1.12317483443e-05	(113, 4.250721916490533e-06)
113	161,1.12394953529e-05	(113, 4.250721916490533e-06)
113	53,1.23362344401e-05	(113, 4.250721916490533e-06)
113	97,1.24072309477e-05	(113, 4.250721916490533e-06)
114	114,2.96552657181e-06	(114, 2.9655265718069371e-06)
114	53,3.43743698706e-06	(114, 2.9655265718069371e-06)
114	124,3.57917940546e-06	(114, 2.9655265718069371e-06)
114	73,4.05261747739e-06	(114, 2.9655265718069371e-06)
114	157,5.51987840469e-06	(114, 2.9655265718069371e-06)
114	13,5.63942204498e-06	(114, 2.9655265718069371e-06)
114	104,5.64559088394e-06	(114, 2.9655265718069371e-06)
114	140,5.82825294082e-06	(114, 2.9655265718069371e-06)
114	155,6.37730470105e-06	(114, 2.9655265718069371e-06)
114	93,6.71867435164e-06	(114, 2.9655265718069371e-06)
115	119,3.08783937218e-06	(115, 3.2447042566938883e-06)
115	115,3.24470425669e-06	(115, 3.2447042566938883e-06)
115	11,3.47752804322e-06	(115, 3.2447042566938883e-06)
115	37,4.27165967455e-06	(115, 3.2447042566938883e-06)
115	96,4.62177180855e-06	(115, 3.2447042566938883e-06)
115	136,4.88616244672e-06	(115, 3.2447042566938883e-06)
115	81,5.01230904226e-06	(115, 3.2447042566938883e-06)
115	3,5.04929838574e-06	(115, 3.2447042566938883e-06)
115	17,5.41564010441e-06	(115, 3.2447042566938883e-06)
115	90,5.61427600605e-06	(115, 3.2447042566938883e-06)
116	116,2.24069803379e-06	(116, 2.2406980337930079e-06)
116	93,3.14862238865e-06	(116, 2.2406980337930079e-06)
116	144,5.04339747134e-06	(116, 2.2406980337930079e-06)
116	73,5.26859152533e-06	(116, 2.2406980337930079e-06)
116	109,5.29183771319e-06	(116, 2.2406980337930079e-06)
116	156,5.41596479363e-06	(116, 2.2406980337930079e-06)
116	131,6.26126672923e-06	(116, 2.2406980337930079e-06)
116	128,6.78252893418e-06	(116, 2.2406980337930079e-06)
116	172,6.8224107903e-06	(116, 2.2406980337930079e-06)
116	124,6.98828241655e-06	(116, 2.2406980337930079e-06)
117	117,9.28203338675e-07	(117, 9.2820333867544556e-07)
117	21,2.74735979007e-06	(117, 9.2820333867544556e-07)
117	76,2.78961040562e-06	(117, 9.2820333867544556e-07)
117	71,2.86837493636e-06	(117, 9.2820333867544556e-07)
117	22,3.13716173552e-06	(117, 9.2820333867544556e-07)
117	168,3.303100064e-06	(117, 9.2820333867544556e-07)
117	121,3.51224687286e-06	(117, 9.2820333867544556e-07)
117	162,3.56200284232e-06	(117, 9.2820333867544556e-07)
117	11,3.56400365433e-06	(117, 9.2820333867544556e-07)
117	77,3.65485981279e-06	(117, 9.2820333867544556e-07)
118	34,7.46544217021e-06	(118, 1.0881039875866167e-05)
118	33,8.71291776193e-06	(118, 1.0881039875866167e-05)
118	69,9.80882830586e-06	(118, 1.0881039875866167e-05)
118	113,1.03493916806e-05	(118, 1.0881039875866167e-05)
118	118,1.08810398759e-05	(118, 1.0881039875866167e-05)
118	15,1.09073066466e-05	(118, 1.0881039875866167e-05)
118	130,1.15950483634e-05	(118, 1.0881039875866167e-05)
118	25,1.18315372088e-05	(118, 1.0881039875866167e-05)
118	4,1.28163504508e-05	(118, 1.0881039875866167e-05)
118	45,1.36462492241e-05	(118, 1.0881039875866167e-05)
119	40,4.3191510703e-06	(119, 5.6125606640053464e-06)
119	120,4.369514959e-06	(119, 5.6125606640053464e-06)
119	154,4.61883624042e-06	(119, 5.6125606640053464e-06)
119	172,4.62888294294e-06	(119, 5.6125606640053464e-06)
119	69,4.64519461673e-06	(119, 5.6125606640053464e-06)
119	97,4.77897711856e-06	(119, 5.6125606640053464e-06)
119	124,5.04550195756e-06	(119, 5.6125606640053464e-06)
119	17,5.25272930617e-06	(119, 5.6125606640053464e-06)
119	4,5.60241997511e-06	(119, 5.6125606640053464e-06)
119	119,5.61256066401e-06	(119, 5.6125606640053464e-06)
120	120,3.11221719491e-06	(120, 3.1122171949105472e-06)
120	65,4.0537302263e-06	(120, 3.1122171949105472e-06)
120	44,4.14361693677e-06	(120, 3.1122171949105472e-06)
120	161,4.53371006386e-06	(120, 3.1122171949105472e-06)
120	97,5.27324140145e-06	(120, 3.1122171949105472e-06)
120	53,6.02860120296e-06	(120, 3.1122171949105472e-06)
120	54,6.16842751042e-06	(120, 3.1122171949105472e-06)
120	17,6.24333723801e-06	(120, 3.1122171949105472e-06)
120	83,6.69990691571e-06	(120, 3.1122171949105472e-06)
120	113,6.75653961378e-06	(120, 3.1122171949105472e-06)
121	1,2.72860935808e-06	(121, 2.948378146404862e-06)
121	121,2.9483781464e-06	(121, 2.948378146404862e-06)
121	22,3.39794419228e-06	(121, 2.948378146404862e-06)
121	26,3.52094757567e-06	(121, 2.948378146404862e-06)
121	73,3.79151419642e-06	(121, 2.948378146404862e-06)
121	78,4.06351989197e-06	(121, 2.948378146404862e-06)
121	71,4.22290045039e-06	(121, 2.948378146404862e-06)
121	11,4.27350658486e-06	(121, 2.948378146404862e-06)
121	132,4.76893685554e-06	(121, 2.948378146404862e-06)
121	3,4.80654710729e-06	(121, 2.948378146404862e-06)
122	174,4.54689827598e-06	(122, 4.5758739098081006e-06)
122	122,4.57587390981e-06	(122, 4.5758739098081006e-06)
122	154,5.68651889751e-06	(122, 4.5758739098081006e-06)
122	69,7.5193545778e-06	(122, 4.5758739098081006e-06)
122	2,7.673415099e-06	(122, 4.5758739098081006e-06)
122	48,8.22645075207e-06	(122, 4.5758739098081006e-06)
122	56,8.53903739057e-06	(122, 4.5758739098081006e-06)
122	172,8.76700910109e-06	(122, 4.5758739098081006e-06)
122	15,9.00629209625e-06	(122, 4.5758739098081006e-06)
122	4,9.00727071495e-06	(122, 4.5758739098081006e-06)
123	172,3.26495079253e-06	(123, 3.2861284827027082e-06)
123	123,3.2861284827e-06	(123, 3.2861284827027082e-06)
123	81,4.4825150817e-06	(123, 3.2861284827027082e-06)
123	146,4.74483010063e-06	(123, 3.2861284827027082e-06)
123	40,5.18953925249e-06	(123, 3.2861284827027082e-06)
123	119,5.29562939797e-06	(123, 3.2861284827027082e-06)
123	90,5.49754788977e-06	(123, 3.2861284827027082e-06)
123	137,5.68859731189e-06	(123, 3.2861284827027082e-06)
123	115,5.73126604924e-06	(123, 3.2861284827027082e-06)
123	37,5.97873610936e-06	(123, 3.2861284827027082e-06)
124	124,4.77599220764e-06	(124, 4.7759922076375599e-06)
124	101,7.17401059241e-06	(124, 4.7759922076375599e-06)
124	169,8.08850981604e-06	(124, 4.7759922076375599e-06)
124	41,8.28937718605e-06	(124, 4.7759922076375599e-06)
124	73,8.34938173419e-06	(124, 4.7759922076375599e-06)
124	157,8.35613177104e-06	(124, 4.7759922076375599e-06)
124	140,8.82592108901e-06	(124, 4.7759922076375599e-06)
124	53,9.14544162302e-06	(124, 4.7759922076375599e-06)
124	27,9.20189154616e-06	(124, 4.7759922076375599e-06)
124	144,9.58088275805e-06	(124, 4.7759922076375599e-06)
125	13,6.23854685611e-06	(125, 1.0801375946595258e-05)
125	65,6.99485729066e-06	(125, 1.0801375946595258e-05)
125	155,7.78425689659e-06	(125, 1.0801375946595258e-05)
125	73,7.86697339922e-06	(125, 1.0801375946595258e-05)
125	161,7.91829536431e-06	(125, 1.0801375946595258e-05)
125	68,8.12530794505e-06	(125, 1.0801375946595258e-05)
125	114,8.46361419785e-06	(125, 1.0801375946595258e-05)
125	41,9.34430127905e-06	(125, 1.0801375946595258e-05)
125	29,9.80433264417e-06	(125, 1.0801375946595258e-05)
125	54,9.80590063294e-06	(125, 1.0801375946595258e-05)
126	81,3.57767170514e-06	(126, 3.8694600851694666e-06)
126	126,3.86946008517e-06	(126, 3.8694600851694666e-06)
126	3,4.00413675465e-06	(126, 3.8694600851694666e-06)
126	121,4.0951564108e-06	(126, 3.8694600851694666e-06)
126	119,4.09894033589e-06	(126, 3.8694600851694666e-06)
126	11,4.16027239632e-06	(126, 3.8694600851694666e-06)
126	132,4.20041716931e-06	(126, 3.8694600851694666e-06)
126	13,4.40357446117e-06	(126, 3.8694600851694666e-06)
126	128,4.45397802914e-06	(126, 3.8694600851694666e-06)
126	93,4.46283314434e-06	(126, 3.8694600851694666e-06)
127	17,2.44661702852e-06	(127, 2.9793914729031372e-06)
127	74,2.55564002121e-06	(127, 2.9793914729031372e-06)
127	136,2.72616218317e-06	(127, 2.9793914729031372e-06)
127	127,2.9793914729e-06	(127, 2.9793914729031372e-06)
127	59,3.14946602921e-06	(127, 2.9793914729031372e-06)
127	100,3.26968133462e-06	(127, 2.9793914729031372e-06)
127	77,3.60022762242e-06	(127, 2.9793914729031372e-06)
127	37,4.08406218022e-06	(127, 2.9793914729031372e-06)
127	49,4.19355642198e-06	(127, 2.9793914729031372e-06)
127	172,5.59801491013e-06	(127, 2.9793914729031372e-06)
128	128,2.23507809231e-06	(128, 2.2350780923122097e-06)
128	12,3.3286983863e-06	(128, 2.2350780923122097e-06)
128	159,3.66521836984e-06	(128, 2.2350780923122097e-06)
128	121,3.78646055464e-06	(128, 2.2350780923122097e-06)
128	22,3.8908216746e-06	(128, 2.2350780923122097e-06)
128	78,4.13838248504e-06	(128, 2.2350780923122097e-06)
128	50,4.29679785685e-06	(128, 2.2350780923122097e-06)
128	139,4.45870356033e-06	(128, 2.2350780923122097e-06)
128	158,4.48054371709e-06	(128, 2.2350780923122097e-06)
128	18,4.52852691837e-06	(128, 2.2350780923122097e-06)
129	49,5.44141617261e-06	(129, 7.4486818032444043e-06)
129	98,5.48431878246e-06	(129, 7.4486818032444043e-06)
129	129,7.44868180324e-06	(129, 7.4486818032444043e-06)
129	59,7.47605654112e-06	(129, 7.4486818032444043e-06)
129	94,7.61546962075e-06	(129, 7.4486818032444043e-06)
129	83,7.62884631917e-06	(129, 7.4486818032444043e-06)
129	100,7.63188252418e-06	(129, 7.4486818032444043e-06)
129	15,7.97259377343e-06	(129, 7.4486818032444043e-06)
129	77,8.37367315036e-06	(129, 7.4486818032444043e-06)
129	25,9.14760985176e-06	(129, 7.4486818032444043e-06)
130	130,6.77698313377e-06	(130, 6.7769831337668157e-06)
130	65,8.04732846571e-06	(130, 6.7769831337668157e-06)
130	13,8.31258918329e-06	(130, 6.7769831337668157e-06)
130	91,8.40420501113e-06	(130, 6.7769831337668157e-06)
130	34,8.43726916004e-06	(130, 6.7769831337668157e-06)
130	53,9.09950050639e-06	(130, 6.7769831337668157e-06)
130	28,9.10826164677e-06	(130, 6.7769831337668157e-06)
130	155,9.14116170137e-06	(130, 6.7769831337668157e-06)
130	73,9.58198764602e-06	(130, 6.7769831337668157e-06)
130	1,9.81460855381e-06	(130, 6.7769831337668157e-06)
131	116,5.44526879348e-06	(131, 6.5960953118457496e-06)
131	166,5.79450312419e-06	(131, 6.5960953118457496e-06)
131	131,6.59609531185e-06	(131, 6.5960953118457496e-06)
131	144,7.16265429527e-06	(131, 6.5960953118457496e-06)
131	72,7.37148655028e-06	(131, 6.5960953118457496e-06)
131	156,8.13122350323e-06	(131, 6.5960953118457496e-06)
131	84,9.04788818711e-06	(131, 6.5960953118457496e-06)
131	104,9.0571451773e-06	(131, 6.5960953118457496e-06)
131	165,9.27598571773e-06	(131, 6.5960953118457496e-06)
131	93,9.2976897106e-06	(131, 6.5960953118457496e-06)
132	132,2.03676276659e-06	(132, 2.0367627665941838e-06)
132	22,2.33777846892e-06	(132, 2.0367627665941838e-06)
132	18,2.40847392226e-06	(132, 2.0367627665941838e-06)
132	139,2.56803914858e-06	(132, 2.0367627665941838e-06)
132	158,2.84152523513e-06	(132, 2.0367627665941838e-06)
132	46,2.88474070232e-06	(132, 2.0367627665941838e-06)
132	76,2.95096611982e-06	(132, 2.0367627665941838e-06)
132	171,3.2058997236e-06	(132, 2.0367627665941838e-06)
132	147,3.25556944898e-06	(132, 2.0367627665941838e-06)
132	146,3.33128057033e-06	(132, 2.0367627665941838e-06)
133	133,3.96864204913e-06	(133, 3.9686420491263019e-06)
133	34,5.7019445664e-06	(133, 3.9686420491263019e-06)
133	91,6.8988329627e-06	(133, 3.9686420491263019e-06)
133	130,8.02207386728e-06	(133, 3.9686420491263019e-06)
133	153,8.39999264876e-06	(133, 3.9686420491263019e-06)
133	103,8.86969872576e-06	(133, 3.9686420491263019e-06)
133	110,9.15200418783e-06	(133, 3.9686420491263019e-06)
133	102,9.25975766174e-06	(133, 3.9686420491263019e-06)
133	28,9.27521916148e-06	(133, 3.9686420491263019e-06)
133	53,9.68986547129e-06	(133, 3.9686420491263019e-06)
134	121,2.65245911768e-06	(134, 4.5764021489603004e-06)
134	128,3.26755618167e-06	(134, 4.5764021489603004e-06)
134	78,3.29034632521e-06	(134, 4.5764021489603004e-06)
134	22,4.13945981693e-06	(134, 4.5764021489603004e-06)
134	18,4.34566514668e-06	(134, 4.5764021489603004e-06)
134	73,4.41584154222e-06	(134, 4.5764021489603004e-06)
134	134,4.57640214896e-06	(134, 4.5764021489603004e-06)
134	26,4.94505765623e-06	(134, 4.5764021489603004e-06)
134	88,4.95229265786e-06	(134, 4.5764021489603004e-06)
134	61,5.08712310516e-06	(134, 4.5764021489603004e-06)
135	147,1.82276934913e-06	(135, 2.3559254233598397e-06)
135	137,2.35279318011e-06	(135, 2.3559254233598397e-06)
135	135,2.35592542336e-06	(135, 2.3559254233598397e-06)
135	76,2.41143148974e-06	(135, 2.3559254233598397e-06)
135	63,2.46058098846e-06	(135, 2.3559254233598397e-06)
135	162,2.64989684753e-06	(135, 2.3559254233598397e-06)
135	77,3.03412954869e-06	(135, 2.3559254233598397e-06)
135	171,3.05797486644e-06	(135, 2.3559254233598397e-06)
135	3,3.4268774739e-06	(135, 2.3559254233598397e-06)
135	117,3.51445266727e-06	(135, 2.3559254233598397e-06)
136	78,4.31404042728e-06	(136, 4.9570601348692633e-06)
136	121,4.53919642497e-06	(136, 4.9570601348692633e-06)
136	54,4.8279097833e-06	(136, 4.9570601348692633e-06)
136	136,4.95706013487e-06	(136, 4.9570601348692633e-06)
136	126,5.06720924414e-06	(136, 4.9570601348692633e-06)
136	151,5.3514323089e-06	(136, 4.9570601348692633e-06)
136	132,5.51253091691e-06	(136, 4.9570601348692633e-06)
136	11,5.80256448817e-06	(136, 4.9570601348692633e-06)
136	73,5.80340926776e-06	(136, 4.9570601348692633e-06)
136	158,5.96998152795e-06	(136, 4.9570601348692633e-06)
137	137,1.20248882391e-06	(137, 1.2024888239074155e-06)
137	147,1.35218353552e-06	(137, 1.2024888239074155e-06)
137	63,1.67284078246e-06	(137, 1.2024888239074155e-06)
137	76,2.49837973264e-06	(137, 1.2024888239074155e-06)
137	171,2.63504454248e-06	(137, 1.2024888239074155e-06)
137	3,2.71513272005e-06	(137, 1.2024888239074155e-06)
137	36,2.99229481672e-06	(137, 1.2024888239074155e-06)
137	90,3.01059286278e-06	(137, 1.2024888239074155e-06)
137	117,3.20146497644e-06	(137, 1.2024888239074155e-06)
137	132,3.3840851446e-06	(137, 1.2024888239074155e-06)
138	128,4.03851957376e-06	(138, 4.2090483110885415e-06)
138	138,4.20904831109e-06	(138, 4.2090483110885415e-06)
138	78,4.33360447096e-06	(138, 4.2090483110885415e-06)
138	158,4.77192239881e-06	(138, 4.2090483110885415e-06)
138	107,4.8275926345e-06	(138, 4.2090483110885415e-06)
138	159,5.35908485084e-06	(138, 4.2090483110885415e-06)
138	55,5.66757241743e-06	(138, 4.2090483110885415e-06)
138	99,5.73414068811e-06	(138, 4.2090483110885415e-06)
138	84,5.83676815354e-06	(138, 4.2090483110885415e-06)
138	38,6.02942494161e-06	(138, 4.2090483110885415e-06)
139	139,9.24120110076e-07	(139, 9.2412011007609222e-07)
139	46,2.08864607631e-06	(139, 9.2412011007609222e-07)
139	22,2.59951530009e-06	(139, 9.2412011007609222e-07)
139	76,2.65316875211e-06	(139, 9.2412011007609222e-07)
139	18,2.67151593473e-06	(139, 9.2412011007609222e-07)
139	151,3.11218235828e-06	(139, 9.2412011007609222e-07)
139	132,3.25313038919e-06	(139, 9.2412011007609222e-07)
139	35,3.39549751781e-06	(139, 9.2412011007609222e-07)
139	171,3.80323789097e-06	(139, 9.2412011007609222e-07)
139	88,3.87753699312e-06	(139, 9.2412011007609222e-07)
140	124,4.6769721392e-06	(140, 4.7703827366125498e-06)
140	140,4.77038273661e-06	(140, 4.7703827366125498e-06)
140	73,5.43210371267e-06	(140, 4.7703827366125498e-06)
140	101,5.83436751288e-06	(140, 4.7703827366125498e-06)
140	114,5.8435070988e-06	(140, 4.7703827366125498e-06)
140	53,5.95415614213e-06	(140, 4.7703827366125498e-06)
140	13,6.40239714415e-06	(140, 4.7703827366125498e-06)
140	69,6.49328761998e-06	(140, 4.7703827366125498e-06)
140	1,6.80637882128e-06	(140, 4.7703827366125498e-06)
140	157,6.8781221716e-06	(140, 4.7703827366125498e-06)
141	141,8.10048499867e-06	(141, 8.1004849986693167e-06)
141	48,1.0329453529e-05	(141, 8.1004849986693167e-06)
141	33,1.0810271069e-05	(141, 8.1004849986693167e-06)
141	4,1.10349709851e-05	(141, 8.1004849986693167e-06)
141	124,1.10971649848e-05	(141, 8.1004849986693167e-06)
141	2,1.11122873692e-05	(141, 8.1004849986693167e-06)
141	56,1.17425252365e-05	(141, 8.1004849986693167e-06)
141	97,1.23724599726e-05	(141, 8.1004849986693167e-06)
141	69,1.26066265364e-05	(141, 8.1004849986693167e-06)
141	120,1.26158235968e-05	(141, 8.1004849986693167e-06)
142	61,5.31872106738e-06	(142, 1.5986425837411698e-05)
142	23,6.34768321718e-06	(142, 1.5986425837411698e-05)
142	16,6.45993576426e-06	(142, 1.5986425837411698e-05)
142	105,6.70354802329e-06	(142, 1.5986425837411698e-05)
142	38,6.74622423648e-06	(142, 1.5986425837411698e-05)
142	12,6.83327128633e-06	(142, 1.5986425837411698e-05)
142	73,7.08355049479e-06	(142, 1.5986425837411698e-05)
142	24,7.14913783287e-06	(142, 1.5986425837411698e-05)
142	135,7.41577870748e-06	(142, 1.5986425837411698e-05)
142	55,7.61493154857e-06	(142, 1.5986425837411698e-05)
143	143,1.60114829098e-06	(143, 1.6011482909790217e-06)
143	3,2.44413035707e-06	(143, 1.6011482909790217e-06)
143	112,2.56228018269e-06	(143, 1.6011482909790217e-06)
143	11,2.83610494744e-06	(143, 1.6011482909790217e-06)
143	162,2.85261357972e-06	(143, 1.6011482909790217e-06)
143	137,2.99475404946e-06	(143, 1.6011482909790217e-06)
143	90,3.01538100144e-06	(143, 1.6011482909790217e-06)
143	150,3.31880261998e-06	(143, 1.6011482909790217e-06)
143	21,3.57635504893e-06	(143, 1.6011482909790217e-06)
143	63,3.58523687467e-06	(143, 1.6011482909790217e-06)
144	144,3.2942361514e-06	(144, 3.2942361514008902e-06)
144	14,6.15345492432e-06	(144, 3.2942361514008902e-06)
144	116,6.79957845019e-06	(144, 3.2942361514008902e-06)
144	38,7.0841149773e-06	(144, 3.2942361514008902e-06)
144	12,7.22009831592e-06	(144, 3.2942361514008902e-06)
144	123,7.44930687745e-06	(144, 3.2942361514008902e-06)
144	131,7.45352429026e-06	(144, 3.2942361514008902e-06)
144	72,7.56742383165e-06	(144, 3.2942361514008902e-06)
144	145,7.84185241499e-06	(144, 3.2942361514008902e-06)
144	109,7.89974129334e-06	(144, 3.2942361514008902e-06)
145	145,3.78781568982e-06	(145, 3.7878156898247441e-06)
145	24,4.14857891943e-06	(145, 3.7878156898247441e-06)
145	128,4.27554219254e-06	(145, 3.7878156898247441e-06)
145	38,4.3100018071e-06	(145, 3.7878156898247441e-06)
145	158,4.33242523874e-06	(145, 3.7878156898247441e-06)
145	78,4.55946352617e-06	(145, 3.7878156898247441e-06)
145	12,4.93660694736e-06	(145, 3.7878156898247441e-06)
145	55,4.98732078176e-06	(145, 3.7878156898247441e-06)
145	14,5.79246252673e-06	(145, 3.7878156898247441e-06)
145	22,5.79673097273e-06	(145, 3.7878156898247441e-06)
146	146,1.49023711632e-06	(146, 1.4902371163175485e-06)
146	159,3.27387919635e-06	(146, 1.4902371163175485e-06)
146	12,5.04926351392e-06	(146, 1.4902371163175485e-06)
146	81,5.14299929627e-06	(146, 1.4902371163175485e-06)
146	137,5.24468678074e-06	(146, 1.4902371163175485e-06)
146	18,5.33531563985e-06	(146, 1.4902371163175485e-06)
146	132,5.36155758883e-06	(146, 1.4902371163175485e-06)
146	46,5.46002786153e-06	(146, 1.4902371163175485e-06)
146	172,5.56073563179e-06	(146, 1.4902371163175485e-06)
146	3,5.63031397533e-06	(146, 1.4902371163175485e-06)
147	147,1.72897208855e-06	(147, 1.7289720885515314e-06)
147	63,1.80107786409e-06	(147, 1.7289720885515314e-06)
147	76,1.87789533978e-06	(147, 1.7289720885515314e-06)
147	132,2.48262962197e-06	(147, 1.7289720885515314e-06)
147	3,2.5028909479e-06	(147, 1.7289720885515314e-06)
147	151,2.63979030377e-06	(147, 1.7289720885515314e-06)
147	137,2.73243825446e-06	(147, 1.7289720885515314e-06)
147	126,2.78819336298e-06	(147, 1.7289720885515314e-06)
147	22,2.83971102221e-06	(147, 1.7289720885515314e-06)
147	18,2.85513129809e-06	(147, 1.7289720885515314e-06)
148	148,1.7839737485e-06	(148, 1.783973748497154e-06)
148	17,2.10219146229e-06	(148, 1.783973748497154e-06)
148	143,2.98885371113e-06	(148, 1.783973748497154e-06)
148	100,3.22651763914e-06	(148, 1.783973748497154e-06)
148	90,3.63943155174e-06	(148, 1.783973748497154e-06)
148	49,4.34952592648e-06	(148, 1.783973748497154e-06)
148	172,4.42937139331e-06	(148, 1.783973748497154e-06)
148	112,4.88875164085e-06	(148, 1.783973748497154e-06)
148	40,5.19842862491e-06	(148, 1.783973748497154e-06)
148	79,5.27831068994e-06	(148, 1.783973748497154e-06)
149	149,5.34607096801e-06	(149, 5.3460709680082459e-06)
149	32,9.7297547195e-06	(149, 5.3460709680082459e-06)
149	169,1.10344685463e-05	(149, 5.3460709680082459e-06)
149	33,1.24288114579e-05	(149, 5.3460709680082459e-06)
149	165,1.64540952755e-05	(149, 5.3460709680082459e-06)
149	111,1.65697286009e-05	(149, 5.3460709680082459e-06)
149	27,1.6955289375e-05	(149, 5.3460709680082459e-06)
149	156,1.7448206349e-05	(149, 5.3460709680082459e-06)
149	91,1.7549974073e-05	(149, 5.3460709680082459e-06)
149	51,1.80197971112e-05	(149, 5.3460709680082459e-06)
150	3,1.35053054735e-06	(150, 2.8285478314728452e-06)
150	11,2.12990986574e-06	(150, 2.8285478314728452e-06)
150	121,2.50294223676e-06	(150, 2.8285478314728452e-06)
150	162,2.61621743289e-06	(150, 2.8285478314728452e-06)
150	71,2.7180240978e-06	(150, 2.8285478314728452e-06)
150	150,2.82854783147e-06	(150, 2.8285478314728452e-06)
150	63,2.93574799619e-06	(150, 2.8285478314728452e-06)
150	132,3.14696933961e-06	(150, 2.8285478314728452e-06)
150	86,3.15076766896e-06	(150, 2.8285478314728452e-06)
150	81,3.20586072431e-06	(150, 2.8285478314728452e-06)
151	121,1.65907048721e-06	(151, 2.4977214111617991e-06)
151	151,2.49772141116e-06	(151, 2.4977214111617991e-06)
151	22,2.79976117523e-06	(151, 2.4977214111617991e-06)
151	78,2.91439387328e-06	(151, 2.4977214111617991e-06)
151	132,3.0129757631e-06	(151, 2.4977214111617991e-06)
151	61,3.22264665912e-06	(151, 2.4977214111617991e-06)
151	23,3.37571125991e-06	(151, 2.4977214111617991e-06)
151	18,3.67086588668e-06	(151, 2.4977214111617991e-06)
151	76,3.68371755491e-06	(151, 2.4977214111617991e-06)
151	26,3.78761573137e-06	(151, 2.4977214111617991e-06)
152	152,2.75212615015e-06	(152, 2.7521261501469878e-06)
152	121,3.304350979e-06	(152, 2.7521261501469878e-06)
152	18,3.82829351428e-06	(152, 2.7521261501469878e-06)
152	88,3.97336168897e-06	(152, 2.7521261501469878e-06)
152	117,4.07435160705e-06	(152, 2.7521261501469878e-06)
152	35,4.33554894666e-06	(152, 2.7521261501469878e-06)
152	12,4.42529737754e-06	(152, 2.7521261501469878e-06)
152	22,4.65267980656e-06	(152, 2.7521261501469878e-06)
152	139,4.86137849466e-06	(152, 2.7521261501469878e-06)
152	81,4.89660505583e-06	(152, 2.7521261501469878e-06)
153	133,4.5595459837e-06	(153, 6.1516427425057896e-06)
153	153,6.15164274251e-06	(153, 6.1516427425057896e-06)
153	102,7.62448848684e-06	(153, 6.1516427425057896e-06)
153	91,7.64885146631e-06	(153, 6.1516427425057896e-06)
153	34,7.82508877157e-06	(153, 6.1516427425057896e-06)
153	130,7.98362559757e-06	(153, 6.1516427425057896e-06)
153	103,8.91970533871e-06	(153, 6.1516427425057896e-06)
153	28,1.02699074785e-05	(153, 6.1516427425057896e-06)
153	1,1.02900293151e-05	(153, 6.1516427425057896e-06)
153	95,1.04501316943e-05	(153, 6.1516427425057896e-06)
154	154,1.50069984184e-06	(154, 1.5006998418396066e-06)
154	40,3.55914637907e-06	(154, 1.5006998418396066e-06)
154	172,4.51048809578e-06	(154, 1.5006998418396066e-06)
154	174,4.73706368411e-06	(154, 1.5006998418396066e-06)
154	4,5.10902026868e-06	(154, 1.5006998418396066e-06)
154	69,5.40202005466e-06	(154, 1.5006998418396066e-06)
154	56,6.40718032377e-06	(154, 1.5006998418396066e-06)
154	17,6.66244317554e-06	(154, 1.5006998418396066e-06)
154	2,7.55361839555e-06	(154, 1.5006998418396066e-06)
154	15,7.66279042377e-06	(154, 1.5006998418396066e-06)
155	71,2.61834666497e-06	(155, 4.8480221250092476e-06)
155	11,2.7884283396e-06	(155, 4.8480221250092476e-06)
155	162,2.96143971284e-06	(155, 4.8480221250092476e-06)
155	121,3.83450742008e-06	(155, 4.8480221250092476e-06)
155	1,3.9407037642e-06	(155, 4.8480221250092476e-06)
155	117,4.02718031714e-06	(155, 4.8480221250092476e-06)
155	77,4.34233789483e-06	(155, 4.8480221250092476e-06)
155	81,4.46325760511e-06	(155, 4.8480221250092476e-06)
155	3,4.46594545249e-06	(155, 4.8480221250092476e-06)
155	86,4.52959943365e-06	(155, 4.8480221250092476e-06)
156	156,3.49119738998e-06	(156, 3.4911973899753384e-06)
156	144,4.44174958027e-06	(156, 3.4911973899753384e-06)
156	73,4.78482395534e-06	(156, 3.4911973899753384e-06)
156	109,5.02888055698e-06	(156, 3.4911973899753384e-06)
156	27,5.76923547491e-06	(156, 3.4911973899753384e-06)
156	84,6.68738461886e-06	(156, 3.4911973899753384e-06)
156	50,6.77135922484e-06	(156, 3.4911973899753384e-06)
156	131,6.78672060844e-06	(156, 3.4911973899753384e-06)
156	38,7.05020115299e-06	(156, 3.4911973899753384e-06)
156	107,7.0709816795e-06	(156, 3.4911973899753384e-06)
157	22,3.0167633314e-06	(157, 4.7950529046138324e-06)
157	121,3.76027296239e-06	(157, 4.7950529046138324e-06)
157	132,3.82592844848e-06	(157, 4.7950529046138324e-06)
157	126,3.84491483306e-06	(157, 4.7950529046138324e-06)
157	73,3.9378149392e-06	(157, 4.7950529046138324e-06)
157	3,4.06458412925e-06	(157, 4.7950529046138324e-06)
157	12,4.08854803048e-06	(157, 4.7950529046138324e-06)
157	128,4.1218383748e-06	(157, 4.7950529046138324e-06)
157	78,4.16547279663e-06	(157, 4.7950529046138324e-06)
157	76,4.23207750447e-06	(157, 4.7950529046138324e-06)
158	77,1.78344751368e-06	(158, 6.8437533361070622e-06)
158	3,2.69964251974e-06	(158, 6.8437533361070622e-06)
158	37,3.12238511508e-06	(158, 6.8437533361070622e-06)
158	171,3.22120894042e-06	(158, 6.8437533361070622e-06)
158	136,3.24313760931e-06	(158, 6.8437533361070622e-06)
158	76,3.26168586782e-06	(158, 6.8437533361070622e-06)
158	137,3.39938182492e-06	(158, 6.8437533361070622e-06)
158	11,3.45686604181e-06	(158, 6.8437533361070622e-06)
158	147,3.46463175638e-06	(158, 6.8437533361070622e-06)
158	63,3.4713616829e-06	(158, 6.8437533361070622e-06)
159	146,2.0619691476e-06	(159, 3.9954011656633579e-06)
159	46,3.23327226894e-06	(159, 3.9954011656633579e-06)
159	137,3.29142122809e-06	(159, 3.9954011656633579e-06)
159	36,3.45627407363e-06	(159, 3.9954011656633579e-06)
159	18,3.83352767112e-06	(159, 3.9954011656633579e-06)
159	159,3.99540116566e-06	(159, 3.9954011656633579e-06)
159	147,4.20338868729e-06	(159, 3.9954011656633579e-06)
159	150,4.28010471759e-06	(159, 3.9954011656633579e-06)
159	90,4.40333966495e-06	(159, 3.9954011656633579e-06)
159	3,4.42710700932e-06	(159, 3.9954011656633579e-06)
160	164,6.01322880184e-06	(160, 2.662788491573337e-05)
160	27,6.89711758468e-06	(160, 2.662788491573337e-05)
160	73,6.99627161175e-06	(160, 2.662788491573337e-05)
160	43,8.59488211131e-06	(160, 2.662788491573337e-05)
160	109,8.7113486821e-06	(160, 2.662788491573337e-05)
160	107,8.76789262836e-06	(160, 2.662788491573337e-05)
160	32,8.80218782118e-06	(160, 2.662788491573337e-05)
160	105,8.9265133525e-06	(160, 2.662788491573337e-05)
160	38,8.96593758576e-06	(160, 2.662788491573337e-05)
160	16,9.02137206726e-06	(160, 2.662788491573337e-05)
161	161,1.51980722414e-06	(161, 1.5198072241357038e-06)
161	65,3.91226320696e-06	(161, 1.5198072241357038e-06)
161	68,4.40629116879e-06	(161, 1.5198072241357038e-06)
161	44,5.05032173516e-06	(161, 1.5198072241357038e-06)
161	83,5.06383978311e-06	(161, 1.5198072241357038e-06)
161	17,5.27009790513e-06	(161, 1.5198072241357038e-06)
161	155,5.35771479572e-06	(161, 1.5198072241357038e-06)
161	13,5.7700478241e-06	(161, 1.5198072241357038e-06)
161	71,6.09869858591e-06	(161, 1.5198072241357038e-06)
161	1,6.10642698437e-06	(161, 1.5198072241357038e-06)
162	162,2.12115160879e-06	(162, 2.1211516087903426e-06)
162	117,2.64564659767e-06	(162, 2.1211516087903426e-06)
162	18,2.99344763734e-06	(162, 2.1211516087903426e-06)
162	88,3.0689849577e-06	(162, 2.1211516087903426e-06)
162	76,3.305179547e-06	(162, 2.1211516087903426e-06)
162	150,3.3905064639e-06	(162, 2.1211516087903426e-06)
162	90,3.41658123355e-06	(162, 2.1211516087903426e-06)
162	147,3.47573789491e-06	(162, 2.1211516087903426e-06)
162	11,3.49189020313e-06	(162, 2.1211516087903426e-06)
162	121,3.49639199536e-06	(162, 2.1211516087903426e-06)
163	17,3.50012572381e-06	(163, 4.7751207643956183e-06)
163	172,3.74801180851e-06	(163, 4.7751207643956183e-06)
163	3,3.76038313401e-06	(163, 4.7751207643956183e-06)
163	100,4.21226264582e-06	(163, 4.7751207643956183e-06)
163	40,4.26173451809e-06	(163, 4.7751207643956183e-06)
163	37,4.39399353497e-06	(163, 4.7751207643956183e-06)
163	148,4.46849649518e-06	(163, 4.7751207643956183e-06)
163	11,4.57622707611e-06	(163, 4.7751207643956183e-06)
163	143,4.62103305547e-06	(163, 4.7751207643956183e-06)
163	163,4.7751207644e-06	(163, 4.7751207643956183e-06)
164	156,4.15483491182e-06	(164, 6.0296860170218971e-06)
164	27,4.90709139675e-06	(164, 6.0296860170218971e-06)
164	73,5.88048792949e-06	(164, 6.0296860170218971e-06)
164	164,6.02968601702e-06	(164, 6.0296860170218971e-06)
164	144,6.10118354448e-06	(164, 6.0296860170218971e-06)
164	131,7.21723720197e-06	(164, 6.0296860170218971e-06)
164	109,7.28312622126e-06	(164, 6.0296860170218971e-06)
164	32,7.41293804996e-06	(164, 6.0296860170218971e-06)
164	107,7.93932426952e-06	(164, 6.0296860170218971e-06)
164	84,8.17783949197e-06	(164, 6.0296860170218971e-06)
165	93,4.66058651254e-06	(165, 6.6418123215508804e-06)
165	116,5.99955012325e-06	(165, 6.6418123215508804e-06)
165	144,6.16620341584e-06	(165, 6.6418123215508804e-06)
165	157,6.21345137461e-06	(165, 6.6418123215508804e-06)
165	165,6.64181232155e-06	(165, 6.6418123215508804e-06)
165	131,6.77097824734e-06	(165, 6.6418123215508804e-06)
165	73,6.77869553291e-06	(165, 6.6418123215508804e-06)
165	156,7.61635338002e-06	(165, 6.6418123215508804e-06)
165	27,8.07109399288e-06	(165, 6.6418123215508804e-06)
165	124,8.08273602582e-06	(165, 6.6418123215508804e-06)
166	116,5.68090346579e-06	(166, 8.5699355443729826e-06)
166	69,6.2952746662e-06	(166, 8.5699355443729826e-06)
166	124,6.80820836865e-06	(166, 8.5699355443729826e-06)
166	144,7.48186843789e-06	(166, 8.5699355443729826e-06)
166	13,8.07331566976e-06	(166, 8.5699355443729826e-06)
166	123,8.21259521189e-06	(166, 8.5699355443729826e-06)
166	104,8.24443543735e-06	(166, 8.5699355443729826e-06)
166	166,8.56993554437e-06	(166, 8.5699355443729826e-06)
166	140,8.61846738161e-06	(166, 8.5699355443729826e-06)
166	157,8.65274257145e-06	(166, 8.5699355443729826e-06)
167	51,8.45915995168e-06	(167, 1.0354237106534684e-05)
167	39,9.6824197588e-06	(167, 1.0354237106534684e-05)
167	167,1.03542371065e-05	(167, 1.0354237106534684e-05)
167	27,1.30989418603e-05	(167, 1.0354237106534684e-05)
167	169,1.33838329484e-05	(167, 1.0354237106534684e-05)
167	19,1.40208829327e-05	(167, 1.0354237106534684e-05)
167	32,1.41732478332e-05	(167, 1.0354237106534684e-05)
167	138,1.42058188321e-05	(167, 1.0354237106534684e-05)
167	84,1.53697135905e-05	(167, 1.0354237106534684e-05)
167	170,1.57358096232e-05	(167, 1.0354237106534684e-05)
168	12,3.77857426407e-06	(168, 4.2818206938533245e-06)
168	168,4.28182069385e-06	(168, 4.2818206938533245e-06)
168	86,4.70434246015e-06	(168, 4.2818206938533245e-06)
168	18,4.95395474005e-06	(168, 4.2818206938533245e-06)
168	55,5.13818699648e-06	(168, 4.2818206938533245e-06)
168	121,5.1388337207e-06	(168, 4.2818206938533245e-06)
168	117,5.53770293633e-06	(168, 4.2818206938533245e-06)
168	38,5.66444584073e-06	(168, 4.2818206938533245e-06)
168	23,5.81087123453e-06	(168, 4.2818206938533245e-06)
168	151,5.87814679909e-06	(168, 4.2818206938533245e-06)
169	156,6.24309540651e-06	(169, 6.3199194943661182e-06)
169	169,6.31991949437e-06	(169, 6.3199194943661182e-06)
169	27,7.33747663601e-06	(169, 6.3199194943661182e-06)
169	99,7.46980282606e-06	(169, 6.3199194943661182e-06)
169	144,7.67976076151e-06	(169, 6.3199194943661182e-06)
169	73,7.9409909002e-06	(169, 6.3199194943661182e-06)
169	109,8.74914880572e-06	(169, 6.3199194943661182e-06)
169	41,8.80575009004e-06	(169, 6.3199194943661182e-06)
169	84,9.70386727887e-06	(169, 6.3199194943661182e-06)
169	39,9.73961215899e-06	(169, 6.3199194943661182e-06)
170	170,3.38488215391e-06	(170, 3.3848821539068008e-06)
170	99,5.39029381671e-06	(170, 3.3848821539068008e-06)
170	19,5.78414864522e-06	(170, 3.3848821539068008e-06)
170	27,5.88090577903e-06	(170, 3.3848821539068008e-06)
170	144,7.77882771126e-06	(170, 3.3848821539068008e-06)
170	73,7.87342251563e-06	(170, 3.3848821539068008e-06)
170	114,8.14463286286e-06	(170, 3.3848821539068008e-06)
170	0,8.49928222439e-06	(170, 3.3848821539068008e-06)
170	109,9.38285364562e-06	(170, 3.3848821539068008e-06)
170	84,9.65342516882e-06	(170, 3.3848821539068008e-06)
171	156,5.83134924977e-06	(171, 1.741083987320988e-05)
171	27,6.20368926884e-06	(171, 1.741083987320988e-05)
171	164,7.21068593696e-06	(171, 1.741083987320988e-05)
171	107,7.68589549986e-06	(171, 1.741083987320988e-05)
171	73,7.89985659834e-06	(171, 1.741083987320988e-05)
171	32,7.91397209512e-06	(171, 1.741083987320988e-05)
171	19,8.03571494909e-06	(171, 1.741083987320988e-05)
171	99,8.91702503666e-06	(171, 1.741083987320988e-05)
171	51,9.13186767182e-06	(171, 1.741083987320988e-05)
171	39,9.29407277366e-06	(171, 1.741083987320988e-05)
172	172,1.60195079551e-06	(172, 1.60195079550742e-06)
172	3,2.48933112135e-06	(172, 1.60195079550742e-06)
172	81,2.68112559417e-06	(172, 1.60195079550742e-06)
172	137,3.34585726062e-06	(172, 1.60195079550742e-06)
172	37,3.55697675228e-06	(172, 1.60195079550742e-06)
172	77,3.72384565879e-06	(172, 1.60195079550742e-06)
172	146,4.00219813724e-06	(172, 1.60195079550742e-06)
172	11,4.10688588195e-06	(172, 1.60195079550742e-06)
172	90,4.13929234083e-06	(172, 1.60195079550742e-06)
172	40,4.35759085468e-06	(172, 1.60195079550742e-06)
173	107,4.96745299141e-06	(173, 8.9673440173294369e-06)
173	158,5.45161863118e-06	(173, 8.9673440173294369e-06)
173	38,5.57341012131e-06	(173, 8.9673440173294369e-06)
173	24,6.13740495627e-06	(173, 8.9673440173294369e-06)
173	27,6.14096527419e-06	(173, 8.9673440173294369e-06)
173	61,6.93480877097e-06	(173, 8.9673440173294369e-06)
173	78,6.95240806652e-06	(173, 8.9673440173294369e-06)
173	128,7.35271745641e-06	(173, 8.9673440173294369e-06)
173	156,7.43736322458e-06	(173, 8.9673440173294369e-06)
173	55,7.77970366425e-06	(173, 8.9673440173294369e-06)
174	174,1.86134120399e-06	(174, 1.8613412039878695e-06)
174	56,3.39513490656e-06	(174, 1.8613412039878695e-06)
174	15,3.53860903096e-06	(174, 1.8613412039878695e-06)
174	120,4.63692468084e-06	(174, 1.8613412039878695e-06)
174	69,5.16458576049e-06	(174, 1.8613412039878695e-06)
174	4,5.43649598787e-06	(174, 1.8613412039878695e-06)
174	2,5.47943908545e-06	(174, 1.8613412039878695e-06)
174	17,5.58519131379e-06	(174, 1.8613412039878695e-06)
174	154,5.92604600903e-06	(174, 1.8613412039878695e-06)
174	48,6.51134020574e-06	(174, 1.8613412039878695e-06)
