0	0,0.00249546414036	(0, 0.0024954641403639945)
0	84,0.00422310217757	(0, 0.0024954641403639945)
0	99,0.00493599405058	(0, 0.0024954641403639945)
0	38,0.00537319026526	(0, 0.0024954641403639945)
0	109,0.00570282280371	(0, 0.0024954641403639945)
0	144,0.00647816497049	(0, 0.0024954641403639945)
0	170,0.00658330623461	(0, 0.0024954641403639945)
0	14,0.00662161654897	(0, 0.0024954641403639945)
0	55,0.00688866259755	(0, 0.0024954641403639945)
0	173,0.00714871432108	(0, 0.0024954641403639945)
1	1,0.00176375997991	(1, 0.0017637599799061395)
1	103,0.00257041257008	(1, 0.0017637599799061395)
1	102,0.00287577226157	(1, 0.0017637599799061395)
1	153,0.00318496461866	(1, 0.0017637599799061395)
1	28,0.00323684121203	(1, 0.0017637599799061395)
1	91,0.00328993597739	(1, 0.0017637599799061395)
1	155,0.0037189473219	(1, 0.0017637599799061395)
1	114,0.00426996453776	(1, 0.0017637599799061395)
1	41,0.00431218794224	(1, 0.0017637599799061395)
1	30,0.00431769545745	(1, 0.0017637599799061395)
2	154,0.00220356189172	(2, 0.003855886827722684)
2	4,0.00250818197771	(2, 0.003855886827722684)
2	69,0.00314991397604	(2, 0.003855886827722684)
2	174,0.00341516050246	(2, 0.003855886827722684)
2	40,0.0034420653117	(2, 0.003855886827722684)
2	2,0.00385588682772	(2, 0.003855886827722684)
2	172,0.00406782980384	(2, 0.003855886827722684)
2	25,0.00459849683635	(2, 0.003855886827722684)
2	15,0.00503904373745	(2, 0.003855886827722684)
2	148,0.00508604773249	(2, 0.003855886827722684)
3	3,0.000921176535681	(3, 0.00092117653568130563)
3	63,0.00136695368367	(3, 0.00092117653568130563)
3	81,0.00176331540085	(3, 0.00092117653568130563)
3	162,0.00179769752365	(3, 0.00092117653568130563)
3	11,0.00182513060397	(3, 0.00092117653568130563)
3	132,0.00184612522651	(3, 0.00092117653568130563)
3	121,0.00200571444191	(3, 0.00092117653568130563)
3	147,0.00202395568706	(3, 0.00092117653568130563)
3	150,0.00204804637603	(3, 0.00092117653568130563)
3	21,0.00215203920522	(3, 0.00092117653568130563)
4	172,0.00187650497549	(4, 0.0023950598048908998)
4	17,0.00198775518467	(4, 0.0023950598048908998)
4	120,0.00201302476378	(4, 0.0023950598048908998)
4	69,0.0022196870273	(4, 0.0023950598048908998)
4	40,0.00223284761674	(4, 0.0023950598048908998)
4	13,0.0022339531512	(4, 0.0023950598048908998)
4	4,0.00239505980489	(4, 0.0023950598048908998)
4	37,0.00252268936516	(4, 0.0023950598048908998)
4	15,0.00269789969764	(4, 0.0023950598048908998)
4	161,0.00286518452005	(4, 0.0023950598048908998)
5	73,0.00229200336726	(5, 0.0080671077141973475)
5	107,0.00338865329596	(5, 0.0080671077141973475)
5	95,0.0036859227763	(5, 0.0080671077141973475)
5	78,0.00396501722154	(5, 0.0080671077141973475)
5	26,0.00402745287675	(5, 0.0080671077141973475)
5	1,0.00415156525152	(5, 0.0080671077141973475)
5	158,0.00420588725521	(5, 0.0080671077141973475)
5	93,0.0042188842704	(5, 0.0080671077141973475)
5	128,0.00428647010396	(5, 0.0080671077141973475)
5	22,0.00451043478651	(5, 0.0080671077141973475)
6	139,0.00122705572034	(6, 0.0014994595086795224)
6	46,0.00129495687642	(6, 0.0014994595086795224)
6	6,0.00149945950868	(6, 0.0014994595086795224)
6	76,0.00188800713935	(6, 0.0014994595086795224)
6	22,0.0021076302752	(6, 0.0014994595086795224)
6	171,0.00228908814783	(6, 0.0014994595086795224)
6	18,0.00239800141592	(6, 0.0014994595086795224)
6	132,0.00242370902384	(6, 0.0014994595086795224)
6	35,0.00244024144493	(6, 0.0014994595086795224)
6	158,0.00253818223029	(6, 0.0014994595086795224)
7	66,0.00887830207312	(7, 0.014014208175503744)
7	167,0.0121722510056	(7, 0.014014208175503744)
7	80,0.0130548063412	(7, 0.014014208175503744)
7	169,0.0131840825984	(7, 0.014014208175503744)
7	51,0.0132443388177	(7, 0.014014208175503744)
7	32,0.0133817565269	(7, 0.014014208175503744)
7	7,0.0140142081755	(7, 0.014014208175503744)
7	160,0.0144674735708	(7, 0.014014208175503744)
7	149,0.0156012739285	(7, 0.014014208175503744)
7	133,0.0156951637139	(7, 0.014014208175503744)
8	11,0.00183317471845	(8, 0.0029437344609347391)
8	121,0.00238733310951	(8, 0.0029437344609347391)
8	162,0.002527796989	(8, 0.0029437344609347391)
8	3,0.00260578870314	(8, 0.0029437344609347391)
8	73,0.00273438699215	(8, 0.0029437344609347391)
8	71,0.00282962363649	(8, 0.0029437344609347391)
8	13,0.002873176201	(8, 0.0029437344609347391)
8	8,0.00294373446093	(8, 0.0029437344609347391)
8	86,0.00321000263717	(8, 0.0029437344609347391)
8	18,0.00329766837326	(8, 0.0029437344609347391)
9	9,0.00326718049533	(9, 0.0032671804953250498)
9	114,0.00693684698071	(9, 0.0032671804953250498)
9	155,0.00698902551179	(9, 0.0032671804953250498)
9	91,0.00753824369028	(9, 0.0032671804953250498)
9	53,0.00802621328641	(9, 0.0032671804953250498)
9	124,0.00870233023138	(9, 0.0032671804953250498)
9	28,0.00980240968944	(9, 0.0032671804953250498)
9	65,0.0100910768206	(9, 0.0032671804953250498)
9	41,0.0101100231505	(9, 0.0032671804953250498)
9	52,0.0102450300517	(9, 0.0032671804953250498)
10	10,0.00423219512558	(10, 0.0042321951255828672)
10	47,0.00535210386912	(10, 0.0042321951255828672)
10	167,0.0112700864409	(10, 0.0042321951255828672)
10	99,0.0117870364354	(10, 0.0042321951255828672)
10	84,0.0121425968234	(10, 0.0042321951255828672)
10	173,0.0123411195011	(10, 0.0042321951255828672)
10	14,0.0128290612375	(10, 0.0042321951255828672)
10	92,0.0131254274307	(10, 0.0042321951255828672)
10	166,0.0132082491929	(10, 0.0042321951255828672)
10	72,0.0132808453519	(10, 0.0042321951255828672)
11	11,0.00104588719731	(11, 0.0010458871973074968)
11	119,0.0018021079889	(11, 0.0010458871973074968)
11	81,0.00209450466974	(11, 0.0010458871973074968)
11	96,0.00235113981233	(11, 0.0010458871973074968)
11	115,0.00245148772	(11, 0.0010458871973074968)
11	3,0.00260560918046	(11, 0.0010458871973074968)
11	37,0.00282729751577	(11, 0.0010458871973074968)
11	13,0.00311864807443	(11, 0.0010458871973074968)
11	112,0.00313628513205	(11, 0.0010458871973074968)
11	86,0.00315342205662	(11, 0.0010458871973074968)
12	12,0.00125067489646	(12, 0.0012506748964575063)
12	22,0.00137386090792	(12, 0.0012506748964575063)
12	126,0.00138541543349	(12, 0.0012506748964575063)
12	76,0.00149191827813	(12, 0.0012506748964575063)
12	151,0.00169079762559	(12, 0.0012506748964575063)
12	121,0.00173491931953	(12, 0.0012506748964575063)
12	86,0.00174942211808	(12, 0.0012506748964575063)
12	18,0.00180778998952	(12, 0.0012506748964575063)
12	137,0.00182170636389	(12, 0.0012506748964575063)
12	132,0.00199278276048	(12, 0.0012506748964575063)
13	172,0.00110694035086	(13, 0.0022050360292027176)
13	17,0.00114210846101	(13, 0.0022050360292027176)
13	11,0.00197369477357	(13, 0.0022050360292027176)
13	3,0.00198089505807	(13, 0.0022050360292027176)
13	37,0.00205976804408	(13, 0.0022050360292027176)
13	136,0.00215446607683	(13, 0.0022050360292027176)
13	77,0.00219383937381	(13, 0.0022050360292027176)
13	13,0.0022050360292	(13, 0.0022050360292027176)
13	90,0.00227895556339	(13, 0.0022050360292027176)
13	143,0.00229321785528	(13, 0.0022050360292027176)
14	14,0.00171126693396	(14, 0.0017112669339571333)
14	72,0.00208293778844	(14, 0.0017112669339571333)
14	159,0.00309691316273	(14, 0.0017112669339571333)
14	144,0.00344972490559	(14, 0.0017112669339571333)
14	84,0.00366499142267	(14, 0.0017112669339571333)
14	145,0.00372520097066	(14, 0.0017112669339571333)
14	109,0.00399095710477	(14, 0.0017112669339571333)
14	38,0.00410680906225	(14, 0.0017112669339571333)
14	131,0.00421728480324	(14, 0.0017112669339571333)
14	123,0.00456792263405	(14, 0.0017112669339571333)
15	15,0.00128496809074	(15, 0.0012849680907394004)
15	69,0.00195386335435	(15, 0.0012849680907394004)
15	17,0.00224244119749	(15, 0.0012849680907394004)
15	120,0.00253838943646	(15, 0.0012849680907394004)
15	174,0.00272024567215	(15, 0.0012849680907394004)
15	34,0.00292654913062	(15, 0.0012849680907394004)
15	172,0.00295972203027	(15, 0.0012849680907394004)
15	40,0.00306364691488	(15, 0.0012849680907394004)
15	77,0.00310591577764	(15, 0.0012849680907394004)
15	56,0.00313560519427	(15, 0.0012849680907394004)
16	16,0.00273362616264	(16, 0.0027336261626411014)
16	170,0.00336452705645	(16, 0.0027336261626411014)
16	19,0.00389519112297	(16, 0.0027336261626411014)
16	0,0.00447659999586	(16, 0.0027336261626411014)
16	114,0.00455112520588	(16, 0.0027336261626411014)
16	27,0.00465910880236	(16, 0.0027336261626411014)
16	101,0.00506338025276	(16, 0.0027336261626411014)
16	73,0.00507689680219	(16, 0.0027336261626411014)
16	144,0.00513974248805	(16, 0.0027336261626411014)
16	140,0.00522127169608	(16, 0.0027336261626411014)
17	17,0.000979397749318	(17, 0.00097939774931842427)
17	172,0.00134499392166	(17, 0.00097939774931842427)
17	77,0.00191333074026	(17, 0.00097939774931842427)
17	100,0.00204037421076	(17, 0.00097939774931842427)
17	143,0.0021482966518	(17, 0.00097939774931842427)
17	90,0.00215038240097	(17, 0.00097939774931842427)
17	37,0.00235129464745	(17, 0.00097939774931842427)
17	136,0.00241943895478	(17, 0.00097939774931842427)
17	3,0.00247501198626	(17, 0.00097939774931842427)
17	49,0.00249133701641	(17, 0.00097939774931842427)
18	88,0.00110501611452	(18, 0.001272123252907584)
18	18,0.00127212325291	(18, 0.001272123252907584)
18	35,0.00155204544871	(18, 0.001272123252907584)
18	22,0.0015851425024	(18, 0.001272123252907584)
18	121,0.00160976753617	(18, 0.001272123252907584)
18	61,0.00172354045489	(18, 0.001272123252907584)
18	76,0.00176870943241	(18, 0.001272123252907584)
18	132,0.00181238719212	(18, 0.001272123252907584)
18	139,0.00189503358384	(18, 0.001272123252907584)
18	23,0.00223565193983	(18, 0.001272123252907584)
19	19,0.00332729486538	(19, 0.0033272948653773472)
19	27,0.00375220564853	(19, 0.0033272948653773472)
19	43,0.00420164350406	(19, 0.0033272948653773472)
19	99,0.00475786318818	(19, 0.0033272948653773472)
19	32,0.00543013235085	(19, 0.0033272948653773472)
19	164,0.00590430296559	(19, 0.0033272948653773472)
19	84,0.00614451907204	(19, 0.0033272948653773472)
19	107,0.00632268212875	(19, 0.0033272948653773472)
19	39,0.00702112177023	(19, 0.0033272948653773472)
19	144,0.00702905096162	(19, 0.0033272948653773472)
20	73,0.00258297487383	(20, 0.0026133862949117253)
20	20,0.00261338629491	(20, 0.0026133862949117253)
20	124,0.00324375511149	(20, 0.0026133862949117253)
20	89,0.0036253492556	(20, 0.0026133862949117253)
20	93,0.00368483079586	(20, 0.0026133862949117253)
20	1,0.00368982992932	(20, 0.0026133862949117253)
20	128,0.00385317643333	(20, 0.0026133862949117253)
20	157,0.00387426076785	(20, 0.0026133862949117253)
20	109,0.00393141326751	(20, 0.0026133862949117253)
20	78,0.00424905233199	(20, 0.0026133862949117253)
21	121,0.00125020020098	(21, 0.0025461331516825085)
21	71,0.00143066124107	(21, 0.0025461331516825085)
21	11,0.00156219884149	(21, 0.0025461331516825085)
21	117,0.00170228912232	(21, 0.0025461331516825085)
21	162,0.00170391009502	(21, 0.0025461331516825085)
21	22,0.00198162022581	(21, 0.0025461331516825085)
21	23,0.0020977917879	(21, 0.0025461331516825085)
21	76,0.00225832376012	(21, 0.0025461331516825085)
21	86,0.00228849324202	(21, 0.0025461331516825085)
21	61,0.00243400789944	(21, 0.0025461331516825085)
22	22,0.00128149529032	(22, 0.0012814952903183014)
22	117,0.0013578137493	(22, 0.0012814952903183014)
22	139,0.00141249976856	(22, 0.0012814952903183014)
22	76,0.00149207430696	(22, 0.0012814952903183014)
22	132,0.00156879441017	(22, 0.0012814952903183014)
22	46,0.00166551341179	(22, 0.0012814952903183014)
22	3,0.00179923664116	(22, 0.0012814952903183014)
22	18,0.001948112627	(22, 0.0012814952903183014)
22	63,0.00198843281695	(22, 0.0012814952903183014)
22	81,0.00199248083829	(22, 0.0012814952903183014)
23	23,0.000928913128012	(23, 0.00092891312801170721)
23	61,0.000938205869249	(23, 0.00092891312801170721)
23	26,0.00226471583298	(23, 0.00092891312801170721)
23	121,0.00291115573955	(23, 0.00092891312801170721)
23	78,0.00305954628367	(23, 0.00092891312801170721)
23	162,0.00337371754324	(23, 0.00092891312801170721)
23	63,0.00338877449277	(23, 0.00092891312801170721)
23	76,0.00340572744867	(23, 0.00092891312801170721)
23	147,0.00354604572537	(23, 0.00092891312801170721)
23	70,0.00359069680224	(23, 0.00092891312801170721)
24	24,0.00121813259186	(24, 0.0012181325918643568)
24	107,0.00313889627931	(24, 0.0012181325918643568)
24	27,0.0034281337765	(24, 0.0012181325918643568)
24	61,0.00359084094686	(24, 0.0012181325918643568)
24	158,0.00368742505492	(24, 0.0012181325918643568)
24	135,0.00397484863493	(24, 0.0012181325918643568)
24	50,0.00402498517437	(24, 0.0012181325918643568)
24	22,0.00410913796014	(24, 0.0012181325918643568)
24	73,0.00415108857062	(24, 0.0012181325918643568)
24	12,0.00415672963364	(24, 0.0012181325918643568)
25	25,0.00127337359334	(25, 0.0012733735933437257)
25	40,0.00157358545246	(25, 0.0012733735933437257)
25	69,0.00162177551475	(25, 0.0012733735933437257)
25	4,0.00206191015653	(25, 0.0012733735933437257)
25	148,0.00226661322294	(25, 0.0012733735933437257)
25	15,0.00258326136331	(25, 0.0012733735933437257)
25	79,0.0028900189024	(25, 0.0012733735933437257)
25	154,0.00319000828823	(25, 0.0012733735933437257)
25	172,0.00340160459314	(25, 0.0012733735933437257)
25	60,0.00346285829456	(25, 0.0012733735933437257)
26	121,0.00127032585778	(26, 0.0027892784616529707)
26	18,0.0012944910993	(26, 0.0027892784616529707)
26	76,0.00133736170887	(26, 0.0027892784616529707)
26	22,0.00145391076736	(26, 0.0027892784616529707)
26	11,0.00145806039465	(26, 0.0027892784616529707)
26	63,0.00159810427348	(26, 0.0027892784616529707)
26	162,0.00160852279836	(26, 0.0027892784616529707)
26	23,0.00177572965036	(26, 0.0027892784616529707)
26	117,0.00178092124684	(26, 0.0027892784616529707)
26	147,0.00189003677177	(26, 0.0027892784616529707)
27	78,0.00218411116178	(27, 0.0036532939300330238)
27	61,0.00263382179396	(27, 0.0036532939300330238)
27	121,0.00282463886823	(27, 0.0036532939300330238)
27	26,0.00284484994736	(27, 0.0036532939300330238)
27	73,0.00303782018617	(27, 0.0036532939300330238)
27	170,0.00313456176297	(27, 0.0036532939300330238)
27	107,0.00330579433343	(27, 0.0036532939300330238)
27	23,0.00333269079827	(27, 0.0036532939300330238)
27	128,0.00338216027129	(27, 0.0036532939300330238)
27	101,0.00346037207345	(27, 0.0036532939300330238)
28	1,0.00233842969146	(28, 0.0027987104945201109)
28	13,0.00250174687097	(28, 0.0027987104945201109)
28	3,0.00277075336171	(28, 0.0027987104945201109)
28	28,0.00279871049452	(28, 0.0027987104945201109)
28	73,0.0032319689713	(28, 0.0027987104945201109)
28	83,0.00357719477811	(28, 0.0027987104945201109)
28	155,0.00370272868994	(28, 0.0027987104945201109)
28	93,0.00375649045834	(28, 0.0027987104945201109)
28	65,0.00383566040783	(28, 0.0027987104945201109)
28	53,0.00384059064055	(28, 0.0027987104945201109)
29	29,0.00144043028197	(29, 0.0014404302819746727)
29	77,0.00160657114681	(29, 0.0014404302819746727)
29	71,0.00214051347689	(29, 0.0014404302819746727)
29	135,0.00247153623407	(29, 0.0014404302819746727)
29	3,0.0025947912909	(29, 0.0014404302819746727)
29	13,0.00261348047399	(29, 0.0014404302819746727)
29	11,0.00267974675743	(29, 0.0014404302819746727)
29	172,0.00271900656974	(29, 0.0014404302819746727)
29	76,0.00273884658473	(29, 0.0014404302819746727)
29	73,0.00280660298419	(29, 0.0014404302819746727)
30	30,0.00429712688011	(30, 0.0042971268801127787)
30	28,0.00513637158495	(30, 0.0042971268801127787)
30	91,0.00619032362361	(30, 0.0042971268801127787)
30	103,0.00632644765033	(30, 0.0042971268801127787)
30	53,0.00657918225361	(30, 0.0042971268801127787)
30	51,0.00709800134167	(30, 0.0042971268801127787)
30	110,0.00717360278669	(30, 0.0042971268801127787)
30	1,0.00718666974916	(30, 0.0042971268801127787)
30	153,0.00739577795816	(30, 0.0042971268801127787)
30	102,0.00743813548821	(30, 0.0042971268801127787)
31	31,0.00429612625853	(31, 0.0042961262585310455)
31	166,0.00453967226435	(31, 0.0042961262585310455)
31	72,0.00515066309572	(31, 0.0042961262585310455)
31	116,0.00621581009082	(31, 0.0042961262585310455)
31	48,0.00687650707763	(31, 0.0042961262585310455)
31	123,0.00708141295248	(31, 0.0042961262585310455)
31	131,0.00708998927277	(31, 0.0042961262585310455)
31	69,0.00725216533387	(31, 0.0042961262585310455)
31	144,0.0072771582261	(31, 0.0042961262585310455)
31	124,0.0074927447602	(31, 0.0042961262585310455)
32	32,0.00293497916891	(32, 0.0029349791689095733)
32	156,0.00301107879548	(32, 0.0029349791689095733)
32	27,0.00363461248199	(32, 0.0029349791689095733)
32	73,0.00487544752265	(32, 0.0029349791689095733)
32	164,0.0049626096111	(32, 0.0029349791689095733)
32	50,0.00510839464915	(32, 0.0029349791689095733)
32	107,0.00526454271185	(32, 0.0029349791689095733)
32	131,0.00531169086697	(32, 0.0029349791689095733)
32	165,0.00648446398182	(32, 0.0029349791689095733)
32	109,0.00649446226985	(32, 0.0029349791689095733)
33	33,0.00253899781781	(33, 0.0025389978178135607)
33	4,0.0040641383254	(33, 0.0025389978178135607)
33	106,0.00446674497089	(33, 0.0025389978178135607)
33	116,0.00450475955847	(33, 0.0025389978178135607)
33	69,0.00455071188646	(33, 0.0025389978178135607)
33	40,0.0052251960134	(33, 0.0025389978178135607)
33	28,0.00528043364849	(33, 0.0025389978178135607)
33	93,0.00535071219543	(33, 0.0025389978178135607)
33	73,0.00542097354336	(33, 0.0025389978178135607)
33	156,0.00556014632785	(33, 0.0025389978178135607)
34	15,0.00152075576052	(34, 0.0044489067765538445)
34	69,0.00165508871413	(34, 0.0044489067765538445)
34	17,0.00192948711366	(34, 0.0044489067765538445)
34	40,0.00195892576029	(34, 0.0044489067765538445)
34	120,0.00226495995853	(34, 0.0044489067765538445)
34	4,0.00226762779826	(34, 0.0044489067765538445)
34	148,0.00227185551566	(34, 0.0044489067765538445)
34	174,0.00228083311914	(34, 0.0044489067765538445)
34	172,0.00245692012805	(34, 0.0044489067765538445)
34	56,0.00268969193561	(34, 0.0044489067765538445)
35	35,0.00109814062293	(35, 0.0010981406229286772)
35	18,0.00185262565993	(35, 0.0010981406229286772)
35	88,0.00186487308413	(35, 0.0010981406229286772)
35	22,0.00278794958645	(35, 0.0010981406229286772)
35	139,0.00285643193811	(35, 0.0010981406229286772)
35	12,0.00289602197627	(35, 0.0010981406229286772)
35	38,0.00302675052015	(35, 0.0010981406229286772)
35	121,0.00311424890651	(35, 0.0010981406229286772)
35	152,0.00313447719204	(35, 0.0010981406229286772)
35	61,0.00314797694379	(35, 0.0010981406229286772)
36	46,0.000946500684578	(36, 0.0010519026538618954)
36	76,0.0010014200406	(36, 0.0010519026538618954)
36	36,0.00105190265386	(36, 0.0010519026538618954)
36	147,0.00105684480108	(36, 0.0010519026538618954)
36	18,0.00122357867192	(36, 0.0010519026538618954)
36	63,0.00151486857921	(36, 0.0010519026538618954)
36	171,0.00159726945099	(36, 0.0010519026538618954)
36	88,0.00184851187408	(36, 0.0010519026538618954)
36	35,0.00188543389174	(36, 0.0010519026538618954)
36	139,0.0020967034105	(36, 0.0010519026538618954)
37	100,0.00146140896956	(37, 0.0016492671836403413)
37	3,0.00150303144538	(37, 0.0016492671836403413)
37	37,0.00164926718364	(37, 0.0016492671836403413)
37	11,0.00169456869752	(37, 0.0016492671836403413)
37	77,0.00180333851061	(37, 0.0016492671836403413)
37	17,0.00226782734693	(37, 0.0016492671836403413)
37	21,0.00232033190368	(37, 0.0016492671836403413)
37	90,0.0024535565514	(37, 0.0016492671836403413)
37	143,0.002521207662	(37, 0.0016492671836403413)
37	83,0.00258450604871	(37, 0.0016492671836403413)
38	38,0.00108822222653	(38, 0.0010882222265267236)
38	12,0.00254718241277	(38, 0.0010882222265267236)
38	14,0.00277998187795	(38, 0.0010882222265267236)
38	55,0.00287071579396	(38, 0.0010882222265267236)
38	43,0.00379937385547	(38, 0.0010882222265267236)
38	50,0.00400255962374	(38, 0.0010882222265267236)
38	105,0.00405038979955	(38, 0.0010882222265267236)
38	128,0.00407630507733	(38, 0.0010882222265267236)
38	159,0.00410494220537	(38, 0.0010882222265267236)
38	107,0.00411810985069	(38, 0.0010882222265267236)
39	39,0.00220921027461	(39, 0.0022092102746090244)
39	51,0.00511719737383	(39, 0.0022092102746090244)
39	169,0.00571662039887	(39, 0.0022092102746090244)
39	101,0.00574837035279	(39, 0.0022092102746090244)
39	27,0.00584998120363	(39, 0.0022092102746090244)
39	156,0.00598285806839	(39, 0.0022092102746090244)
39	107,0.00616478457643	(39, 0.0022092102746090244)
39	95,0.00627098174872	(39, 0.0022092102746090244)
39	99,0.00632143223416	(39, 0.0022092102746090244)
39	32,0.00642668497815	(39, 0.0022092102746090244)
40	40,0.00115595974049	(40, 0.0011559597404905482)
40	79,0.00171036673663	(40, 0.0011559597404905482)
40	69,0.00172906296917	(40, 0.0011559597404905482)
40	172,0.00201033784544	(40, 0.0011559597404905482)
40	4,0.00210544249445	(40, 0.0011559597404905482)
40	148,0.00221303296477	(40, 0.0011559597404905482)
40	17,0.00251506796967	(40, 0.0011559597404905482)
40	25,0.00255022582111	(40, 0.0011559597404905482)
40	60,0.00260208623081	(40, 0.0011559597404905482)
40	77,0.00273588287285	(40, 0.0011559597404905482)
41	41,0.00155570157774	(41, 0.0015557015777361331)
41	155,0.00236686909597	(41, 0.0015557015777361331)
41	1,0.00412324133469	(41, 0.0015557015777361331)
41	20,0.00422799126073	(41, 0.0015557015777361331)
41	91,0.00447047988431	(41, 0.0015557015777361331)
41	124,0.00482945484198	(41, 0.0015557015777361331)
41	114,0.00491950969116	(41, 0.0015557015777361331)
41	102,0.0050643098374	(41, 0.0015557015777361331)
41	53,0.00559608025704	(41, 0.0015557015777361331)
41	101,0.00566943790294	(41, 0.0015557015777361331)
42	163,0.00585684912945	(42, 0.0092950174883853105)
42	69,0.00605468571473	(42, 0.0092950174883853105)
42	28,0.00633938779363	(42, 0.0092950174883853105)
42	140,0.00665265474026	(42, 0.0092950174883853105)
42	118,0.00710574115554	(42, 0.0092950174883853105)
42	53,0.00726495553693	(42, 0.0092950174883853105)
42	97,0.00748883000306	(42, 0.0092950174883853105)
42	33,0.00783188415246	(42, 0.0092950174883853105)
42	34,0.00786899726605	(42, 0.0092950174883853105)
42	30,0.00813773862248	(42, 0.0092950174883853105)
43	22,0.00173556913448	(43, 0.0032665725076684469)
43	12,0.00177821680824	(43, 0.0032665725076684469)
43	128,0.00177846494267	(43, 0.0032665725076684469)
43	78,0.00209873474635	(43, 0.0032665725076684469)
43	121,0.00209877018471	(43, 0.0032665725076684469)
43	158,0.00215036825337	(43, 0.0032665725076684469)
43	50,0.00218614830725	(43, 0.0032665725076684469)
43	61,0.00241787518674	(43, 0.0032665725076684469)
43	18,0.00244336683778	(43, 0.0032665725076684469)
43	107,0.00247660347861	(43, 0.0032665725076684469)
44	109,0.00243561648858	(44, 0.010451558352896573)
44	116,0.0029588037224	(44, 0.010451558352896573)
44	93,0.00322308018094	(44, 0.010451558352896573)
44	159,0.00326984237052	(44, 0.010451558352896573)
44	124,0.0033249392345	(44, 0.010451558352896573)
44	12,0.00343273015759	(44, 0.010451558352896573)
44	73,0.00361024544652	(44, 0.010451558352896573)
44	115,0.00376773957406	(44, 0.010451558352896573)
44	144,0.00392132905499	(44, 0.010451558352896573)
44	123,0.0039805935375	(44, 0.010451558352896573)
45	45,0.00376584122311	(45, 0.0037658412231066168)
45	130,0.00518369505339	(45, 0.0037658412231066168)
45	34,0.00576981785059	(45, 0.0037658412231066168)
45	94,0.00615099581631	(45, 0.0037658412231066168)
45	133,0.00641895847713	(45, 0.0037658412231066168)
45	53,0.00681574487503	(45, 0.0037658412231066168)
45	15,0.00706310916481	(45, 0.0037658412231066168)
45	98,0.00718619242565	(45, 0.0037658412231066168)
45	25,0.00727389326516	(45, 0.0037658412231066168)
45	113,0.00735741522896	(45, 0.0037658412231066168)
46	46,0.000576243512867	(46, 0.00057624351286730878)
46	36,0.00106196039197	(46, 0.00057624351286730878)
46	171,0.00134635015673	(46, 0.00057624351286730878)
46	137,0.00146946262265	(46, 0.00057624351286730878)
46	76,0.00155148051697	(46, 0.00057624351286730878)
46	147,0.00193930552466	(46, 0.00057624351286730878)
46	6,0.00210057671566	(46, 0.00057624351286730878)
46	139,0.00210612527369	(46, 0.00057624351286730878)
46	63,0.00219505499781	(46, 0.00057624351286730878)
46	146,0.00224573109422	(46, 0.00057624351286730878)
47	10,0.00424579348615	(47, 0.0047354678671746057)
47	47,0.00473546786717	(47, 0.0047354678671746057)
47	99,0.00517570286292	(47, 0.0047354678671746057)
47	138,0.00671614060608	(47, 0.0047354678671746057)
47	19,0.00677629340119	(47, 0.0047354678671746057)
47	27,0.0068045511092	(47, 0.0047354678671746057)
47	84,0.00687411519478	(47, 0.0047354678671746057)
47	173,0.00707441807004	(47, 0.0047354678671746057)
47	0,0.00755595131722	(47, 0.0047354678671746057)
47	92,0.007685655185	(47, 0.0047354678671746057)
48	69,0.00263545679039	(48, 0.0028167572492581476)
48	56,0.00264075363773	(48, 0.0028167572492581476)
48	120,0.0027543415888	(48, 0.0028167572492581476)
48	48,0.00281675724926	(48, 0.0028167572492581476)
48	4,0.00357781176496	(48, 0.0028167572492581476)
48	97,0.00366573180655	(48, 0.0028167572492581476)
48	40,0.00374480730605	(48, 0.0028167572492581476)
48	174,0.00386522545225	(48, 0.0028167572492581476)
48	154,0.00427289783068	(48, 0.0028167572492581476)
48	124,0.00435939461386	(48, 0.0028167572492581476)
49	49,0.00173648940404	(49, 0.0017364894040415506)
49	59,0.00190147479426	(49, 0.0017364894040415506)
49	77,0.00252973935056	(49, 0.0017364894040415506)
49	100,0.00273094633183	(49, 0.0017364894040415506)
49	98,0.00279864488393	(49, 0.0017364894040415506)
49	83,0.00314257007591	(49, 0.0017364894040415506)
49	15,0.00314548202364	(49, 0.0017364894040415506)
49	17,0.00345320476029	(49, 0.0017364894040415506)
49	172,0.00354400390641	(49, 0.0017364894040415506)
49	37,0.0037277916482	(49, 0.0017364894040415506)
50	50,0.00106745830007	(50, 0.001067458300069601)
50	107,0.00289276019871	(50, 0.001067458300069601)
50	12,0.00291897330602	(50, 0.001067458300069601)
50	158,0.00352103464444	(50, 0.001067458300069601)
50	171,0.00362918432308	(50, 0.001067458300069601)
50	128,0.00370477747614	(50, 0.001067458300069601)
50	38,0.00375252752932	(50, 0.001067458300069601)
50	76,0.00392739349908	(50, 0.001067458300069601)
50	22,0.00400556752053	(50, 0.001067458300069601)
50	46,0.0042949746326	(50, 0.001067458300069601)
51	124,0.00139013786077	(51, 0.00863690878448619)
51	155,0.00288481890757	(51, 0.00863690878448619)
51	73,0.00308471801982	(51, 0.00863690878448619)
51	157,0.00328233912722	(51, 0.00863690878448619)
51	53,0.00358138267866	(51, 0.00863690878448619)
51	93,0.00377337396931	(51, 0.00863690878448619)
51	28,0.00393263771471	(51, 0.00863690878448619)
51	13,0.00411847921884	(51, 0.00863690878448619)
51	1,0.00426489648874	(51, 0.00863690878448619)
51	120,0.00429388932718	(51, 0.00863690878448619)
52	44,0.00258467441862	(52, 0.010740574438456127)
52	53,0.00263291031856	(52, 0.010740574438456127)
52	124,0.00335263980225	(52, 0.010740574438456127)
52	155,0.00341252103567	(52, 0.010740574438456127)
52	13,0.00381494156413	(52, 0.010740574438456127)
52	161,0.0038188323219	(52, 0.010740574438456127)
52	163,0.003882548863	(52, 0.010740574438456127)
52	65,0.00392652606644	(52, 0.010740574438456127)
52	4,0.00416834665549	(52, 0.010740574438456127)
52	119,0.00435949020005	(52, 0.010740574438456127)
53	65,0.00201693565164	(53, 0.00254120404372167)
53	53,0.00254120404372	(53, 0.00254120404372167)
53	155,0.00312539959139	(53, 0.00254120404372167)
53	120,0.00328196655367	(53, 0.00254120404372167)
53	44,0.00328303309051	(53, 0.00254120404372167)
53	161,0.0035641466395	(53, 0.00254120404372167)
53	163,0.00382922460012	(53, 0.00254120404372167)
53	28,0.00387188280353	(53, 0.00254120404372167)
53	124,0.00392136514828	(53, 0.00254120404372167)
53	13,0.00394795503432	(53, 0.00254120404372167)
54	136,0.00117427862649	(54, 0.0019528808210202224)
54	54,0.00195288082102	(54, 0.0019528808210202224)
54	3,0.0019583231856	(54, 0.0019528808210202224)
54	137,0.00204080551877	(54, 0.0019528808210202224)
54	162,0.00226969893047	(54, 0.0019528808210202224)
54	147,0.00230579507153	(54, 0.0019528808210202224)
54	63,0.00230730763014	(54, 0.0019528808210202224)
54	11,0.00238713700513	(54, 0.0019528808210202224)
54	37,0.0024103481086	(54, 0.0019528808210202224)
54	71,0.00256657445156	(54, 0.0019528808210202224)
55	12,0.00170608323571	(55, 0.0023016320195991024)
55	55,0.0023016320196	(55, 0.0023016320195991024)
55	159,0.00234341326515	(55, 0.0023016320195991024)
55	121,0.0024148942538	(55, 0.0023016320195991024)
55	38,0.00247854787958	(55, 0.0023016320195991024)
55	152,0.00250483465652	(55, 0.0023016320195991024)
55	18,0.00254195297715	(55, 0.0023016320195991024)
55	86,0.00267840996478	(55, 0.0023016320195991024)
55	128,0.00272585057619	(55, 0.0023016320195991024)
55	134,0.00274130700029	(55, 0.0023016320195991024)
56	56,0.00155656027951	(56, 0.0015565602795115645)
56	15,0.00230061199609	(56, 0.0015565602795115645)
56	120,0.00266132428105	(56, 0.0015565602795115645)
56	174,0.00383880265641	(56, 0.0015565602795115645)
56	113,0.00384748959744	(56, 0.0015565602795115645)
56	44,0.00405596285212	(56, 0.0015565602795115645)
56	2,0.00432154213703	(56, 0.0015565602795115645)
56	69,0.00443865787452	(56, 0.0015565602795115645)
56	4,0.00469380523279	(56, 0.0015565602795115645)
56	97,0.00472268179065	(56, 0.0015565602795115645)
57	57,0.00243044435535	(57, 0.0024304443553504525)
57	122,0.00489088903022	(57, 0.0024304443553504525)
57	174,0.00669149841643	(57, 0.0024304443553504525)
57	15,0.00728392711109	(57, 0.0024304443553504525)
57	56,0.00765828602178	(57, 0.0024304443553504525)
57	2,0.00842871444739	(57, 0.0024304443553504525)
57	120,0.00889776908376	(57, 0.0024304443553504525)
57	108,0.00919603895808	(57, 0.0024304443553504525)
57	59,0.00971276708697	(57, 0.0024304443553504525)
57	113,0.00980125691754	(57, 0.0024304443553504525)
58	24,0.00241529621619	(58, 0.0090883470760327739)
58	107,0.00276357546679	(58, 0.0090883470760327739)
58	27,0.0030345681487	(58, 0.0090883470760327739)
58	50,0.00339353827213	(58, 0.0090883470760327739)
58	61,0.00382260066511	(58, 0.0090883470760327739)
58	43,0.00413990334055	(58, 0.0090883470760327739)
58	158,0.00421359332557	(58, 0.0090883470760327739)
58	38,0.00433775850113	(58, 0.0090883470760327739)
58	105,0.00443323964481	(58, 0.0090883470760327739)
58	12,0.00451238045984	(58, 0.0090883470760327739)
59	83,0.00509319165404	(59, 0.006324249028550089)
59	65,0.00517784741263	(59, 0.006324249028550089)
59	15,0.00526735894815	(59, 0.006324249028550089)
59	113,0.00543880093043	(59, 0.006324249028550089)
59	94,0.00581371950281	(59, 0.006324249028550089)
59	44,0.00607798203578	(59, 0.006324249028550089)
59	130,0.00616691620465	(59, 0.006324249028550089)
59	59,0.00632424902855	(59, 0.006324249028550089)
59	34,0.0063878760472	(59, 0.006324249028550089)
59	161,0.00639653591522	(59, 0.006324249028550089)
60	60,0.0018428355224	(60, 0.0018428355223993828)
60	40,0.00192483185492	(60, 0.0018428355223993828)
60	69,0.00202038334786	(60, 0.0018428355223993828)
60	79,0.00262665048608	(60, 0.0018428355223993828)
60	4,0.00311419960997	(60, 0.0018428355223993828)
60	25,0.00324279271673	(60, 0.0018428355223993828)
60	172,0.00336546781736	(60, 0.0018428355223993828)
60	34,0.00352400668002	(60, 0.0018428355223993828)
60	15,0.00366476530115	(60, 0.0018428355223993828)
60	77,0.00370622479988	(60, 0.0018428355223993828)
61	61,0.00100505836241	(61, 0.0010050583624147617)
61	23,0.00104169623411	(61, 0.0010050583624147617)
61	26,0.00179409057861	(61, 0.0010050583624147617)
61	121,0.00211115565128	(61, 0.0010050583624147617)
61	76,0.00224539113497	(61, 0.0010050583624147617)
61	162,0.0023363598089	(61, 0.0010050583624147617)
61	63,0.0025143791673	(61, 0.0010050583624147617)
61	78,0.00251834815744	(61, 0.0010050583624147617)
61	147,0.00256517860483	(61, 0.0010050583624147617)
61	135,0.00257526590385	(61, 0.0010050583624147617)
62	26,0.00216472744849	(62, 0.0025934843434178116)
62	78,0.00232495654085	(62, 0.0025934843434178116)
62	61,0.00247403896514	(62, 0.0025934843434178116)
62	62,0.00259348434342	(62, 0.0025934843434178116)
62	107,0.00279517402836	(62, 0.0025934843434178116)
62	73,0.00287420247957	(62, 0.0025934843434178116)
62	158,0.00301493353238	(62, 0.0025934843434178116)
62	23,0.00324225124609	(62, 0.0025934843434178116)
62	22,0.00330565812841	(62, 0.0025934843434178116)
62	121,0.00346131821337	(62, 0.0025934843434178116)
63	3,0.00122924539569	(63, 0.00142598648598431)
63	11,0.00134029743496	(63, 0.00142598648598431)
63	63,0.00142598648598	(63, 0.00142598648598431)
63	162,0.00148343823147	(63, 0.00142598648598431)
63	77,0.00177841986536	(63, 0.00142598648598431)
63	136,0.00181591275373	(63, 0.00142598648598431)
63	37,0.00185279834476	(63, 0.00142598648598431)
63	71,0.0018660329249	(63, 0.00142598648598431)
63	147,0.00199757543206	(63, 0.00142598648598431)
63	121,0.0021361808934	(63, 0.00142598648598431)
64	64,0.00616279285105	(64, 0.0061627928510479503)
64	45,0.00995864602195	(64, 0.0061627928510479503)
64	130,0.0103273407018	(64, 0.0061627928510479503)
64	118,0.0105710212749	(64, 0.0061627928510479503)
64	133,0.0121425498494	(64, 0.0061627928510479503)
64	33,0.01296577045	(64, 0.0061627928510479503)
64	34,0.0143063735372	(64, 0.0061627928510479503)
64	113,0.0145076929118	(64, 0.0061627928510479503)
64	94,0.0156355248426	(64, 0.0061627928510479503)
64	15,0.0171231832184	(64, 0.0061627928510479503)
65	65,0.00151791403442	(65, 0.0015179140344179663)
65	161,0.00172719743701	(65, 0.0015179140344179663)
65	83,0.00206259246429	(65, 0.0015179140344179663)
65	68,0.00238856057385	(65, 0.0015179140344179663)
65	155,0.00301910735449	(65, 0.0015179140344179663)
65	13,0.00303255784064	(65, 0.0015179140344179663)
65	1,0.00319142145918	(65, 0.0015179140344179663)
65	44,0.00328882052008	(65, 0.0015179140344179663)
65	120,0.00344006231432	(65, 0.0015179140344179663)
65	71,0.00346049581609	(65, 0.0015179140344179663)
66	66,0.00658658830687	(66, 0.006586588306866239)
66	130,0.0125775758395	(66, 0.006586588306866239)
66	133,0.0137913144378	(66, 0.006586588306866239)
66	118,0.0141424427807	(66, 0.006586588306866239)
66	140,0.0143558705709	(66, 0.006586588306866239)
66	91,0.0149024411585	(66, 0.006586588306866239)
66	33,0.0156562581899	(66, 0.006586588306866239)
66	141,0.0161317713355	(66, 0.006586588306866239)
66	169,0.0175272669696	(66, 0.006586588306866239)
66	53,0.0184583170531	(66, 0.006586588306866239)
67	67,0.00380691527877	(67, 0.0038069152787721904)
67	84,0.00521501273358	(67, 0.0038069152787721904)
67	93,0.0053855756145	(67, 0.0038069152787721904)
67	169,0.00545825506601	(67, 0.0038069152787721904)
67	116,0.00583822704544	(67, 0.0038069152787721904)
67	140,0.00605610852939	(67, 0.0038069152787721904)
67	28,0.00605738250868	(67, 0.0038069152787721904)
67	131,0.00619458888833	(67, 0.0038069152787721904)
67	109,0.00633304722089	(67, 0.0038069152787721904)
67	149,0.00659480824867	(67, 0.0038069152787721904)
68	68,0.0014010832547	(68, 0.0014010832546999582)
68	70,0.00288154137864	(68, 0.0014010832546999582)
68	23,0.00290753929435	(68, 0.0014010832546999582)
68	61,0.00304672868569	(68, 0.0014010832546999582)
68	26,0.00351698654964	(68, 0.0014010832546999582)
68	63,0.0036732868725	(68, 0.0014010832546999582)
68	162,0.00374846840729	(68, 0.0014010832546999582)
68	77,0.00389205043624	(68, 0.0014010832546999582)
68	147,0.00398417672457	(68, 0.0014010832546999582)
68	71,0.00401387289258	(68, 0.0014010832546999582)
69	15,0.00680923057539	(69, 0.007757491475620177)
69	122,0.00710643544758	(69, 0.007757491475620177)
69	154,0.00733539721685	(69, 0.007757491475620177)
69	56,0.00753496643876	(69, 0.007757491475620177)
69	69,0.00775749147562	(69, 0.007757491475620177)
69	48,0.00780041149165	(69, 0.007757491475620177)
69	174,0.00780926065453	(69, 0.007757491475620177)
69	113,0.00830210557426	(69, 0.007757491475620177)
69	33,0.00833327712623	(69, 0.007757491475620177)
69	4,0.00857650228083	(69, 0.007757491475620177)
70	121,0.00194795557782	(70, 0.0022939817083465017)
70	3,0.00197881884493	(70, 0.0022939817083465017)
70	77,0.00199987321131	(70, 0.0022939817083465017)
70	11,0.0021479510134	(70, 0.0022939817083465017)
70	117,0.00216147377181	(70, 0.0022939817083465017)
70	71,0.00224026688398	(70, 0.0022939817083465017)
70	70,0.00229398170835	(70, 0.0022939817083465017)
70	162,0.00246675804739	(70, 0.0022939817083465017)
70	21,0.00250168375251	(70, 0.0022939817083465017)
70	132,0.00261264970194	(70, 0.0022939817083465017)
71	91,0.00373153648834	(71, 0.0094607031609510589)
71	133,0.00429914861248	(71, 0.0094607031609510589)
71	28,0.00495064730761	(71, 0.0094607031609510589)
71	41,0.00517316463276	(71, 0.0094607031609510589)
71	101,0.00522975596684	(71, 0.0094607031609510589)
71	102,0.00531511386715	(71, 0.0094607031609510589)
71	155,0.00542311014653	(71, 0.0094607031609510589)
71	53,0.00552328613444	(71, 0.0094607031609510589)
71	1,0.00575821812113	(71, 0.0094607031609510589)
71	124,0.00620252074862	(71, 0.0094607031609510589)
72	174,0.00282459815016	(72, 0.016680922756047163)
72	17,0.00298120238849	(72, 0.016680922756047163)
72	172,0.00299816682238	(72, 0.016680922756047163)
72	148,0.00343175502596	(72, 0.016680922756047163)
72	143,0.00356168464987	(72, 0.016680922756047163)
72	77,0.00390645409761	(72, 0.016680922756047163)
72	100,0.00406822798828	(72, 0.016680922756047163)
72	49,0.00421619271081	(72, 0.016680922756047163)
72	171,0.00427129852998	(72, 0.016680922756047163)
72	40,0.0042895129382	(72, 0.016680922756047163)
73	73,0.00115376840304	(73, 0.0011537684030374531)
73	13,0.00290143432212	(73, 0.0011537684030374531)
73	157,0.00306154628814	(73, 0.0011537684030374531)
73	124,0.00311307810599	(73, 0.0011537684030374531)
73	93,0.00324317954643	(73, 0.0011537684030374531)
73	109,0.00333554022154	(73, 0.0011537684030374531)
73	27,0.003340916303	(73, 0.0011537684030374531)
73	53,0.00349780498871	(73, 0.0011537684030374531)
73	114,0.00363591422743	(73, 0.0011537684030374531)
73	26,0.00382091913195	(73, 0.0011537684030374531)
74	17,0.00111274708681	(74, 0.0013660941816907659)
74	136,0.00118166878264	(74, 0.0013660941816907659)
74	74,0.00136609418169	(74, 0.0013660941816907659)
74	37,0.00181565293809	(74, 0.0013660941816907659)
74	77,0.00189158034695	(74, 0.0013660941816907659)
74	100,0.0019031186065	(74, 0.0013660941816907659)
74	90,0.00194459801931	(74, 0.0013660941816907659)
74	127,0.00201261730708	(74, 0.0013660941816907659)
74	11,0.00251365998841	(74, 0.0013660941816907659)
74	49,0.00276349794472	(74, 0.0013660941816907659)
75	75,0.0101693522424	(75, 0.010169352242433267)
75	167,0.0112998696404	(75, 0.010169352242433267)
75	80,0.0159206378244	(75, 0.010169352242433267)
75	47,0.0167795535196	(75, 0.010169352242433267)
75	99,0.016782734816	(75, 0.010169352242433267)
75	85,0.0178811791448	(75, 0.010169352242433267)
75	10,0.0180419821831	(75, 0.010169352242433267)
75	67,0.0180768349823	(75, 0.010169352242433267)
75	169,0.0181025019781	(75, 0.010169352242433267)
75	19,0.018252253042	(75, 0.010169352242433267)
76	76,0.00077827473335	(76, 0.00077827473334993571)
76	147,0.000989340686449	(76, 0.00077827473334993571)
76	63,0.00107562832949	(76, 0.00077827473334993571)
76	137,0.00120395231443	(76, 0.00077827473334993571)
76	171,0.00137341271963	(76, 0.00077827473334993571)
76	22,0.00156503676707	(76, 0.00077827473334993571)
76	46,0.00165584169234	(76, 0.00077827473334993571)
76	3,0.00166944577359	(76, 0.00077827473334993571)
76	18,0.00169344351978	(76, 0.00077827473334993571)
76	132,0.0017600973111	(76, 0.00077827473334993571)
77	162,0.00126556879687	(77, 0.0014714015335341704)
77	3,0.00126897357629	(77, 0.0014714015335341704)
77	63,0.00138614830945	(77, 0.0014714015335341704)
77	136,0.00142105100861	(77, 0.0014714015335341704)
77	90,0.00143124201246	(77, 0.0014714015335341704)
77	137,0.00144578115313	(77, 0.0014714015335341704)
77	11,0.00145268793695	(77, 0.0014714015335341704)
77	77,0.00147140153353	(77, 0.0014714015335341704)
77	147,0.00147395737632	(77, 0.0014714015335341704)
77	37,0.00180047047219	(77, 0.0014714015335341704)
78	151,0.0010636203561	(78, 0.0020672301350594235)
78	63,0.00126541359474	(78, 0.0020672301350594235)
78	76,0.00127637835176	(78, 0.0020672301350594235)
78	132,0.00141962140944	(78, 0.0020672301350594235)
78	18,0.00146400584567	(78, 0.0020672301350594235)
78	22,0.00147938088561	(78, 0.0020672301350594235)
78	121,0.00161360726376	(78, 0.0020672301350594235)
78	147,0.00164592402787	(78, 0.0020672301350594235)
78	23,0.00183285810548	(78, 0.0020672301350594235)
78	61,0.00184744332915	(78, 0.0020672301350594235)
79	69,0.0011157832075	(79, 0.0013207267549012948)
79	79,0.0013207267549	(79, 0.0013207267549012948)
79	4,0.00132561595221	(79, 0.0013207267549012948)
79	40,0.00175152294367	(79, 0.0013207267549012948)
79	25,0.00234289785449	(79, 0.0013207267549012948)
79	56,0.00277422475376	(79, 0.0013207267549012948)
79	34,0.00281101864052	(79, 0.0013207267549012948)
79	15,0.00311061949978	(79, 0.0013207267549012948)
79	60,0.0033157023498	(79, 0.0013207267549012948)
79	148,0.00340490502424	(79, 0.0013207267549012948)
80	51,0.00479924033669	(80, 0.0054505143705418169)
80	80,0.00545051437054	(80, 0.0054505143705418169)
80	167,0.0074528380782	(80, 0.0054505143705418169)
80	32,0.00964104614268	(80, 0.0054505143705418169)
80	39,0.0115751737332	(80, 0.0054505143705418169)
80	27,0.0126219423765	(80, 0.0054505143705418169)
80	169,0.0127559790149	(80, 0.0054505143705418169)
80	160,0.0134362161888	(80, 0.0054505143705418169)
80	165,0.0134862758044	(80, 0.0054505143705418169)
80	58,0.0136151932696	(80, 0.0054505143705418169)
81	81,0.00141700037466	(81, 0.0014170003746618073)
81	3,0.00168670934697	(81, 0.0014170003746618073)
81	132,0.00197118611493	(81, 0.0014170003746618073)
81	77,0.0020758234137	(81, 0.0014170003746618073)
81	11,0.0021316005525	(81, 0.0014170003746618073)
81	22,0.00219817739614	(81, 0.0014170003746618073)
81	121,0.00222704983246	(81, 0.0014170003746618073)
81	117,0.00225795012811	(81, 0.0014170003746618073)
81	76,0.0023210598944	(81, 0.0014170003746618073)
81	151,0.00249215760005	(81, 0.0014170003746618073)
82	38,0.00398030572903	(82, 0.0062224194222068336)
82	12,0.00407865581875	(82, 0.0062224194222068336)
82	73,0.00410160487807	(82, 0.0062224194222068336)
82	24,0.00412289354986	(82, 0.0062224194222068336)
82	27,0.00443181747771	(82, 0.0062224194222068336)
82	105,0.00446821045723	(82, 0.0062224194222068336)
82	50,0.00468551911246	(82, 0.0062224194222068336)
82	13,0.00486275289546	(82, 0.0062224194222068336)
82	144,0.00495549222501	(82, 0.0062224194222068336)
82	14,0.00502788346723	(82, 0.0062224194222068336)
83	13,0.00177243726439	(83, 0.0024280499203593476)
83	155,0.00218651243604	(83, 0.0024280499203593476)
83	161,0.00235652326675	(83, 0.0024280499203593476)
83	65,0.00237502436639	(83, 0.0024280499203593476)
83	83,0.00242804992036	(83, 0.0024280499203593476)
83	71,0.00245113844903	(83, 0.0024280499203593476)
83	17,0.00247912431836	(83, 0.0024280499203593476)
83	11,0.00249793756956	(83, 0.0024280499203593476)
83	120,0.00272623564259	(83, 0.0024280499203593476)
83	136,0.00275093340707	(83, 0.0024280499203593476)
84	67,0.00592770104758	(84, 0.0060566704973420609)
84	84,0.00605667049734	(84, 0.0060566704973420609)
84	166,0.00615020878121	(84, 0.0060566704973420609)
84	169,0.00729359132978	(84, 0.0060566704973420609)
84	140,0.00831970873413	(84, 0.0060566704973420609)
84	99,0.00852302230003	(84, 0.0060566704973420609)
84	144,0.00900407565466	(84, 0.0060566704973420609)
84	156,0.0092345259296	(84, 0.0060566704973420609)
84	109,0.00929727151499	(84, 0.0060566704973420609)
84	72,0.00940767109555	(84, 0.0060566704973420609)
85	67,0.00556251274783	(85, 0.0075610141684615368)
85	85,0.00756101416846	(85, 0.0075610141684615368)
85	140,0.00832732271135	(85, 0.0075610141684615368)
85	166,0.00971015740159	(85, 0.0075610141684615368)
85	149,0.010295137789	(85, 0.0075610141684615368)
85	84,0.0107014975408	(85, 0.0075610141684615368)
85	169,0.0112976060864	(85, 0.0075610141684615368)
85	144,0.0120134558558	(85, 0.0075610141684615368)
85	99,0.0126091458255	(85, 0.0075610141684615368)
85	93,0.0130343315046	(85, 0.0075610141684615368)
86	86,0.00116820634955	(86, 0.0011682063495501078)
86	137,0.00154089965501	(86, 0.0011682063495501078)
86	162,0.00178499205303	(86, 0.0011682063495501078)
86	150,0.00178671806541	(86, 0.0011682063495501078)
86	11,0.00179968620546	(86, 0.0011682063495501078)
86	117,0.00180885210395	(86, 0.0011682063495501078)
86	3,0.00190111959469	(86, 0.0011682063495501078)
86	18,0.00192713589798	(86, 0.0011682063495501078)
86	76,0.00194612245301	(86, 0.0011682063495501078)
86	171,0.00200598352288	(86, 0.0011682063495501078)
87	26,0.00212534885619	(87, 0.0045139933712062975)
87	121,0.00219127433914	(87, 0.0045139933712062975)
87	78,0.0023001885704	(87, 0.0045139933712062975)
87	1,0.00247231342326	(87, 0.0045139933712062975)
87	61,0.00261479918851	(87, 0.0045139933712062975)
87	23,0.00276891603001	(87, 0.0045139933712062975)
87	20,0.00282170630448	(87, 0.0045139933712062975)
87	22,0.00299039270232	(87, 0.0045139933712062975)
87	71,0.00305185937739	(87, 0.0045139933712062975)
87	11,0.00307149631039	(87, 0.0045139933712062975)
88	76,0.00124507515309	(88, 0.0013409790834851135)
88	18,0.00128303199087	(88, 0.0013409790834851135)
88	147,0.0013019162102	(88, 0.0013409790834851135)
88	88,0.00134097908349	(88, 0.0013409790834851135)
88	63,0.00160227029139	(88, 0.0013409790834851135)
88	117,0.00163425983472	(88, 0.0013409790834851135)
88	22,0.0016840119214	(88, 0.0013409790834851135)
88	35,0.00176128130898	(88, 0.0013409790834851135)
88	139,0.0017899263346	(88, 0.0013409790834851135)
88	132,0.00190089317184	(88, 0.0013409790834851135)
89	155,0.00168570179513	(89, 0.0027608307702719002)
89	124,0.00205062356961	(89, 0.0027608307702719002)
89	53,0.0024359661755	(89, 0.0027608307702719002)
89	1,0.00273720285717	(89, 0.0027608307702719002)
89	89,0.00276083077027	(89, 0.0027608307702719002)
89	73,0.00312654955609	(89, 0.0027608307702719002)
89	20,0.00324684765091	(89, 0.0027608307702719002)
89	71,0.0033670324248	(89, 0.0027608307702719002)
89	65,0.00341782267899	(89, 0.0027608307702719002)
89	161,0.00348537457991	(89, 0.0027608307702719002)
90	90,0.000945260276308	(90, 0.00094526027630789688)
90	162,0.00181043767438	(90, 0.00094526027630789688)
90	81,0.00187766374689	(90, 0.00094526027630789688)
90	11,0.00196111651434	(90, 0.00094526027630789688)
90	137,0.00197177014565	(90, 0.00094526027630789688)
90	172,0.00207898039885	(90, 0.00094526027630789688)
90	96,0.00215169934763	(90, 0.00094526027630789688)
90	117,0.00236673958879	(90, 0.00094526027630789688)
90	136,0.00237642952962	(90, 0.00094526027630789688)
90	3,0.0024063817326	(90, 0.00094526027630789688)
91	133,0.00353611033587	(91, 0.0066010253579424014)
91	91,0.00660102535794	(91, 0.0066010253579424014)
91	130,0.00792673917355	(91, 0.0066010253579424014)
91	103,0.0105310553819	(91, 0.0066010253579424014)
91	51,0.0107754551995	(91, 0.0066010253579424014)
91	66,0.0110598711403	(91, 0.0066010253579424014)
91	34,0.0113834011343	(91, 0.0066010253579424014)
91	102,0.0121966898731	(91, 0.0066010253579424014)
91	101,0.0128407640539	(91, 0.0066010253579424014)
91	114,0.0128873646018	(91, 0.0066010253579424014)
92	78,0.00184003143853	(92, 0.0043154132943049126)
92	128,0.00242210247136	(92, 0.0043154132943049126)
92	12,0.00249951966435	(92, 0.0043154132943049126)
92	24,0.00256306090053	(92, 0.0043154132943049126)
92	61,0.00291340278292	(92, 0.0043154132943049126)
92	158,0.00294005978054	(92, 0.0043154132943049126)
92	26,0.00341004369148	(92, 0.0043154132943049126)
92	38,0.00341459259951	(92, 0.0043154132943049126)
92	145,0.00348278382089	(92, 0.0043154132943049126)
92	99,0.00353601257496	(92, 0.0043154132943049126)
93	132,0.00173714583421	(93, 0.0020240545757679372)
93	22,0.0017457268183	(93, 0.0020240545757679372)
93	93,0.00202405457577	(93, 0.0020240545757679372)
93	3,0.00214383045	(93, 0.0020240545757679372)
93	128,0.0022184570482	(93, 0.0020240545757679372)
93	12,0.00228967382309	(93, 0.0020240545757679372)
93	158,0.00230530733612	(93, 0.0020240545757679372)
93	76,0.0023339200409	(93, 0.0020240545757679372)
93	121,0.00237089964621	(93, 0.0020240545757679372)
93	171,0.00240859467859	(93, 0.0020240545757679372)
94	94,0.00215074725847	(94, 0.0021507472584679135)
94	83,0.00441200396466	(94, 0.0021507472584679135)
94	155,0.00540449600342	(94, 0.0021507472584679135)
94	15,0.00556289848782	(94, 0.0021507472584679135)
94	59,0.00606428596486	(94, 0.0021507472584679135)
94	120,0.00646699439399	(94, 0.0021507472584679135)
94	45,0.00656949668893	(94, 0.0021507472584679135)
94	161,0.00656996866793	(94, 0.0021507472584679135)
94	98,0.00682970629935	(94, 0.0021507472584679135)
94	65,0.00689271587373	(94, 0.0021507472584679135)
95	107,0.00241203264921	(95, 0.006513495540250284)
95	99,0.00274501547421	(95, 0.006513495540250284)
95	27,0.00349771183288	(95, 0.006513495540250284)
95	43,0.00353337712422	(95, 0.006513495540250284)
95	128,0.00365954982587	(95, 0.006513495540250284)
95	138,0.00376998709597	(95, 0.006513495540250284)
95	78,0.00391984204143	(95, 0.006513495540250284)
95	19,0.00392884016037	(95, 0.006513495540250284)
95	84,0.00430825275716	(95, 0.006513495540250284)
95	156,0.00433558898068	(95, 0.006513495540250284)
96	96,0.00112411072037	(96, 0.001124110720373469)
96	162,0.00218988145901	(96, 0.001124110720373469)
96	17,0.00219101057094	(96, 0.001124110720373469)
96	143,0.00227545900529	(96, 0.001124110720373469)
96	11,0.00230217033096	(96, 0.001124110720373469)
96	13,0.00232318446438	(96, 0.001124110720373469)
96	112,0.00266631965446	(96, 0.001124110720373469)
96	119,0.00281766216652	(96, 0.001124110720373469)
96	161,0.00305944351865	(96, 0.001124110720373469)
96	4,0.00307760756411	(96, 0.001124110720373469)
97	69,0.00158337304567	(97, 0.0039714820558713181)
97	40,0.00158995249875	(97, 0.0039714820558713181)
97	120,0.00176303074806	(97, 0.0039714820558713181)
97	172,0.00185657296528	(97, 0.0039714820558713181)
97	17,0.00196990944018	(97, 0.0039714820558713181)
97	79,0.00256862311506	(97, 0.0039714820558713181)
97	4,0.00262946869351	(97, 0.0039714820558713181)
97	56,0.00301517216103	(97, 0.0039714820558713181)
97	154,0.00326301514473	(97, 0.0039714820558713181)
97	15,0.0032788150657	(97, 0.0039714820558713181)
98	98,0.00109968617639	(98, 0.0010996861763862041)
98	15,0.00230014783022	(98, 0.0010996861763862041)
98	40,0.00236412818994	(98, 0.0010996861763862041)
98	25,0.0028622639776	(98, 0.0010996861763862041)
98	154,0.00302169113199	(98, 0.0010996861763862041)
98	172,0.00329746285046	(98, 0.0010996861763862041)
98	49,0.00332808604978	(98, 0.0010996861763862041)
98	174,0.00371915160395	(98, 0.0010996861763862041)
98	83,0.00379670395301	(98, 0.0010996861763862041)
98	4,0.00402066413182	(98, 0.0010996861763862041)
99	84,0.0024133509415	(99, 0.0034838339277933205)
99	144,0.00243244031215	(99, 0.0034838339277933205)
99	93,0.00261835632991	(99, 0.0034838339277933205)
99	109,0.00270542480695	(99, 0.0034838339277933205)
99	128,0.00276382910695	(99, 0.0034838339277933205)
99	159,0.00302082434114	(99, 0.0034838339277933205)
99	73,0.00312139649595	(99, 0.0034838339277933205)
99	78,0.00320342264512	(99, 0.0034838339277933205)
99	116,0.00329333517745	(99, 0.0034838339277933205)
99	12,0.00333820327388	(99, 0.0034838339277933205)
100	100,0.000964509844785	(100, 0.00096450984478536135)
100	21,0.00137337618993	(100, 0.00096450984478536135)
100	11,0.00159581298883	(100, 0.00096450984478536135)
100	77,0.00159718225282	(100, 0.00096450984478536135)
100	37,0.00179196584193	(100, 0.00096450984478536135)
100	74,0.00186081354527	(100, 0.00096450984478536135)
100	90,0.00187001412681	(100, 0.00096450984478536135)
100	3,0.00193414970684	(100, 0.00096450984478536135)
100	136,0.00199890930532	(100, 0.00096450984478536135)
100	71,0.00202186876281	(100, 0.00096450984478536135)
101	101,0.0029552024618	(101, 0.0029552024617985622)
101	1,0.00296095051683	(101, 0.0029552024617985622)
101	73,0.00301616898224	(101, 0.0029552024617985622)
101	13,0.00305078476392	(101, 0.0029552024617985622)
101	29,0.0032202435539	(101, 0.0029552024617985622)
101	124,0.00345387359226	(101, 0.0029552024617985622)
101	60,0.00345443292359	(101, 0.0029552024617985622)
101	69,0.00375477176368	(101, 0.0029552024617985622)
101	77,0.00387179245977	(101, 0.0029552024617985622)
101	71,0.00394631591205	(101, 0.0029552024617985622)
102	114,0.00362660718769	(102, 0.0041706787759669779)
102	91,0.0038401149057	(102, 0.0041706787759669779)
102	102,0.00417067877597	(102, 0.0041706787759669779)
102	41,0.00418571420957	(102, 0.0041706787759669779)
102	155,0.00453867160921	(102, 0.0041706787759669779)
102	53,0.00465509787577	(102, 0.0041706787759669779)
102	1,0.00468769638095	(102, 0.0041706787759669779)
102	101,0.0047446531864	(102, 0.0041706787759669779)
102	110,0.00490098078717	(102, 0.0041706787759669779)
102	103,0.00496981026701	(102, 0.0041706787759669779)
103	103,0.00314587570281	(103, 0.0031458757028145932)
103	73,0.0044927879288	(103, 0.0031458757028145932)
103	101,0.00496480151864	(103, 0.0031458757028145932)
103	93,0.00498920493303	(103, 0.0031458757028145932)
103	51,0.0052283094156	(103, 0.0031458757028145932)
103	30,0.00533963598303	(103, 0.0031458757028145932)
103	91,0.00535508755761	(103, 0.0031458757028145932)
103	39,0.00544531672927	(103, 0.0031458757028145932)
103	114,0.00597046108126	(103, 0.0031458757028145932)
103	107,0.00615230736167	(103, 0.0031458757028145932)
104	124,0.00182638433276	(104, 0.0039224016476797985)
104	119,0.0028158685995	(104, 0.0039224016476797985)
104	81,0.00286289700041	(104, 0.0039224016476797985)
104	93,0.00290829136477	(104, 0.0039224016476797985)
104	11,0.00292539433364	(104, 0.0039224016476797985)
104	73,0.00303095032832	(104, 0.0039224016476797985)
104	115,0.00312525523346	(104, 0.0039224016476797985)
104	3,0.00352012629151	(104, 0.0039224016476797985)
104	13,0.00364924249956	(104, 0.0039224016476797985)
104	37,0.00371785294603	(104, 0.0039224016476797985)
105	27,0.00316874197638	(105, 0.0049285734464819958)
105	43,0.00347476663798	(105, 0.0049285734464819958)
105	19,0.00365041496755	(105, 0.0049285734464819958)
105	38,0.00387159290038	(105, 0.0049285734464819958)
105	24,0.00400231207749	(105, 0.0049285734464819958)
105	99,0.00431391117985	(105, 0.0049285734464819958)
105	107,0.00441929844899	(105, 0.0049285734464819958)
105	50,0.00474322856166	(105, 0.0049285734464819958)
105	105,0.00492857344648	(105, 0.0049285734464819958)
105	73,0.00497260251008	(105, 0.0049285734464819958)
106	106,0.00208287504124	(106, 0.0020828750412368118)
106	116,0.0032259344124	(106, 0.0020828750412368118)
106	157,0.00385763261776	(106, 0.0020828750412368118)
106	93,0.00387926383888	(106, 0.0020828750412368118)
106	156,0.00405402688999	(106, 0.0020828750412368118)
106	174,0.00415713336069	(106, 0.0020828750412368118)
106	165,0.00432567910942	(106, 0.0020828750412368118)
106	172,0.00463835427579	(106, 0.0020828750412368118)
106	54,0.00474873156703	(106, 0.0020828750412368118)
106	13,0.00518521820676	(106, 0.0020828750412368118)
107	107,0.00203472112322	(107, 0.0020347211232232738)
107	139,0.00214908563518	(107, 0.0020347211232232738)
107	22,0.00222599346346	(107, 0.0020347211232232738)
107	128,0.00239029408432	(107, 0.0020347211232232738)
107	76,0.00246538661852	(107, 0.0020347211232232738)
107	77,0.00259927180216	(107, 0.0020347211232232738)
107	78,0.00263121374896	(107, 0.0020347211232232738)
107	158,0.00272114455165	(107, 0.0020347211232232738)
107	26,0.00276283357817	(107, 0.0020347211232232738)
107	171,0.00279363593344	(107, 0.0020347211232232738)
108	77,0.00195277009543	(108, 0.0053348959829365179)
108	174,0.00262322062437	(108, 0.0053348959829365179)
108	172,0.00277253740468	(108, 0.0053348959829365179)
108	4,0.00303580536327	(108, 0.0053348959829365179)
108	17,0.00319176062272	(108, 0.0053348959829365179)
108	49,0.00327486966695	(108, 0.0053348959829365179)
108	40,0.00329844911446	(108, 0.0053348959829365179)
108	15,0.003319241991	(108, 0.0053348959829365179)
108	100,0.00332575195988	(108, 0.0053348959829365179)
108	59,0.00365191398772	(108, 0.0053348959829365179)
109	159,0.00182356664183	(109, 0.0019235910471725121)
109	109,0.00192359104717	(109, 0.0019235910471725121)
109	134,0.00244286414057	(109, 0.0019235910471725121)
109	146,0.0027954338626	(109, 0.0019235910471725121)
109	128,0.00300246477103	(109, 0.0019235910471725121)
109	12,0.00305826729621	(109, 0.0019235910471725121)
109	152,0.00315401890733	(109, 0.0019235910471725121)
109	84,0.00331558202062	(109, 0.0019235910471725121)
109	14,0.00335932106711	(109, 0.0019235910471725121)
109	38,0.00355071504806	(109, 0.0019235910471725121)
110	11,0.00178213112297	(110, 0.0035084103529674877)
110	1,0.00190309098384	(110, 0.0035084103529674877)
110	121,0.00199218035813	(110, 0.0035084103529674877)
110	162,0.00223153111048	(110, 0.0035084103529674877)
110	3,0.00257081777625	(110, 0.0035084103529674877)
110	71,0.00261646748327	(110, 0.0035084103529674877)
110	68,0.00294359440519	(110, 0.0035084103529674877)
110	26,0.0030540187329	(110, 0.0035084103529674877)
110	155,0.00307311619724	(110, 0.0035084103529674877)
110	70,0.00308935002149	(110, 0.0035084103529674877)
111	73,0.00203043630574	(111, 0.0074921554064744768)
111	93,0.00216068554388	(111, 0.0074921554064744768)
111	124,0.00246662377543	(111, 0.0074921554064744768)
111	157,0.00250681744186	(111, 0.0074921554064744768)
111	101,0.00320778639707	(111, 0.0074921554064744768)
111	13,0.00321028456383	(111, 0.0074921554064744768)
111	128,0.00334517588068	(111, 0.0074921554064744768)
111	109,0.00356196521006	(111, 0.0074921554064744768)
111	78,0.00364188165671	(111, 0.0074921554064744768)
111	116,0.00386659451766	(111, 0.0074921554064744768)
112	11,0.00133480344945	(112, 0.0016682529361890088)
112	90,0.00140871263702	(112, 0.0016682529361890088)
112	112,0.00166825293619	(112, 0.0016682529361890088)
112	3,0.00167447090737	(112, 0.0016682529361890088)
112	162,0.00173432580575	(112, 0.0016682529361890088)
112	100,0.00181174823981	(112, 0.0016682529361890088)
112	21,0.00189150303662	(112, 0.0016682529361890088)
112	143,0.00202352799419	(112, 0.0016682529361890088)
112	71,0.00212490392295	(112, 0.0016682529361890088)
112	17,0.00216775374538	(112, 0.0016682529361890088)
113	113,0.00324730596644	(113, 0.0032473059664394886)
113	65,0.00423715836956	(113, 0.0032473059664394886)
113	130,0.00545940322957	(113, 0.0032473059664394886)
113	44,0.00646520022119	(113, 0.0032473059664394886)
113	155,0.00677113539294	(113, 0.0032473059664394886)
113	53,0.00724886820658	(113, 0.0032473059664394886)
113	161,0.00731150470026	(113, 0.0032473059664394886)
113	120,0.00766382437282	(113, 0.0032473059664394886)
113	97,0.00798458595626	(113, 0.0032473059664394886)
113	15,0.00815529504004	(113, 0.0032473059664394886)
114	114,0.00206536697396	(114, 0.0020653669739634103)
114	73,0.00258871508367	(114, 0.0020653669739634103)
114	53,0.00266325553879	(114, 0.0020653669739634103)
114	124,0.00282379325665	(114, 0.0020653669739634103)
114	140,0.00313997998801	(114, 0.0020653669739634103)
114	13,0.00337752105948	(114, 0.0020653669739634103)
114	157,0.00364197125235	(114, 0.0020653669739634103)
114	93,0.00377265605154	(114, 0.0020653669739634103)
114	104,0.00377491362575	(114, 0.0020653669739634103)
114	109,0.00416157592222	(114, 0.0020653669739634103)
115	119,0.00203295289706	(115, 0.0023732939446073596)
115	11,0.00218932105378	(115, 0.0023732939446073596)
115	115,0.00237329394461	(115, 0.0023732939446073596)
115	37,0.00262618088402	(115, 0.0023732939446073596)
115	96,0.00283202774819	(115, 0.0023732939446073596)
115	17,0.00293008950753	(115, 0.0023732939446073596)
115	4,0.00313678637617	(115, 0.0023732939446073596)
115	136,0.00314669093234	(115, 0.0023732939446073596)
115	81,0.00316093880939	(115, 0.0023732939446073596)
115	3,0.00328932915644	(115, 0.0023732939446073596)
116	116,0.00157447231226	(116, 0.0015744723122612303)
116	93,0.00186265854154	(116, 0.0015744723122612303)
116	109,0.00326837007449	(116, 0.0015744723122612303)
116	144,0.00339622513887	(116, 0.0015744723122612303)
116	73,0.00377135383725	(116, 0.0015744723122612303)
116	128,0.00403448033573	(116, 0.0015744723122612303)
116	156,0.00409375497245	(116, 0.0015744723122612303)
116	159,0.0041236045954	(116, 0.0015744723122612303)
116	131,0.0042365237837	(116, 0.0015744723122612303)
116	84,0.00431038219554	(116, 0.0015744723122612303)
117	117,0.000667953768502	(117, 0.00066795376850216207)
117	21,0.0016572346989	(117, 0.00066795376850216207)
117	71,0.00167954249785	(117, 0.00066795376850216207)
117	76,0.00185068615116	(117, 0.00066795376850216207)
117	22,0.00192564723956	(117, 0.00066795376850216207)
117	77,0.00208022408689	(117, 0.00066795376850216207)
117	121,0.00213431722869	(117, 0.00066795376850216207)
117	81,0.00216524557536	(117, 0.00066795376850216207)
117	11,0.00217716045004	(117, 0.00066795376850216207)
117	162,0.00222347260438	(117, 0.00066795376850216207)
118	33,0.00368711768411	(118, 0.0062930068599498694)
118	34,0.00616483903844	(118, 0.0062930068599498694)
118	118,0.00629300685995	(118, 0.0062930068599498694)
118	69,0.00708321124133	(118, 0.0062930068599498694)
118	113,0.00751339099681	(118, 0.0062930068599498694)
118	2,0.00781475249811	(118, 0.0062930068599498694)
118	130,0.00797209017904	(118, 0.0062930068599498694)
118	141,0.00825762220983	(118, 0.0062930068599498694)
118	45,0.00838705760604	(118, 0.0062930068599498694)
118	4,0.00859372032673	(118, 0.0062930068599498694)
119	120,0.0023097694956	(119, 0.0029911484879452332)
119	40,0.00281315299362	(119, 0.0029911484879452332)
119	4,0.00284135278878	(119, 0.0029911484879452332)
119	17,0.00290494123471	(119, 0.0029911484879452332)
119	97,0.00290939259587	(119, 0.0029911484879452332)
119	69,0.00296602191955	(119, 0.0029911484879452332)
119	119,0.00299114848795	(119, 0.0029911484879452332)
119	172,0.00309831254821	(119, 0.0029911484879452332)
119	124,0.00328263123527	(119, 0.0029911484879452332)
119	13,0.00348305234702	(119, 0.0029911484879452332)
120	120,0.00168300794389	(120, 0.0016830079438878358)
120	65,0.00249870691882	(120, 0.0016830079438878358)
120	44,0.00270939387424	(120, 0.0016830079438878358)
120	161,0.00304320246677	(120, 0.0016830079438878358)
120	97,0.00334232238576	(120, 0.0016830079438878358)
120	53,0.00341308107435	(120, 0.0016830079438878358)
120	155,0.00350571479318	(120, 0.0016830079438878358)
120	124,0.00374334973596	(120, 0.0016830079438878358)
120	83,0.00408114051782	(120, 0.0016830079438878358)
120	54,0.00414849125252	(120, 0.0016830079438878358)
121	121,0.00158845936422	(121, 0.0015884593642166284)
121	22,0.00193226815485	(121, 0.0015884593642166284)
121	26,0.00198727721037	(121, 0.0015884593642166284)
121	78,0.00202827579025	(121, 0.0015884593642166284)
121	1,0.00204385742171	(121, 0.0015884593642166284)
121	73,0.00253980694142	(121, 0.0015884593642166284)
121	61,0.0026124009083	(121, 0.0015884593642166284)
121	23,0.00268203431509	(121, 0.0015884593642166284)
121	128,0.00269288581052	(121, 0.0015884593642166284)
121	132,0.00277927157138	(121, 0.0015884593642166284)
122	122,0.00251369502793	(122, 0.0025136950279275407)
122	174,0.00274451564254	(122, 0.0025136950279275407)
122	154,0.00373617955345	(122, 0.0025136950279275407)
122	2,0.00397479036522	(122, 0.0025136950279275407)
122	69,0.00462834105818	(122, 0.0025136950279275407)
122	48,0.00516099971436	(122, 0.0025136950279275407)
122	4,0.00521208182437	(122, 0.0025136950279275407)
122	172,0.00539918709506	(122, 0.0025136950279275407)
122	56,0.00542034951991	(122, 0.0025136950279275407)
122	116,0.00544113412061	(122, 0.0025136950279275407)
123	172,0.00192850934964	(123, 0.0020216305028558602)
123	123,0.00202163050286	(123, 0.0020216305028558602)
123	81,0.00267526234491	(123, 0.0020216305028558602)
123	146,0.00302305050223	(123, 0.0020216305028558602)
123	40,0.00306674163603	(123, 0.0020216305028558602)
123	90,0.00311238960418	(123, 0.0020216305028558602)
123	119,0.00330301459039	(123, 0.0020216305028558602)
123	137,0.00345423765231	(123, 0.0020216305028558602)
123	37,0.00351959344024	(123, 0.0020216305028558602)
123	115,0.00353118948805	(123, 0.0020216305028558602)
124	124,0.0023358283068	(124, 0.0023358283068039922)
124	101,0.00379802763273	(124, 0.0023358283068039922)
124	73,0.00419707707222	(124, 0.0023358283068039922)
124	41,0.00429001110496	(124, 0.0023358283068039922)
124	53,0.00435159104003	(124, 0.0023358283068039922)
124	157,0.00457020315869	(124, 0.0023358283068039922)
124	155,0.00465986225636	(124, 0.0023358283068039922)
124	114,0.00472907139623	(124, 0.0023358283068039922)
124	13,0.00492491770902	(124, 0.0023358283068039922)
124	140,0.00503899903504	(124, 0.0023358283068039922)
125	13,0.00377904966019	(125, 0.0054514113489880292)
125	73,0.00482796959375	(125, 0.0054514113489880292)
125	65,0.0051935497015	(125, 0.0054514113489880292)
125	114,0.00523185806131	(125, 0.0054514113489880292)
125	155,0.0052441936165	(125, 0.0054514113489880292)
125	125,0.00545141134899	(125, 0.0054514113489880292)
125	41,0.00557994371904	(125, 0.0054514113489880292)
125	29,0.00584087289749	(125, 0.0054514113489880292)
125	61,0.0060186924364	(125, 0.0054514113489880292)
125	54,0.00601953149448	(125, 0.0054514113489880292)
126	126,0.00204930719019	(126, 0.002049307190187818)
126	81,0.00205288098329	(126, 0.002049307190187818)
126	3,0.00211397667357	(126, 0.002049307190187818)
126	121,0.0022728362995	(126, 0.002049307190187818)
126	119,0.00227899004199	(126, 0.002049307190187818)
126	11,0.0023459937097	(126, 0.002049307190187818)
126	132,0.00234639066593	(126, 0.002049307190187818)
126	151,0.0025699644633	(126, 0.002049307190187818)
126	128,0.00265990226463	(126, 0.002049307190187818)
126	12,0.00266290435462	(126, 0.002049307190187818)
127	17,0.00135454591198	(127, 0.0018958271519090365)
127	136,0.00152445135063	(127, 0.0018958271519090365)
127	74,0.00166273720358	(127, 0.0018958271519090365)
127	127,0.00189582715191	(127, 0.0018958271519090365)
127	59,0.00199733030251	(127, 0.0018958271519090365)
127	100,0.00203061469206	(127, 0.0018958271519090365)
127	77,0.00206670918824	(127, 0.0018958271519090365)
127	37,0.00218953660293	(127, 0.0018958271519090365)
127	49,0.00266259836607	(127, 0.0018958271519090365)
127	172,0.00319540433815	(127, 0.0018958271519090365)
128	128,0.00127649366362	(128, 0.0012764936636248435)
128	12,0.00186962062098	(128, 0.0012764936636248435)
128	139,0.00197036350801	(128, 0.0012764936636248435)
128	158,0.00219938297396	(128, 0.0012764936636248435)
128	22,0.00221742741574	(128, 0.0012764936636248435)
128	78,0.00245864976089	(128, 0.0012764936636248435)
128	18,0.00252773787677	(128, 0.0012764936636248435)
128	121,0.00254924871216	(128, 0.0012764936636248435)
128	159,0.00265316156001	(128, 0.0012764936636248435)
128	151,0.00266688103575	(128, 0.0012764936636248435)
129	49,0.0029489018324	(129, 0.004819677542106866)
129	98,0.00317893035947	(129, 0.004819677542106866)
129	59,0.0040686334106	(129, 0.004819677542106866)
129	100,0.00425616906139	(129, 0.004819677542106866)
129	83,0.00434555338023	(129, 0.004819677542106866)
129	77,0.00454995576652	(129, 0.004819677542106866)
129	15,0.00476321260932	(129, 0.004819677542106866)
129	129,0.00481967754211	(129, 0.004819677542106866)
129	94,0.00487762408566	(129, 0.004819677542106866)
129	25,0.00530250433338	(129, 0.004819677542106866)
130	130,0.00417696448254	(130, 0.0041769644825426664)
130	65,0.00444230702255	(130, 0.0041769644825426664)
130	13,0.00468946937259	(130, 0.0041769644825426664)
130	34,0.00484530166376	(130, 0.0041769644825426664)
130	28,0.00506686105279	(130, 0.0041769644825426664)
130	53,0.00514899078415	(130, 0.0041769644825426664)
130	91,0.00522039010401	(130, 0.0041769644825426664)
130	157,0.0053896159156	(130, 0.0041769644825426664)
130	73,0.0054833602051	(130, 0.0041769644825426664)
130	155,0.00557753752745	(130, 0.0041769644825426664)
131	116,0.00366144018927	(131, 0.0038134296068031009)
131	131,0.0038134296068	(131, 0.0038134296068031009)
131	166,0.00409940475866	(131, 0.0038134296068031009)
131	144,0.00454784826145	(131, 0.0038134296068031009)
131	72,0.00457305688426	(131, 0.0038134296068031009)
131	104,0.00501221092418	(131, 0.0038134296068031009)
131	84,0.00520173548474	(131, 0.0038134296068031009)
131	156,0.00534394556579	(131, 0.0038134296068031009)
131	73,0.00583080893998	(131, 0.0038134296068031009)
131	93,0.00602764368159	(131, 0.0038134296068031009)
132	132,0.00128630075534	(132, 0.001286300755338095)
132	139,0.00138514555839	(132, 0.001286300755338095)
132	18,0.0014827408408	(132, 0.001286300755338095)
132	22,0.00154860605709	(132, 0.001286300755338095)
132	46,0.00159036811634	(132, 0.001286300755338095)
132	146,0.00182173412686	(132, 0.001286300755338095)
132	158,0.00185291581408	(132, 0.001286300755338095)
132	76,0.00185413819547	(132, 0.001286300755338095)
132	151,0.00198205847653	(132, 0.001286300755338095)
132	171,0.00199539489207	(132, 0.001286300755338095)
133	133,0.00167916346865	(133, 0.0016791634686455763)
133	130,0.00416138279759	(133, 0.0016791634686455763)
133	34,0.00441559798875	(133, 0.0016791634686455763)
133	91,0.00504158685211	(133, 0.0016791634686455763)
133	103,0.00590394054915	(133, 0.0016791634686455763)
133	53,0.00626360545672	(133, 0.0016791634686455763)
133	65,0.00629936500582	(133, 0.0016791634686455763)
133	102,0.00636591678566	(133, 0.0016791634686455763)
133	114,0.00655044634689	(133, 0.0016791634686455763)
133	101,0.00692721616055	(133, 0.0016791634686455763)
134	128,0.00178548003749	(134, 0.0021497690239795676)
134	121,0.00182717501259	(134, 0.0021497690239795676)
134	134,0.00214976902398	(134, 0.0021497690239795676)
134	78,0.00218970568522	(134, 0.0021497690239795676)
134	18,0.00280046334569	(134, 0.0021497690239795676)
134	22,0.00282173522088	(134, 0.0021497690239795676)
134	109,0.00282314076067	(134, 0.0021497690239795676)
134	73,0.00306789409728	(134, 0.0021497690239795676)
134	12,0.0031033598561	(134, 0.0021497690239795676)
134	152,0.00321495600862	(134, 0.0021497690239795676)
135	147,0.00108631984633	(135, 0.0012542143345138641)
135	135,0.00125421433451	(135, 0.0012542143345138641)
135	76,0.00139220129207	(135, 0.0012542143345138641)
135	137,0.00152402006919	(135, 0.0012542143345138641)
135	63,0.00154832172563	(135, 0.0012542143345138641)
135	162,0.00174483597846	(135, 0.0012542143345138641)
135	171,0.00206736301129	(135, 0.0012542143345138641)
135	77,0.00208993018268	(135, 0.0012542143345138641)
135	117,0.00222103028239	(135, 0.0012542143345138641)
135	23,0.00233988664346	(135, 0.0012542143345138641)
136	136,0.00218504314051	(136, 0.0021850431405142185)
136	121,0.00249222337222	(136, 0.0021850431405142185)
136	11,0.00254189514351	(136, 0.0021850431405142185)
136	151,0.0027637612596	(136, 0.0021850431405142185)
136	126,0.00279988921939	(136, 0.0021850431405142185)
136	132,0.00288886283561	(136, 0.0021850431405142185)
136	54,0.00291404261034	(136, 0.0021850431405142185)
136	78,0.00298759073517	(136, 0.0021850431405142185)
136	3,0.00309224315657	(136, 0.0021850431405142185)
136	162,0.00317946503505	(136, 0.0021850431405142185)
137	137,0.0006203622109	(137, 0.00062036221090036939)
137	147,0.0010623334551	(137, 0.00062036221090036939)
137	63,0.0010652413834	(137, 0.00062036221090036939)
137	3,0.00142066500586	(137, 0.00062036221090036939)
137	171,0.00152801491828	(137, 0.00062036221090036939)
137	76,0.00160055853195	(137, 0.00062036221090036939)
137	90,0.0018605925209	(137, 0.00062036221090036939)
137	36,0.00188686587735	(137, 0.00062036221090036939)
137	117,0.00199305892128	(137, 0.00062036221090036939)
137	77,0.00205537755385	(137, 0.00062036221090036939)
138	78,0.0021671569716	(138, 0.0023038309849663838)
138	138,0.00230383098497	(138, 0.0023038309849663838)
138	128,0.00233256697231	(138, 0.0023038309849663838)
138	107,0.00244296421564	(138, 0.0023038309849663838)
138	158,0.00265441081512	(138, 0.0023038309849663838)
138	73,0.00358216059713	(138, 0.0023038309849663838)
138	99,0.00360468451221	(138, 0.0023038309849663838)
138	61,0.00370499629581	(138, 0.0023038309849663838)
138	159,0.00372541663228	(138, 0.0023038309849663838)
138	38,0.003738446059	(138, 0.0023038309849663838)
139	139,0.00065188711394	(139, 0.00065188711393988094)
139	46,0.00147346738601	(139, 0.00065188711393988094)
139	18,0.00176131295708	(139, 0.00065188711393988094)
139	151,0.00178785243432	(139, 0.00065188711393988094)
139	22,0.0021220160841	(139, 0.00065188711393988094)
139	76,0.00215143067025	(139, 0.00065188711393988094)
139	132,0.00217895453968	(139, 0.00065188711393988094)
139	35,0.00246116197183	(139, 0.00065188711393988094)
139	146,0.00250321338357	(139, 0.00065188711393988094)
139	171,0.00271782008585	(139, 0.00065188711393988094)
140	124,0.00281595533837	(140, 0.0038244586426790768)
140	73,0.00296206266865	(140, 0.0038244586426790768)
140	157,0.00306975607841	(140, 0.0038244586426790768)
140	93,0.00312771259221	(140, 0.0038244586426790768)
140	69,0.00322318551752	(140, 0.0038244586426790768)
140	53,0.0033186143878	(140, 0.0038244586426790768)
140	104,0.00377501791192	(140, 0.0038244586426790768)
140	140,0.00382445864268	(140, 0.0038244586426790768)
140	28,0.00405358382192	(140, 0.0038244586426790768)
140	114,0.00412657115016	(140, 0.0038244586426790768)
141	141,0.00538041913438	(141, 0.005380419134384265)
141	48,0.00645039678703	(141, 0.005380419134384265)
141	124,0.00659956490685	(141, 0.005380419134384265)
141	33,0.00714134072578	(141, 0.005380419134384265)
141	4,0.00725236393825	(141, 0.005380419134384265)
141	2,0.00750491028292	(141, 0.005380419134384265)
141	56,0.00751735175624	(141, 0.005380419134384265)
141	155,0.00752883006009	(141, 0.005380419134384265)
141	120,0.00757265940125	(141, 0.005380419134384265)
141	97,0.00757321907281	(141, 0.005380419134384265)
142	16,0.00356644762496	(142, 0.0087807639709499355)
142	61,0.00383202485572	(142, 0.0087807639709499355)
142	105,0.00404656051545	(142, 0.0087807639709499355)
142	38,0.00415151698383	(142, 0.0087807639709499355)
142	12,0.00416636444478	(142, 0.0087807639709499355)
142	73,0.00424534782985	(142, 0.0087807639709499355)
142	23,0.00438477500916	(142, 0.0087807639709499355)
142	78,0.00468531957866	(142, 0.0087807639709499355)
142	29,0.00479816350086	(142, 0.0087807639709499355)
142	162,0.0049046270857	(142, 0.0087807639709499355)
143	143,0.00100501464096	(143, 0.0010050146409589834)
143	3,0.00130092919147	(143, 0.0010050146409589834)
143	112,0.00143475212896	(143, 0.0010050146409589834)
143	11,0.00175068980055	(143, 0.0010050146409589834)
143	162,0.00175500213172	(143, 0.0010050146409589834)
143	90,0.00182963235021	(143, 0.0010050146409589834)
143	137,0.00194459877956	(143, 0.0010050146409589834)
143	150,0.0020278070962	(143, 0.0010050146409589834)
143	17,0.00205971546644	(143, 0.0010050146409589834)
143	21,0.0021205865246	(143, 0.0010050146409589834)
144	144,0.00204668353383	(144, 0.0020466835338308334)
144	14,0.0035605701092	(144, 0.0020466835338308334)
144	38,0.00374649825107	(144, 0.0020466835338308334)
144	12,0.00416576849033	(144, 0.0020466835338308334)
144	145,0.00452971930204	(144, 0.0020466835338308334)
144	116,0.00469401258501	(144, 0.0020466835338308334)
144	72,0.00487231571432	(144, 0.0020466835338308334)
144	159,0.0048948440212	(144, 0.0020466835338308334)
144	131,0.00502557130209	(144, 0.0020466835338308334)
144	156,0.0050327524167	(144, 0.0020466835338308334)
145	158,0.0024984185369	(145, 0.0025057416505724988)
145	145,0.00250574165057	(145, 0.0025057416505724988)
145	78,0.00260598010063	(145, 0.0025057416505724988)
145	128,0.00264287743386	(145, 0.0025057416505724988)
145	38,0.00278549160488	(145, 0.0025057416505724988)
145	24,0.00290423883244	(145, 0.0025057416505724988)
145	55,0.00316198495423	(145, 0.0025057416505724988)
145	12,0.0034337306925	(145, 0.0025057416505724988)
145	22,0.00371533934865	(145, 0.0025057416505724988)
145	14,0.00391810385993	(145, 0.0025057416505724988)
146	146,0.000838615900913	(146, 0.00083861590091259552)
146	159,0.00202070907577	(146, 0.00083861590091259552)
146	12,0.00264602094923	(146, 0.00083861590091259552)
146	137,0.00289101996465	(146, 0.00083861590091259552)
146	46,0.00301713715559	(146, 0.00083861590091259552)
146	18,0.00316176249403	(146, 0.00083861590091259552)
146	81,0.00322419611813	(146, 0.00083861590091259552)
146	132,0.0032251766171	(146, 0.00083861590091259552)
146	172,0.00324405223892	(146, 0.00083861590091259552)
146	3,0.003302552864	(146, 0.00083861590091259552)
147	76,0.000905242595413	(147, 0.0010618615696950712)
147	63,0.00102811807204	(147, 0.0010618615696950712)
147	147,0.0010618615697	(147, 0.0010618615696950712)
147	126,0.00147375278216	(147, 0.0010618615696950712)
147	132,0.00149779767426	(147, 0.0010618615696950712)
147	22,0.00153189555433	(147, 0.0010618615696950712)
147	3,0.00162106623868	(147, 0.0010618615696950712)
147	18,0.00162315055162	(147, 0.0010618615696950712)
147	151,0.00164985887991	(147, 0.0010618615696950712)
147	171,0.00168710375721	(147, 0.0010618615696950712)
148	148,0.0011612446509	(148, 0.0011612446508975005)
148	17,0.00133455936099	(148, 0.0011612446508975005)
148	143,0.00173217420699	(148, 0.0011612446508975005)
148	90,0.0020729258055	(148, 0.0011612446508975005)
148	100,0.00212388528553	(148, 0.0011612446508975005)
148	172,0.0027754798219	(148, 0.0011612446508975005)
148	49,0.00281716268744	(148, 0.0011612446508975005)
148	112,0.0028585310388	(148, 0.0011612446508975005)
148	37,0.00317193010491	(148, 0.0011612446508975005)
148	40,0.00322557855475	(148, 0.0011612446508975005)
149	149,0.00357559536613	(149, 0.0035755953661306809)
149	32,0.00562220788044	(149, 0.0035755953661306809)
149	169,0.00688003279693	(149, 0.0035755953661306809)
149	33,0.00755566261291	(149, 0.0035755953661306809)
149	165,0.0103159856305	(149, 0.0035755953661306809)
149	27,0.0103931883988	(149, 0.0035755953661306809)
149	156,0.0105895601282	(149, 0.0035755953661306809)
149	51,0.0107068344027	(149, 0.0035755953661306809)
149	111,0.0108716862544	(149, 0.0035755953661306809)
149	131,0.0115676360763	(149, 0.0035755953661306809)
150	3,0.00106340858502	(150, 0.0017440646446146898)
150	11,0.00114124442934	(150, 0.0017440646446146898)
150	162,0.0014290536633	(150, 0.0017440646446146898)
150	71,0.00144827552688	(150, 0.0017440646446146898)
150	121,0.00155894160206	(150, 0.0017440646446146898)
150	86,0.00171498905451	(150, 0.0017440646446146898)
150	150,0.00174406464461	(150, 0.0017440646446146898)
150	117,0.00189371225129	(150, 0.0017440646446146898)
150	63,0.00194754139601	(150, 0.0017440646446146898)
150	76,0.00203467268881	(150, 0.0017440646446146898)
151	121,0.00106567349129	(151, 0.0018048980033684744)
151	132,0.00179946332067	(151, 0.0018048980033684744)
151	151,0.00180489800337	(151, 0.0018048980033684744)
151	78,0.0019965643089	(151, 0.0018048980033684744)
151	70,0.00207174058559	(151, 0.0018048980033684744)
151	61,0.00209315689663	(151, 0.0018048980033684744)
151	22,0.00210461641239	(151, 0.0018048980033684744)
151	18,0.0023043907293	(151, 0.0018048980033684744)
151	162,0.00234397497694	(151, 0.0018048980033684744)
151	63,0.00242609464404	(151, 0.0018048980033684744)
152	152,0.00173841407871	(152, 0.0017384140787117942)
152	121,0.00204847095959	(152, 0.0017384140787117942)
152	18,0.00237755430451	(152, 0.0017384140787117942)
152	117,0.00253411046302	(152, 0.0017384140787117942)
152	88,0.00256558685192	(152, 0.0017384140787117942)
152	35,0.00264173453204	(152, 0.0017384140787117942)
152	22,0.00272226747414	(152, 0.0017384140787117942)
152	12,0.00272542274624	(152, 0.0017384140787117942)
152	139,0.00276311567735	(152, 0.0017384140787117942)
152	81,0.00304696495262	(152, 0.0017384140787117942)
153	133,0.00237072591807	(153, 0.004165893427958943)
153	153,0.00416589342796	(153, 0.004165893427958943)
153	34,0.00448846659987	(153, 0.004165893427958943)
153	91,0.00501388096758	(153, 0.004165893427958943)
153	130,0.00521955517243	(153, 0.004165893427958943)
153	102,0.00543829119708	(153, 0.004165893427958943)
153	103,0.00627330461392	(153, 0.004165893427958943)
153	95,0.00669050435648	(153, 0.004165893427958943)
153	1,0.00684239196779	(153, 0.004165893427958943)
153	28,0.00704007001999	(153, 0.004165893427958943)
154	154,0.000794547764648	(154, 0.00079454776464818878)
154	174,0.00231897545822	(154, 0.00079454776464818878)
154	40,0.00238791706523	(154, 0.00079454776464818878)
154	4,0.00286085855434	(154, 0.00079454776464818878)
154	69,0.00291718151788	(154, 0.00079454776464818878)
154	172,0.0030896950737	(154, 0.00079454776464818878)
154	56,0.00337745885136	(154, 0.00079454776464818878)
154	2,0.00362967272259	(154, 0.00079454776464818878)
154	15,0.00369884776537	(154, 0.00079454776464818878)
154	17,0.00391742132838	(154, 0.00079454776464818878)
155	71,0.00129098471944	(155, 0.0021477339088794619)
155	11,0.00193380303151	(155, 0.0021477339088794619)
155	155,0.00214773390888	(155, 0.0021477339088794619)
155	1,0.00218612367827	(155, 0.0021477339088794619)
155	162,0.00238585314452	(155, 0.0021477339088794619)
155	117,0.00261707481896	(155, 0.0021477339088794619)
155	77,0.00262828901661	(155, 0.0021477339088794619)
155	89,0.00305294351964	(155, 0.0021477339088794619)
155	73,0.00309576257152	(155, 0.0021477339088794619)
155	21,0.00309821357511	(155, 0.0021477339088794619)
156	156,0.00244359322588	(156, 0.0024435932258830839)
156	73,0.00253813877941	(156, 0.0024435932258830839)
156	144,0.00274979328854	(156, 0.0024435932258830839)
156	109,0.00287107372683	(156, 0.0024435932258830839)
156	27,0.00365696330432	(156, 0.0024435932258830839)
156	107,0.00370575450882	(156, 0.0024435932258830839)
156	50,0.00382378944864	(156, 0.0024435932258830839)
156	128,0.00399513799734	(156, 0.0024435932258830839)
156	38,0.00416276094217	(156, 0.0024435932258830839)
156	19,0.00421622086823	(156, 0.0024435932258830839)
157	22,0.00186613023577	(157, 0.0029841946825526883)
157	121,0.00220164926273	(157, 0.0029841946825526883)
157	78,0.0022361261992	(157, 0.0029841946825526883)
157	73,0.00223639280653	(157, 0.0029841946825526883)
157	128,0.00229192217984	(157, 0.0029841946825526883)
157	132,0.00237359344722	(157, 0.0029841946825526883)
157	158,0.00242891070236	(157, 0.0029841946825526883)
157	12,0.00248590785039	(157, 0.0029841946825526883)
157	126,0.00251681043218	(157, 0.0029841946825526883)
157	76,0.00264263624583	(157, 0.0029841946825526883)
158	77,0.00115962281778	(158, 0.0037973464110462908)
158	3,0.00153910595104	(158, 0.0037973464110462908)
158	37,0.00182567332027	(158, 0.0037973464110462908)
158	136,0.00192220584025	(158, 0.0037973464110462908)
158	171,0.00200309745302	(158, 0.0037973464110462908)
158	76,0.00201083622629	(158, 0.0037973464110462908)
158	11,0.00201180390615	(158, 0.0037973464110462908)
158	63,0.00210014665468	(158, 0.0037973464110462908)
158	147,0.0021222309678	(158, 0.0037973464110462908)
158	137,0.00222972416455	(158, 0.0037973464110462908)
159	146,0.00107295914173	(159, 0.0022123746226671674)
159	18,0.00194358240704	(159, 0.0022123746226671674)
159	137,0.00213712668941	(159, 0.0022123746226671674)
159	46,0.00217620391955	(159, 0.0022123746226671674)
159	3,0.00220687761908	(159, 0.0022123746226671674)
159	159,0.00221237462267	(159, 0.0022123746226671674)
159	150,0.00225569320213	(159, 0.0022123746226671674)
159	151,0.00227469000839	(159, 0.0022123746226671674)
159	63,0.00233385820738	(159, 0.0022123746226671674)
159	147,0.00233414834531	(159, 0.0022123746226671674)
160	164,0.00403037261049	(160, 0.01653433106145092)
160	27,0.00419876811651	(160, 0.01653433106145092)
160	38,0.00457080769981	(160, 0.01653433106145092)
160	105,0.00457375084012	(160, 0.01653433106145092)
160	73,0.00463357059919	(160, 0.01653433106145092)
160	43,0.004776404241	(160, 0.01653433106145092)
160	107,0.00491918525513	(160, 0.01653433106145092)
160	32,0.00518409206426	(160, 0.01653433106145092)
160	109,0.00519736752858	(160, 0.01653433106145092)
160	12,0.00528885188866	(160, 0.01653433106145092)
161	161,0.000809649775784	(161, 0.00080964977578400958)
161	65,0.00219626079589	(161, 0.00080964977578400958)
161	17,0.00283402391421	(161, 0.00080964977578400958)
161	44,0.00286128569087	(161, 0.00080964977578400958)
161	83,0.00297156433039	(161, 0.00080964977578400958)
161	155,0.00309019999102	(161, 0.00080964977578400958)
161	120,0.00341087001365	(161, 0.00080964977578400958)
161	68,0.00341301554596	(161, 0.00080964977578400958)
161	13,0.00344478291181	(161, 0.00080964977578400958)
161	100,0.00374995208587	(161, 0.00080964977578400958)
162	117,0.00150267342522	(162, 0.0015050975554808748)
162	162,0.00150509755548	(162, 0.0015050975554808748)
162	18,0.00156738836303	(162, 0.0015050975554808748)
162	76,0.00165899265235	(162, 0.0015050975554808748)
162	88,0.00183267161675	(162, 0.0015050975554808748)
162	121,0.00190165135716	(162, 0.0015050975554808748)
162	12,0.0020488341635	(162, 0.0015050975554808748)
162	81,0.00206461766628	(162, 0.0015050975554808748)
162	150,0.00207811250398	(162, 0.0015050975554808748)
162	147,0.00214232687084	(162, 0.0015050975554808748)
163	17,0.00226413500872	(163, 0.0029471362815180514)
163	172,0.0024191343743	(163, 0.0029471362815180514)
163	40,0.00255762166025	(163, 0.0029471362815180514)
163	3,0.00259614730528	(163, 0.0029471362815180514)
163	148,0.00271734118454	(163, 0.0029471362815180514)
163	100,0.00274320629687	(163, 0.0029471362815180514)
163	11,0.00277094726157	(163, 0.0029471362815180514)
163	37,0.00283478422016	(163, 0.0029471362815180514)
163	143,0.00289656501098	(163, 0.0029471362815180514)
163	163,0.00294713628152	(163, 0.0029471362815180514)
164	156,0.00274854851036	(164, 0.0038630430985567778)
164	27,0.00348217929367	(164, 0.0038630430985567778)
164	32,0.00385973890966	(164, 0.0038630430985567778)
164	164,0.00386304309856	(164, 0.0038630430985567778)
164	73,0.00399609265884	(164, 0.0038630430985567778)
164	131,0.00423339460366	(164, 0.0038630430985567778)
164	144,0.00446444746878	(164, 0.0038630430985567778)
164	109,0.00491075200094	(164, 0.0038630430985567778)
164	107,0.00541381639364	(164, 0.0038630430985567778)
164	116,0.00565889841891	(164, 0.0038630430985567778)
165	93,0.00276711095889	(165, 0.0036563796090424883)
165	157,0.00338750735871	(165, 0.0036563796090424883)
165	116,0.00352040497956	(165, 0.0036563796090424883)
165	165,0.00365637960904	(165, 0.0036563796090424883)
165	131,0.00407457794555	(165, 0.0036563796090424883)
165	144,0.00415444493209	(165, 0.0036563796090424883)
165	73,0.0041679444935	(165, 0.0036563796090424883)
165	124,0.00473022969545	(165, 0.0036563796090424883)
165	156,0.00481466431368	(165, 0.0036563796090424883)
165	27,0.00524163035718	(165, 0.0036563796090424883)
166	116,0.00370260016389	(166, 0.0053571417415287379)
166	124,0.00392771129833	(166, 0.0053571417415287379)
166	69,0.00425542610121	(166, 0.0053571417415287379)
166	144,0.00439725577958	(166, 0.0053571417415287379)
166	157,0.00490865490094	(166, 0.0053571417415287379)
166	13,0.0051086143541	(166, 0.0053571417415287379)
166	140,0.00513933611716	(166, 0.0053571417415287379)
166	123,0.00518341213208	(166, 0.0053571417415287379)
166	93,0.00526703207983	(166, 0.0053571417415287379)
166	104,0.00532567239605	(166, 0.0053571417415287379)
167	51,0.00390990542833	(167, 0.007351952134037127)
167	39,0.0040999783819	(167, 0.007351952134037127)
167	27,0.00602078012792	(167, 0.007351952134037127)
167	19,0.0064317942586	(167, 0.007351952134037127)
167	32,0.00689460349529	(167, 0.007351952134037127)
167	167,0.00735195213404	(167, 0.007351952134037127)
167	164,0.00773068898114	(167, 0.007351952134037127)
167	169,0.00795373787802	(167, 0.007351952134037127)
167	107,0.00813004303731	(167, 0.007351952134037127)
167	138,0.00817304466279	(167, 0.007351952134037127)
168	12,0.00278687400733	(168, 0.0028771465016584428)
168	168,0.00287714650166	(168, 0.0028771465016584428)
168	18,0.0029996347697	(168, 0.0028771465016584428)
168	151,0.0033416315948	(168, 0.0028771465016584428)
168	55,0.00346647374186	(168, 0.0028771465016584428)
168	121,0.00346962012751	(168, 0.0028771465016584428)
168	86,0.0035643785649	(168, 0.0028771465016584428)
168	105,0.00374907704734	(168, 0.0028771465016584428)
168	152,0.00376020557708	(168, 0.0028771465016584428)
168	23,0.00403765449108	(168, 0.0028771465016584428)
169	156,0.00381857805347	(169, 0.0040275291522898675)
169	169,0.00402752915229	(169, 0.0040275291522898675)
169	99,0.00421035936406	(169, 0.0040275291522898675)
169	144,0.00463710789844	(169, 0.0040275291522898675)
169	27,0.00478349212747	(169, 0.0040275291522898675)
169	109,0.00480764418769	(169, 0.0040275291522898675)
169	73,0.00497879119435	(169, 0.0040275291522898675)
169	170,0.0051743544069	(169, 0.0040275291522898675)
169	84,0.00525328417318	(169, 0.0040275291522898675)
169	19,0.0056170842626	(169, 0.0040275291522898675)
170	170,0.00248214481251	(170, 0.0024821448125079875)
170	99,0.00350046460324	(170, 0.0024821448125079875)
170	144,0.00415510823886	(170, 0.0024821448125079875)
170	27,0.00418472266446	(170, 0.0024821448125079875)
170	19,0.00441262196116	(170, 0.0024821448125079875)
170	73,0.00467977343811	(170, 0.0024821448125079875)
170	84,0.00516014829298	(170, 0.0024821448125079875)
170	140,0.00520982916321	(170, 0.0024821448125079875)
170	101,0.00525790050836	(170, 0.0024821448125079875)
170	109,0.00527363395545	(170, 0.0024821448125079875)
171	156,0.00303966024007	(171, 0.0091933626492262891)
171	27,0.00366337628701	(171, 0.0091933626492262891)
171	73,0.00373970528479	(171, 0.0091933626492262891)
171	164,0.00381014299197	(171, 0.0091933626492262891)
171	32,0.00399716605719	(171, 0.0091933626492262891)
171	107,0.00419632674005	(171, 0.0091933626492262891)
171	102,0.00482529758216	(171, 0.0091933626492262891)
171	95,0.00514721471672	(171, 0.0091933626492262891)
171	144,0.00526286953863	(171, 0.0091933626492262891)
171	19,0.00543507110573	(171, 0.0091933626492262891)
172	172,0.000575568808834	(172, 0.00057556880883422327)
172	137,0.00142304699438	(172, 0.00057556880883422327)
172	3,0.00160077034919	(172, 0.00057556880883422327)
172	77,0.00168960336074	(172, 0.00057556880883422327)
172	17,0.00195710409592	(172, 0.00057556880883422327)
172	171,0.00207473758738	(172, 0.00057556880883422327)
172	136,0.00214513982147	(172, 0.00057556880883422327)
172	37,0.0022073430524	(172, 0.00057556880883422327)
172	90,0.00235356218236	(172, 0.00057556880883422327)
172	81,0.00246968447851	(172, 0.00057556880883422327)
173	107,0.00283251255833	(173, 0.0051051259281766998)
173	158,0.00300113607547	(173, 0.0051051259281766998)
173	38,0.00325700104721	(173, 0.0051051259281766998)
173	24,0.0036598755504	(173, 0.0051051259281766998)
173	27,0.00379202604365	(173, 0.0051051259281766998)
173	78,0.00398805411755	(173, 0.0051051259281766998)
173	128,0.00403466391654	(173, 0.0051051259281766998)
173	61,0.00413020225753	(173, 0.0051051259281766998)
173	156,0.00454276844261	(173, 0.0051051259281766998)
173	138,0.00458485316704	(173, 0.0051051259281766998)
174	174,0.00118879343726	(174, 0.0011887934372631877)
174	56,0.00198749810715	(174, 0.0011887934372631877)
174	15,0.00215703684115	(174, 0.0011887934372631877)
174	120,0.00256005344784	(174, 0.0011887934372631877)
174	69,0.00295885060019	(174, 0.0011887934372631877)
174	17,0.00321846397792	(174, 0.0011887934372631877)
174	2,0.00322461511483	(174, 0.0011887934372631877)
174	4,0.00327066320265	(174, 0.0011887934372631877)
174	48,0.00384684978458	(174, 0.0011887934372631877)
174	154,0.00390986416259	(174, 0.0011887934372631877)
