0	0,1.32014258114e-40	(0, 1.3201425811380541e-40)
0	38,2.73265124539e-40	(0, 1.3201425811380541e-40)
0	84,3.1164535624e-40	(0, 1.3201425811380541e-40)
0	99,3.25508733063e-40	(0, 1.3201425811380541e-40)
0	173,3.25706582693e-40	(0, 1.3201425811380541e-40)
0	109,3.60669601235e-40	(0, 1.3201425811380541e-40)
0	27,3.60929756654e-40	(0, 1.3201425811380541e-40)
0	55,3.68683719689e-40	(0, 1.3201425811380541e-40)
0	43,3.74475473697e-40	(0, 1.3201425811380541e-40)
0	170,3.75753359966e-40	(0, 1.3201425811380541e-40)
1	1,7.62511594613e-41	(1, 7.6251159461257899e-41)
1	103,1.46663974459e-40	(1, 7.6251159461257899e-41)
1	102,1.48943660663e-40	(1, 7.6251159461257899e-41)
1	153,1.72758692149e-40	(1, 7.6251159461257899e-41)
1	28,1.73259134104e-40	(1, 7.6251159461257899e-41)
1	155,1.81592955103e-40	(1, 7.6251159461257899e-41)
1	83,1.94686101555e-40	(1, 7.6251159461257899e-41)
1	91,1.96991247125e-40	(1, 7.6251159461257899e-41)
1	41,2.01705625749e-40	(1, 7.6251159461257899e-41)
1	114,2.04966591424e-40	(1, 7.6251159461257899e-41)
2	4,1.05691872208e-40	(2, 1.6500026847791194e-40)
2	154,1.10392701451e-40	(2, 1.6500026847791194e-40)
2	69,1.42879004859e-40	(2, 1.6500026847791194e-40)
2	174,1.55551095779e-40	(2, 1.6500026847791194e-40)
2	2,1.65000268478e-40	(2, 1.6500026847791194e-40)
2	40,1.69355549477e-40	(2, 1.6500026847791194e-40)
2	172,1.88990556875e-40	(2, 1.6500026847791194e-40)
2	25,2.14491395777e-40	(2, 1.6500026847791194e-40)
2	116,2.37413589764e-40	(2, 1.6500026847791194e-40)
2	79,2.48587525986e-40	(2, 1.6500026847791194e-40)
3	3,4.34158593795e-41	(3, 4.3415859379466905e-41)
3	63,7.46699377107e-41	(3, 4.3415859379466905e-41)
3	81,8.04173800806e-41	(3, 4.3415859379466905e-41)
3	162,8.25673949049e-41	(3, 4.3415859379466905e-41)
3	150,8.68188515218e-41	(3, 4.3415859379466905e-41)
3	137,9.37419093803e-41	(3, 4.3415859379466905e-41)
3	146,9.65929130094e-41	(3, 4.3415859379466905e-41)
3	11,9.85616335265e-41	(3, 4.3415859379466905e-41)
3	86,1.01444101448e-40	(3, 4.3415859379466905e-41)
3	132,1.02566398063e-40	(3, 4.3415859379466905e-41)
4	172,8.1381604786e-41	(4, 1.0635081703626464e-40)
4	17,8.31486741888e-41	(4, 1.0635081703626464e-40)
4	37,9.62269513487e-41	(4, 1.0635081703626464e-40)
4	4,1.06350817036e-40	(4, 1.0635081703626464e-40)
4	13,1.08509338464e-40	(4, 1.0635081703626464e-40)
4	40,1.0880449746e-40	(4, 1.0635081703626464e-40)
4	69,1.14428631695e-40	(4, 1.0635081703626464e-40)
4	120,1.17042125536e-40	(4, 1.0635081703626464e-40)
4	174,1.26575092194e-40	(4, 1.0635081703626464e-40)
4	15,1.29369312334e-40	(4, 1.0635081703626464e-40)
5	73,9.80144891159e-41	(5, 3.7951816734534743e-40)
5	107,1.85711278801e-40	(5, 3.7951816734534743e-40)
5	93,1.93334386757e-40	(5, 3.7951816734534743e-40)
5	26,2.04023171919e-40	(5, 3.7951816734534743e-40)
5	95,2.05483330674e-40	(5, 3.7951816734534743e-40)
5	1,2.07522951345e-40	(5, 3.7951816734534743e-40)
5	124,2.09464760272e-40	(5, 3.7951816734534743e-40)
5	78,2.09517039696e-40	(5, 3.7951816734534743e-40)
5	158,2.20676904311e-40	(5, 3.7951816734534743e-40)
5	128,2.20835346131e-40	(5, 3.7951816734534743e-40)
6	46,5.80427046973e-41	(6, 6.6797990924924346e-41)
6	139,6.07827229324e-41	(6, 6.6797990924924346e-41)
6	6,6.67979909249e-41	(6, 6.6797990924924346e-41)
6	76,9.59641085997e-41	(6, 6.6797990924924346e-41)
6	171,1.07491174641e-40	(6, 6.6797990924924346e-41)
6	18,1.08338058861e-40	(6, 6.6797990924924346e-41)
6	22,1.10074267802e-40	(6, 6.6797990924924346e-41)
6	35,1.17179103122e-40	(6, 6.6797990924924346e-41)
6	158,1.22799213003e-40	(6, 6.6797990924924346e-41)
6	132,1.27302467763e-40	(6, 6.6797990924924346e-41)
7	66,4.93772463791e-40	(7, 7.2111014320833408e-40)
7	160,7.09437778837e-40	(7, 7.2111014320833408e-40)
7	7,7.21110143208e-40	(7, 7.2111014320833408e-40)
7	167,7.22730595317e-40	(7, 7.2111014320833408e-40)
7	80,7.29621872541e-40	(7, 7.2111014320833408e-40)
7	51,7.37660743673e-40	(7, 7.2111014320833408e-40)
7	32,7.40652939756e-40	(7, 7.2111014320833408e-40)
7	133,7.56538055705e-40	(7, 7.2111014320833408e-40)
7	169,7.64204528607e-40	(7, 7.2111014320833408e-40)
7	149,8.52539971491e-40	(7, 7.2111014320833408e-40)
8	11,7.7644671746e-41	(8, 1.5315942240507795e-40)
8	162,1.05967497835e-40	(8, 1.5315942240507795e-40)
8	121,1.12748320937e-40	(8, 1.5315942240507795e-40)
8	3,1.18752948111e-40	(8, 1.5315942240507795e-40)
8	71,1.28182002185e-40	(8, 1.5315942240507795e-40)
8	18,1.32430975372e-40	(8, 1.5315942240507795e-40)
8	73,1.36118439974e-40	(8, 1.5315942240507795e-40)
8	132,1.45769136933e-40	(8, 1.5315942240507795e-40)
8	77,1.47273884133e-40	(8, 1.5315942240507795e-40)
8	70,1.47473394234e-40	(8, 1.5315942240507795e-40)
9	9,1.29098258834e-40	(9, 1.2909825883434378e-40)
9	155,3.17796146861e-40	(9, 1.2909825883434378e-40)
9	114,3.50387867112e-40	(9, 1.2909825883434378e-40)
9	53,3.70071997996e-40	(9, 1.2909825883434378e-40)
9	91,3.96803766392e-40	(9, 1.2909825883434378e-40)
9	124,4.36048881167e-40	(9, 1.2909825883434378e-40)
9	41,4.73208366612e-40	(9, 1.2909825883434378e-40)
9	170,4.97832070416e-40	(9, 1.2909825883434378e-40)
9	28,4.99387193806e-40	(9, 1.2909825883434378e-40)
9	52,5.08651887381e-40	(9, 1.2909825883434378e-40)
10	10,1.93255633577e-40	(10, 1.9325563357684309e-40)
10	47,2.96577018845e-40	(10, 1.9325563357684309e-40)
10	167,4.49026791359e-40	(10, 1.9325563357684309e-40)
10	84,5.26383394347e-40	(10, 1.9325563357684309e-40)
10	99,5.29705040089e-40	(10, 1.9325563357684309e-40)
10	166,5.29987082645e-40	(10, 1.9325563357684309e-40)
10	173,5.58281808388e-40	(10, 1.9325563357684309e-40)
10	72,5.87948768608e-40	(10, 1.9325563357684309e-40)
10	138,5.94593898098e-40	(10, 1.9325563357684309e-40)
10	27,6.09214834248e-40	(10, 1.9325563357684309e-40)
11	11,4.56646257457e-41	(11, 4.566462574568387e-41)
11	119,9.34328169446e-41	(11, 4.566462574568387e-41)
11	81,1.06736076837e-40	(11, 4.566462574568387e-41)
11	3,1.14074439137e-40	(11, 4.566462574568387e-41)
11	115,1.21082074482e-40	(11, 4.566462574568387e-41)
11	96,1.31443289615e-40	(11, 4.566462574568387e-41)
11	37,1.31591965788e-40	(11, 4.566462574568387e-41)
11	13,1.50782733114e-40	(11, 4.566462574568387e-41)
11	112,1.60042685343e-40	(11, 4.566462574568387e-41)
11	71,1.61031378091e-40	(11, 4.566462574568387e-41)
12	12,5.48114723726e-41	(12, 5.4811472372604729e-41)
12	22,7.48784749224e-41	(12, 5.4811472372604729e-41)
12	126,7.81119775176e-41	(12, 5.4811472372604729e-41)
12	121,7.8892021179e-41	(12, 5.4811472372604729e-41)
12	151,7.89518021653e-41	(12, 5.4811472372604729e-41)
12	76,8.27689450301e-41	(12, 5.4811472372604729e-41)
12	86,8.31365013294e-41	(12, 5.4811472372604729e-41)
12	18,9.32872689407e-41	(12, 5.4811472372604729e-41)
12	146,9.34688783417e-41	(12, 5.4811472372604729e-41)
12	132,9.63813613337e-41	(12, 5.4811472372604729e-41)
13	11,7.92635425746e-41	(13, 1.0964905292843272e-40)
13	172,8.51258642544e-41	(13, 1.0964905292843272e-40)
13	81,8.72880309628e-41	(13, 1.0964905292843272e-40)
13	17,1.05560974166e-40	(13, 1.0964905292843272e-40)
13	3,1.08772947079e-40	(13, 1.0964905292843272e-40)
13	13,1.09649052928e-40	(13, 1.0964905292843272e-40)
13	162,1.09917425436e-40	(13, 1.0964905292843272e-40)
13	77,1.11085355696e-40	(13, 1.0964905292843272e-40)
13	90,1.11811167053e-40	(13, 1.0964905292843272e-40)
13	71,1.22846998158e-40	(13, 1.0964905292843272e-40)
14	14,9.24855715612e-41	(14, 9.2485571561190987e-41)
14	72,1.0837452723e-40	(14, 9.2485571561190987e-41)
14	159,1.43302936717e-40	(14, 9.2485571561190987e-41)
14	144,1.7016604157e-40	(14, 9.2485571561190987e-41)
14	145,2.04891179412e-40	(14, 9.2485571561190987e-41)
14	84,2.05077609542e-40	(14, 9.2485571561190987e-41)
14	109,2.10652160622e-40	(14, 9.2485571561190987e-41)
14	38,2.13117212585e-40	(14, 9.2485571561190987e-41)
14	116,2.26931546092e-40	(14, 9.2485571561190987e-41)
14	123,2.36504123117e-40	(14, 9.2485571561190987e-41)
15	15,4.6383054345e-41	(15, 4.6383054344978535e-41)
15	17,1.00306777071e-40	(15, 4.6383054344978535e-41)
15	56,1.09750346547e-40	(15, 4.6383054344978535e-41)
15	120,1.36050207427e-40	(15, 4.6383054344978535e-41)
15	148,1.39833789688e-40	(15, 4.6383054344978535e-41)
15	174,1.44737288689e-40	(15, 4.6383054344978535e-41)
15	69,1.46906182678e-40	(15, 4.6383054344978535e-41)
15	100,1.67338365779e-40	(15, 4.6383054344978535e-41)
15	59,1.72933491967e-40	(15, 4.6383054344978535e-41)
15	79,1.76509722443e-40	(15, 4.6383054344978535e-41)
16	16,1.27129993731e-40	(16, 1.2712999373054168e-40)
16	170,1.8688802157e-40	(16, 1.2712999373054168e-40)
16	19,2.12573135864e-40	(16, 1.2712999373054168e-40)
16	0,2.302680217e-40	(16, 1.2712999373054168e-40)
16	114,2.3813909214e-40	(16, 1.2712999373054168e-40)
16	140,2.40918350793e-40	(16, 1.2712999373054168e-40)
16	101,2.44687971181e-40	(16, 1.2712999373054168e-40)
16	27,2.45268128479e-40	(16, 1.2712999373054168e-40)
16	164,2.67423855333e-40	(16, 1.2712999373054168e-40)
16	144,2.75238685099e-40	(16, 1.2712999373054168e-40)
17	17,4.51504385238e-41	(17, 4.5150438523815028e-41)
17	172,6.20883279189e-41	(17, 4.5150438523815028e-41)
17	77,8.96936867026e-41	(17, 4.5150438523815028e-41)
17	90,9.53486313394e-41	(17, 4.5150438523815028e-41)
17	100,9.61458254254e-41	(17, 4.5150438523815028e-41)
17	143,9.99825641217e-41	(17, 4.5150438523815028e-41)
17	37,1.02295642422e-40	(17, 4.5150438523815028e-41)
17	3,1.07522725627e-40	(17, 4.5150438523815028e-41)
17	136,1.14555726964e-40	(17, 4.5150438523815028e-41)
17	49,1.2562120167e-40	(17, 4.5150438523815028e-41)
18	88,4.62125054822e-41	(18, 5.832090186757486e-41)
18	18,5.83209018676e-41	(18, 5.832090186757486e-41)
18	35,6.74356332656e-41	(18, 5.832090186757486e-41)
18	22,7.70325518519e-41	(18, 5.832090186757486e-41)
18	76,8.30966079977e-41	(18, 5.832090186757486e-41)
18	139,8.51854292883e-41	(18, 5.832090186757486e-41)
18	61,8.58348857823e-41	(18, 5.832090186757486e-41)
18	121,8.78485190592e-41	(18, 5.832090186757486e-41)
18	132,9.22467447108e-41	(18, 5.832090186757486e-41)
18	147,1.03998131308e-40	(18, 5.832090186757486e-41)
19	19,1.6656566535e-40	(19, 1.6656566535038747e-40)
19	27,1.81425803115e-40	(19, 1.6656566535038747e-40)
19	43,2.23209361192e-40	(19, 1.6656566535038747e-40)
19	99,2.39552273016e-40	(19, 1.6656566535038747e-40)
19	32,2.61623842771e-40	(19, 1.6656566535038747e-40)
19	58,2.88086578289e-40	(19, 1.6656566535038747e-40)
19	164,2.92955445962e-40	(19, 1.6656566535038747e-40)
19	39,3.10262882186e-40	(19, 1.6656566535038747e-40)
19	107,3.42362256081e-40	(19, 1.6656566535038747e-40)
19	84,3.54796309255e-40	(19, 1.6656566535038747e-40)
20	73,1.18955513347e-40	(20, 1.4293516329285111e-40)
20	20,1.42935163293e-40	(20, 1.4293516329285111e-40)
20	124,1.49572957051e-40	(20, 1.4293516329285111e-40)
20	109,1.77117380586e-40	(20, 1.4293516329285111e-40)
20	157,1.79003266578e-40	(20, 1.4293516329285111e-40)
20	41,1.85401391617e-40	(20, 1.4293516329285111e-40)
20	101,1.86093574407e-40	(20, 1.4293516329285111e-40)
20	93,1.87316904575e-40	(20, 1.4293516329285111e-40)
20	1,1.89894309285e-40	(20, 1.4293516329285111e-40)
20	128,1.90212215376e-40	(20, 1.4293516329285111e-40)
21	121,5.70363822241e-41	(21, 1.4040474229537921e-40)
21	23,8.17311806902e-41	(21, 1.4040474229537921e-40)
21	71,8.4327295818e-41	(21, 1.4040474229537921e-40)
21	22,8.64139687333e-41	(21, 1.4040474229537921e-40)
21	162,9.36978417158e-41	(21, 1.4040474229537921e-40)
21	11,9.39943099597e-41	(21, 1.4040474229537921e-40)
21	117,9.46892326955e-41	(21, 1.4040474229537921e-40)
21	61,9.56352144649e-41	(21, 1.4040474229537921e-40)
21	76,1.04910307885e-40	(21, 1.4040474229537921e-40)
21	132,1.23534866017e-40	(21, 1.4040474229537921e-40)
22	22,5.92323612119e-41	(22, 5.9232361211937666e-41)
22	117,6.75490470299e-41	(22, 5.9232361211937666e-41)
22	139,6.83817888265e-41	(22, 5.9232361211937666e-41)
22	76,7.06306062192e-41	(22, 5.9232361211937666e-41)
22	132,7.70027623006e-41	(22, 5.9232361211937666e-41)
22	46,7.86518269209e-41	(22, 5.9232361211937666e-41)
22	3,8.9517092491e-41	(22, 5.9232361211937666e-41)
22	137,9.25041639765e-41	(22, 5.9232361211937666e-41)
22	171,9.26346545408e-41	(22, 5.9232361211937666e-41)
22	18,9.67905303712e-41	(22, 5.9232361211937666e-41)
23	23,7.43281409201e-41	(23, 7.4328140920138286e-41)
23	61,7.46948999181e-41	(23, 7.4328140920138286e-41)
23	26,1.33056936785e-40	(23, 7.4328140920138286e-41)
23	70,1.5323036941e-40	(23, 7.4328140920138286e-41)
23	121,1.73825485692e-40	(23, 7.4328140920138286e-41)
23	63,1.80890831943e-40	(23, 7.4328140920138286e-41)
23	147,1.87399796567e-40	(23, 7.4328140920138286e-41)
23	68,1.88229723158e-40	(23, 7.4328140920138286e-41)
23	78,1.92085850688e-40	(23, 7.4328140920138286e-41)
23	76,2.00058118476e-40	(23, 7.4328140920138286e-41)
24	24,5.37784625754e-41	(24, 5.3778462575414942e-41)
24	107,1.62324327437e-40	(24, 5.3778462575414942e-41)
24	27,1.72663057488e-40	(24, 5.3778462575414942e-41)
24	61,1.82455508944e-40	(24, 5.3778462575414942e-41)
24	158,1.9380578981e-40	(24, 5.3778462575414942e-41)
24	135,1.99612055188e-40	(24, 5.3778462575414942e-41)
24	22,2.09141382533e-40	(24, 5.3778462575414942e-41)
24	50,2.13070188401e-40	(24, 5.3778462575414942e-41)
24	23,2.16209987633e-40	(24, 5.3778462575414942e-41)
24	73,2.17553232965e-40	(24, 5.3778462575414942e-41)
25	40,8.08889868989e-41	(25, 8.4760375332284673e-41)
25	15,8.41340741607e-41	(25, 8.4760375332284673e-41)
25	25,8.47603753323e-41	(25, 8.4760375332284673e-41)
25	69,8.61984420795e-41	(25, 8.4760375332284673e-41)
25	4,1.03435282563e-40	(25, 8.4760375332284673e-41)
25	148,1.24109805698e-40	(25, 8.4760375332284673e-41)
25	79,1.36639818936e-40	(25, 8.4760375332284673e-41)
25	172,1.50612113765e-40	(25, 8.4760375332284673e-41)
25	17,1.54301461763e-40	(25, 8.4760375332284673e-41)
25	56,1.59945938795e-40	(25, 8.4760375332284673e-41)
26	76,5.60396702295e-41	(26, 1.0445186256939381e-40)
26	121,5.74025083515e-41	(26, 1.0445186256939381e-40)
26	22,6.22285962233e-41	(26, 1.0445186256939381e-40)
26	23,6.87470480239e-41	(26, 1.0445186256939381e-40)
26	61,7.41496931804e-41	(26, 1.0445186256939381e-40)
26	63,8.05345091559e-41	(26, 1.0445186256939381e-40)
26	132,8.30080074994e-41	(26, 1.0445186256939381e-40)
26	18,8.51266271849e-41	(26, 1.0445186256939381e-40)
26	3,9.20938090942e-41	(26, 1.0445186256939381e-40)
26	162,9.41224638908e-41	(26, 1.0445186256939381e-40)
27	78,1.16298516905e-40	(27, 1.6977801856426625e-40)
27	61,1.41737349819e-40	(27, 1.6977801856426625e-40)
27	121,1.46558084486e-40	(27, 1.6977801856426625e-40)
27	107,1.50515679691e-40	(27, 1.6977801856426625e-40)
27	26,1.5373109001e-40	(27, 1.6977801856426625e-40)
27	128,1.54180031576e-40	(27, 1.6977801856426625e-40)
27	73,1.56455672071e-40	(27, 1.6977801856426625e-40)
27	101,1.60091404557e-40	(27, 1.6977801856426625e-40)
27	170,1.61085582113e-40	(27, 1.6977801856426625e-40)
27	27,1.69778018564e-40	(27, 1.6977801856426625e-40)
28	13,1.16005943877e-40	(28, 1.4122674819465734e-40)
28	1,1.22711667044e-40	(28, 1.4122674819465734e-40)
28	28,1.41226748195e-40	(28, 1.4122674819465734e-40)
28	73,1.53084979448e-40	(28, 1.4122674819465734e-40)
28	3,1.54687026859e-40	(28, 1.4122674819465734e-40)
28	114,1.80217610542e-40	(28, 1.4122674819465734e-40)
28	65,1.8171039511e-40	(28, 1.4122674819465734e-40)
28	93,1.83696257513e-40	(28, 1.4122674819465734e-40)
28	157,1.83903748492e-40	(28, 1.4122674819465734e-40)
28	26,1.86946035409e-40	(28, 1.4122674819465734e-40)
29	29,5.94206192137e-41	(29, 5.9420619213740229e-41)
29	77,8.39780833726e-41	(29, 5.9420619213740229e-41)
29	71,1.14926973928e-40	(29, 5.9420619213740229e-41)
29	135,1.21339908354e-40	(29, 5.9420619213740229e-41)
29	13,1.21839316868e-40	(29, 5.9420619213740229e-41)
29	1,1.36553265522e-40	(29, 5.9420619213740229e-41)
29	73,1.4119065362e-40	(29, 5.9420619213740229e-41)
29	3,1.43300584884e-40	(29, 5.9420619213740229e-41)
29	172,1.48501587005e-40	(29, 5.9420619213740229e-41)
29	76,1.49624219683e-40	(29, 5.9420619213740229e-41)
30	30,1.7671105963e-40	(30, 1.767110596298554e-40)
30	28,2.14017773673e-40	(30, 1.767110596298554e-40)
30	91,2.47762855201e-40	(30, 1.767110596298554e-40)
30	53,2.48466631904e-40	(30, 1.767110596298554e-40)
30	51,2.66586352789e-40	(30, 1.767110596298554e-40)
30	103,2.76632283978e-40	(30, 1.767110596298554e-40)
30	133,3.22732785417e-40	(30, 1.767110596298554e-40)
30	124,3.22950604965e-40	(30, 1.767110596298554e-40)
30	1,3.33569255087e-40	(30, 1.767110596298554e-40)
30	130,3.34356629756e-40	(30, 1.767110596298554e-40)
31	31,2.12407392607e-40	(31, 2.1240739260660425e-40)
31	166,2.20242954731e-40	(31, 2.1240739260660425e-40)
31	72,2.69291816899e-40	(31, 2.1240739260660425e-40)
31	116,2.69951827646e-40	(31, 2.1240739260660425e-40)
31	69,2.98786556202e-40	(31, 2.1240739260660425e-40)
31	131,3.04617241256e-40	(31, 2.1240739260660425e-40)
31	124,3.07277643057e-40	(31, 2.1240739260660425e-40)
31	48,3.12969844599e-40	(31, 2.1240739260660425e-40)
31	104,3.15627284699e-40	(31, 2.1240739260660425e-40)
31	144,3.1583832787e-40	(31, 2.1240739260660425e-40)
32	32,1.48920092179e-40	(32, 1.4892009217877438e-40)
32	156,1.49740507388e-40	(32, 1.4892009217877438e-40)
32	27,1.64328899366e-40	(32, 1.4892009217877438e-40)
32	73,2.24962395073e-40	(32, 1.4892009217877438e-40)
32	50,2.47138680933e-40	(32, 1.4892009217877438e-40)
32	164,2.52831567398e-40	(32, 1.4892009217877438e-40)
32	131,2.56204849855e-40	(32, 1.4892009217877438e-40)
32	107,2.64304627794e-40	(32, 1.4892009217877438e-40)
32	165,2.83880411813e-40	(32, 1.4892009217877438e-40)
32	106,3.07298348214e-40	(32, 1.4892009217877438e-40)
33	33,1.0103764644e-40	(33, 1.01037646439922e-40)
33	4,1.81311323156e-40	(33, 1.01037646439922e-40)
33	69,2.10606156236e-40	(33, 1.01037646439922e-40)
33	106,2.28296810534e-40	(33, 1.01037646439922e-40)
33	116,2.33687834517e-40	(33, 1.01037646439922e-40)
33	40,2.54446203027e-40	(33, 1.01037646439922e-40)
33	28,2.57368754593e-40	(33, 1.01037646439922e-40)
33	2,2.68505177088e-40	(33, 1.01037646439922e-40)
33	13,2.73077073809e-40	(33, 1.01037646439922e-40)
33	124,2.77574134607e-40	(33, 1.01037646439922e-40)
34	15,7.62209801374e-41	(34, 2.1488851112043334e-40)
34	69,1.03651712726e-40	(34, 2.1488851112043334e-40)
34	17,1.0536028693e-40	(34, 2.1488851112043334e-40)
34	120,1.18203897303e-40	(34, 2.1488851112043334e-40)
34	148,1.20037776133e-40	(34, 2.1488851112043334e-40)
34	40,1.23159387231e-40	(34, 2.1488851112043334e-40)
34	4,1.2697920806e-40	(34, 2.1488851112043334e-40)
34	83,1.29718906251e-40	(34, 2.1488851112043334e-40)
34	174,1.31860389159e-40	(34, 2.1488851112043334e-40)
34	172,1.34556251211e-40	(34, 2.1488851112043334e-40)
35	35,5.13951077322e-41	(35, 5.139510773224467e-41)
35	88,7.93993612823e-41	(35, 5.139510773224467e-41)
35	18,9.57368468073e-41	(35, 5.139510773224467e-41)
35	22,1.34901709975e-40	(35, 5.139510773224467e-41)
35	12,1.41280325467e-40	(35, 5.139510773224467e-41)
35	38,1.44518848449e-40	(35, 5.139510773224467e-41)
35	121,1.46948055146e-40	(35, 5.139510773224467e-41)
35	139,1.46965361779e-40	(35, 5.139510773224467e-41)
35	61,1.55508670532e-40	(35, 5.139510773224467e-41)
35	158,1.59924106839e-40	(35, 5.139510773224467e-41)
36	147,4.73345026682e-41	(36, 5.4423029430408297e-41)
36	76,4.81377452155e-41	(36, 5.4423029430408297e-41)
36	36,5.44230294304e-41	(36, 5.4423029430408297e-41)
36	46,5.8363668408e-41	(36, 5.4423029430408297e-41)
36	63,6.68050434778e-41	(36, 5.4423029430408297e-41)
36	171,6.84237884744e-41	(36, 5.4423029430408297e-41)
36	18,6.89066274931e-41	(36, 5.4423029430408297e-41)
36	88,9.63736672282e-41	(36, 5.4423029430408297e-41)
36	137,1.00024793019e-40	(36, 5.4423029430408297e-41)
36	132,1.0072414681e-40	(36, 5.4423029430408297e-41)
37	3,5.36694918183e-41	(37, 7.4490993270938074e-41)
37	77,6.10691541256e-41	(37, 7.4490993270938074e-41)
37	100,6.62817564403e-41	(37, 7.4490993270938074e-41)
37	37,7.44909932709e-41	(37, 7.4490993270938074e-41)
37	11,9.33984220172e-41	(37, 7.4490993270938074e-41)
37	17,9.56883189291e-41	(37, 7.4490993270938074e-41)
37	172,9.89152565212e-41	(37, 7.4490993270938074e-41)
37	136,1.02370466401e-40	(37, 7.4490993270938074e-41)
37	21,1.10895446653e-40	(37, 7.4490993270938074e-41)
37	71,1.12743119764e-40	(37, 7.4490993270938074e-41)
38	38,4.78707644644e-41	(38, 4.7870764464445697e-41)
38	14,1.1332001824e-40	(38, 4.7870764464445697e-41)
38	12,1.21643324694e-40	(38, 4.7870764464445697e-41)
38	55,1.44739318293e-40	(38, 4.7870764464445697e-41)
38	50,1.87099753806e-40	(38, 4.7870764464445697e-41)
38	159,1.91838563975e-40	(38, 4.7870764464445697e-41)
38	43,1.9715952251e-40	(38, 4.7870764464445697e-41)
38	144,2.01571283644e-40	(38, 4.7870764464445697e-41)
38	128,2.04481834182e-40	(38, 4.7870764464445697e-41)
38	105,2.06796663695e-40	(38, 4.7870764464445697e-41)
39	39,1.13253879304e-40	(39, 1.1325387930367185e-40)
39	51,2.38971996413e-40	(39, 1.1325387930367185e-40)
39	169,2.49249148784e-40	(39, 1.1325387930367185e-40)
39	99,2.5538870181e-40	(39, 1.1325387930367185e-40)
39	27,2.56090879725e-40	(39, 1.1325387930367185e-40)
39	156,2.59968395624e-40	(39, 1.1325387930367185e-40)
39	84,2.64682443877e-40	(39, 1.1325387930367185e-40)
39	101,2.93315853282e-40	(39, 1.1325387930367185e-40)
39	138,2.98579139614e-40	(39, 1.1325387930367185e-40)
39	107,3.03088882624e-40	(39, 1.1325387930367185e-40)
40	40,6.31551505278e-41	(40, 6.3155150527824346e-41)
40	148,1.11086026218e-40	(40, 6.3155150527824346e-41)
40	79,1.13516618667e-40	(40, 6.3155150527824346e-41)
40	172,1.1494387742e-40	(40, 6.3155150527824346e-41)
40	4,1.22770152365e-40	(40, 6.3155150527824346e-41)
40	69,1.2426451181e-40	(40, 6.3155150527824346e-41)
40	25,1.25462805853e-40	(40, 6.3155150527824346e-41)
40	100,1.41477669232e-40	(40, 6.3155150527824346e-41)
40	77,1.47230757771e-40	(40, 6.3155150527824346e-41)
40	15,1.49722521801e-40	(40, 6.3155150527824346e-41)
41	41,1.0096456759e-40	(41, 1.0096456758977209e-40)
41	155,1.56462895827e-40	(41, 1.0096456758977209e-40)
41	91,1.98304411097e-40	(41, 1.0096456758977209e-40)
41	1,2.07329407426e-40	(41, 1.0096456758977209e-40)
41	20,2.32732057022e-40	(41, 1.0096456758977209e-40)
41	124,2.54186208562e-40	(41, 1.0096456758977209e-40)
41	102,2.67622269393e-40	(41, 1.0096456758977209e-40)
41	28,2.71515177559e-40	(41, 1.0096456758977209e-40)
41	101,2.77375898266e-40	(41, 1.0096456758977209e-40)
41	53,3.02215886941e-40	(41, 1.0096456758977209e-40)
42	163,2.28898159834e-40	(42, 4.3392245851567299e-40)
42	69,2.90378821973e-40	(42, 4.3392245851567299e-40)
42	28,2.95520770002e-40	(42, 4.3392245851567299e-40)
42	53,2.9589657637e-40	(42, 4.3392245851567299e-40)
42	97,2.97596352939e-40	(42, 4.3392245851567299e-40)
42	65,3.04904558473e-40	(42, 4.3392245851567299e-40)
42	140,3.05918879323e-40	(42, 4.3392245851567299e-40)
42	44,3.15728215388e-40	(42, 4.3392245851567299e-40)
42	34,3.22330070325e-40	(42, 4.3392245851567299e-40)
42	120,3.40759978009e-40	(42, 4.3392245851567299e-40)
43	22,8.30465171455e-41	(43, 1.5376008199657066e-40)
43	128,9.52359443398e-41	(43, 1.5376008199657066e-40)
43	12,9.67206434205e-41	(43, 1.5376008199657066e-40)
43	121,9.96037443022e-41	(43, 1.5376008199657066e-40)
43	78,9.98199982946e-41	(43, 1.5376008199657066e-40)
43	50,1.04271675049e-40	(43, 1.5376008199657066e-40)
43	158,1.07174129562e-40	(43, 1.5376008199657066e-40)
43	61,1.08708765006e-40	(43, 1.5376008199657066e-40)
43	107,1.12311217899e-40	(43, 1.5376008199657066e-40)
43	18,1.21728139949e-40	(43, 1.5376008199657066e-40)
44	116,1.23822700258e-40	(44, 4.5377842126892663e-40)
44	109,1.25991444293e-40	(44, 4.5377842126892663e-40)
44	124,1.38952894027e-40	(44, 4.5377842126892663e-40)
44	93,1.58833541752e-40	(44, 4.5377842126892663e-40)
44	73,1.69942726341e-40	(44, 4.5377842126892663e-40)
44	123,1.81603157239e-40	(44, 4.5377842126892663e-40)
44	144,1.99094297457e-40	(44, 4.5377842126892663e-40)
44	159,2.06988813604e-40	(44, 4.5377842126892663e-40)
44	84,2.07963764136e-40	(44, 4.5377842126892663e-40)
44	115,2.11762759818e-40	(44, 4.5377842126892663e-40)
45	45,2.42832154693e-40	(45, 2.4283215469257987e-40)
45	130,2.56060875342e-40	(45, 2.4283215469257987e-40)
45	133,3.28022012872e-40	(45, 2.4283215469257987e-40)
45	129,3.56592283721e-40	(45, 2.4283215469257987e-40)
45	94,4.00054064493e-40	(45, 2.4283215469257987e-40)
45	113,4.03878585352e-40	(45, 2.4283215469257987e-40)
45	34,4.32600387442e-40	(45, 2.4283215469257987e-40)
45	53,4.4296719763e-40	(45, 2.4283215469257987e-40)
45	118,4.50236586789e-40	(45, 2.4283215469257987e-40)
45	65,4.90049503042e-40	(45, 2.4283215469257987e-40)
46	46,2.95689909352e-41	(46, 2.9568990935207067e-41)
46	36,5.26170478281e-41	(46, 2.9568990935207067e-41)
46	137,6.05982714957e-41	(46, 2.9568990935207067e-41)
46	171,6.30259631214e-41	(46, 2.9568990935207067e-41)
46	76,8.19625569427e-41	(46, 2.9568990935207067e-41)
46	6,9.26564040997e-41	(46, 2.9568990935207067e-41)
46	147,1.00046299199e-40	(46, 2.9568990935207067e-41)
46	139,1.07493399413e-40	(46, 2.9568990935207067e-41)
46	146,1.11218202007e-40	(46, 2.9568990935207067e-41)
46	63,1.11296440359e-40	(46, 2.9568990935207067e-41)
47	47,1.68875561917e-40	(47, 1.688755619173201e-40)
47	10,2.47999318632e-40	(47, 1.688755619173201e-40)
47	99,3.06386313409e-40	(47, 1.688755619173201e-40)
47	43,3.66480400163e-40	(47, 1.688755619173201e-40)
47	19,3.71887951094e-40	(47, 1.688755619173201e-40)
47	173,3.90991195548e-40	(47, 1.688755619173201e-40)
47	27,3.91867564715e-40	(47, 1.688755619173201e-40)
47	138,3.96535130283e-40	(47, 1.688755619173201e-40)
47	167,3.98358664229e-40	(47, 1.688755619173201e-40)
47	58,4.0681489696e-40	(47, 1.688755619173201e-40)
48	56,1.0718221042e-40	(48, 1.1599299944601506e-40)
48	48,1.15992999446e-40	(48, 1.1599299944601506e-40)
48	120,1.31206502442e-40	(48, 1.1599299944601506e-40)
48	69,1.31599974675e-40	(48, 1.1599299944601506e-40)
48	40,1.57578972813e-40	(48, 1.1599299944601506e-40)
48	4,1.6417351441e-40	(48, 1.1599299944601506e-40)
48	97,1.67858860274e-40	(48, 1.1599299944601506e-40)
48	124,1.74484560485e-40	(48, 1.1599299944601506e-40)
48	174,1.84027640015e-40	(48, 1.1599299944601506e-40)
48	154,2.01114728e-40	(48, 1.1599299944601506e-40)
49	49,8.11343639161e-41	(49, 8.1134363916063605e-41)
49	59,9.15594173545e-41	(49, 8.1134363916063605e-41)
49	15,1.16344866602e-40	(49, 8.1134363916063605e-41)
49	17,1.31395507939e-40	(49, 8.1134363916063605e-41)
49	100,1.34582011811e-40	(49, 8.1134363916063605e-41)
49	98,1.37159467816e-40	(49, 8.1134363916063605e-41)
49	77,1.46075834514e-40	(49, 8.1134363916063605e-41)
49	172,1.64102960102e-40	(49, 8.1134363916063605e-41)
49	83,1.68549830225e-40	(49, 8.1134363916063605e-41)
49	174,1.75993032186e-40	(49, 8.1134363916063605e-41)
50	50,5.5333326755e-41	(50, 5.5333326754954896e-41)
50	12,1.31799191124e-40	(50, 5.5333326754954896e-41)
50	107,1.47323119195e-40	(50, 5.5333326754954896e-41)
50	171,1.52678649862e-40	(50, 5.5333326754954896e-41)
50	158,1.76720974516e-40	(50, 5.5333326754954896e-41)
50	76,1.77421414427e-40	(50, 5.5333326754954896e-41)
50	22,1.83886224998e-40	(50, 5.5333326754954896e-41)
50	38,1.84181770758e-40	(50, 5.5333326754954896e-41)
50	128,1.88301449408e-40	(50, 5.5333326754954896e-41)
50	46,2.00320662447e-40	(50, 5.5333326754954896e-41)
51	124,6.27598348175e-41	(51, 3.9387667537888794e-40)
51	73,1.42171227286e-40	(51, 3.9387667537888794e-40)
51	155,1.47046649466e-40	(51, 3.9387667537888794e-40)
51	53,1.58143783522e-40	(51, 3.9387667537888794e-40)
51	157,1.68053969715e-40	(51, 3.9387667537888794e-40)
51	28,1.91503173346e-40	(51, 3.9387667537888794e-40)
51	93,2.03318482017e-40	(51, 3.9387667537888794e-40)
51	116,2.06280648979e-40	(51, 3.9387667537888794e-40)
51	41,2.14788929407e-40	(51, 3.9387667537888794e-40)
51	104,2.20037415991e-40	(51, 3.9387667537888794e-40)
52	44,1.43287641175e-40	(52, 6.1937759574984625e-40)
52	53,1.47900965758e-40	(52, 6.1937759574984625e-40)
52	13,1.53174073962e-40	(52, 6.1937759574984625e-40)
52	161,1.64218228352e-40	(52, 6.1937759574984625e-40)
52	163,1.6549715399e-40	(52, 6.1937759574984625e-40)
52	11,1.69635940105e-40	(52, 6.1937759574984625e-40)
52	124,1.79694711116e-40	(52, 6.1937759574984625e-40)
52	155,1.82677557485e-40	(52, 6.1937759574984625e-40)
52	114,1.82788397661e-40	(52, 6.1937759574984625e-40)
52	65,1.91469261753e-40	(52, 6.1937759574984625e-40)
53	65,7.91434936845e-41	(53, 1.5570039492578061e-40)
53	161,1.35110441925e-40	(53, 1.5570039492578061e-40)
53	44,1.42531755262e-40	(53, 1.5570039492578061e-40)
53	120,1.48215245357e-40	(53, 1.5570039492578061e-40)
53	155,1.52463754986e-40	(53, 1.5570039492578061e-40)
53	53,1.55700394926e-40	(53, 1.5570039492578061e-40)
53	34,1.77517393894e-40	(53, 1.5570039492578061e-40)
53	163,1.88224332073e-40	(53, 1.5570039492578061e-40)
53	113,1.97749522279e-40	(53, 1.5570039492578061e-40)
53	13,2.03791690235e-40	(53, 1.5570039492578061e-40)
54	136,5.75294715045e-41	(54, 8.2595152997272005e-41)
54	54,8.25951529973e-41	(54, 8.2595152997272005e-41)
54	3,9.2563052186e-41	(54, 8.2595152997272005e-41)
54	137,9.92445070601e-41	(54, 8.2595152997272005e-41)
54	37,1.07928283421e-40	(54, 8.2595152997272005e-41)
54	63,1.10720401273e-40	(54, 8.2595152997272005e-41)
54	77,1.11290115764e-40	(54, 8.2595152997272005e-41)
54	147,1.11613629694e-40	(54, 8.2595152997272005e-41)
54	162,1.16870361109e-40	(54, 8.2595152997272005e-41)
54	11,1.18562586597e-40	(54, 8.2595152997272005e-41)
55	12,7.45723299358e-41	(55, 1.075174740431464e-40)
55	159,9.25083812283e-41	(55, 1.075174740431464e-40)
55	38,9.84347025092e-41	(55, 1.075174740431464e-40)
55	55,1.07517474043e-40	(55, 1.075174740431464e-40)
55	152,1.31230002948e-40	(55, 1.075174740431464e-40)
55	128,1.37794896088e-40	(55, 1.075174740431464e-40)
55	134,1.38756119495e-40	(55, 1.075174740431464e-40)
55	109,1.40973392088e-40	(55, 1.075174740431464e-40)
55	121,1.43871537765e-40	(55, 1.075174740431464e-40)
55	18,1.45016152151e-40	(55, 1.075174740431464e-40)
56	56,6.94662713613e-41	(56, 6.9466271361329821e-41)
56	15,1.17953736376e-40	(56, 6.9466271361329821e-41)
56	120,1.23890813955e-40	(56, 6.9466271361329821e-41)
56	69,1.83290291035e-40	(56, 6.9466271361329821e-41)
56	174,1.84784274385e-40	(56, 6.9466271361329821e-41)
56	48,1.95762280435e-40	(56, 6.9466271361329821e-41)
56	113,1.99195960764e-40	(56, 6.9466271361329821e-41)
56	2,2.00397278304e-40	(56, 6.9466271361329821e-41)
56	4,2.15608893122e-40	(56, 6.9466271361329821e-41)
56	97,2.25667526919e-40	(56, 6.9466271361329821e-41)
57	57,1.33931202178e-40	(57, 1.3393120217789687e-40)
57	122,2.90097913919e-40	(57, 1.3393120217789687e-40)
57	174,3.62337649185e-40	(57, 1.3393120217789687e-40)
57	15,3.76808909918e-40	(57, 1.3393120217789687e-40)
57	56,4.03219321374e-40	(57, 1.3393120217789687e-40)
57	113,4.10445855543e-40	(57, 1.3393120217789687e-40)
57	108,4.21031339734e-40	(57, 1.3393120217789687e-40)
57	120,4.38884474184e-40	(57, 1.3393120217789687e-40)
57	2,4.50620987754e-40	(57, 1.3393120217789687e-40)
57	59,4.62034372703e-40	(57, 1.3393120217789687e-40)
58	24,1.1962990149e-40	(58, 4.2152790615297292e-40)
58	107,1.42068645265e-40	(58, 4.2152790615297292e-40)
58	27,1.54310148644e-40	(58, 4.2152790615297292e-40)
58	50,1.66645246947e-40	(58, 4.2152790615297292e-40)
58	43,2.02818984253e-40	(58, 4.2152790615297292e-40)
58	61,2.14236735261e-40	(58, 4.2152790615297292e-40)
58	38,2.24754957786e-40	(58, 4.2152790615297292e-40)
58	158,2.25896518332e-40	(58, 4.2152790615297292e-40)
58	105,2.28321072874e-40	(58, 4.2152790615297292e-40)
58	12,2.33424420443e-40	(58, 4.2152790615297292e-40)
59	15,1.67384795209e-40	(59, 2.5011142232473226e-40)
59	83,1.99383118589e-40	(59, 2.5011142232473226e-40)
59	65,2.1676059156e-40	(59, 2.5011142232473226e-40)
59	94,2.19071757248e-40	(59, 2.5011142232473226e-40)
59	120,2.19765819284e-40	(59, 2.5011142232473226e-40)
59	113,2.21810538925e-40	(59, 2.5011142232473226e-40)
59	59,2.50111422325e-40	(59, 2.5011142232473226e-40)
59	34,2.506420452e-40	(59, 2.5011142232473226e-40)
59	97,2.54620751362e-40	(59, 2.5011142232473226e-40)
59	161,2.56566317187e-40	(59, 2.5011142232473226e-40)
60	60,8.36408888042e-41	(60, 8.3640888804203738e-41)
60	69,9.58314528743e-41	(60, 8.3640888804203738e-41)
60	40,1.08058894717e-40	(60, 8.3640888804203738e-41)
60	79,1.41655628265e-40	(60, 8.3640888804203738e-41)
60	25,1.54056004039e-40	(60, 8.3640888804203738e-41)
60	34,1.55014684472e-40	(60, 8.3640888804203738e-41)
60	15,1.55818429268e-40	(60, 8.3640888804203738e-41)
60	4,1.61038392658e-40	(60, 8.3640888804203738e-41)
60	56,2.03654013592e-40	(60, 8.3640888804203738e-41)
60	172,2.06974024418e-40	(60, 8.3640888804203738e-41)
61	61,5.35928612744e-41	(61, 5.3592861274359794e-41)
61	23,7.18454221455e-41	(61, 5.3592861274359794e-41)
61	26,7.6560051848e-41	(61, 5.3592861274359794e-41)
61	162,1.12490254647e-40	(61, 5.3592861274359794e-41)
61	121,1.13874394629e-40	(61, 5.3592861274359794e-41)
61	76,1.28133277566e-40	(61, 5.3592861274359794e-41)
61	63,1.2918614998e-40	(61, 5.3592861274359794e-41)
61	135,1.30014594773e-40	(61, 5.3592861274359794e-41)
61	147,1.30715608888e-40	(61, 5.3592861274359794e-41)
61	68,1.3337555849e-40	(61, 5.3592861274359794e-41)
62	26,9.67860392315e-41	(62, 1.4581922457752047e-40)
62	78,1.03780897884e-40	(62, 1.4581922457752047e-40)
62	73,1.09722738428e-40	(62, 1.4581922457752047e-40)
62	61,1.28423794215e-40	(62, 1.4581922457752047e-40)
62	107,1.28951088031e-40	(62, 1.4581922457752047e-40)
62	62,1.45819224578e-40	(62, 1.4581922457752047e-40)
62	121,1.50482516702e-40	(62, 1.4581922457752047e-40)
62	22,1.55837479564e-40	(62, 1.4581922457752047e-40)
62	128,1.5846713225e-40	(62, 1.4581922457752047e-40)
62	158,1.58516709085e-40	(62, 1.4581922457752047e-40)
63	3,6.29685810408e-41	(63, 8.6099303690955507e-41)
63	77,7.63114791171e-41	(63, 8.6099303690955507e-41)
63	63,8.6099303691e-41	(63, 8.6099303690955507e-41)
63	11,9.39228283998e-41	(63, 8.6099303690955507e-41)
63	162,1.00577283204e-40	(63, 8.6099303690955507e-41)
63	37,1.02603184123e-40	(63, 8.6099303690955507e-41)
63	132,1.10298703929e-40	(63, 8.6099303690955507e-41)
63	147,1.12487556261e-40	(63, 8.6099303690955507e-41)
63	70,1.12805347429e-40	(63, 8.6099303690955507e-41)
63	171,1.16486432014e-40	(63, 8.6099303690955507e-41)
64	64,2.41326158847e-40	(64, 2.413261588470421e-40)
64	45,5.25643773881e-40	(64, 2.413261588470421e-40)
64	118,5.49600028611e-40	(64, 2.413261588470421e-40)
64	130,5.86256590954e-40	(64, 2.413261588470421e-40)
64	33,6.62285862335e-40	(64, 2.413261588470421e-40)
64	133,7.11109110482e-40	(64, 2.413261588470421e-40)
64	113,7.55715257438e-40	(64, 2.413261588470421e-40)
64	34,7.96166910096e-40	(64, 2.413261588470421e-40)
64	94,8.42469261903e-40	(64, 2.413261588470421e-40)
64	141,8.82284443684e-40	(64, 2.413261588470421e-40)
65	161,8.55567861099e-41	(65, 8.7325668974022372e-41)
65	65,8.7325668974e-41	(65, 8.7325668974022372e-41)
65	68,1.06541908533e-40	(65, 8.7325668974022372e-41)
65	83,1.1459347856e-40	(65, 8.7325668974022372e-41)
65	59,1.46520863222e-40	(65, 8.7325668974022372e-41)
65	155,1.64626563819e-40	(65, 8.7325668974022372e-41)
65	44,1.76204809351e-40	(65, 8.7325668974022372e-41)
65	100,1.76809791867e-40	(65, 8.7325668974022372e-41)
65	13,1.80010598656e-40	(65, 8.7325668974022372e-41)
65	1,1.80269223325e-40	(65, 8.7325668974022372e-41)
66	66,2.94824239141e-40	(66, 2.9482423914060121e-40)
66	130,6.03774917312e-40	(66, 2.9482423914060121e-40)
66	133,6.85419710755e-40	(66, 2.9482423914060121e-40)
66	140,7.35039345491e-40	(66, 2.9482423914060121e-40)
66	118,7.50727637981e-40	(66, 2.9482423914060121e-40)
66	91,7.90825969422e-40	(66, 2.9482423914060121e-40)
66	33,8.17190265279e-40	(66, 2.9482423914060121e-40)
66	141,8.44613760285e-40	(66, 2.9482423914060121e-40)
66	169,8.84125848049e-40	(66, 2.9482423914060121e-40)
66	149,9.25552825803e-40	(66, 2.9482423914060121e-40)
67	67,2.26738153491e-40	(67, 2.2673815349068999e-40)
67	169,2.61935870324e-40	(67, 2.2673815349068999e-40)
67	149,2.67384575783e-40	(67, 2.2673815349068999e-40)
67	93,2.75632788173e-40	(67, 2.2673815349068999e-40)
67	84,2.79685581682e-40	(67, 2.2673815349068999e-40)
67	116,2.86037240971e-40	(67, 2.2673815349068999e-40)
67	28,2.94608883703e-40	(67, 2.2673815349068999e-40)
67	30,3.07040462198e-40	(67, 2.2673815349068999e-40)
67	140,3.09670755346e-40	(67, 2.2673815349068999e-40)
67	156,3.30446202849e-40	(67, 2.2673815349068999e-40)
68	68,6.89929938391e-41	(68, 6.8992993839134253e-41)
68	23,1.26729610942e-40	(68, 6.8992993839134253e-41)
68	61,1.30632825094e-40	(68, 6.8992993839134253e-41)
68	70,1.59137982789e-40	(68, 6.8992993839134253e-41)
68	26,1.59830924963e-40	(68, 6.8992993839134253e-41)
68	135,1.83255253312e-40	(68, 6.8992993839134253e-41)
68	63,1.86883863874e-40	(68, 6.8992993839134253e-41)
68	71,1.93289420932e-40	(68, 6.8992993839134253e-41)
68	162,1.96591464919e-40	(68, 6.8992993839134253e-41)
68	77,1.97727365951e-40	(68, 6.8992993839134253e-41)
69	15,2.87127079022e-40	(69, 3.2980620569281015e-40)
69	69,3.29806205693e-40	(69, 3.2980620569281015e-40)
69	174,3.30895366494e-40	(69, 3.2980620569281015e-40)
69	48,3.31903841941e-40	(69, 3.2980620569281015e-40)
69	122,3.3225184936e-40	(69, 3.2980620569281015e-40)
69	56,3.34727121721e-40	(69, 3.2980620569281015e-40)
69	154,3.3565062913e-40	(69, 3.2980620569281015e-40)
69	113,3.44604336032e-40	(69, 3.2980620569281015e-40)
69	4,3.797441359e-40	(69, 3.2980620569281015e-40)
69	97,3.87459259521e-40	(69, 3.2980620569281015e-40)
70	121,9.89586394307e-41	(70, 1.2146979310588573e-40)
70	3,9.96151244888e-41	(70, 1.2146979310588573e-40)
70	117,1.06197997743e-40	(70, 1.2146979310588573e-40)
70	11,1.09651934319e-40	(70, 1.2146979310588573e-40)
70	77,1.11703676175e-40	(70, 1.2146979310588573e-40)
70	162,1.15230773136e-40	(70, 1.2146979310588573e-40)
70	70,1.21469793106e-40	(70, 1.2146979310588573e-40)
70	21,1.25764104227e-40	(70, 1.2146979310588573e-40)
70	81,1.27969003485e-40	(70, 1.2146979310588573e-40)
70	71,1.28347014954e-40	(70, 1.2146979310588573e-40)
71	91,1.6631071525e-40	(71, 4.9136792581521419e-40)
71	133,2.51080294534e-40	(71, 4.9136792581521419e-40)
71	41,2.73321159641e-40	(71, 4.9136792581521419e-40)
71	101,2.77714078942e-40	(71, 4.9136792581521419e-40)
71	155,2.88940622945e-40	(71, 4.9136792581521419e-40)
71	102,3.00806348759e-40	(71, 4.9136792581521419e-40)
71	28,3.03072977084e-40	(71, 4.9136792581521419e-40)
71	1,3.17139749583e-40	(71, 4.9136792581521419e-40)
71	53,3.19351086601e-40	(71, 4.9136792581521419e-40)
71	124,3.33635793025e-40	(71, 4.9136792581521419e-40)
72	174,1.25341324733e-40	(72, 8.4643286170232098e-40)
72	17,1.38056006076e-40	(72, 8.4643286170232098e-40)
72	172,1.44606026116e-40	(72, 8.4643286170232098e-40)
72	148,1.69547030108e-40	(72, 8.4643286170232098e-40)
72	143,1.71712325275e-40	(72, 8.4643286170232098e-40)
72	100,1.82927031952e-40	(72, 8.4643286170232098e-40)
72	77,1.8526642767e-40	(72, 8.4643286170232098e-40)
72	59,1.90603451101e-40	(72, 8.4643286170232098e-40)
72	49,1.91488689995e-40	(72, 8.4643286170232098e-40)
72	37,2.04200784772e-40	(72, 8.4643286170232098e-40)
73	73,8.88433312707e-41	(73, 8.8843331270742028e-41)
73	157,1.13598705889e-40	(73, 8.8843331270742028e-41)
73	13,1.39707298038e-40	(73, 8.8843331270742028e-41)
73	124,1.60487395068e-40	(73, 8.8843331270742028e-41)
73	53,1.61359698936e-40	(73, 8.8843331270742028e-41)
73	93,1.77161979614e-40	(73, 8.8843331270742028e-41)
73	27,1.84801541686e-40	(73, 8.8843331270742028e-41)
73	116,2.02863544162e-40	(73, 8.8843331270742028e-41)
73	114,2.18660743851e-40	(73, 8.8843331270742028e-41)
73	156,2.2624912931e-40	(73, 8.8843331270742028e-41)
74	17,6.3866885205e-41	(74, 7.0142518941216951e-41)
74	74,7.01425189412e-41	(74, 7.0142518941216951e-41)
74	100,7.33246064358e-41	(74, 7.0142518941216951e-41)
74	136,8.19019810962e-41	(74, 7.0142518941216951e-41)
74	77,9.60019431787e-41	(74, 7.0142518941216951e-41)
74	127,1.0512721083e-40	(74, 7.0142518941216951e-41)
74	37,1.06550765853e-40	(74, 7.0142518941216951e-41)
74	49,1.09966869378e-40	(74, 7.0142518941216951e-41)
74	59,1.14094708067e-40	(74, 7.0142518941216951e-41)
74	90,1.17847348916e-40	(74, 7.0142518941216951e-41)
75	75,4.30386219212e-40	(75, 4.3038621921233992e-40)
75	167,5.61325749548e-40	(75, 4.3038621921233992e-40)
75	80,7.64008527447e-40	(75, 4.3038621921233992e-40)
75	47,8.24909543424e-40	(75, 4.3038621921233992e-40)
75	85,8.52865761416e-40	(75, 4.3038621921233992e-40)
75	10,8.90107248675e-40	(75, 4.3038621921233992e-40)
75	166,9.30853666778e-40	(75, 4.3038621921233992e-40)
75	99,9.33676756137e-40	(75, 4.3038621921233992e-40)
75	67,9.61126410319e-40	(75, 4.3038621921233992e-40)
75	169,9.79792910002e-40	(75, 4.3038621921233992e-40)
76	76,3.71515231165e-41	(76, 3.7151523116511227e-41)
76	63,5.80367061473e-41	(76, 3.7151523116511227e-41)
76	147,5.96323181408e-41	(76, 3.7151523116511227e-41)
76	137,6.13834589061e-41	(76, 3.7151523116511227e-41)
76	171,6.68251253635e-41	(76, 3.7151523116511227e-41)
76	22,7.26732725939e-41	(76, 3.7151523116511227e-41)
76	126,7.93719110219e-41	(76, 3.7151523116511227e-41)
76	18,8.01123593075e-41	(76, 3.7151523116511227e-41)
76	3,8.13086231222e-41	(76, 3.7151523116511227e-41)
76	46,8.76201422743e-41	(76, 3.7151523116511227e-41)
77	162,6.29855218566e-41	(77, 6.6927138741234866e-41)
77	3,6.51925748361e-41	(77, 6.6927138741234866e-41)
77	137,6.58084569435e-41	(77, 6.6927138741234866e-41)
77	77,6.69271387412e-41	(77, 6.6927138741234866e-41)
77	90,6.88013476735e-41	(77, 6.6927138741234866e-41)
77	136,7.11458211834e-41	(77, 6.6927138741234866e-41)
77	63,7.33059403306e-41	(77, 6.6927138741234866e-41)
77	147,7.54014733601e-41	(77, 6.6927138741234866e-41)
77	11,7.86283287005e-41	(77, 6.6927138741234866e-41)
77	171,8.5178075853e-41	(77, 6.6927138741234866e-41)
78	151,5.71557619543e-41	(78, 9.658243960103719e-41)
78	76,5.75599904932e-41	(78, 9.658243960103719e-41)
78	63,5.85791759243e-41	(78, 9.658243960103719e-41)
78	22,6.92670094029e-41	(78, 9.658243960103719e-41)
78	132,7.01122448888e-41	(78, 9.658243960103719e-41)
78	18,7.34070302497e-41	(78, 9.658243960103719e-41)
78	147,7.53130218099e-41	(78, 9.658243960103719e-41)
78	121,8.00596294846e-41	(78, 9.658243960103719e-41)
78	23,8.57441192531e-41	(78, 9.658243960103719e-41)
78	61,8.62779006473e-41	(78, 9.658243960103719e-41)
79	79,6.25864743906e-41	(79, 6.2586474390625647e-41)
79	4,8.75926987717e-41	(79, 6.2586474390625647e-41)
79	69,9.94901907242e-41	(79, 6.2586474390625647e-41)
79	34,9.9949264072e-41	(79, 6.2586474390625647e-41)
79	56,1.15282577582e-40	(79, 6.2586474390625647e-41)
79	15,1.46684297288e-40	(79, 6.2586474390625647e-41)
79	40,1.48120591642e-40	(79, 6.2586474390625647e-41)
79	25,1.57884959995e-40	(79, 6.2586474390625647e-41)
79	17,1.76704940422e-40	(79, 6.2586474390625647e-41)
79	120,1.83470664137e-40	(79, 6.2586474390625647e-41)
80	80,2.39000614556e-40	(80, 2.3900061455575368e-40)
80	51,3.10875611946e-40	(80, 2.3900061455575368e-40)
80	167,3.59885733718e-40	(80, 2.3900061455575368e-40)
80	32,4.69471056993e-40	(80, 2.3900061455575368e-40)
80	169,6.35974041314e-40	(80, 2.3900061455575368e-40)
80	160,6.64605086464e-40	(80, 2.3900061455575368e-40)
80	39,6.7504072986e-40	(80, 2.3900061455575368e-40)
80	58,6.95935486185e-40	(80, 2.3900061455575368e-40)
80	165,6.98375997712e-40	(80, 2.3900061455575368e-40)
80	149,6.98888810699e-40	(80, 2.3900061455575368e-40)
81	81,8.47900782991e-41	(81, 8.4790078299071681e-41)
81	132,8.69516497744e-41	(81, 8.4790078299071681e-41)
81	3,8.76348434108e-41	(81, 8.4790078299071681e-41)
81	12,9.42598019969e-41	(81, 8.4790078299071681e-41)
81	121,9.89959520506e-41	(81, 8.4790078299071681e-41)
81	77,1.02392624708e-40	(81, 8.4790078299071681e-41)
81	151,1.03399411461e-40	(81, 8.4790078299071681e-41)
81	76,1.04121318659e-40	(81, 8.4790078299071681e-41)
81	22,1.05055217189e-40	(81, 8.4790078299071681e-41)
81	126,1.08147642428e-40	(81, 8.4790078299071681e-41)
82	13,1.72081856926e-40	(82, 2.9109015324155644e-40)
82	73,1.85070595281e-40	(82, 2.9109015324155644e-40)
82	27,2.08300919315e-40	(82, 2.9109015324155644e-40)
82	12,2.23197280157e-40	(82, 2.9109015324155644e-40)
82	105,2.28429186155e-40	(82, 2.9109015324155644e-40)
82	24,2.35088478443e-40	(82, 2.9109015324155644e-40)
82	101,2.35599772346e-40	(82, 2.9109015324155644e-40)
82	29,2.38227756685e-40	(82, 2.9109015324155644e-40)
82	164,2.43141939545e-40	(82, 2.9109015324155644e-40)
82	50,2.46544957698e-40	(82, 2.9109015324155644e-40)
83	13,7.12523822528e-41	(83, 1.1252387796681682e-40)
83	155,1.01782122553e-40	(83, 1.1252387796681682e-40)
83	71,1.03891492644e-40	(83, 1.1252387796681682e-40)
83	83,1.12523877967e-40	(83, 1.1252387796681682e-40)
83	161,1.19952703596e-40	(83, 1.1252387796681682e-40)
83	65,1.21880815953e-40	(83, 1.1252387796681682e-40)
83	1,1.26935344333e-40	(83, 1.1252387796681682e-40)
83	11,1.29274147128e-40	(83, 1.1252387796681682e-40)
83	3,1.39570721575e-40	(83, 1.1252387796681682e-40)
83	124,1.40652010522e-40	(83, 1.1252387796681682e-40)
84	166,3.12890381365e-40	(84, 3.6610768373505642e-40)
84	67,3.40812766046e-40	(84, 3.6610768373505642e-40)
84	169,3.59645717759e-40	(84, 3.6610768373505642e-40)
84	84,3.66107683735e-40	(84, 3.6610768373505642e-40)
84	140,4.14272937733e-40	(84, 3.6610768373505642e-40)
84	149,4.68789271525e-40	(84, 3.6610768373505642e-40)
84	99,5.11305389094e-40	(84, 3.6610768373505642e-40)
84	72,5.21893373083e-40	(84, 3.6610768373505642e-40)
84	109,5.23071370253e-40	(84, 3.6610768373505642e-40)
84	144,5.37562151454e-40	(84, 3.6610768373505642e-40)
85	67,2.89175625082e-40	(85, 3.2956525974239001e-40)
85	85,3.29565259742e-40	(85, 3.2956525974239001e-40)
85	140,4.49086768188e-40	(85, 3.2956525974239001e-40)
85	166,4.6630469427e-40	(85, 3.2956525974239001e-40)
85	149,5.32599746773e-40	(85, 3.2956525974239001e-40)
85	84,5.41244518729e-40	(85, 3.2956525974239001e-40)
85	169,5.76269456729e-40	(85, 3.2956525974239001e-40)
85	144,6.24551928705e-40	(85, 3.2956525974239001e-40)
85	99,6.49574954889e-40	(85, 3.2956525974239001e-40)
85	72,6.92170140997e-40	(85, 3.2956525974239001e-40)
86	86,5.53174798112e-41	(86, 5.5317479811179504e-41)
86	137,6.45875957753e-41	(86, 5.5317479811179504e-41)
86	3,8.54511615209e-41	(86, 5.5317479811179504e-41)
86	11,8.5583045495e-41	(86, 5.5317479811179504e-41)
86	126,8.73092437034e-41	(86, 5.5317479811179504e-41)
86	117,8.95013834178e-41	(86, 5.5317479811179504e-41)
86	150,9.03204609335e-41	(86, 5.5317479811179504e-41)
86	162,9.11742778663e-41	(86, 5.5317479811179504e-41)
86	171,9.17637007453e-41	(86, 5.5317479811179504e-41)
86	76,9.84917883828e-41	(86, 5.5317479811179504e-41)
87	1,1.00697481646e-40	(87, 2.8158411746830704e-40)
87	121,1.14586266004e-40	(87, 2.8158411746830704e-40)
87	26,1.16853328772e-40	(87, 2.8158411746830704e-40)
87	78,1.24287879018e-40	(87, 2.8158411746830704e-40)
87	11,1.24712666228e-40	(87, 2.8158411746830704e-40)
87	71,1.26145196253e-40	(87, 2.8158411746830704e-40)
87	155,1.37113874968e-40	(87, 2.8158411746830704e-40)
87	41,1.49209049749e-40	(87, 2.8158411746830704e-40)
87	20,1.49524140257e-40	(87, 2.8158411746830704e-40)
87	13,1.49889436903e-40	(87, 2.8158411746830704e-40)
88	76,5.13485808321e-41	(88, 6.8590697644356369e-41)
88	147,5.79969754954e-41	(88, 6.8590697644356369e-41)
88	46,5.80857496616e-41	(88, 6.8590697644356369e-41)
88	139,6.18291415329e-41	(88, 6.8590697644356369e-41)
88	18,6.25130825527e-41	(88, 6.8590697644356369e-41)
88	88,6.85906976444e-41	(88, 6.8590697644356369e-41)
88	22,7.14731051966e-41	(88, 6.8590697644356369e-41)
88	63,7.29032153225e-41	(88, 6.8590697644356369e-41)
88	171,7.33643564001e-41	(88, 6.8590697644356369e-41)
88	35,7.63926171898e-41	(88, 6.8590697644356369e-41)
89	124,8.06011471837e-41	(89, 1.3579834391054368e-40)
89	155,1.10579869504e-40	(89, 1.3579834391054368e-40)
89	71,1.3302996495e-40	(89, 1.3579834391054368e-40)
89	1,1.34465901388e-40	(89, 1.3579834391054368e-40)
89	89,1.35798343911e-40	(89, 1.3579834391054368e-40)
89	73,1.39568075955e-40	(89, 1.3579834391054368e-40)
89	20,1.41666749479e-40	(89, 1.3579834391054368e-40)
89	13,1.45868985892e-40	(89, 1.3579834391054368e-40)
89	53,1.54193678374e-40	(89, 1.3579834391054368e-40)
89	157,1.62321085076e-40	(89, 1.3579834391054368e-40)
90	90,4.0564274769e-41	(90, 4.0564274768952052e-41)
90	162,9.21505616446e-41	(90, 4.0564274768952052e-41)
90	137,9.27588740624e-41	(90, 4.0564274768952052e-41)
90	11,9.7292184258e-41	(90, 4.0564274768952052e-41)
90	172,1.00491664638e-40	(90, 4.0564274768952052e-41)
90	81,1.02720224831e-40	(90, 4.0564274768952052e-41)
90	147,1.07897800596e-40	(90, 4.0564274768952052e-41)
90	96,1.08147389788e-40	(90, 4.0564274768952052e-41)
90	136,1.12223868322e-40	(90, 4.0564274768952052e-41)
90	37,1.13863287139e-40	(90, 4.0564274768952052e-41)
91	133,1.8607819349e-40	(91, 2.9045451737468408e-40)
91	91,2.90454517375e-40	(91, 2.9045451737468408e-40)
91	130,4.13560516096e-40	(91, 2.9045451737468408e-40)
91	103,5.02318415664e-40	(91, 2.9045451737468408e-40)
91	66,5.06185412363e-40	(91, 2.9045451737468408e-40)
91	34,5.55907231895e-40	(91, 2.9045451737468408e-40)
91	51,5.72000698677e-40	(91, 2.9045451737468408e-40)
91	102,5.98440110188e-40	(91, 2.9045451737468408e-40)
91	53,6.01006866327e-40	(91, 2.9045451737468408e-40)
91	28,6.2052305389e-40	(91, 2.9045451737468408e-40)
92	78,9.92110907636e-41	(92, 2.1565941052631643e-40)
92	24,1.28042209812e-40	(92, 2.1565941052631643e-40)
92	61,1.31990616348e-40	(92, 2.1565941052631643e-40)
92	128,1.33287744151e-40	(92, 2.1565941052631643e-40)
92	12,1.47320619027e-40	(92, 2.1565941052631643e-40)
92	158,1.49978098931e-40	(92, 2.1565941052631643e-40)
92	26,1.54423624166e-40	(92, 2.1565941052631643e-40)
92	145,1.71563453099e-40	(92, 2.1565941052631643e-40)
92	27,1.75336339166e-40	(92, 2.1565941052631643e-40)
92	22,1.79701691147e-40	(92, 2.1565941052631643e-40)
93	22,7.83609217248e-41	(93, 1.0764343077165412e-40)
93	132,8.41539155932e-41	(93, 1.0764343077165412e-40)
93	128,8.81314277765e-41	(93, 1.0764343077165412e-40)
93	158,1.01224732725e-40	(93, 1.0764343077165412e-40)
93	93,1.07643430772e-40	(93, 1.0764343077165412e-40)
93	12,1.12301613545e-40	(93, 1.0764343077165412e-40)
93	146,1.12804381037e-40	(93, 1.0764343077165412e-40)
93	3,1.13883601813e-40	(93, 1.0764343077165412e-40)
93	121,1.1490177504e-40	(93, 1.0764343077165412e-40)
93	78,1.17354139721e-40	(93, 1.0764343077165412e-40)
94	94,9.62132401293e-41	(94, 9.6213240129292906e-41)
94	83,2.30068019173e-40	(94, 9.6213240129292906e-41)
94	15,2.75224476858e-40	(94, 9.6213240129292906e-41)
94	155,2.78213559063e-40	(94, 9.6213240129292906e-41)
94	45,2.9240828545e-40	(94, 9.6213240129292906e-41)
94	59,3.26175038262e-40	(94, 9.6213240129292906e-41)
94	120,3.28408970169e-40	(94, 9.6213240129292906e-41)
94	98,3.33879961329e-40	(94, 9.6213240129292906e-41)
94	65,3.49612522695e-40	(94, 9.6213240129292906e-41)
94	161,3.4970247279e-40	(94, 9.6213240129292906e-41)
95	107,1.25998738867e-40	(95, 3.377904326064777e-40)
95	99,1.35902284041e-40	(95, 3.377904326064777e-40)
95	43,1.52635922791e-40	(95, 3.377904326064777e-40)
95	19,1.66970040002e-40	(95, 3.377904326064777e-40)
95	138,1.67837879535e-40	(95, 3.377904326064777e-40)
95	128,1.89148588797e-40	(95, 3.377904326064777e-40)
95	27,1.92746173166e-40	(95, 3.377904326064777e-40)
95	78,1.9408641622e-40	(95, 3.377904326064777e-40)
95	50,2.07201856731e-40	(95, 3.377904326064777e-40)
95	39,2.19570099472e-40	(95, 3.377904326064777e-40)
96	96,5.47406126319e-41	(96, 5.4740612631883302e-41)
96	13,1.0572042761e-40	(96, 5.4740612631883302e-41)
96	162,1.12030225544e-40	(96, 5.4740612631883302e-41)
96	11,1.16244010407e-40	(96, 5.4740612631883302e-41)
96	119,1.34858834452e-40	(96, 5.4740612631883302e-41)
96	17,1.38287193687e-40	(96, 5.4740612631883302e-41)
96	143,1.38293857481e-40	(96, 5.4740612631883302e-41)
96	112,1.45547610288e-40	(96, 5.4740612631883302e-41)
96	161,1.5315369364e-40	(96, 5.4740612631883302e-41)
96	86,1.55652994521e-40	(96, 5.4740612631883302e-41)
97	40,7.75763898862e-41	(97, 2.1482118865032393e-40)
97	69,8.54131090452e-41	(97, 2.1482118865032393e-40)
97	172,9.60518529599e-41	(97, 2.1482118865032393e-40)
97	17,9.94434687293e-41	(97, 2.1482118865032393e-40)
97	120,1.07655430441e-40	(97, 2.1482118865032393e-40)
97	4,1.16519510796e-40	(97, 2.1482118865032393e-40)
97	79,1.19927532127e-40	(97, 2.1482118865032393e-40)
97	3,1.47499519148e-40	(97, 2.1482118865032393e-40)
97	56,1.53154107093e-40	(97, 2.1482118865032393e-40)
97	11,1.53773020468e-40	(97, 2.1482118865032393e-40)
98	98,3.89384636972e-41	(98, 3.8938463697247541e-41)
98	40,1.17927559948e-40	(98, 3.8938463697247541e-41)
98	15,1.25554121032e-40	(98, 3.8938463697247541e-41)
98	172,1.45123475897e-40	(98, 3.8938463697247541e-41)
98	25,1.45176752624e-40	(98, 3.8938463697247541e-41)
98	49,1.55620421057e-40	(98, 3.8938463697247541e-41)
98	154,1.56096949518e-40	(98, 3.8938463697247541e-41)
98	174,1.86994976978e-40	(98, 3.8938463697247541e-41)
98	83,1.87172221627e-40	(98, 3.8938463697247541e-41)
98	100,1.89210323445e-40	(98, 3.8938463697247541e-41)
99	144,1.22797625065e-40	(99, 1.6186921844926727e-40)
99	84,1.26078600049e-40	(99, 1.6186921844926727e-40)
99	93,1.51589260538e-40	(99, 1.6186921844926727e-40)
99	159,1.5287144802e-40	(99, 1.6186921844926727e-40)
99	99,1.61869218449e-40	(99, 1.6186921844926727e-40)
99	109,1.65638009642e-40	(99, 1.6186921844926727e-40)
99	128,1.68388849132e-40	(99, 1.6186921844926727e-40)
99	38,1.71935878717e-40	(99, 1.6186921844926727e-40)
99	73,1.73491180743e-40	(99, 1.6186921844926727e-40)
99	78,1.76512812734e-40	(99, 1.6186921844926727e-40)
100	100,6.64488515669e-41	(100, 6.6448851566923907e-41)
100	74,7.30015101619e-41	(100, 6.6448851566923907e-41)
100	90,7.52417352811e-41	(100, 6.6448851566923907e-41)
100	21,8.34861922271e-41	(100, 6.6448851566923907e-41)
100	127,9.01778504543e-41	(100, 6.6448851566923907e-41)
100	17,1.02275346191e-40	(100, 6.6448851566923907e-41)
100	143,1.06280275717e-40	(100, 6.6448851566923907e-41)
100	11,1.06841166741e-40	(100, 6.6448851566923907e-41)
100	77,1.12670172119e-40	(100, 6.6448851566923907e-41)
100	37,1.14912770281e-40	(100, 6.6448851566923907e-41)
101	101,1.28364665583e-40	(101, 1.2836466558285995e-40)
101	73,1.42635785624e-40	(101, 1.2836466558285995e-40)
101	13,1.5177613232e-40	(101, 1.2836466558285995e-40)
101	1,1.60096292392e-40	(101, 1.2836466558285995e-40)
101	29,1.64301979936e-40	(101, 1.2836466558285995e-40)
101	60,1.67425515991e-40	(101, 1.2836466558285995e-40)
101	124,1.71824961433e-40	(101, 1.2836466558285995e-40)
101	102,1.83828004216e-40	(101, 1.2836466558285995e-40)
101	69,1.94681074371e-40	(101, 1.2836466558285995e-40)
101	77,1.98346109531e-40	(101, 1.2836466558285995e-40)
102	91,1.62380592201e-40	(102, 1.8380158606503718e-40)
102	41,1.83392945209e-40	(102, 1.8380158606503718e-40)
102	102,1.83801586065e-40	(102, 1.8380158606503718e-40)
102	114,1.85315239044e-40	(102, 1.8380158606503718e-40)
102	101,2.06289352675e-40	(102, 1.8380158606503718e-40)
102	155,2.06481374974e-40	(102, 1.8380158606503718e-40)
102	103,2.14941071251e-40	(102, 1.8380158606503718e-40)
102	1,2.24382188213e-40	(102, 1.8380158606503718e-40)
102	110,2.24709512436e-40	(102, 1.8380158606503718e-40)
102	53,2.26707169098e-40	(102, 1.8380158606503718e-40)
103	103,1.22484167695e-40	(103, 1.2248416769486235e-40)
103	73,2.0835533894e-40	(103, 1.2248416769486235e-40)
103	114,2.51062423084e-40	(103, 1.2248416769486235e-40)
103	101,2.55070828203e-40	(103, 1.2248416769486235e-40)
103	26,2.60386395433e-40	(103, 1.2248416769486235e-40)
103	91,2.6221882584e-40	(103, 1.2248416769486235e-40)
103	51,2.67783391044e-40	(103, 1.2248416769486235e-40)
103	39,2.72116785391e-40	(103, 1.2248416769486235e-40)
103	1,2.74683686694e-40	(103, 1.2248416769486235e-40)
103	30,2.9361244973e-40	(103, 1.2248416769486235e-40)
104	124,8.84085551441e-41	(104, 1.6738550590971751e-40)
104	93,1.19404753579e-40	(104, 1.6738550590971751e-40)
104	119,1.28775807082e-40	(104, 1.6738550590971751e-40)
104	81,1.46168803628e-40	(104, 1.6738550590971751e-40)
104	115,1.47289960956e-40	(104, 1.6738550590971751e-40)
104	73,1.51361962865e-40	(104, 1.6738550590971751e-40)
104	104,1.6738550591e-40	(104, 1.6738550590971751e-40)
104	11,1.67899511435e-40	(104, 1.6738550590971751e-40)
104	116,1.70184934035e-40	(104, 1.6738550590971751e-40)
104	13,1.77407913585e-40	(104, 1.6738550590971751e-40)
105	24,1.64183800383e-40	(105, 2.1020596911700865e-40)
105	27,1.90219603938e-40	(105, 2.1020596911700865e-40)
105	105,2.10205969117e-40	(105, 2.1020596911700865e-40)
105	43,2.22237800264e-40	(105, 2.1020596911700865e-40)
105	19,2.41746286901e-40	(105, 2.1020596911700865e-40)
105	38,2.46773411817e-40	(105, 2.1020596911700865e-40)
105	107,2.54419352741e-40	(105, 2.1020596911700865e-40)
105	61,2.69509943098e-40	(105, 2.1020596911700865e-40)
105	12,2.70907156479e-40	(105, 2.1020596911700865e-40)
105	50,2.78080237706e-40	(105, 2.1020596911700865e-40)
106	106,7.85620737969e-41	(106, 7.8562073796906526e-41)
106	174,1.36333301354e-40	(106, 7.8562073796906526e-41)
106	116,1.91958914282e-40	(106, 7.8562073796906526e-41)
106	2,2.02534941251e-40	(106, 7.8562073796906526e-41)
106	13,2.09975798165e-40	(106, 7.8562073796906526e-41)
106	172,2.10860290938e-40	(106, 7.8562073796906526e-41)
106	154,2.23882910238e-40	(106, 7.8562073796906526e-41)
106	54,2.24869752099e-40	(106, 7.8562073796906526e-41)
106	4,2.32172796208e-40	(106, 7.8562073796906526e-41)
106	157,2.3389845103e-40	(106, 7.8562073796906526e-41)
107	26,1.04225382245e-40	(107, 1.0507513375208003e-40)
107	107,1.05075133752e-40	(107, 1.0507513375208003e-40)
107	1,1.20752126458e-40	(107, 1.0507513375208003e-40)
107	22,1.29433798758e-40	(107, 1.0507513375208003e-40)
107	61,1.37507137368e-40	(107, 1.0507513375208003e-40)
107	73,1.43875707707e-40	(107, 1.0507513375208003e-40)
107	139,1.45166974823e-40	(107, 1.0507513375208003e-40)
107	78,1.46640182461e-40	(107, 1.0507513375208003e-40)
107	135,1.51384265851e-40	(107, 1.0507513375208003e-40)
107	77,1.52403555722e-40	(107, 1.0507513375208003e-40)
108	77,8.7787863603e-41	(108, 2.4610417084617854e-40)
108	172,1.42500443903e-40	(108, 2.4610417084617854e-40)
108	174,1.44947160816e-40	(108, 2.4610417084617854e-40)
108	4,1.53101763784e-40	(108, 2.4610417084617854e-40)
108	49,1.57042774047e-40	(108, 2.4610417084617854e-40)
108	171,1.59643417928e-40	(108, 2.4610417084617854e-40)
108	100,1.63998900767e-40	(108, 2.4610417084617854e-40)
108	17,1.69890236436e-40	(108, 2.4610417084617854e-40)
108	37,1.70882115098e-40	(108, 2.4610417084617854e-40)
108	3,1.72592693184e-40	(108, 2.4610417084617854e-40)
109	109,8.0965823769e-41	(109, 8.0965823769007012e-41)
109	159,9.61538714937e-41	(109, 8.0965823769007012e-41)
109	134,1.09314871724e-40	(109, 8.0965823769007012e-41)
109	128,1.25527407376e-40	(109, 8.0965823769007012e-41)
109	12,1.36229797717e-40	(109, 8.0965823769007012e-41)
109	146,1.38759458052e-40	(109, 8.0965823769007012e-41)
109	152,1.46644454332e-40	(109, 8.0965823769007012e-41)
109	84,1.58340741434e-40	(109, 8.0965823769007012e-41)
109	38,1.64794849616e-40	(109, 8.0965823769007012e-41)
109	14,1.69905526734e-40	(109, 8.0965823769007012e-41)
110	1,8.36997680539e-41	(110, 1.737449227511452e-40)
110	11,9.53970348067e-41	(110, 1.737449227511452e-40)
110	121,1.01393536976e-40	(110, 1.737449227511452e-40)
110	71,1.27107690514e-40	(110, 1.737449227511452e-40)
110	162,1.30304909254e-40	(110, 1.737449227511452e-40)
110	3,1.34530427562e-40	(110, 1.737449227511452e-40)
110	68,1.42897547655e-40	(110, 1.737449227511452e-40)
110	70,1.46833889005e-40	(110, 1.737449227511452e-40)
110	26,1.51514811623e-40	(110, 1.737449227511452e-40)
110	155,1.53068783802e-40	(110, 1.737449227511452e-40)
111	73,9.50944190018e-41	(111, 3.5288590068559027e-40)
111	124,1.10279046706e-40	(111, 3.5288590068559027e-40)
111	157,1.10439912004e-40	(111, 3.5288590068559027e-40)
111	13,1.34769308014e-40	(111, 3.5288590068559027e-40)
111	93,1.49780167804e-40	(111, 3.5288590068559027e-40)
111	114,1.6315251349e-40	(111, 3.5288590068559027e-40)
111	101,1.66642005581e-40	(111, 3.5288590068559027e-40)
111	53,1.81777726049e-40	(111, 3.5288590068559027e-40)
111	41,1.95172217012e-40	(111, 3.5288590068559027e-40)
111	1,2.03232465919e-40	(111, 3.5288590068559027e-40)
112	90,6.50975067252e-41	(112, 9.8593081483831944e-41)
112	11,6.82533211703e-41	(112, 9.8593081483831944e-41)
112	3,7.65758664517e-41	(112, 9.8593081483831944e-41)
112	100,8.12426751788e-41	(112, 9.8593081483831944e-41)
112	21,9.05398655993e-41	(112, 9.8593081483831944e-41)
112	77,9.21629563789e-41	(112, 9.8593081483831944e-41)
112	162,9.34201523308e-41	(112, 9.8593081483831944e-41)
112	112,9.85930814838e-41	(112, 9.8593081483831944e-41)
112	71,9.90422209754e-41	(112, 9.8593081483831944e-41)
112	117,1.06658406009e-40	(112, 9.8593081483831944e-41)
113	113,9.32320966957e-41	(113, 9.3232096695703592e-41)
113	65,2.13432818574e-40	(113, 9.3232096695703592e-41)
113	130,2.5604251322e-40	(113, 9.3232096695703592e-41)
113	97,2.85628906742e-40	(113, 9.3232096695703592e-41)
113	44,3.03851186346e-40	(113, 9.3232096695703592e-41)
113	120,3.30024740068e-40	(113, 9.3232096695703592e-41)
113	53,3.36281753474e-40	(113, 9.3232096695703592e-41)
113	15,3.47105353323e-40	(113, 9.3232096695703592e-41)
113	161,3.80545469987e-40	(113, 9.3232096695703592e-41)
113	155,3.87923313073e-40	(113, 9.3232096695703592e-41)
114	73,1.26787474598e-40	(114, 1.3265990392079603e-40)
114	124,1.28666012521e-40	(114, 1.3265990392079603e-40)
114	114,1.32659903921e-40	(114, 1.3265990392079603e-40)
114	53,1.46632151252e-40	(114, 1.3265990392079603e-40)
114	104,1.69160800523e-40	(114, 1.3265990392079603e-40)
114	93,1.75448493171e-40	(114, 1.3265990392079603e-40)
114	140,1.76149314727e-40	(114, 1.3265990392079603e-40)
114	109,1.78644248609e-40	(114, 1.3265990392079603e-40)
114	13,1.82117957128e-40	(114, 1.3265990392079603e-40)
114	144,1.8758556535e-40	(114, 1.3265990392079603e-40)
115	115,9.75492039755e-41	(115, 9.7549203975538311e-41)
115	119,1.0139446076e-40	(115, 9.7549203975538311e-41)
115	11,1.01717134163e-40	(115, 9.7549203975538311e-41)
115	96,1.31163736029e-40	(115, 9.7549203975538311e-41)
115	81,1.55819566422e-40	(115, 9.7549203975538311e-41)
115	37,1.55943305509e-40	(115, 9.7549203975538311e-41)
115	17,1.61727342499e-40	(115, 9.7549203975538311e-41)
115	124,1.65686981154e-40	(115, 9.7549203975538311e-41)
115	90,1.68309325096e-40	(115, 9.7549203975538311e-41)
115	4,1.76229004107e-40	(115, 9.7549203975538311e-41)
116	116,6.26026345597e-41	(116, 6.2602634559682938e-41)
116	93,9.32651070885e-41	(116, 6.2602634559682938e-41)
116	144,1.72960580331e-40	(116, 6.2602634559682938e-41)
116	156,1.74961280342e-40	(116, 6.2602634559682938e-41)
116	73,1.8829853052e-40	(116, 6.2602634559682938e-41)
116	106,1.95264479118e-40	(116, 6.2602634559682938e-41)
116	109,1.97121621937e-40	(116, 6.2602634559682938e-41)
116	131,2.03969994062e-40	(116, 6.2602634559682938e-41)
116	172,2.13844485468e-40	(116, 6.2602634559682938e-41)
116	124,2.1639291775e-40	(116, 6.2602634559682938e-41)
117	117,2.95865416145e-41	(117, 2.9586541614466419e-41)
117	21,6.75693821739e-41	(117, 2.9586541614466419e-41)
117	71,7.47422694455e-41	(117, 2.9586541614466419e-41)
117	77,9.71514729927e-41	(117, 2.9586541614466419e-41)
117	11,9.92363561104e-41	(117, 2.9586541614466419e-41)
117	81,1.00708709987e-40	(117, 2.9586541614466419e-41)
117	162,1.08796161825e-40	(117, 2.9586541614466419e-41)
117	76,1.09151980986e-40	(117, 2.9586541614466419e-41)
117	121,1.14337184984e-40	(117, 2.9586541614466419e-41)
117	3,1.16139605002e-40	(117, 2.9586541614466419e-41)
118	33,1.74419747444e-40	(118, 2.4923061595433182e-40)
118	118,2.49230615954e-40	(118, 2.4923061595433182e-40)
118	34,2.49308174007e-40	(118, 2.4923061595433182e-40)
118	113,2.73228787775e-40	(118, 2.4923061595433182e-40)
118	130,2.98331354289e-40	(118, 2.4923061595433182e-40)
118	45,3.19169519799e-40	(118, 2.4923061595433182e-40)
118	15,3.29654402281e-40	(118, 2.4923061595433182e-40)
118	65,3.39767309064e-40	(118, 2.4923061595433182e-40)
118	2,3.43342320155e-40	(118, 2.4923061595433182e-40)
118	69,3.4480285476e-40	(118, 2.4923061595433182e-40)
119	120,1.16085909335e-40	(119, 1.7849547454336821e-40)
119	97,1.29372831061e-40	(119, 1.7849547454336821e-40)
119	124,1.35468935947e-40	(119, 1.7849547454336821e-40)
119	40,1.49573416204e-40	(119, 1.7849547454336821e-40)
119	69,1.536049223e-40	(119, 1.7849547454336821e-40)
119	172,1.55127889102e-40	(119, 1.7849547454336821e-40)
119	17,1.55772825764e-40	(119, 1.7849547454336821e-40)
119	4,1.56855149781e-40	(119, 1.7849547454336821e-40)
119	13,1.61937313096e-40	(119, 1.7849547454336821e-40)
119	154,1.71524204927e-40	(119, 1.7849547454336821e-40)
120	155,1.06828891561e-40	(120, 1.120984175854446e-40)
120	65,1.08233192587e-40	(120, 1.120984175854446e-40)
120	120,1.12098417585e-40	(120, 1.120984175854446e-40)
120	161,1.37689068991e-40	(120, 1.120984175854446e-40)
120	124,1.39814655372e-40	(120, 1.120984175854446e-40)
120	13,1.47293787354e-40	(120, 1.120984175854446e-40)
120	53,1.47371839203e-40	(120, 1.120984175854446e-40)
120	44,1.51664383184e-40	(120, 1.120984175854446e-40)
120	54,1.97966758905e-40	(120, 1.120984175854446e-40)
120	114,2.05760262149e-40	(120, 1.120984175854446e-40)
121	121,8.50119671681e-41	(121, 8.5011967168083135e-41)
121	1,9.54998460617e-41	(121, 8.5011967168083135e-41)
121	22,9.83661074967e-41	(121, 8.5011967168083135e-41)
121	26,1.0057458177e-40	(121, 8.5011967168083135e-41)
121	78,1.15446081348e-40	(121, 8.5011967168083135e-41)
121	23,1.22263105975e-40	(121, 8.5011967168083135e-41)
121	61,1.2380351308e-40	(121, 8.5011967168083135e-41)
121	11,1.31491337987e-40	(121, 8.5011967168083135e-41)
121	132,1.44568006988e-40	(121, 8.5011967168083135e-41)
121	73,1.46382782108e-40	(121, 8.5011967168083135e-41)
122	174,1.27050142765e-40	(122, 1.4593602390431192e-40)
122	122,1.45936023904e-40	(122, 1.4593602390431192e-40)
122	154,1.46132045107e-40	(122, 1.4593602390431192e-40)
122	2,2.18197375808e-40	(122, 1.4593602390431192e-40)
122	4,2.50216451207e-40	(122, 1.4593602390431192e-40)
122	69,2.50934522688e-40	(122, 1.4593602390431192e-40)
122	172,2.51937968578e-40	(122, 1.4593602390431192e-40)
122	116,2.6924677169e-40	(122, 1.4593602390431192e-40)
122	56,2.76120909867e-40	(122, 1.4593602390431192e-40)
122	40,2.82935084157e-40	(122, 1.4593602390431192e-40)
123	123,9.34781311011e-41	(123, 9.3478131101080653e-41)
123	172,1.03212674552e-40	(123, 9.3478131101080653e-41)
123	81,1.36944082781e-40	(123, 9.3478131101080653e-41)
123	146,1.42441214227e-40	(123, 9.3478131101080653e-41)
123	40,1.45076608663e-40	(123, 9.3478131101080653e-41)
123	119,1.48621424156e-40	(123, 9.3478131101080653e-41)
123	115,1.61100914157e-40	(123, 9.3478131101080653e-41)
123	90,1.70415843003e-40	(123, 9.3478131101080653e-41)
123	96,1.75030177453e-40	(123, 9.3478131101080653e-41)
123	137,1.81913238018e-40	(123, 9.3478131101080653e-41)
124	124,1.2874334169e-40	(124, 1.2874334169009444e-40)
124	101,2.00789129995e-40	(124, 1.2874334169009444e-40)
124	41,2.31402693009e-40	(124, 1.2874334169009444e-40)
124	157,2.54473347168e-40	(124, 1.2874334169009444e-40)
124	73,2.57060440644e-40	(124, 1.2874334169009444e-40)
124	140,2.67206533814e-40	(124, 1.2874334169009444e-40)
124	53,2.70148426067e-40	(124, 1.2874334169009444e-40)
124	155,2.73642356292e-40	(124, 1.2874334169009444e-40)
124	91,2.75397691761e-40	(124, 1.2874334169009444e-40)
124	169,2.77509561849e-40	(124, 1.2874334169009444e-40)
125	13,1.5661272595e-40	(125, 2.7801899101164265e-40)
125	114,1.95490823177e-40	(125, 2.7801899101164265e-40)
125	73,1.98872627538e-40	(125, 2.7801899101164265e-40)
125	65,2.04988161601e-40	(125, 2.7801899101164265e-40)
125	155,2.07636654151e-40	(125, 2.7801899101164265e-40)
125	161,2.39360524884e-40	(125, 2.7801899101164265e-40)
125	68,2.43039353768e-40	(125, 2.7801899101164265e-40)
125	41,2.50291327366e-40	(125, 2.7801899101164265e-40)
125	1,2.62679246116e-40	(125, 2.7801899101164265e-40)
125	20,2.67615200912e-40	(125, 2.7801899101164265e-40)
126	126,9.98876157253e-41	(126, 9.9887615725325142e-41)
126	132,1.02364478211e-40	(126, 9.9887615725325142e-41)
126	81,1.02964990248e-40	(126, 9.9887615725325142e-41)
126	3,1.04515948343e-40	(126, 9.9887615725325142e-41)
126	121,1.06335110488e-40	(126, 9.9887615725325142e-41)
126	128,1.18847969683e-40	(126, 9.9887615725325142e-41)
126	11,1.21540149789e-40	(126, 9.9887615725325142e-41)
126	151,1.2649752455e-40	(126, 9.9887615725325142e-41)
126	22,1.2709713562e-40	(126, 9.9887615725325142e-41)
126	119,1.29263617547e-40	(126, 9.9887615725325142e-41)
127	17,5.94026627198e-41	(127, 9.9146134586625268e-41)
127	136,7.63898110818e-41	(127, 9.9146134586625268e-41)
127	74,8.08448938929e-41	(127, 9.9146134586625268e-41)
127	100,8.25555813845e-41	(127, 9.9146134586625268e-41)
127	59,8.54755648803e-41	(127, 9.9146134586625268e-41)
127	127,9.91461345866e-41	(127, 9.9146134586625268e-41)
127	77,1.04068515987e-40	(127, 9.9146134586625268e-41)
127	37,1.08712954653e-40	(127, 9.9146134586625268e-41)
127	49,1.13063963579e-40	(127, 9.9146134586625268e-41)
127	172,1.5596658103e-40	(127, 9.9146134586625268e-41)
128	128,5.39966111302e-41	(128, 5.3996611130238896e-41)
128	78,8.61728964532e-41	(128, 5.3996611130238896e-41)
128	121,8.93605863578e-41	(128, 5.3996611130238896e-41)
128	22,1.07812390163e-40	(128, 5.3996611130238896e-41)
128	12,1.11833245033e-40	(128, 5.3996611130238896e-41)
128	158,1.16933135487e-40	(128, 5.3996611130238896e-41)
128	132,1.22110201538e-40	(128, 5.3996611130238896e-41)
128	139,1.22935914501e-40	(128, 5.3996611130238896e-41)
128	18,1.25064766321e-40	(128, 5.3996611130238896e-41)
128	107,1.29525861272e-40	(128, 5.3996611130238896e-41)
129	98,1.40356788148e-40	(129, 2.0912414180532382e-40)
129	49,1.68137419948e-40	(129, 2.0912414180532382e-40)
129	129,2.09124141805e-40	(129, 2.0912414180532382e-40)
129	94,2.23604134018e-40	(129, 2.0912414180532382e-40)
129	83,2.28395918983e-40	(129, 2.0912414180532382e-40)
129	100,2.30508765654e-40	(129, 2.0912414180532382e-40)
129	59,2.32297194255e-40	(129, 2.0912414180532382e-40)
129	15,2.3866770913e-40	(129, 2.0912414180532382e-40)
129	77,2.42339733282e-40	(129, 2.0912414180532382e-40)
129	25,2.62999978816e-40	(129, 2.0912414180532382e-40)
130	65,1.99139392277e-40	(130, 2.0451882750879375e-40)
130	130,2.04518827509e-40	(130, 2.0451882750879375e-40)
130	13,2.11619752037e-40	(130, 2.0451882750879375e-40)
130	53,2.28608862052e-40	(130, 2.0451882750879375e-40)
130	157,2.3116198668e-40	(130, 2.0451882750879375e-40)
130	28,2.42832362763e-40	(130, 2.0451882750879375e-40)
130	34,2.50171206356e-40	(130, 2.0451882750879375e-40)
130	155,2.51980240534e-40	(130, 2.0451882750879375e-40)
130	73,2.55093992446e-40	(130, 2.0451882750879375e-40)
130	1,2.5642313352e-40	(130, 2.0451882750879375e-40)
131	116,1.75073780921e-40	(131, 2.1448528014056228e-40)
131	166,1.89592907505e-40	(131, 2.1448528014056228e-40)
131	131,2.14485280141e-40	(131, 2.1448528014056228e-40)
131	72,2.46108282112e-40	(131, 2.1448528014056228e-40)
131	104,2.54826004568e-40	(131, 2.1448528014056228e-40)
131	144,2.64747453826e-40	(131, 2.1448528014056228e-40)
131	156,2.8468832603e-40	(131, 2.1448528014056228e-40)
131	165,3.07266473377e-40	(131, 2.1448528014056228e-40)
131	93,3.11291284156e-40	(131, 2.1448528014056228e-40)
131	84,3.20517553e-40	(131, 2.1448528014056228e-40)
132	132,5.77597806394e-41	(132, 5.7759780639368755e-41)
132	18,5.78998404018e-41	(132, 5.7759780639368755e-41)
132	22,6.54584265966e-41	(132, 5.7759780639368755e-41)
132	76,7.08134482287e-41	(132, 5.7759780639368755e-41)
132	139,7.28331148058e-41	(132, 5.7759780639368755e-41)
132	46,7.31003030231e-41	(132, 5.7759780639368755e-41)
132	171,8.26557505752e-41	(132, 5.7759780639368755e-41)
132	147,8.48418804554e-41	(132, 5.7759780639368755e-41)
132	158,8.50282372449e-41	(132, 5.7759780639368755e-41)
132	146,8.79030561355e-41	(132, 5.7759780639368755e-41)
133	133,1.14312893732e-40	(133, 1.1431289373195114e-40)
133	34,1.75176365643e-40	(133, 1.1431289373195114e-40)
133	91,2.02217318114e-40	(133, 1.1431289373195114e-40)
133	103,2.417017799e-40	(133, 1.1431289373195114e-40)
133	153,2.55152355963e-40	(133, 1.1431289373195114e-40)
133	130,2.65054543015e-40	(133, 1.1431289373195114e-40)
133	102,2.67914604512e-40	(133, 1.1431289373195114e-40)
133	101,2.74509935831e-40	(133, 1.1431289373195114e-40)
133	110,2.76082900899e-40	(133, 1.1431289373195114e-40)
133	114,2.80247556568e-40	(133, 1.1431289373195114e-40)
134	121,6.21925900042e-41	(134, 1.3372575159572713e-40)
134	78,8.66494411146e-41	(134, 1.3372575159572713e-40)
134	128,8.78868018418e-41	(134, 1.3372575159572713e-40)
134	18,1.0923683352e-40	(134, 1.3372575159572713e-40)
134	22,1.12702727692e-40	(134, 1.3372575159572713e-40)
134	73,1.28973635037e-40	(134, 1.3372575159572713e-40)
134	134,1.33725751596e-40	(134, 1.3372575159572713e-40)
134	61,1.38727663681e-40	(134, 1.3372575159572713e-40)
134	151,1.39408031543e-40	(134, 1.3372575159572713e-40)
134	26,1.39700586886e-40	(134, 1.3372575159572713e-40)
135	147,5.41843846935e-41	(135, 6.450354192359469e-41)
135	135,6.45035419236e-41	(135, 6.450354192359469e-41)
135	76,7.19046017059e-41	(135, 6.450354192359469e-41)
135	137,7.34821303037e-41	(135, 6.450354192359469e-41)
135	162,7.92348477837e-41	(135, 6.450354192359469e-41)
135	63,8.04278090697e-41	(135, 6.450354192359469e-41)
135	117,9.89301853606e-41	(135, 6.450354192359469e-41)
135	77,1.05283990719e-40	(135, 6.450354192359469e-41)
135	171,1.06863003811e-40	(135, 6.450354192359469e-41)
135	3,1.12548138448e-40	(135, 6.450354192359469e-41)
136	136,1.19956799275e-40	(136, 1.1995679927514454e-40)
136	121,1.22186212444e-40	(136, 1.1995679927514454e-40)
136	54,1.36543237224e-40	(136, 1.1995679927514454e-40)
136	126,1.38310298588e-40	(136, 1.1995679927514454e-40)
136	162,1.38850563165e-40	(136, 1.1995679927514454e-40)
136	78,1.42547145231e-40	(136, 1.1995679927514454e-40)
136	11,1.44087097139e-40	(136, 1.1995679927514454e-40)
136	23,1.48769794084e-40	(136, 1.1995679927514454e-40)
136	13,1.57452428578e-40	(136, 1.1995679927514454e-40)
136	61,1.61050820176e-40	(136, 1.1995679927514454e-40)
137	137,3.67900355635e-41	(137, 3.6790035563524133e-41)
137	147,4.56932991172e-41	(137, 3.6790035563524133e-41)
137	63,5.18015828937e-41	(137, 3.6790035563524133e-41)
137	90,7.41171436173e-41	(137, 3.6790035563524133e-41)
137	3,7.89770996828e-41	(137, 3.6790035563524133e-41)
137	76,8.06774996358e-41	(137, 3.6790035563524133e-41)
137	171,8.26090120155e-41	(137, 3.6790035563524133e-41)
137	117,8.34973753764e-41	(137, 3.6790035563524133e-41)
137	77,9.15958159651e-41	(137, 3.6790035563524133e-41)
137	36,9.34507941829e-41	(137, 3.6790035563524133e-41)
138	78,9.63931748961e-41	(138, 1.2213305268547685e-40)
138	128,1.03064355517e-40	(138, 1.2213305268547685e-40)
138	138,1.22133052685e-40	(138, 1.2213305268547685e-40)
138	158,1.22560555968e-40	(138, 1.2213305268547685e-40)
138	107,1.43421125664e-40	(138, 1.2213305268547685e-40)
138	55,1.45582682012e-40	(138, 1.2213305268547685e-40)
138	38,1.64094691099e-40	(138, 1.2213305268547685e-40)
138	99,1.66044296154e-40	(138, 1.2213305268547685e-40)
138	159,1.6800506981e-40	(138, 1.2213305268547685e-40)
138	22,1.790152309e-40	(138, 1.2213305268547685e-40)
139	139,1.93367139359e-41	(139, 1.9336713935943015e-41)
139	46,6.64414415175e-41	(139, 1.9336713935943015e-41)
139	76,8.97791174371e-41	(139, 1.9336713935943015e-41)
139	22,9.43173348654e-41	(139, 1.9336713935943015e-41)
139	18,9.54521174751e-41	(139, 1.9336713935943015e-41)
139	35,1.03030304244e-40	(139, 1.9336713935943015e-41)
139	88,1.09370876912e-40	(139, 1.9336713935943015e-41)
139	6,1.13061708427e-40	(139, 1.9336713935943015e-41)
139	171,1.14012228245e-40	(139, 1.9336713935943015e-41)
139	132,1.14286794493e-40	(139, 1.9336713935943015e-41)
140	140,1.18883491452e-40	(140, 1.1888349145208802e-40)
140	124,1.59983570317e-40	(140, 1.1888349145208802e-40)
140	93,1.63181161859e-40	(140, 1.1888349145208802e-40)
140	73,1.77850076162e-40	(140, 1.1888349145208802e-40)
140	69,1.83592089318e-40	(140, 1.1888349145208802e-40)
140	101,1.8634018932e-40	(140, 1.1888349145208802e-40)
140	157,1.95506314981e-40	(140, 1.1888349145208802e-40)
140	116,2.10704484615e-40	(140, 1.1888349145208802e-40)
140	13,2.16965855534e-40	(140, 1.1888349145208802e-40)
140	104,2.18468014872e-40	(140, 1.1888349145208802e-40)
141	124,2.83578537938e-40	(141, 2.8665755171758011e-40)
141	141,2.86657551718e-40	(141, 2.8665755171758011e-40)
141	33,3.12818106102e-40	(141, 2.8665755171758011e-40)
141	155,3.36684324273e-40	(141, 2.8665755171758011e-40)
141	4,3.6172677967e-40	(141, 2.8665755171758011e-40)
141	53,3.6410295839e-40	(141, 2.8665755171758011e-40)
141	48,3.66452836354e-40	(141, 2.8665755171758011e-40)
141	2,3.71133281688e-40	(141, 2.8665755171758011e-40)
141	97,3.74521810277e-40	(141, 2.8665755171758011e-40)
141	120,3.93118323423e-40	(141, 2.8665755171758011e-40)
142	61,1.50443972014e-40	(142, 4.8019677037244565e-40)
142	23,1.74463488806e-40	(142, 4.8019677037244565e-40)
142	78,1.83589981714e-40	(142, 4.8019677037244565e-40)
142	12,1.9427162605e-40	(142, 4.8019677037244565e-40)
142	16,1.99994723771e-40	(142, 4.8019677037244565e-40)
142	38,2.01642289929e-40	(142, 4.8019677037244565e-40)
142	55,2.10609780046e-40	(142, 4.8019677037244565e-40)
142	121,2.12565301489e-40	(142, 4.8019677037244565e-40)
142	105,2.19069291366e-40	(142, 4.8019677037244565e-40)
142	73,2.22009237601e-40	(142, 4.8019677037244565e-40)
143	143,7.13277932501e-41	(143, 7.1327793250103212e-41)
143	150,8.00970528391e-41	(143, 7.1327793250103212e-41)
143	137,8.36577701208e-41	(143, 7.1327793250103212e-41)
143	3,8.48395253419e-41	(143, 7.1327793250103212e-41)
143	90,9.03176360984e-41	(143, 7.1327793250103212e-41)
143	112,9.09830551557e-41	(143, 7.1327793250103212e-41)
143	63,9.1670151131e-41	(143, 7.1327793250103212e-41)
143	21,9.67822529375e-41	(143, 7.1327793250103212e-41)
143	162,9.88966908772e-41	(143, 7.1327793250103212e-41)
143	11,1.01094313508e-40	(143, 7.1327793250103212e-41)
144	144,1.18616689589e-40	(144, 1.1861668958858324e-40)
144	12,1.59128824489e-40	(144, 1.1861668958858324e-40)
144	38,1.78197814512e-40	(144, 1.1861668958858324e-40)
144	145,1.86680994849e-40	(144, 1.1861668958858324e-40)
144	14,1.87558185726e-40	(144, 1.1861668958858324e-40)
144	50,2.05981743734e-40	(144, 1.1861668958858324e-40)
144	123,2.06612855342e-40	(144, 1.1861668958858324e-40)
144	159,2.20740231421e-40	(144, 1.1861668958858324e-40)
144	24,2.21240800513e-40	(144, 1.1861668958858324e-40)
144	73,2.27089541517e-40	(144, 1.1861668958858324e-40)
145	128,1.25247773341e-40	(145, 1.3215835482054759e-40)
145	78,1.31960398409e-40	(145, 1.3215835482054759e-40)
145	145,1.32158354821e-40	(145, 1.3215835482054759e-40)
145	38,1.34548671943e-40	(145, 1.3215835482054759e-40)
145	24,1.3920747358e-40	(145, 1.3215835482054759e-40)
145	158,1.39284252429e-40	(145, 1.3215835482054759e-40)
145	12,1.64597657533e-40	(145, 1.3215835482054759e-40)
145	55,1.65083493579e-40	(145, 1.3215835482054759e-40)
145	99,1.80334013523e-40	(145, 1.3215835482054759e-40)
145	14,1.82795932101e-40	(145, 1.3215835482054759e-40)
146	146,4.42896009406e-41	(146, 4.4289600940570184e-41)
146	159,1.01530430691e-40	(146, 4.4289600940570184e-41)
146	81,1.55793573507e-40	(146, 4.4289600940570184e-41)
146	12,1.60830951571e-40	(146, 4.4289600940570184e-41)
146	3,1.64646247971e-40	(146, 4.4289600940570184e-41)
146	132,1.65174242688e-40	(146, 4.4289600940570184e-41)
146	18,1.68644525012e-40	(146, 4.4289600940570184e-41)
146	137,1.69658571748e-40	(146, 4.4289600940570184e-41)
146	123,1.74287950357e-40	(146, 4.4289600940570184e-41)
146	46,1.74953672126e-40	(146, 4.4289600940570184e-41)
147	76,4.25309224483e-41	(147, 4.4051811714643327e-41)
147	147,4.40518117146e-41	(147, 4.4051811714643327e-41)
147	63,5.39204013291e-41	(147, 4.4051811714643327e-41)
147	61,8.10955288349e-41	(147, 4.4051811714643327e-41)
147	23,8.20024896326e-41	(147, 4.4051811714643327e-41)
147	132,8.27684274141e-41	(147, 4.4051811714643327e-41)
147	151,8.67940442659e-41	(147, 4.4051811714643327e-41)
147	18,8.68993926218e-41	(147, 4.4051811714643327e-41)
147	171,8.7382357204e-41	(147, 4.4051811714643327e-41)
147	22,9.00779645914e-41	(147, 4.4051811714643327e-41)
148	148,5.97682418621e-41	(148, 5.9768241862080905e-41)
148	17,6.10409594441e-41	(148, 5.9768241862080905e-41)
148	143,7.89712736697e-41	(148, 5.9768241862080905e-41)
148	100,8.75271952812e-41	(148, 5.9768241862080905e-41)
148	90,9.97775969191e-41	(148, 5.9768241862080905e-41)
148	49,1.20399262203e-40	(148, 5.9768241862080905e-41)
148	172,1.31345153734e-40	(148, 5.9768241862080905e-41)
148	112,1.36767177773e-40	(148, 5.9768241862080905e-41)
148	37,1.47262055e-40	(148, 5.9768241862080905e-41)
148	11,1.53854118601e-40	(148, 5.9768241862080905e-41)
149	149,1.34263304832e-40	(149, 1.3426330483154617e-40)
149	32,2.79329254557e-40	(149, 1.3426330483154617e-40)
149	169,3.0600222949e-40	(149, 1.3426330483154617e-40)
149	33,3.36151247978e-40	(149, 1.3426330483154617e-40)
149	165,4.66338770415e-40	(149, 1.3426330483154617e-40)
149	156,4.77668421644e-40	(149, 1.3426330483154617e-40)
149	111,4.82727732206e-40	(149, 1.3426330483154617e-40)
149	27,5.07785344696e-40	(149, 1.3426330483154617e-40)
149	51,5.0928917936e-40	(149, 1.3426330483154617e-40)
149	131,5.09495772728e-40	(149, 1.3426330483154617e-40)
150	3,4.49000991447e-41	(150, 8.463202272084623e-41)
150	11,5.75971414086e-41	(150, 8.463202272084623e-41)
150	121,6.86524186234e-41	(150, 8.463202272084623e-41)
150	162,7.06829990146e-41	(150, 8.463202272084623e-41)
150	71,7.70531626291e-41	(150, 8.463202272084623e-41)
150	150,8.46320227208e-41	(150, 8.463202272084623e-41)
150	86,8.74475368723e-41	(150, 8.463202272084623e-41)
150	63,9.49172596917e-41	(150, 8.463202272084623e-41)
150	126,9.5857620426e-41	(150, 8.463202272084623e-41)
150	132,1.01841518877e-40	(150, 8.463202272084623e-41)
151	121,4.03541091959e-41	(151, 8.5746223490136962e-41)
151	78,6.85186854978e-41	(151, 8.5746223490136962e-41)
151	22,7.61427024075e-41	(151, 8.5746223490136962e-41)
151	61,7.72001640965e-41	(151, 8.5746223490136962e-41)
151	132,8.36065720372e-41	(151, 8.5746223490136962e-41)
151	151,8.57462234901e-41	(151, 8.5746223490136962e-41)
151	26,9.06407497498e-41	(151, 8.5746223490136962e-41)
151	23,9.63946244087e-41	(151, 8.5746223490136962e-41)
151	76,1.0814008182e-40	(151, 8.5746223490136962e-41)
151	18,1.13044123591e-40	(151, 8.5746223490136962e-41)
152	152,8.97090587198e-41	(152, 8.9709058719786676e-41)
152	121,9.66250874986e-41	(152, 8.9709058719786676e-41)
152	18,1.07612260792e-40	(152, 8.9709058719786676e-41)
152	88,1.11498519271e-40	(152, 8.9709058719786676e-41)
152	35,1.17964743693e-40	(152, 8.9709058719786676e-41)
152	117,1.19864349386e-40	(152, 8.9709058719786676e-41)
152	22,1.2640986008e-40	(152, 8.9709058719786676e-41)
152	12,1.2811445564e-40	(152, 8.9709058719786676e-41)
152	139,1.30814735487e-40	(152, 8.9709058719786676e-41)
152	73,1.48079326833e-40	(152, 8.9709058719786676e-41)
153	133,1.34534693689e-40	(153, 2.2694177443629087e-40)
153	153,2.26941774436e-40	(153, 2.2694177443629087e-40)
153	91,2.28936955294e-40	(153, 2.2694177443629087e-40)
153	130,2.47009762732e-40	(153, 2.2694177443629087e-40)
153	34,2.58134647102e-40	(153, 2.2694177443629087e-40)
153	102,2.94616812922e-40	(153, 2.2694177443629087e-40)
153	103,3.02788222135e-40	(153, 2.2694177443629087e-40)
153	28,3.39198775763e-40	(153, 2.2694177443629087e-40)
153	30,3.53856404355e-40	(153, 2.2694177443629087e-40)
153	110,3.72053558132e-40	(153, 2.2694177443629087e-40)
154	154,4.10291462777e-41	(154, 4.1029146277701065e-41)
154	172,1.15599311311e-40	(154, 4.1029146277701065e-41)
154	40,1.19396934461e-40	(154, 4.1029146277701065e-41)
154	174,1.41464331153e-40	(154, 4.1029146277701065e-41)
154	69,1.6359802192e-40	(154, 4.1029146277701065e-41)
154	4,1.63785827935e-40	(154, 4.1029146277701065e-41)
154	17,1.98874775547e-40	(154, 4.1029146277701065e-41)
154	116,2.06144897173e-40	(154, 4.1029146277701065e-41)
154	56,2.21342547714e-40	(154, 4.1029146277701065e-41)
154	2,2.26601871321e-40	(154, 4.1029146277701065e-41)
155	11,6.53326562385e-41	(155, 1.3133505271819413e-40)
155	71,8.40252594683e-41	(155, 1.3133505271819413e-40)
155	162,9.832438298e-41	(155, 1.3133505271819413e-40)
155	121,1.1738262795e-40	(155, 1.3133505271819413e-40)
155	1,1.19505849306e-40	(155, 1.3133505271819413e-40)
155	81,1.27571208663e-40	(155, 1.3133505271819413e-40)
155	117,1.28364820675e-40	(155, 1.3133505271819413e-40)
155	3,1.28377722053e-40	(155, 1.3133505271819413e-40)
155	155,1.31335052718e-40	(155, 1.3133505271819413e-40)
155	21,1.38895832902e-40	(155, 1.3133505271819413e-40)
156	156,9.62576300641e-41	(156, 9.6257630064097954e-41)
156	73,1.25919555051e-40	(156, 9.6257630064097954e-41)
156	144,1.30691925658e-40	(156, 9.6257630064097954e-41)
156	109,1.4654900044e-40	(156, 9.6257630064097954e-41)
156	50,1.7360141117e-40	(156, 9.6257630064097954e-41)
156	93,1.81363798426e-40	(156, 9.6257630064097954e-41)
156	131,1.87241607413e-40	(156, 9.6257630064097954e-41)
156	116,1.93682266659e-40	(156, 9.6257630064097954e-41)
156	84,1.97251941557e-40	(156, 9.6257630064097954e-41)
156	157,1.98280332804e-40	(156, 9.6257630064097954e-41)
157	22,9.47743518284e-41	(157, 1.3793163321247319e-40)
157	73,1.05298715825e-40	(157, 1.3793163321247319e-40)
157	132,1.16220370678e-40	(157, 1.3793163321247319e-40)
157	121,1.1777619349e-40	(157, 1.3793163321247319e-40)
157	126,1.19671676553e-40	(157, 1.3793163321247319e-40)
157	3,1.21283286253e-40	(157, 1.3793163321247319e-40)
157	12,1.24587613017e-40	(157, 1.3793163321247319e-40)
157	128,1.26092713209e-40	(157, 1.3793163321247319e-40)
157	76,1.26916760083e-40	(157, 1.3793163321247319e-40)
157	78,1.29242215764e-40	(157, 1.3793163321247319e-40)
158	77,5.62071370506e-41	(158, 1.6364695088664556e-40)
158	3,7.3266739551e-41	(158, 1.6364695088664556e-40)
158	76,8.46680334726e-41	(158, 1.6364695088664556e-40)
158	171,8.48368672233e-41	(158, 1.6364695088664556e-40)
158	63,8.67256555827e-41	(158, 1.6364695088664556e-40)
158	147,8.95487966319e-41	(158, 1.6364695088664556e-40)
158	37,9.02354307312e-41	(158, 1.6364695088664556e-40)
158	136,9.69884443366e-41	(158, 1.6364695088664556e-40)
158	132,9.71364119438e-41	(158, 1.6364695088664556e-40)
158	137,9.95306219544e-41	(158, 1.6364695088664556e-40)
159	146,4.97396305277e-41	(159, 1.0786747725865641e-40)
159	18,9.55067843501e-41	(159, 1.0786747725865641e-40)
159	46,1.02994205549e-40	(159, 1.0786747725865641e-40)
159	159,1.07867477259e-40	(159, 1.0786747725865641e-40)
159	137,1.09744888201e-40	(159, 1.0786747725865641e-40)
159	81,1.10009866604e-40	(159, 1.0786747725865641e-40)
159	150,1.15961176843e-40	(159, 1.0786747725865641e-40)
159	151,1.16530623455e-40	(159, 1.0786747725865641e-40)
159	36,1.23315403064e-40	(159, 1.0786747725865641e-40)
159	147,1.25405174535e-40	(159, 1.0786747725865641e-40)
160	164,1.55343595302e-40	(160, 7.4625448962109006e-40)
160	27,1.7379525801e-40	(160, 7.4625448962109006e-40)
160	32,2.13571749672e-40	(160, 7.4625448962109006e-40)
160	73,2.24600130661e-40	(160, 7.4625448962109006e-40)
160	107,2.56485338053e-40	(160, 7.4625448962109006e-40)
160	43,2.57866166764e-40	(160, 7.4625448962109006e-40)
160	41,2.6154311394e-40	(160, 7.4625448962109006e-40)
160	38,2.71529072879e-40	(160, 7.4625448962109006e-40)
160	105,2.73446790581e-40	(160, 7.4625448962109006e-40)
160	109,2.73502875155e-40	(160, 7.4625448962109006e-40)
161	161,3.96538660244e-41	(161, 3.9653866024448565e-41)
161	65,1.09548651175e-40	(161, 3.9653866024448565e-41)
161	44,1.32605607962e-40	(161, 3.9653866024448565e-41)
161	68,1.32690361128e-40	(161, 3.9653866024448565e-41)
161	83,1.45095862095e-40	(161, 3.9653866024448565e-41)
161	155,1.52437520973e-40	(161, 3.9653866024448565e-41)
161	17,1.53326701629e-40	(161, 3.9653866024448565e-41)
161	13,1.68584087361e-40	(161, 3.9653866024448565e-41)
161	1,1.75866121559e-40	(161, 3.9653866024448565e-41)
161	11,1.78072849927e-40	(161, 3.9653866024448565e-41)
162	162,6.467658141e-41	(162, 6.4676581410039263e-41)
162	117,7.25158530595e-41	(162, 6.4676581410039263e-41)
162	90,8.16250776125e-41	(162, 6.4676581410039263e-41)
162	88,8.87234175981e-41	(162, 6.4676581410039263e-41)
162	18,9.68764331146e-41	(162, 6.4676581410039263e-41)
162	150,1.01327661719e-40	(162, 6.4676581410039263e-41)
162	11,1.01758793036e-40	(162, 6.4676581410039263e-41)
162	147,1.0221170396e-40	(162, 6.4676581410039263e-41)
162	77,1.03883996075e-40	(162, 6.4676581410039263e-41)
162	81,1.0609035189e-40	(162, 6.4676581410039263e-41)
163	17,1.11024785136e-40	(163, 1.1976607535040429e-40)
163	163,1.1976607535e-40	(163, 1.1976607535040429e-40)
163	172,1.24254176161e-40	(163, 1.1976607535040429e-40)
163	40,1.27983331197e-40	(163, 1.1976607535040429e-40)
163	148,1.31172044296e-40	(163, 1.1976607535040429e-40)
163	100,1.35783225114e-40	(163, 1.1976607535040429e-40)
163	37,1.42393949451e-40	(163, 1.1976607535040429e-40)
163	3,1.43247492368e-40	(163, 1.1976607535040429e-40)
163	11,1.57299121968e-40	(163, 1.1976607535040429e-40)
163	83,1.58873046785e-40	(163, 1.1976607535040429e-40)
164	156,1.5181068923e-40	(164, 1.7611648925755471e-40)
164	27,1.7192738447e-40	(164, 1.7611648925755471e-40)
164	164,1.76116489258e-40	(164, 1.7611648925755471e-40)
164	73,1.97999623774e-40	(164, 1.7611648925755471e-40)
164	32,2.04696856736e-40	(164, 1.7611648925755471e-40)
164	144,2.13236300979e-40	(164, 1.7611648925755471e-40)
164	107,2.39258684585e-40	(164, 1.7611648925755471e-40)
164	109,2.42978298143e-40	(164, 1.7611648925755471e-40)
164	50,2.43404880339e-40	(164, 1.7611648925755471e-40)
164	131,2.58500605686e-40	(164, 1.7611648925755471e-40)
165	93,1.42400736661e-40	(165, 1.5723568679495319e-40)
165	165,1.57235686795e-40	(165, 1.5723568679495319e-40)
165	116,1.63417239621e-40	(165, 1.5723568679495319e-40)
165	157,1.64956787564e-40	(165, 1.5723568679495319e-40)
165	144,1.84341489347e-40	(165, 1.5723568679495319e-40)
165	73,1.88022871994e-40	(165, 1.5723568679495319e-40)
165	156,2.10067844818e-40	(165, 1.5723568679495319e-40)
165	131,2.10727217208e-40	(165, 1.5723568679495319e-40)
165	124,2.20894911186e-40	(165, 1.5723568679495319e-40)
165	27,2.4644970011e-40	(165, 1.5723568679495319e-40)
166	116,1.54245229839e-40	(166, 2.4587655073784961e-40)
166	69,1.70848621619e-40	(166, 2.4587655073784961e-40)
166	124,1.81110534022e-40	(166, 2.4587655073784961e-40)
166	144,2.11973827712e-40	(166, 2.4587655073784961e-40)
166	140,2.18979688053e-40	(166, 2.4587655073784961e-40)
166	104,2.23226149399e-40	(166, 2.4587655073784961e-40)
166	123,2.3293314694e-40	(166, 2.4587655073784961e-40)
166	93,2.38479383507e-40	(166, 2.4587655073784961e-40)
166	157,2.40025459155e-40	(166, 2.4587655073784961e-40)
166	13,2.4207225421e-40	(166, 2.4587655073784961e-40)
167	167,2.51561372743e-40	(167, 2.5156137274338678e-40)
167	51,2.98789050468e-40	(167, 2.5156137274338678e-40)
167	27,3.00189729947e-40	(167, 2.5156137274338678e-40)
167	39,3.11399133005e-40	(167, 2.5156137274338678e-40)
167	138,3.17077233142e-40	(167, 2.5156137274338678e-40)
167	19,3.36084669249e-40	(167, 2.5156137274338678e-40)
167	32,3.75701051916e-40	(167, 2.5156137274338678e-40)
167	173,3.98542498052e-40	(167, 2.5156137274338678e-40)
167	164,4.15345952209e-40	(167, 2.5156137274338678e-40)
167	99,4.44095782757e-40	(167, 2.5156137274338678e-40)
168	55,1.34854468736e-40	(168, 1.8829387350851768e-40)
168	121,1.53456228724e-40	(168, 1.8829387350851768e-40)
168	12,1.5374039201e-40	(168, 1.8829387350851768e-40)
168	18,1.54389585995e-40	(168, 1.8829387350851768e-40)
168	38,1.58732737173e-40	(168, 1.8829387350851768e-40)
168	61,1.80463123458e-40	(168, 1.8829387350851768e-40)
168	152,1.81064813585e-40	(168, 1.8829387350851768e-40)
168	86,1.84385481376e-40	(168, 1.8829387350851768e-40)
168	151,1.8699228252e-40	(168, 1.8829387350851768e-40)
168	168,1.88293873509e-40	(168, 1.8829387350851768e-40)
169	169,1.61447878026e-40	(169, 1.6144787802572513e-40)
169	27,1.92176034056e-40	(169, 1.6144787802572513e-40)
169	73,2.18892575655e-40	(169, 1.6144787802572513e-40)
169	156,2.24961053662e-40	(169, 1.6144787802572513e-40)
169	41,2.29454646166e-40	(169, 1.6144787802572513e-40)
169	99,2.41067886771e-40	(169, 1.6144787802572513e-40)
169	28,2.51884172082e-40	(169, 1.6144787802572513e-40)
169	157,2.61745439863e-40	(169, 1.6144787802572513e-40)
169	124,2.65286929614e-40	(169, 1.6144787802572513e-40)
169	170,2.70193552238e-40	(169, 1.6144787802572513e-40)
170	170,8.13581167154e-41	(170, 8.1358116715395857e-41)
170	99,1.550094551e-40	(170, 8.1358116715395857e-41)
170	27,1.9761037583e-40	(170, 8.1358116715395857e-41)
170	19,2.01418026828e-40	(170, 8.1358116715395857e-41)
170	0,2.48795389572e-40	(170, 8.1358116715395857e-41)
170	144,2.52698627839e-40	(170, 8.1358116715395857e-41)
170	73,2.59071470276e-40	(170, 8.1358116715395857e-41)
170	138,2.75222730556e-40	(170, 8.1358116715395857e-41)
170	114,2.81843126075e-40	(170, 8.1358116715395857e-41)
170	84,2.82209634816e-40	(170, 8.1358116715395857e-41)
171	27,1.4446349756e-40	(171, 4.7888455202271344e-40)
171	156,1.53635664067e-40	(171, 4.7888455202271344e-40)
171	32,1.79037918871e-40	(171, 4.7888455202271344e-40)
171	107,1.9659274843e-40	(171, 4.7888455202271344e-40)
171	73,2.00998082336e-40	(171, 4.7888455202271344e-40)
171	164,2.16808598312e-40	(171, 4.7888455202271344e-40)
171	19,2.34503874796e-40	(171, 4.7888455202271344e-40)
171	39,2.38562651904e-40	(171, 4.7888455202271344e-40)
171	51,2.46051908611e-40	(171, 4.7888455202271344e-40)
171	99,2.56871909608e-40	(171, 4.7888455202271344e-40)
172	172,5.05783232077e-41	(172, 5.0578323207726062e-41)
172	77,8.27198804935e-41	(172, 5.0578323207726062e-41)
172	90,8.4437458387e-41	(172, 5.0578323207726062e-41)
172	137,8.73829015921e-41	(172, 5.0578323207726062e-41)
172	3,9.70289926048e-41	(172, 5.0578323207726062e-41)
172	147,1.00044802214e-40	(172, 5.0578323207726062e-41)
172	37,1.05612301245e-40	(172, 5.0578323207726062e-41)
172	81,1.06744378921e-40	(172, 5.0578323207726062e-41)
172	171,1.10838615439e-40	(172, 5.0578323207726062e-41)
172	11,1.21101480319e-40	(172, 5.0578323207726062e-41)
173	107,1.41178989043e-40	(173, 2.3693798644641462e-40)
173	158,1.57735486141e-40	(173, 2.3693798644641462e-40)
173	38,1.62208175373e-40	(173, 2.3693798644641462e-40)
173	24,1.76836862102e-40	(173, 2.3693798644641462e-40)
173	27,1.84981326827e-40	(173, 2.3693798644641462e-40)
173	78,1.97904676185e-40	(173, 2.3693798644641462e-40)
173	61,1.98242525932e-40	(173, 2.3693798644641462e-40)
173	128,2.20906163644e-40	(173, 2.3693798644641462e-40)
173	138,2.2352317706e-40	(173, 2.3693798644641462e-40)
173	87,2.28573523926e-40	(173, 2.3693798644641462e-40)
174	174,6.9304630184e-41	(174, 6.9304630183953751e-41)
174	56,9.35489296558e-41	(174, 6.9304630183953751e-41)
174	15,1.23943552389e-40	(174, 6.9304630183953751e-41)
174	120,1.34863328597e-40	(174, 6.9304630183953751e-41)
174	17,1.3838735627e-40	(174, 6.9304630183953751e-41)
174	4,1.71029603484e-40	(174, 6.9304630183953751e-41)
174	2,1.72598755498e-40	(174, 6.9304630183953751e-41)
174	154,1.87659479275e-40	(174, 6.9304630183953751e-41)
174	69,1.90538828646e-40	(174, 6.9304630183953751e-41)
174	172,2.03543947938e-40	(174, 6.9304630183953751e-41)
