0	0,0.069404624626	(0, 0.069404624626014738)
0	84,0.125356229399	(0, 0.069404624626014738)
0	99,0.137001126784	(0, 0.069404624626014738)
0	38,0.139115023937	(0, 0.069404624626014738)
0	173,0.148375088161	(0, 0.069404624626014738)
0	144,0.159266583072	(0, 0.069404624626014738)
0	109,0.16432963055	(0, 0.069404624626014738)
0	14,0.165116522936	(0, 0.069404624626014738)
0	138,0.173276760426	(0, 0.069404624626014738)
0	170,0.177366884892	(0, 0.069404624626014738)
1	1,0.04990447317	(1, 0.049904473169999748)
1	103,0.0749405528869	(1, 0.049904473169999748)
1	102,0.0757230817297	(1, 0.049904473169999748)
1	28,0.0796145351234	(1, 0.049904473169999748)
1	91,0.0872036397075	(1, 0.049904473169999748)
1	114,0.0897829573357	(1, 0.049904473169999748)
1	155,0.0976017141257	(1, 0.049904473169999748)
1	153,0.0985594482392	(1, 0.049904473169999748)
1	41,0.101014226518	(1, 0.049904473169999748)
1	73,0.105870439767	(1, 0.049904473169999748)
2	4,0.0541364195432	(2, 0.087081481782262382)
2	154,0.0570067544096	(2, 0.087081481782262382)
2	174,0.0749769133033	(2, 0.087081481782262382)
2	69,0.0760376165682	(2, 0.087081481782262382)
2	40,0.0843880447308	(2, 0.087081481782262382)
2	2,0.0870814817823	(2, 0.087081481782262382)
2	172,0.09388880572	(2, 0.087081481782262382)
2	25,0.106650691512	(2, 0.087081481782262382)
2	15,0.113681847161	(2, 0.087081481782262382)
2	17,0.115637355235	(2, 0.087081481782262382)
3	3,0.0208342511282	(3, 0.020834251128195206)
3	63,0.0405682626169	(3, 0.020834251128195206)
3	81,0.0464890494436	(3, 0.020834251128195206)
3	162,0.047429778796	(3, 0.020834251128195206)
3	11,0.0493151104209	(3, 0.020834251128195206)
3	132,0.0547921796049	(3, 0.020834251128195206)
3	137,0.0566288263121	(3, 0.020834251128195206)
3	150,0.0572927963096	(3, 0.020834251128195206)
3	121,0.0574548817818	(3, 0.020834251128195206)
3	90,0.0592457622203	(3, 0.020834251128195206)
4	172,0.04493491266	(4, 0.060925330162640741)
4	13,0.050891185337	(4, 0.060925330162640741)
4	17,0.0572415491673	(4, 0.060925330162640741)
4	37,0.059466152895	(4, 0.060925330162640741)
4	4,0.0609253301626	(4, 0.060925330162640741)
4	69,0.0615067791822	(4, 0.060925330162640741)
4	40,0.0637248258674	(4, 0.060925330162640741)
4	77,0.0677347806652	(4, 0.060925330162640741)
4	120,0.0704524929485	(4, 0.060925330162640741)
4	3,0.0749785602621	(4, 0.060925330162640741)
5	73,0.0531361434582	(5, 0.21384133995783941)
5	107,0.0982001333282	(5, 0.21384133995783941)
5	93,0.104746354219	(5, 0.21384133995783941)
5	95,0.104839769819	(5, 0.21384133995783941)
5	1,0.109656276239	(5, 0.21384133995783941)
5	26,0.110072598178	(5, 0.21384133995783941)
5	124,0.113424560891	(5, 0.21384133995783941)
5	78,0.116715945708	(5, 0.21384133995783941)
5	77,0.121429229216	(5, 0.21384133995783941)
5	128,0.121974477649	(5, 0.21384133995783941)
6	139,0.0331037087727	(6, 0.041302630658892711)
6	46,0.038901922739	(6, 0.041302630658892711)
6	6,0.0413026306589	(6, 0.041302630658892711)
6	76,0.0561214191824	(6, 0.041302630658892711)
6	22,0.0569156674909	(6, 0.041302630658892711)
6	18,0.0599638524002	(6, 0.041302630658892711)
6	171,0.0615157341355	(6, 0.041302630658892711)
6	158,0.0619318551912	(6, 0.041302630658892711)
6	132,0.0658028865076	(6, 0.041302630658892711)
6	35,0.0692096524121	(6, 0.041302630658892711)
7	66,0.230534450513	(7, 0.39393052939750628)
7	51,0.307197038667	(7, 0.39393052939750628)
7	167,0.320165727411	(7, 0.39393052939750628)
7	32,0.330552584686	(7, 0.39393052939750628)
7	169,0.337033400432	(7, 0.39393052939750628)
7	80,0.338141093159	(7, 0.39393052939750628)
7	160,0.341340133827	(7, 0.39393052939750628)
7	133,0.370730335217	(7, 0.39393052939750628)
7	7,0.393930529398	(7, 0.39393052939750628)
7	149,0.410891625882	(7, 0.39393052939750628)
8	11,0.0461503681056	(8, 0.078469815891913222)
8	121,0.0594637303945	(8, 0.078469815891913222)
8	162,0.0614716179169	(8, 0.078469815891913222)
8	71,0.067228321744	(8, 0.078469815891913222)
8	1,0.0721410336462	(8, 0.078469815891913222)
8	3,0.0730258487869	(8, 0.078469815891913222)
8	73,0.0746708427391	(8, 0.078469815891913222)
8	13,0.0782371366365	(8, 0.078469815891913222)
8	8,0.0784698158919	(8, 0.078469815891913222)
8	18,0.0839764945722	(8, 0.078469815891913222)
9	9,0.0861216919431	(9, 0.086121691943084472)
9	155,0.173364357785	(9, 0.086121691943084472)
9	114,0.173853119231	(9, 0.086121691943084472)
9	53,0.187726460525	(9, 0.086121691943084472)
9	91,0.201397439429	(9, 0.086121691943084472)
9	124,0.213584081125	(9, 0.086121691943084472)
9	28,0.248809478099	(9, 0.086121691943084472)
9	41,0.257385368253	(9, 0.086121691943084472)
9	65,0.260504764397	(9, 0.086121691943084472)
9	52,0.275268185883	(9, 0.086121691943084472)
10	10,0.112660185092	(10, 0.11266018509215781)
10	47,0.146789688276	(10, 0.11266018509215781)
10	167,0.271435229955	(10, 0.11266018509215781)
10	99,0.282761961281	(10, 0.11266018509215781)
10	84,0.290063589618	(10, 0.11266018509215781)
10	173,0.29618081319	(10, 0.11266018509215781)
10	166,0.313765823299	(10, 0.11266018509215781)
10	19,0.322632234849	(10, 0.11266018509215781)
10	14,0.326594423429	(10, 0.11266018509215781)
10	27,0.329758495712	(10, 0.11266018509215781)
11	11,0.0258374504591	(11, 0.025837450459094913)
11	119,0.0499390998124	(11, 0.025837450459094913)
11	81,0.0555843324016	(11, 0.025837450459094913)
11	115,0.0620591019334	(11, 0.025837450459094913)
11	3,0.0643578945886	(11, 0.025837450459094913)
11	96,0.065887542837	(11, 0.025837450459094913)
11	37,0.0715576705264	(11, 0.025837450459094913)
11	71,0.0805584126559	(11, 0.025837450459094913)
11	112,0.080913186447	(11, 0.025837450459094913)
11	86,0.0820237991428	(11, 0.025837450459094913)
12	22,0.0346142947195	(12, 0.040235112770553548)
12	76,0.0372076986827	(12, 0.040235112770553548)
12	121,0.0383084188183	(12, 0.040235112770553548)
12	126,0.0388485702344	(12, 0.040235112770553548)
12	12,0.0402351127706	(12, 0.040235112770553548)
12	151,0.0425700664037	(12, 0.040235112770553548)
12	18,0.0459119066838	(12, 0.040235112770553548)
12	132,0.0480242663081	(12, 0.040235112770553548)
12	3,0.0482251034006	(12, 0.040235112770553548)
12	63,0.0494226553567	(12, 0.040235112770553548)
13	172,0.0345266722387	(13, 0.0597576963360218)
13	17,0.0354379536857	(13, 0.0597576963360218)
13	77,0.0466508506109	(13, 0.0597576963360218)
13	162,0.0467050457491	(13, 0.0597576963360218)
13	11,0.0471554081873	(13, 0.0597576963360218)
13	136,0.0474670278633	(13, 0.0597576963360218)
13	3,0.0505158223932	(13, 0.0597576963360218)
13	90,0.0538177901696	(13, 0.0597576963360218)
13	71,0.0543573564979	(13, 0.0597576963360218)
13	137,0.0556571171815	(13, 0.0597576963360218)
14	14,0.0447247146667	(14, 0.044724714666734611)
14	72,0.0553269263035	(14, 0.044724714666734611)
14	159,0.0743848489789	(14, 0.044724714666734611)
14	84,0.0933170210546	(14, 0.044724714666734611)
14	144,0.0948855062763	(14, 0.044724714666734611)
14	109,0.0965665533415	(14, 0.044724714666734611)
14	145,0.0984186114346	(14, 0.044724714666734611)
14	38,0.106055304381	(14, 0.044724714666734611)
14	131,0.110777138913	(14, 0.044724714666734611)
14	123,0.114267425953	(14, 0.044724714666734611)
15	15,0.0415264231403	(15, 0.041526423140320658)
15	17,0.0450922063049	(15, 0.041526423140320658)
15	100,0.0540643235374	(15, 0.041526423140320658)
15	77,0.0544106509797	(15, 0.041526423140320658)
15	49,0.0548969878015	(15, 0.041526423140320658)
15	59,0.0597240006486	(15, 0.041526423140320658)
15	172,0.0665518948809	(15, 0.041526423140320658)
15	174,0.0688057579623	(15, 0.041526423140320658)
15	83,0.0839068226553	(15, 0.041526423140320658)
15	136,0.0849234787853	(15, 0.041526423140320658)
16	16,0.077967039478	(16, 0.077967039477993147)
16	170,0.0932501353797	(16, 0.077967039477993147)
16	19,0.100024749036	(16, 0.077967039477993147)
16	0,0.113186725309	(16, 0.077967039477993147)
16	27,0.123513608545	(16, 0.077967039477993147)
16	114,0.135897243475	(16, 0.077967039477993147)
16	144,0.141087005077	(16, 0.077967039477993147)
16	101,0.146617270889	(16, 0.077967039477993147)
16	164,0.147447272459	(16, 0.077967039477993147)
16	73,0.152049667875	(16, 0.077967039477993147)
17	17,0.0251130557109	(17, 0.025113055710873095)
17	172,0.0333499948008	(17, 0.025113055710873095)
17	77,0.0468732136905	(17, 0.025113055710873095)
17	100,0.051001959092	(17, 0.025113055710873095)
17	143,0.0545545181855	(17, 0.025113055710873095)
17	37,0.0560171834617	(17, 0.025113055710873095)
17	90,0.0564706752599	(17, 0.025113055710873095)
17	136,0.0575819119657	(17, 0.025113055710873095)
17	49,0.0623318318245	(17, 0.025113055710873095)
17	3,0.0634729109975	(17, 0.025113055710873095)
18	18,0.0263914161558	(18, 0.026391416155778679)
18	88,0.0347040467203	(18, 0.026391416155778679)
18	22,0.036616044158	(18, 0.026391416155778679)
18	121,0.0404560952603	(18, 0.026391416155778679)
18	76,0.0409356108986	(18, 0.026391416155778679)
18	35,0.0440221520822	(18, 0.026391416155778679)
18	139,0.0447699344104	(18, 0.026391416155778679)
18	61,0.0458541029132	(18, 0.026391416155778679)
18	132,0.0464278054068	(18, 0.026391416155778679)
18	147,0.053778862665	(18, 0.026391416155778679)
19	19,0.0936513212597	(19, 0.093651321259727735)
19	27,0.0993451977582	(19, 0.093651321259727735)
19	43,0.113049288134	(19, 0.093651321259727735)
19	99,0.1139606672	(19, 0.093651321259727735)
19	32,0.149513135403	(19, 0.093651321259727735)
19	84,0.150671774402	(19, 0.093651321259727735)
19	164,0.162702916743	(19, 0.093651321259727735)
19	144,0.165713126052	(19, 0.093651321259727735)
19	107,0.173389594098	(19, 0.093651321259727735)
19	170,0.185092107777	(19, 0.093651321259727735)
20	73,0.0702320630647	(20, 0.070737710546157712)
20	20,0.0707377105462	(20, 0.070737710546157712)
20	124,0.0756543655644	(20, 0.070737710546157712)
20	1,0.0908997634333	(20, 0.070737710546157712)
20	93,0.0910586276109	(20, 0.070737710546157712)
20	89,0.0911707309068	(20, 0.070737710546157712)
20	157,0.101331511397	(20, 0.070737710546157712)
20	109,0.105135461833	(20, 0.070737710546157712)
20	101,0.105896286701	(20, 0.070737710546157712)
20	128,0.1062124263	(20, 0.070737710546157712)
21	121,0.0354265742876	(21, 0.067238339196865365)
21	71,0.0378358838285	(21, 0.067238339196865365)
21	11,0.0404279183287	(21, 0.067238339196865365)
21	162,0.0446720566879	(21, 0.067238339196865365)
21	117,0.0455889534178	(21, 0.067238339196865365)
21	22,0.0548842540514	(21, 0.067238339196865365)
21	23,0.0562638184193	(21, 0.067238339196865365)
21	76,0.0579446959454	(21, 0.067238339196865365)
21	86,0.0625001903812	(21, 0.067238339196865365)
21	63,0.062556734816	(21, 0.067238339196865365)
22	22,0.0318563920945	(22, 0.031856392094465467)
22	117,0.0339375628866	(22, 0.031856392094465467)
22	76,0.0365883238947	(22, 0.031856392094465467)
22	139,0.0377455807425	(22, 0.031856392094465467)
22	46,0.0430898076895	(22, 0.031856392094465467)
22	132,0.0435726425135	(22, 0.031856392094465467)
22	3,0.0497779877182	(22, 0.031856392094465467)
22	63,0.0498601881944	(22, 0.031856392094465467)
22	18,0.050107278551	(22, 0.031856392094465467)
22	171,0.0525403293477	(22, 0.031856392094465467)
23	23,0.0192773991294	(23, 0.0192773991294037)
23	61,0.0256638428161	(23, 0.0192773991294037)
23	26,0.0575673434375	(23, 0.0192773991294037)
23	121,0.0608647503212	(23, 0.0192773991294037)
23	78,0.0706066926365	(23, 0.0192773991294037)
23	162,0.0736000483256	(23, 0.0192773991294037)
23	63,0.0769538600241	(23, 0.0192773991294037)
23	76,0.080166537262	(23, 0.0192773991294037)
23	70,0.0850316073637	(23, 0.0192773991294037)
23	147,0.0875783965579	(23, 0.0192773991294037)
24	24,0.0361350335044	(24, 0.036135033504401143)
24	107,0.0827329691915	(24, 0.036135033504401143)
24	27,0.0863017220998	(24, 0.036135033504401143)
24	61,0.102949440637	(24, 0.036135033504401143)
24	158,0.103734125564	(24, 0.036135033504401143)
24	50,0.11090103056	(24, 0.036135033504401143)
24	135,0.113197160273	(24, 0.036135033504401143)
24	22,0.116106965113	(24, 0.036135033504401143)
24	73,0.116331380031	(24, 0.036135033504401143)
24	23,0.119779806229	(24, 0.036135033504401143)
25	69,0.033203407782	(25, 0.048828080615894574)
25	25,0.0488280806159	(25, 0.048828080615894574)
25	40,0.0499686234688	(25, 0.048828080615894574)
25	4,0.0621732398563	(25, 0.048828080615894574)
25	15,0.0637965020677	(25, 0.048828080615894574)
25	148,0.0797683979093	(25, 0.048828080615894574)
25	154,0.0871122719553	(25, 0.048828080615894574)
25	79,0.0885619296309	(25, 0.048828080615894574)
25	172,0.0951668153095	(25, 0.048828080615894574)
25	120,0.0963406865047	(25, 0.048828080615894574)
26	18,0.0330200635026	(26, 0.079460009866944972)
26	76,0.0348321772574	(26, 0.079460009866944972)
26	121,0.0362174590112	(26, 0.079460009866944972)
26	63,0.0383534433095	(26, 0.079460009866944972)
26	22,0.0411525119328	(26, 0.079460009866944972)
26	151,0.0413756004508	(26, 0.079460009866944972)
26	147,0.0419375232862	(26, 0.079460009866944972)
26	117,0.0429113463854	(26, 0.079460009866944972)
26	162,0.0441480202187	(26, 0.079460009866944972)
26	132,0.045606304805	(26, 0.079460009866944972)
27	78,0.074886484962	(27, 0.091075926591551004)
27	73,0.0806680238016	(27, 0.091075926591551004)
27	170,0.0807729428249	(27, 0.091075926591551004)
27	121,0.0860427621031	(27, 0.091075926591551004)
27	61,0.0862491256477	(27, 0.091075926591551004)
27	26,0.0879789129599	(27, 0.091075926591551004)
27	27,0.0910759265916	(27, 0.091075926591551004)
27	101,0.0939961268071	(27, 0.091075926591551004)
27	19,0.0981543326397	(27, 0.091075926591551004)
27	128,0.0998776952227	(27, 0.091075926591551004)
28	1,0.0631403989132	(28, 0.076908442692900578)
28	13,0.0648756742091	(28, 0.076908442692900578)
28	3,0.0706267629815	(28, 0.076908442692900578)
28	28,0.0769084426929	(28, 0.076908442692900578)
28	73,0.0774178906096	(28, 0.076908442692900578)
28	93,0.0898187656682	(28, 0.076908442692900578)
28	53,0.0963077057698	(28, 0.076908442692900578)
28	83,0.0968339971191	(28, 0.076908442692900578)
28	65,0.0974941462506	(28, 0.076908442692900578)
28	155,0.0977022945278	(28, 0.076908442692900578)
29	29,0.0376363926637	(29, 0.037636392663723782)
29	77,0.0444572633546	(29, 0.037636392663723782)
29	71,0.0596557512976	(29, 0.037636392663723782)
29	135,0.0645992509547	(29, 0.037636392663723782)
29	73,0.0672598398002	(29, 0.037636392663723782)
29	13,0.0680784770822	(29, 0.037636392663723782)
29	3,0.0752448354452	(29, 0.037636392663723782)
29	172,0.075406682018	(29, 0.037636392663723782)
29	1,0.0757496145145	(29, 0.037636392663723782)
29	11,0.0760317975561	(29, 0.037636392663723782)
30	30,0.100506746965	(30, 0.10050674696489185)
30	91,0.130080045036	(30, 0.10050674696489185)
30	103,0.130103528753	(30, 0.10050674696489185)
30	28,0.139976912586	(30, 0.10050674696489185)
30	1,0.151274492182	(30, 0.10050674696489185)
30	95,0.160251597093	(30, 0.10050674696489185)
30	153,0.163854001723	(30, 0.10050674696489185)
30	102,0.170446423555	(30, 0.10050674696489185)
30	39,0.171326409264	(30, 0.10050674696489185)
30	53,0.172414445556	(30, 0.10050674696489185)
31	166,0.106119794567	(31, 0.13130326689038743)
31	72,0.131126942999	(31, 0.13130326689038743)
31	31,0.13130326689	(31, 0.13130326689038743)
31	116,0.133681400631	(31, 0.13130326689038743)
31	144,0.148355433337	(31, 0.13130326689038743)
31	104,0.152209563522	(31, 0.13130326689038743)
31	123,0.153177281817	(31, 0.13130326689038743)
31	69,0.15379397864	(31, 0.13130326689038743)
31	131,0.159148402321	(31, 0.13130326689038743)
31	124,0.162211831106	(31, 0.13130326689038743)
32	32,0.0826504724251	(32, 0.082650472425095503)
32	156,0.0831541180409	(32, 0.082650472425095503)
32	27,0.0974173275655	(32, 0.082650472425095503)
32	50,0.125134393111	(32, 0.082650472425095503)
32	164,0.128642385169	(32, 0.082650472425095503)
32	73,0.131056699882	(32, 0.082650472425095503)
32	131,0.138464121814	(32, 0.082650472425095503)
32	107,0.138508334788	(32, 0.082650472425095503)
32	144,0.161358422278	(32, 0.082650472425095503)
32	109,0.164077422353	(32, 0.082650472425095503)
33	33,0.055104134931	(33, 0.05510413493103395)
33	4,0.11015058889	(33, 0.05510413493103395)
33	69,0.122068908677	(33, 0.05510413493103395)
33	106,0.124282956087	(33, 0.05510413493103395)
33	116,0.131393224402	(33, 0.05510413493103395)
33	28,0.140912948779	(33, 0.05510413493103395)
33	2,0.146890320084	(33, 0.05510413493103395)
33	40,0.149854965242	(33, 0.05510413493103395)
33	73,0.153243390464	(33, 0.05510413493103395)
33	156,0.155451610281	(33, 0.05510413493103395)
34	15,0.0453649833835	(34, 0.12101491119918101)
34	17,0.050411293474	(34, 0.12101491119918101)
34	69,0.0514799584719	(34, 0.12101491119918101)
34	148,0.0616753990741	(34, 0.12101491119918101)
34	40,0.061809775553	(34, 0.12101491119918101)
34	172,0.0628122723108	(34, 0.12101491119918101)
34	120,0.0655784833995	(34, 0.12101491119918101)
34	4,0.0690861268806	(34, 0.12101491119918101)
34	174,0.0694414039024	(34, 0.12101491119918101)
34	56,0.0771773536335	(34, 0.12101491119918101)
35	35,0.0299628128583	(35, 0.029962812858302969)
35	88,0.0473842068755	(35, 0.029962812858302969)
35	18,0.0501031320293	(35, 0.029962812858302969)
35	22,0.0702860032476	(35, 0.029962812858302969)
35	139,0.0742246558377	(35, 0.029962812858302969)
35	12,0.0757966116691	(35, 0.029962812858302969)
35	158,0.0811505960131	(35, 0.029962812858302969)
35	121,0.0816667003673	(35, 0.029962812858302969)
35	61,0.0818300828545	(35, 0.029962812858302969)
35	38,0.082320970602	(35, 0.029962812858302969)
36	76,0.0270680131134	(36, 0.034356495800062101)
36	18,0.0286029032684	(36, 0.034356495800062101)
36	46,0.0288302205011	(36, 0.034356495800062101)
36	147,0.0290251669412	(36, 0.034356495800062101)
36	36,0.0343564958001	(36, 0.034356495800062101)
36	63,0.0436789652545	(36, 0.034356495800062101)
36	171,0.0445177211036	(36, 0.034356495800062101)
36	88,0.0466149489422	(36, 0.034356495800062101)
36	35,0.0488815954769	(36, 0.034356495800062101)
36	22,0.0504750747912	(36, 0.034356495800062101)
37	37,0.0388800850259	(37, 0.038880085025907687)
37	3,0.0453996760535	(37, 0.038880085025907687)
37	11,0.0478511839067	(37, 0.038880085025907687)
37	100,0.0482458015517	(37, 0.038880085025907687)
37	77,0.049527685193	(37, 0.038880085025907687)
37	90,0.0607028400944	(37, 0.038880085025907687)
37	63,0.0613643546246	(37, 0.038880085025907687)
37	21,0.0615278255517	(37, 0.038880085025907687)
37	70,0.061976507417	(37, 0.038880085025907687)
37	136,0.0646261910853	(37, 0.038880085025907687)
38	38,0.0281609633801	(38, 0.028160963380128867)
38	12,0.0661543500277	(38, 0.028160963380128867)
38	55,0.0745654678588	(38, 0.028160963380128867)
38	14,0.0745656780843	(38, 0.028160963380128867)
38	43,0.103083303849	(38, 0.028160963380128867)
38	105,0.106088792388	(38, 0.028160963380128867)
38	50,0.108001425909	(38, 0.028160963380128867)
38	159,0.109047155721	(38, 0.028160963380128867)
38	128,0.109241972577	(38, 0.028160963380128867)
38	107,0.109787174187	(38, 0.028160963380128867)
39	39,0.0647747289081	(39, 0.064774728908114532)
39	27,0.146089266081	(39, 0.064774728908114532)
39	101,0.148887101556	(39, 0.064774728908114532)
39	51,0.151427565477	(39, 0.064774728908114532)
39	169,0.151446592701	(39, 0.064774728908114532)
39	156,0.152578237054	(39, 0.064774728908114532)
39	107,0.160098477423	(39, 0.064774728908114532)
39	99,0.161976006773	(39, 0.064774728908114532)
39	84,0.162382081277	(39, 0.064774728908114532)
39	32,0.171559386686	(39, 0.064774728908114532)
40	40,0.0271691815033	(40, 0.027169181503304132)
40	172,0.045733555474	(40, 0.027169181503304132)
40	69,0.0483673944942	(40, 0.027169181503304132)
40	79,0.0535481948271	(40, 0.027169181503304132)
40	17,0.0586758111874	(40, 0.027169181503304132)
40	4,0.059251091857	(40, 0.027169181503304132)
40	25,0.0593648743812	(40, 0.027169181503304132)
40	148,0.0594743813052	(40, 0.027169181503304132)
40	15,0.0701886467611	(40, 0.027169181503304132)
40	77,0.0752147046805	(40, 0.027169181503304132)
41	41,0.0536736991372	(41, 0.053673699137249418)
41	155,0.0671682109817	(41, 0.053673699137249418)
41	91,0.0996985475104	(41, 0.053673699137249418)
41	1,0.113116671735	(41, 0.053673699137249418)
41	20,0.133667692781	(41, 0.053673699137249418)
41	124,0.137360584109	(41, 0.053673699137249418)
41	102,0.140994942147	(41, 0.053673699137249418)
41	53,0.149084913676	(41, 0.053673699137249418)
41	28,0.151526874817	(41, 0.053673699137249418)
41	101,0.153283999987	(41, 0.053673699137249418)
42	163,0.119710840815	(42, 0.23163098493663045)
42	28,0.153106942891	(42, 0.23163098493663045)
42	69,0.153654549502	(42, 0.23163098493663045)
42	53,0.167976815939	(42, 0.23163098493663045)
42	118,0.171457875401	(42, 0.23163098493663045)
42	34,0.175176674122	(42, 0.23163098493663045)
42	140,0.180711039793	(42, 0.23163098493663045)
42	97,0.181597651622	(42, 0.23163098493663045)
42	65,0.189090263972	(42, 0.23163098493663045)
42	33,0.194030226916	(42, 0.23163098493663045)
43	12,0.0416429174127	(43, 0.093487478284655853)
43	22,0.0453877592394	(43, 0.093487478284655853)
43	128,0.0530324186894	(43, 0.093487478284655853)
43	121,0.055281662373	(43, 0.093487478284655853)
43	78,0.0584467351562	(43, 0.093487478284655853)
43	158,0.0593611265873	(43, 0.093487478284655853)
43	18,0.0596440368364	(43, 0.093487478284655853)
43	50,0.0598817057526	(43, 0.093487478284655853)
43	61,0.0600116562854	(43, 0.093487478284655853)
43	76,0.0619748788414	(43, 0.093487478284655853)
44	116,0.0635529624516	(44, 0.25964478702804383)
44	93,0.0723107193914	(44, 0.25964478702804383)
44	109,0.0791441704611	(44, 0.25964478702804383)
44	123,0.0881404048608	(44, 0.25964478702804383)
44	124,0.0974441238127	(44, 0.25964478702804383)
44	159,0.103379859085	(44, 0.25964478702804383)
44	73,0.107595876126	(44, 0.25964478702804383)
44	84,0.112570046735	(44, 0.25964478702804383)
44	144,0.114062701333	(44, 0.25964478702804383)
44	69,0.115194876121	(44, 0.25964478702804383)
45	45,0.0806910748771	(45, 0.080691074877096938)
45	130,0.139059481811	(45, 0.080691074877096938)
45	94,0.145197537375	(45, 0.080691074877096938)
45	133,0.178223703362	(45, 0.080691074877096938)
45	34,0.186195423985	(45, 0.080691074877096938)
45	98,0.210014563512	(45, 0.080691074877096938)
45	129,0.212664202885	(45, 0.080691074877096938)
45	25,0.216110754794	(45, 0.080691074877096938)
45	15,0.216856456557	(45, 0.080691074877096938)
45	113,0.222765497206	(45, 0.080691074877096938)
46	46,0.0174820948534	(46, 0.017482094853372557)
46	36,0.0277363012974	(46, 0.017482094853372557)
46	137,0.0361794829823	(46, 0.017482094853372557)
46	171,0.0363561409942	(46, 0.017482094853372557)
46	76,0.0441118084982	(46, 0.017482094853372557)
46	147,0.051816387296	(46, 0.017482094853372557)
46	146,0.0555993297965	(46, 0.017482094853372557)
46	6,0.0574842821526	(46, 0.017482094853372557)
46	63,0.0585311880849	(46, 0.017482094853372557)
46	139,0.0605915626031	(46, 0.017482094853372557)
47	10,0.136484711005	(47, 0.14333023651719959)
47	99,0.139063381582	(47, 0.14333023651719959)
47	47,0.143330236517	(47, 0.14333023651719959)
47	19,0.147461626354	(47, 0.14333023651719959)
47	27,0.15243811361	(47, 0.14333023651719959)
47	43,0.163564684518	(47, 0.14333023651719959)
47	84,0.17450292651	(47, 0.14333023651719959)
47	138,0.185480624291	(47, 0.14333023651719959)
47	0,0.200867577186	(47, 0.14333023651719959)
47	173,0.207532754871	(47, 0.14333023651719959)
48	56,0.0602766010367	(48, 0.078310643445618208)
48	120,0.0613516799506	(48, 0.078310643445618208)
48	69,0.0758635570977	(48, 0.078310643445618208)
48	48,0.0783106434456	(48, 0.078310643445618208)
48	174,0.081279783166	(48, 0.078310643445618208)
48	40,0.0859391440131	(48, 0.078310643445618208)
48	97,0.0882922098586	(48, 0.078310643445618208)
48	4,0.101425845971	(48, 0.078310643445618208)
48	172,0.106635140448	(48, 0.078310643445618208)
48	154,0.109828369377	(48, 0.078310643445618208)
49	49,0.0514421708779	(49, 0.051442170877923452)
49	59,0.0564685473638	(49, 0.051442170877923452)
49	98,0.0688055334816	(49, 0.051442170877923452)
49	77,0.0723063823981	(49, 0.051442170877923452)
49	100,0.0778091148736	(49, 0.051442170877923452)
49	15,0.0842799349374	(49, 0.051442170877923452)
49	172,0.0852450522991	(49, 0.051442170877923452)
49	17,0.0943063203342	(49, 0.051442170877923452)
49	83,0.0951631070056	(49, 0.051442170877923452)
49	37,0.103766510596	(49, 0.051442170877923452)
50	50,0.0286821953847	(50, 0.028682195384677117)
50	12,0.0702806698787	(50, 0.028682195384677117)
50	107,0.0773978616937	(50, 0.028682195384677117)
50	171,0.0814796036398	(50, 0.028682195384677117)
50	158,0.0916915758912	(50, 0.028682195384677117)
50	76,0.0927849011226	(50, 0.028682195384677117)
50	128,0.0928183897139	(50, 0.028682195384677117)
50	22,0.0941810977422	(50, 0.028682195384677117)
50	38,0.10282613056	(50, 0.028682195384677117)
50	46,0.107090257847	(50, 0.028682195384677117)
51	124,0.0412285540553	(51, 0.20825782336548718)
51	73,0.0743229370621	(51, 0.20825782336548718)
51	155,0.0852528911815	(51, 0.20825782336548718)
51	157,0.0874855389264	(51, 0.20825782336548718)
51	53,0.0895101596898	(51, 0.20825782336548718)
51	93,0.0927231800474	(51, 0.20825782336548718)
51	28,0.110677321482	(51, 0.20825782336548718)
51	116,0.112324389631	(51, 0.20825782336548718)
51	41,0.112554495552	(51, 0.20825782336548718)
51	1,0.11550283349	(51, 0.20825782336548718)
52	44,0.0722104174064	(52, 0.27186068365897842)
52	53,0.0725659007864	(52, 0.27186068365897842)
52	155,0.0905716558369	(52, 0.27186068365897842)
52	163,0.0932273596053	(52, 0.27186068365897842)
52	13,0.0951027438455	(52, 0.27186068365897842)
52	65,0.0962102730719	(52, 0.27186068365897842)
52	161,0.0990101254302	(52, 0.27186068365897842)
52	124,0.101546396759	(52, 0.27186068365897842)
52	114,0.109214020899	(52, 0.27186068365897842)
52	4,0.110689498449	(52, 0.27186068365897842)
53	65,0.055684807258	(53, 0.068851819292100297)
53	53,0.0688518192921	(53, 0.068851819292100297)
53	44,0.0799740862069	(53, 0.068851819292100297)
53	155,0.0811069601643	(53, 0.068851819292100297)
53	120,0.0864950133904	(53, 0.068851819292100297)
53	161,0.0891578237183	(53, 0.068851819292100297)
53	114,0.106577231393	(53, 0.068851819292100297)
53	34,0.106652199611	(53, 0.068851819292100297)
53	163,0.106931310512	(53, 0.068851819292100297)
53	124,0.108456482778	(53, 0.068851819292100297)
54	136,0.030449406845	(54, 0.056010472440172036)
54	3,0.0553273703757	(54, 0.056010472440172036)
54	54,0.0560104724402	(54, 0.056010472440172036)
54	162,0.0560711717642	(54, 0.056010472440172036)
54	11,0.0575281808038	(54, 0.056010472440172036)
54	137,0.0616514174868	(54, 0.056010472440172036)
54	71,0.062026209838	(54, 0.056010472440172036)
54	17,0.0640504688313	(54, 0.056010472440172036)
54	63,0.0644027451754	(54, 0.056010472440172036)
54	37,0.0653612425669	(54, 0.056010472440172036)
55	12,0.0455872211369	(55, 0.055772965536969463)
55	159,0.0546020401854	(55, 0.055772965536969463)
55	55,0.055772965537	(55, 0.055772965536969463)
55	38,0.0612251400833	(55, 0.055772965536969463)
55	128,0.069417513176	(55, 0.055772965536969463)
55	152,0.069650336489	(55, 0.055772965536969463)
55	121,0.0703006733441	(55, 0.055772965536969463)
55	18,0.0714649262813	(55, 0.055772965536969463)
55	134,0.071919242077	(55, 0.055772965536969463)
55	151,0.0750216339432	(55, 0.055772965536969463)
56	56,0.0430311528489	(56, 0.043031152848941531)
56	15,0.0590693086137	(56, 0.043031152848941531)
56	120,0.0607272463315	(56, 0.043031152848941531)
56	174,0.088094291412	(56, 0.043031152848941531)
56	2,0.102628869465	(56, 0.043031152848941531)
56	69,0.110775779865	(56, 0.043031152848941531)
56	17,0.112865577958	(56, 0.043031152848941531)
56	113,0.1143336324	(56, 0.043031152848941531)
56	44,0.123228584744	(56, 0.043031152848941531)
56	4,0.123646584411	(56, 0.043031152848941531)
57	57,0.0695769963879	(57, 0.069576996387946607)
57	122,0.146042594772	(57, 0.069576996387946607)
57	174,0.187611289944	(57, 0.069576996387946607)
57	15,0.187928994075	(57, 0.069576996387946607)
57	56,0.206903140326	(57, 0.069576996387946607)
57	2,0.236733175474	(57, 0.069576996387946607)
57	59,0.242894610141	(57, 0.069576996387946607)
57	120,0.249239130184	(57, 0.069576996387946607)
57	108,0.255049914244	(57, 0.069576996387946607)
57	113,0.263186068855	(57, 0.069576996387946607)
58	24,0.0560694256509	(58, 0.25558651079298156)
58	107,0.077217346918	(58, 0.25558651079298156)
58	27,0.0863943520078	(58, 0.25558651079298156)
58	50,0.086462780861	(58, 0.25558651079298156)
58	61,0.102590060095	(58, 0.25558651079298156)
58	105,0.106121867085	(58, 0.25558651079298156)
58	158,0.108316578421	(58, 0.25558651079298156)
58	38,0.10833750438	(58, 0.25558651079298156)
58	43,0.109594657438	(58, 0.25558651079298156)
58	12,0.111172659159	(58, 0.25558651079298156)
59	15,0.130791438186	(59, 0.16075872819924475)
59	83,0.130849701065	(59, 0.16075872819924475)
59	94,0.1351891856	(59, 0.16075872819924475)
59	113,0.141150153996	(59, 0.16075872819924475)
59	65,0.143517747841	(59, 0.16075872819924475)
59	130,0.153932013942	(59, 0.16075872819924475)
59	59,0.160758728199	(59, 0.16075872819924475)
59	44,0.165532015517	(59, 0.16075872819924475)
59	120,0.168364273174	(59, 0.16075872819924475)
59	98,0.168815794846	(59, 0.16075872819924475)
60	60,0.0461181626707	(60, 0.046118162670686545)
60	40,0.0482143430888	(60, 0.046118162670686545)
60	69,0.0506385438529	(60, 0.046118162670686545)
60	79,0.0662243978327	(60, 0.046118162670686545)
60	25,0.0732075085527	(60, 0.046118162670686545)
60	4,0.0764183287208	(60, 0.046118162670686545)
60	15,0.0840258126489	(60, 0.046118162670686545)
60	172,0.0886180349022	(60, 0.046118162670686545)
60	34,0.0934699534437	(60, 0.046118162670686545)
60	77,0.100227339797	(60, 0.046118162670686545)
61	23,0.0334241635103	(61, 0.035649074083425457)
61	61,0.0356490740834	(61, 0.035649074083425457)
61	162,0.0440040646645	(61, 0.035649074083425457)
61	121,0.045354684266	(61, 0.035649074083425457)
61	63,0.0484083203905	(61, 0.035649074083425457)
61	26,0.0504040557919	(61, 0.035649074083425457)
61	76,0.0544316763307	(61, 0.035649074083425457)
61	147,0.0578489380076	(61, 0.035649074083425457)
61	3,0.0590630787694	(61, 0.035649074083425457)
61	78,0.0636879085149	(61, 0.035649074083425457)
62	78,0.0589310773897	(62, 0.080101813962564883)
62	26,0.0618147393185	(62, 0.080101813962564883)
62	107,0.0667273044225	(62, 0.080101813962564883)
62	73,0.0690731473357	(62, 0.080101813962564883)
62	62,0.0801018139626	(62, 0.080101813962564883)
62	61,0.0819080023061	(62, 0.080101813962564883)
62	158,0.0852876514197	(62, 0.080101813962564883)
62	128,0.0923521374249	(62, 0.080101813962564883)
62	22,0.0929487974005	(62, 0.080101813962564883)
62	121,0.0932528307421	(62, 0.080101813962564883)
63	3,0.0322008775487	(63, 0.043049175414095017)
63	11,0.0356280847096	(63, 0.043049175414095017)
63	77,0.0425091081913	(63, 0.043049175414095017)
63	63,0.0430491754141	(63, 0.043049175414095017)
63	162,0.0451302173131	(63, 0.043049175414095017)
63	37,0.0484015982935	(63, 0.043049175414095017)
63	71,0.0507736624503	(63, 0.043049175414095017)
63	136,0.0549781248125	(63, 0.043049175414095017)
63	100,0.057896601561	(63, 0.043049175414095017)
63	147,0.058836504467	(63, 0.043049175414095017)
64	64,0.181116486223	(64, 0.18111648622309826)
64	130,0.26424309443	(64, 0.18111648622309826)
64	45,0.267080484509	(64, 0.18111648622309826)
64	118,0.281718277539	(64, 0.18111648622309826)
64	133,0.312730934915	(64, 0.18111648622309826)
64	33,0.332575182559	(64, 0.18111648622309826)
64	34,0.371302933887	(64, 0.18111648622309826)
64	113,0.374111307984	(64, 0.18111648622309826)
64	94,0.410660306992	(64, 0.18111648622309826)
64	15,0.431159943701	(64, 0.18111648622309826)
65	65,0.0461941102243	(65, 0.046194110224320899)
65	161,0.0526041553367	(65, 0.046194110224320899)
65	83,0.0546355420736	(65, 0.046194110224320899)
65	68,0.0636304018519	(65, 0.046194110224320899)
65	155,0.0743135182792	(65, 0.046194110224320899)
65	59,0.0801529348589	(65, 0.046194110224320899)
65	1,0.0874795505091	(65, 0.046194110224320899)
65	71,0.0898228708306	(65, 0.046194110224320899)
65	100,0.0940739176625	(65, 0.046194110224320899)
65	17,0.100470562988	(65, 0.046194110224320899)
66	66,0.150348166582	(66, 0.1503481665816436)
66	130,0.324375315395	(66, 0.1503481665816436)
66	133,0.3433692162	(66, 0.1503481665816436)
66	118,0.377272745279	(66, 0.1503481665816436)
66	140,0.377451866158	(66, 0.1503481665816436)
66	33,0.39864312566	(66, 0.1503481665816436)
66	91,0.407144537518	(66, 0.1503481665816436)
66	141,0.433226488135	(66, 0.1503481665816436)
66	169,0.447827662047	(66, 0.1503481665816436)
66	149,0.4803252127	(66, 0.1503481665816436)
67	67,0.11211609343	(67, 0.11211609343044744)
67	169,0.130565721493	(67, 0.11211609343044744)
67	84,0.13173109703	(67, 0.11211609343044744)
67	93,0.134788087539	(67, 0.11211609343044744)
67	131,0.152668894723	(67, 0.11211609343044744)
67	116,0.153225035024	(67, 0.11211609343044744)
67	149,0.155221494858	(67, 0.11211609343044744)
67	28,0.156813770003	(67, 0.11211609343044744)
67	140,0.161578606054	(67, 0.11211609343044744)
67	109,0.163427696453	(67, 0.11211609343044744)
68	68,0.0396274949473	(68, 0.03962749494726036)
68	23,0.0736098332276	(68, 0.03962749494726036)
68	70,0.0778138538694	(68, 0.03962749494726036)
68	61,0.0781701214005	(68, 0.03962749494726036)
68	63,0.0916544628153	(68, 0.03962749494726036)
68	162,0.0945343884015	(68, 0.03962749494726036)
68	26,0.0957138237253	(68, 0.03962749494726036)
68	77,0.0986892402173	(68, 0.03962749494726036)
68	135,0.101585602355	(68, 0.03962749494726036)
68	147,0.101955813047	(68, 0.03962749494726036)
69	122,0.173161572451	(69, 0.18499214529119845)
69	15,0.174450092518	(69, 0.18499214529119845)
69	69,0.184992145291	(69, 0.18499214529119845)
69	174,0.189045865299	(69, 0.18499214529119845)
69	48,0.189475660477	(69, 0.18499214529119845)
69	154,0.198377130409	(69, 0.18499214529119845)
69	33,0.201675919683	(69, 0.18499214529119845)
69	56,0.203463104253	(69, 0.18499214529119845)
69	2,0.207492675472	(69, 0.18499214529119845)
69	4,0.211095555661	(69, 0.18499214529119845)
70	70,0.047762197671	(70, 0.047762197670996036)
70	121,0.0520939117588	(70, 0.047762197670996036)
70	117,0.0523433437499	(70, 0.047762197670996036)
70	3,0.0542057109024	(70, 0.047762197670996036)
70	88,0.0565926630686	(70, 0.047762197670996036)
70	77,0.0568588507116	(70, 0.047762197670996036)
70	132,0.058641870088	(70, 0.047762197670996036)
70	139,0.0609348460471	(70, 0.047762197670996036)
70	63,0.0611881436042	(70, 0.047762197670996036)
70	11,0.0633444515199	(70, 0.047762197670996036)
71	91,0.0974388430321	(71, 0.26131299951543924)
71	133,0.125989685724	(71, 0.26131299951543924)
71	41,0.147250725472	(71, 0.26131299951543924)
71	101,0.148205014898	(71, 0.26131299951543924)
71	28,0.148796253602	(71, 0.26131299951543924)
71	155,0.155376462447	(71, 0.26131299951543924)
71	53,0.162951817773	(71, 0.26131299951543924)
71	1,0.164812096503	(71, 0.26131299951543924)
71	102,0.165891590214	(71, 0.26131299951543924)
71	124,0.174021505349	(71, 0.26131299951543924)
72	174,0.0749160800462	(72, 0.45277632986066907)
72	17,0.0780772554416	(72, 0.45277632986066907)
72	172,0.0834498722827	(72, 0.45277632986066907)
72	148,0.0879598571202	(72, 0.45277632986066907)
72	143,0.0912081983362	(72, 0.45277632986066907)
72	100,0.108395612205	(72, 0.45277632986066907)
72	77,0.112908564016	(72, 0.45277632986066907)
72	4,0.11497198869	(72, 0.45277632986066907)
72	15,0.116677398158	(72, 0.45277632986066907)
72	49,0.116785438934	(72, 0.45277632986066907)
73	73,0.0409381828914	(73, 0.040938182891412267)
73	13,0.0588920626631	(73, 0.040938182891412267)
73	157,0.068204832397	(73, 0.040938182891412267)
73	124,0.0694269243704	(73, 0.040938182891412267)
73	93,0.0787860720021	(73, 0.040938182891412267)
73	53,0.0899799880759	(73, 0.040938182891412267)
73	109,0.0915052762781	(73, 0.040938182891412267)
73	116,0.0967259766071	(73, 0.040938182891412267)
73	144,0.107410810567	(73, 0.040938182891412267)
73	27,0.113073305228	(73, 0.040938182891412267)
74	17,0.0303888777479	(74, 0.033698202108991444)
74	74,0.033698202109	(74, 0.033698202108991444)
74	136,0.0402716030815	(74, 0.033698202108991444)
74	100,0.04445975474	(74, 0.033698202108991444)
74	127,0.0464441025036	(74, 0.033698202108991444)
74	77,0.0556116270133	(74, 0.033698202108991444)
74	37,0.0559098409558	(74, 0.033698202108991444)
74	90,0.0577598867847	(74, 0.033698202108991444)
74	59,0.0716501915585	(74, 0.033698202108991444)
74	49,0.0716901391838	(74, 0.033698202108991444)
75	75,0.259949889801	(75, 0.25994988980123823)
75	167,0.268980673411	(75, 0.25994988980123823)
75	47,0.388387503708	(75, 0.25994988980123823)
75	80,0.388893301387	(75, 0.25994988980123823)
75	10,0.410420525866	(75, 0.25994988980123823)
75	67,0.434548272072	(75, 0.25994988980123823)
75	99,0.439806703276	(75, 0.25994988980123823)
75	84,0.453335674365	(75, 0.25994988980123823)
75	166,0.460186652982	(75, 0.25994988980123823)
75	85,0.461289741948	(75, 0.25994988980123823)
76	76,0.0214935438651	(76, 0.021493543865106546)
76	147,0.0264506597171	(76, 0.021493543865106546)
76	63,0.0300786512549	(76, 0.021493543865106546)
76	137,0.0310158901332	(76, 0.021493543865106546)
76	171,0.0364164829241	(76, 0.021493543865106546)
76	22,0.0435955665408	(76, 0.021493543865106546)
76	3,0.0454112540363	(76, 0.021493543865106546)
76	46,0.045562990938	(76, 0.021493543865106546)
76	18,0.0458978655323	(76, 0.021493543865106546)
76	126,0.050350816061	(76, 0.021493543865106546)
77	162,0.0325404467893	(77, 0.036670492662868752)
77	136,0.0333029533179	(77, 0.036670492662868752)
77	77,0.0366704926629	(77, 0.036670492662868752)
77	137,0.0374852878493	(77, 0.036670492662868752)
77	3,0.037946985378	(77, 0.036670492662868752)
77	63,0.0388490004764	(77, 0.036670492662868752)
77	90,0.0395788835759	(77, 0.036670492662868752)
77	147,0.0405356051468	(77, 0.036670492662868752)
77	11,0.0416921307837	(77, 0.036670492662868752)
77	74,0.045810527398	(77, 0.036670492662868752)
78	76,0.0286655480028	(78, 0.048612903962607416)
78	63,0.0295080051605	(78, 0.048612903962607416)
78	151,0.0296529957652	(78, 0.048612903962607416)
78	18,0.0389067792424	(78, 0.048612903962607416)
78	132,0.0390713459843	(78, 0.048612903962607416)
78	147,0.0404021209514	(78, 0.048612903962607416)
78	22,0.0405147785082	(78, 0.048612903962607416)
78	121,0.0414903430819	(78, 0.048612903962607416)
78	23,0.0472552068126	(78, 0.048612903962607416)
78	61,0.0481057987662	(78, 0.048612903962607416)
79	79,0.0280637356205	(79, 0.028063735620494988)
79	4,0.0330424572779	(79, 0.028063735620494988)
79	69,0.0356048700637	(79, 0.028063735620494988)
79	40,0.0552113715898	(79, 0.028063735620494988)
79	25,0.0655468823371	(79, 0.028063735620494988)
79	34,0.072267058557	(79, 0.028063735620494988)
79	56,0.0775036501869	(79, 0.028063735620494988)
79	17,0.0813711544056	(79, 0.028063735620494988)
79	148,0.0876312201099	(79, 0.028063735620494988)
79	15,0.0904766858255	(79, 0.028063735620494988)
80	80,0.135713903816	(80, 0.13571390381596782)
80	51,0.146943967959	(80, 0.13571390381596782)
80	167,0.20302480777	(80, 0.13571390381596782)
80	32,0.24115820892	(80, 0.13571390381596782)
80	39,0.321943939603	(80, 0.13571390381596782)
80	169,0.337943147992	(80, 0.13571390381596782)
80	160,0.339281329116	(80, 0.13571390381596782)
80	27,0.34273788802	(80, 0.13571390381596782)
80	165,0.355340603336	(80, 0.13571390381596782)
80	58,0.356656772009	(80, 0.13571390381596782)
81	81,0.0349295014353	(81, 0.034929501435308416)
81	3,0.0485557563878	(81, 0.034929501435308416)
81	121,0.0546853293665	(81, 0.034929501435308416)
81	132,0.0548933390237	(81, 0.034929501435308416)
81	117,0.0552925708394	(81, 0.034929501435308416)
81	22,0.0561255433566	(81, 0.034929501435308416)
81	11,0.0561442526656	(81, 0.034929501435308416)
81	77,0.0595318482694	(81, 0.034929501435308416)
81	12,0.0628012736271	(81, 0.034929501435308416)
81	151,0.062931489014	(81, 0.034929501435308416)
82	27,0.0988504710979	(82, 0.16398640159205902)
82	107,0.102549651888	(82, 0.16398640159205902)
82	24,0.10401918191	(82, 0.16398640159205902)
82	38,0.105770273535	(82, 0.16398640159205902)
82	12,0.113496890243	(82, 0.16398640159205902)
82	50,0.11552506659	(82, 0.16398640159205902)
82	105,0.116095659182	(82, 0.16398640159205902)
82	43,0.128590176375	(82, 0.16398640159205902)
82	73,0.128802451067	(82, 0.16398640159205902)
82	164,0.132469498948	(82, 0.16398640159205902)
83	13,0.0484256809707	(83, 0.062111080109911551)
83	17,0.0576014182701	(83, 0.062111080109911551)
83	161,0.0620482555696	(83, 0.062111080109911551)
83	83,0.0621110801099	(83, 0.062111080109911551)
83	65,0.0625743244085	(83, 0.062111080109911551)
83	71,0.0640045011211	(83, 0.062111080109911551)
83	155,0.064267384468	(83, 0.062111080109911551)
83	136,0.0665041937104	(83, 0.062111080109911551)
83	11,0.069930438155	(83, 0.062111080109911551)
83	3,0.070729308389	(83, 0.062111080109911551)
84	84,0.167036218436	(84, 0.1670362184362299)
84	67,0.170958353907	(84, 0.1670362184362299)
84	166,0.176441080343	(84, 0.1670362184362299)
84	169,0.200435544136	(84, 0.1670362184362299)
84	99,0.223403645973	(84, 0.1670362184362299)
84	140,0.235933993347	(84, 0.1670362184362299)
84	144,0.252480575946	(84, 0.1670362184362299)
84	109,0.262259759539	(84, 0.1670362184362299)
84	156,0.263806942144	(84, 0.1670362184362299)
84	72,0.273318410727	(84, 0.1670362184362299)
85	67,0.137374133394	(85, 0.22037727196427492)
85	85,0.220377271964	(85, 0.22037727196427492)
85	140,0.225183840501	(85, 0.22037727196427492)
85	166,0.256069524029	(85, 0.22037727196427492)
85	84,0.259992536245	(85, 0.22037727196427492)
85	149,0.262045659559	(85, 0.22037727196427492)
85	169,0.289416810746	(85, 0.22037727196427492)
85	144,0.302001913477	(85, 0.22037727196427492)
85	93,0.318470039234	(85, 0.22037727196427492)
85	99,0.325053964876	(85, 0.22037727196427492)
86	86,0.0318375846989	(86, 0.031837584698881663)
86	137,0.0427981739354	(86, 0.031837584698881663)
86	162,0.0448085307708	(86, 0.031837584698881663)
86	3,0.0500925601001	(86, 0.031837584698881663)
86	11,0.0502443920622	(86, 0.031837584698881663)
86	150,0.0514039856573	(86, 0.031837584698881663)
86	117,0.0527992809928	(86, 0.031837584698881663)
86	171,0.053558930166	(86, 0.031837584698881663)
86	76,0.054475938096	(86, 0.031837584698881663)
86	12,0.0550538322523	(86, 0.031837584698881663)
87	121,0.0556693748544	(87, 0.15117996779881179)
87	1,0.05976160282	(87, 0.15117996779881179)
87	26,0.0626654473213	(87, 0.15117996779881179)
87	78,0.0630806825589	(87, 0.15117996779881179)
87	11,0.0673745263056	(87, 0.15117996779881179)
87	71,0.071867058267	(87, 0.15117996779881179)
87	23,0.0800464090363	(87, 0.15117996779881179)
87	61,0.0809109301158	(87, 0.15117996779881179)
87	155,0.0809583889117	(87, 0.15117996779881179)
87	22,0.0827978162081	(87, 0.15117996779881179)
88	18,0.0301676711499	(88, 0.046210459645865287)
88	76,0.0327518136174	(88, 0.046210459645865287)
88	147,0.0362956212993	(88, 0.046210459645865287)
88	63,0.0407559977588	(88, 0.046210459645865287)
88	22,0.0444521393335	(88, 0.046210459645865287)
88	117,0.0447870884689	(88, 0.046210459645865287)
88	88,0.0462104596459	(88, 0.046210459645865287)
88	171,0.0470719819287	(88, 0.046210459645865287)
88	46,0.0471780850163	(88, 0.046210459645865287)
88	139,0.0483630334719	(88, 0.046210459645865287)
89	124,0.0488126270044	(89, 0.081193400224897086)
89	155,0.0595452877184	(89, 0.081193400224897086)
89	53,0.0710798026787	(89, 0.081193400224897086)
89	1,0.0765639677942	(89, 0.081193400224897086)
89	89,0.0811934002249	(89, 0.081193400224897086)
89	73,0.0841168881746	(89, 0.081193400224897086)
89	71,0.0897175057224	(89, 0.081193400224897086)
89	120,0.0954196185988	(89, 0.081193400224897086)
89	13,0.0982528907485	(89, 0.081193400224897086)
89	20,0.101360927511	(89, 0.081193400224897086)
90	90,0.0253114216439	(90, 0.025311421643895809)
90	162,0.0477522992337	(90, 0.025311421643895809)
90	11,0.0481924618506	(90, 0.025311421643895809)
90	137,0.0484346634253	(90, 0.025311421643895809)
90	81,0.0486140822457	(90, 0.025311421643895809)
90	96,0.0524489508543	(90, 0.025311421643895809)
90	172,0.0550291514984	(90, 0.025311421643895809)
90	136,0.058032237777	(90, 0.025311421643895809)
90	37,0.0587900591975	(90, 0.025311421643895809)
90	3,0.0592207954165	(90, 0.025311421643895809)
91	133,0.0975930638802	(91, 0.14000311402228072)
91	91,0.140003114022	(91, 0.14000311402228072)
91	130,0.188191412601	(91, 0.14000311402228072)
91	103,0.251754231549	(91, 0.14000311402228072)
91	51,0.270146017648	(91, 0.14000311402228072)
91	34,0.279920205651	(91, 0.14000311402228072)
91	53,0.281156658744	(91, 0.14000311402228072)
91	102,0.286811651028	(91, 0.14000311402228072)
91	155,0.294880930619	(91, 0.14000311402228072)
91	66,0.299265437986	(91, 0.14000311402228072)
92	78,0.0439407265313	(92, 0.11996020304138094)
92	128,0.0636044102651	(92, 0.11996020304138094)
92	61,0.0707085051466	(92, 0.11996020304138094)
92	24,0.0716596001385	(92, 0.11996020304138094)
92	12,0.0738514585424	(92, 0.11996020304138094)
92	158,0.0744991121613	(92, 0.11996020304138094)
92	26,0.0821391279507	(92, 0.11996020304138094)
92	107,0.0890668490401	(92, 0.11996020304138094)
92	38,0.0916585282207	(92, 0.11996020304138094)
92	99,0.0925717891669	(92, 0.11996020304138094)
93	22,0.0430583952537	(93, 0.052532820966628313)
93	132,0.0468133874945	(93, 0.052532820966628313)
93	93,0.0525328209666	(93, 0.052532820966628313)
93	128,0.05751061518	(93, 0.052532820966628313)
93	158,0.0583328969222	(93, 0.052532820966628313)
93	3,0.0609476811549	(93, 0.052532820966628313)
93	121,0.0620170371351	(93, 0.052532820966628313)
93	76,0.0624017611043	(93, 0.052532820966628313)
93	12,0.0655667142772	(93, 0.052532820966628313)
93	78,0.0666165749687	(93, 0.052532820966628313)
94	94,0.0702185923876	(94, 0.070218592387638001)
94	83,0.118247945172	(94, 0.070218592387638001)
94	155,0.151298369363	(94, 0.070218592387638001)
94	59,0.15295667861	(94, 0.070218592387638001)
94	15,0.167957946827	(94, 0.070218592387638001)
94	98,0.183818531728	(94, 0.070218592387638001)
94	120,0.184991870503	(94, 0.070218592387638001)
94	161,0.186728522375	(94, 0.070218592387638001)
94	45,0.190344881921	(94, 0.070218592387638001)
94	65,0.19109564182	(94, 0.070218592387638001)
95	99,0.0714475357142	(95, 0.20189179520658324)
95	107,0.0762895975458	(95, 0.20189179520658324)
95	43,0.0925222559813	(95, 0.20189179520658324)
95	27,0.0982773644658	(95, 0.20189179520658324)
95	19,0.100419975541	(95, 0.20189179520658324)
95	128,0.100576599487	(95, 0.20189179520658324)
95	78,0.107152367635	(95, 0.20189179520658324)
95	138,0.107942216201	(95, 0.20189179520658324)
95	84,0.112425132009	(95, 0.20189179520658324)
95	50,0.11798232783	(95, 0.20189179520658324)
96	96,0.0390936811851	(96, 0.039093681185103334)
96	13,0.0551534586729	(96, 0.039093681185103334)
96	17,0.0603521345988	(96, 0.039093681185103334)
96	162,0.0619665252977	(96, 0.039093681185103334)
96	11,0.0641359100935	(96, 0.039093681185103334)
96	161,0.066362954444	(96, 0.039093681185103334)
96	143,0.0752062837209	(96, 0.039093681185103334)
96	112,0.0810850135306	(96, 0.039093681185103334)
96	119,0.0826039936624	(96, 0.039093681185103334)
96	4,0.0871079695826	(96, 0.039093681185103334)
97	40,0.0466328804303	(97, 0.11207979907345324)
97	69,0.0466868337964	(97, 0.11207979907345324)
97	172,0.049074640835	(97, 0.11207979907345324)
97	17,0.0504715318785	(97, 0.11207979907345324)
97	120,0.0546185274084	(97, 0.11207979907345324)
97	79,0.0744263222387	(97, 0.11207979907345324)
97	4,0.0749190671771	(97, 0.11207979907345324)
97	3,0.0823720290812	(97, 0.11207979907345324)
97	56,0.0831901615452	(97, 0.11207979907345324)
97	90,0.0860144305575	(97, 0.11207979907345324)
98	98,0.0293896404115	(98, 0.029389640411518977)
98	15,0.0621598910931	(98, 0.029389640411518977)
98	40,0.064697014882	(98, 0.029389640411518977)
98	25,0.0735015923939	(98, 0.029389640411518977)
98	49,0.0827156244521	(98, 0.029389640411518977)
98	172,0.0834114308729	(98, 0.029389640411518977)
98	154,0.0860489539922	(98, 0.029389640411518977)
98	174,0.0965710565277	(98, 0.029389640411518977)
98	83,0.0979597000646	(98, 0.029389640411518977)
98	4,0.101691143236	(98, 0.029389640411518977)
99	84,0.0689114785039	(99, 0.089589848628706989)
99	144,0.0730697525249	(99, 0.089589848628706989)
99	128,0.0765422444078	(99, 0.089589848628706989)
99	93,0.0805443930643	(99, 0.089589848628706989)
99	78,0.0812038695311	(99, 0.089589848628706989)
99	159,0.0824711677927	(99, 0.089589848628706989)
99	109,0.0827324984629	(99, 0.089589848628706989)
99	38,0.0850313960374	(99, 0.089589848628706989)
99	12,0.0852028020689	(99, 0.089589848628706989)
99	14,0.0862065951342	(99, 0.089589848628706989)
100	100,0.0325773686787	(100, 0.032577368678745638)
100	74,0.04206267132	(100, 0.032577368678745638)
100	77,0.0421906813427	(100, 0.032577368678745638)
100	37,0.0435669083551	(100, 0.032577368678745638)
100	21,0.0463081740927	(100, 0.032577368678745638)
100	136,0.0463158627307	(100, 0.032577368678745638)
100	127,0.0491510042361	(100, 0.032577368678745638)
100	63,0.0506831128579	(100, 0.032577368678745638)
100	11,0.0517774653977	(100, 0.032577368678745638)
100	90,0.0526171513941	(100, 0.032577368678745638)
101	73,0.0728435774367	(101, 0.078308453457494973)
101	101,0.0783084534575	(101, 0.078308453457494973)
101	1,0.0815324185061	(101, 0.078308453457494973)
101	13,0.0819319612893	(101, 0.078308453457494973)
101	124,0.0858550494395	(101, 0.078308453457494973)
101	69,0.0923825563	(101, 0.078308453457494973)
101	60,0.09330826896	(101, 0.078308453457494973)
101	29,0.0939947702652	(101, 0.078308453457494973)
101	77,0.0990768314422	(101, 0.078308453457494973)
101	81,0.104637973565	(101, 0.078308453457494973)
102	91,0.0912144419251	(102, 0.10933945965135804)
102	114,0.0931041423641	(102, 0.10933945965135804)
102	41,0.0996132865634	(102, 0.10933945965135804)
102	155,0.104308261706	(102, 0.10933945965135804)
102	102,0.109339459651	(102, 0.10933945965135804)
102	1,0.110165860256	(102, 0.10933945965135804)
102	101,0.110187421257	(102, 0.10933945965135804)
102	110,0.118046935759	(102, 0.10933945965135804)
102	53,0.124183722278	(102, 0.10933945965135804)
102	103,0.127051277298	(102, 0.10933945965135804)
103	103,0.0690405960346	(103, 0.069040596034642951)
103	73,0.113976545517	(103, 0.069040596034642951)
103	91,0.125472393869	(103, 0.069040596034642951)
103	101,0.127251049063	(103, 0.069040596034642951)
103	51,0.146068464576	(103, 0.069040596034642951)
103	30,0.147513929041	(103, 0.069040596034642951)
103	93,0.147552475616	(103, 0.069040596034642951)
103	39,0.148454160595	(103, 0.069040596034642951)
103	26,0.15111805538	(103, 0.069040596034642951)
103	114,0.151685586375	(103, 0.069040596034642951)
104	124,0.0500526090419	(104, 0.099605261140810517)
104	93,0.0695513759841	(104, 0.099605261140810517)
104	81,0.0763070450489	(104, 0.099605261140810517)
104	73,0.0800005825896	(104, 0.099605261140810517)
104	119,0.0809790108538	(104, 0.099605261140810517)
104	11,0.0855308114819	(104, 0.099605261140810517)
104	115,0.0855504879367	(104, 0.099605261140810517)
104	3,0.0924960540511	(104, 0.099605261140810517)
104	104,0.0996052611408	(104, 0.099605261140810517)
104	13,0.102962231625	(104, 0.099605261140810517)
105	24,0.0874597862142	(105, 0.10705274073955362)
105	27,0.0894163207457	(105, 0.10705274073955362)
105	43,0.0989120451742	(105, 0.10705274073955362)
105	107,0.106925219641	(105, 0.10705274073955362)
105	105,0.10705274074	(105, 0.10705274073955362)
105	38,0.113578425066	(105, 0.10705274073955362)
105	19,0.11818916424	(105, 0.10705274073955362)
105	50,0.123990808681	(105, 0.10705274073955362)
105	99,0.124354553914	(105, 0.10705274073955362)
105	12,0.12510605825	(105, 0.10705274073955362)
106	106,0.0374089745407	(106, 0.037408974540740728)
106	116,0.0993944223569	(106, 0.037408974540740728)
106	157,0.0995321628991	(106, 0.037408974540740728)
106	174,0.10021271998	(106, 0.037408974540740728)
106	172,0.106361265387	(106, 0.037408974540740728)
106	156,0.110058689881	(106, 0.037408974540740728)
106	93,0.111210806346	(106, 0.037408974540740728)
106	54,0.114351721023	(106, 0.037408974540740728)
106	13,0.117871817369	(106, 0.037408974540740728)
106	171,0.118638085834	(106, 0.037408974540740728)
107	107,0.0542903011337	(107, 0.054290301133736028)
107	22,0.0598352134167	(107, 0.054290301133736028)
107	26,0.0680673753534	(107, 0.054290301133736028)
107	139,0.0682644219864	(107, 0.054290301133736028)
107	76,0.0698959855664	(107, 0.054290301133736028)
107	78,0.0721047778559	(107, 0.054290301133736028)
107	128,0.0728038924756	(107, 0.054290301133736028)
107	158,0.073182737609	(107, 0.054290301133736028)
107	121,0.0766653516606	(107, 0.054290301133736028)
107	77,0.0768961626642	(107, 0.054290301133736028)
108	77,0.049201288117	(108, 0.1414538474890101)
108	172,0.0653800489031	(108, 0.1414538474890101)
108	174,0.0662571654439	(108, 0.1414538474890101)
108	4,0.0760173296291	(108, 0.1414538474890101)
108	17,0.0775611734582	(108, 0.1414538474890101)
108	40,0.0803642890621	(108, 0.1414538474890101)
108	15,0.0847941245205	(108, 0.1414538474890101)
108	49,0.0860476132692	(108, 0.1414538474890101)
108	100,0.0876840161265	(108, 0.1414538474890101)
108	79,0.0936828857329	(108, 0.1414538474890101)
109	109,0.0473795772896	(109, 0.047379577289557315)
109	159,0.052928543601	(109, 0.047379577289557315)
109	146,0.0693077331657	(109, 0.047379577289557315)
109	134,0.0723529975823	(109, 0.047379577289557315)
109	12,0.0772772483367	(109, 0.047379577289557315)
109	128,0.0808837082355	(109, 0.047379577289557315)
109	152,0.0893555962742	(109, 0.047379577289557315)
109	14,0.0895711042424	(109, 0.047379577289557315)
109	84,0.0903935547678	(109, 0.047379577289557315)
109	38,0.0983047732133	(109, 0.047379577289557315)
110	1,0.0531924476371	(110, 0.091277206994563917)
110	121,0.0630498228128	(110, 0.091277206994563917)
110	11,0.0668773434417	(110, 0.091277206994563917)
110	68,0.0699728176216	(110, 0.091277206994563917)
110	162,0.0766996141111	(110, 0.091277206994563917)
110	73,0.0792852504466	(110, 0.091277206994563917)
110	3,0.0803084761138	(110, 0.091277206994563917)
110	155,0.08215104914	(110, 0.091277206994563917)
110	71,0.0835369394885	(110, 0.091277206994563917)
110	26,0.0853800210545	(110, 0.091277206994563917)
111	73,0.0538357619145	(111, 0.2039157411061264)
111	124,0.0679496252546	(111, 0.2039157411061264)
111	101,0.0711350339634	(111, 0.2039157411061264)
111	13,0.074800388041	(111, 0.2039157411061264)
111	93,0.0775926989284	(111, 0.2039157411061264)
111	157,0.0834929069251	(111, 0.2039157411061264)
111	41,0.0973877711174	(111, 0.2039157411061264)
111	78,0.0993725077993	(111, 0.2039157411061264)
111	128,0.0997993212873	(111, 0.2039157411061264)
111	27,0.102338869541	(111, 0.2039157411061264)
112	90,0.0363923974797	(112, 0.047125837668514775)
112	11,0.0364661665789	(112, 0.047125837668514775)
112	100,0.0425793731652	(112, 0.047125837668514775)
112	162,0.0443440366944	(112, 0.047125837668514775)
112	3,0.0454002118817	(112, 0.047125837668514775)
112	112,0.0471258376685	(112, 0.047125837668514775)
112	21,0.0485904856152	(112, 0.047125837668514775)
112	71,0.0531836890956	(112, 0.047125837668514775)
112	77,0.0547315616489	(112, 0.047125837668514775)
112	17,0.0573217269774	(112, 0.047125837668514775)
113	113,0.0646590832558	(113, 0.064659083255839425)
113	65,0.0902722030984	(113, 0.064659083255839425)
113	130,0.135152590633	(113, 0.064659083255839425)
113	44,0.156280267087	(113, 0.064659083255839425)
113	155,0.171898586803	(113, 0.064659083255839425)
113	161,0.17287260133	(113, 0.064659083255839425)
113	120,0.175473762149	(113, 0.064659083255839425)
113	53,0.176485184128	(113, 0.064659083255839425)
113	97,0.179305780354	(113, 0.064659083255839425)
113	15,0.18132787329	(113, 0.064659083255839425)
114	114,0.0565268637726	(114, 0.056526863772559992)
114	53,0.059957733234	(114, 0.056526863772559992)
114	73,0.0679567378499	(114, 0.056526863772559992)
114	124,0.0682079596962	(114, 0.056526863772559992)
114	13,0.0874733781584	(114, 0.056526863772559992)
114	104,0.0902911968632	(114, 0.056526863772559992)
114	157,0.0969848040421	(114, 0.056526863772559992)
114	155,0.102291511542	(114, 0.056526863772559992)
114	93,0.102929166246	(114, 0.056526863772559992)
114	140,0.107092136857	(114, 0.056526863772559992)
115	119,0.0570501927824	(115, 0.061116029828933174)
115	115,0.0611160298289	(115, 0.061116029828933174)
115	11,0.0641477619085	(115, 0.061116029828933174)
115	37,0.066836451217	(115, 0.061116029828933174)
115	96,0.0735130503436	(115, 0.061116029828933174)
115	17,0.0803078147459	(115, 0.061116029828933174)
115	136,0.0809979949019	(115, 0.061116029828933174)
115	81,0.0813916696879	(115, 0.061116029828933174)
115	90,0.0835119023056	(115, 0.061116029828933174)
115	3,0.0846596530434	(115, 0.061116029828933174)
116	116,0.0419375577456	(116, 0.041937557745582582)
116	93,0.0515433487328	(116, 0.041937557745582582)
116	73,0.0884602960654	(116, 0.041937557745582582)
116	109,0.0910854022431	(116, 0.041937557745582582)
116	144,0.0986078458261	(116, 0.041937557745582582)
116	172,0.105542025057	(116, 0.041937557745582582)
116	124,0.106711118402	(116, 0.041937557745582582)
116	156,0.107177993585	(116, 0.041937557745582582)
116	3,0.107283230193	(116, 0.041937557745582582)
116	128,0.109616982378	(116, 0.041937557745582582)
117	117,0.0161889009025	(117, 0.016188900902481169)
117	21,0.041836848701	(117, 0.016188900902481169)
117	71,0.0451987099251	(117, 0.016188900902481169)
117	81,0.0488997057022	(117, 0.016188900902481169)
117	11,0.0514450258721	(117, 0.016188900902481169)
117	76,0.0520796919688	(117, 0.016188900902481169)
117	77,0.0545077052245	(117, 0.016188900902481169)
117	22,0.0551890737746	(117, 0.016188900902481169)
117	162,0.0566766008115	(117, 0.016188900902481169)
117	3,0.0577906719424	(117, 0.016188900902481169)
118	33,0.0914664289707	(118, 0.16650044733716757)
118	34,0.10987386292	(118, 0.16650044733716757)
118	69,0.135368682339	(118, 0.16650044733716757)
118	4,0.156699143856	(118, 0.16650044733716757)
118	118,0.166500447337	(118, 0.16650044733716757)
118	2,0.168792134666	(118, 0.16650044733716757)
118	113,0.17205620726	(118, 0.16650044733716757)
118	15,0.174008085836	(118, 0.16650044733716757)
118	25,0.175043487599	(118, 0.16650044733716757)
118	79,0.180966264713	(118, 0.16650044733716757)
119	120,0.0556234410989	(119, 0.080260757864138332)
119	69,0.0722947772748	(119, 0.080260757864138332)
119	40,0.078165125712	(119, 0.080260757864138332)
119	124,0.0792490476105	(119, 0.080260757864138332)
119	119,0.0802607578641	(119, 0.080260757864138332)
119	172,0.0823744717489	(119, 0.080260757864138332)
119	17,0.0826074945624	(119, 0.080260757864138332)
119	97,0.0843327939851	(119, 0.080260757864138332)
119	4,0.088865266835	(119, 0.080260757864138332)
119	154,0.0924882482718	(119, 0.080260757864138332)
120	120,0.0481638884719	(120, 0.048163888471897037)
120	65,0.0625431509704	(120, 0.048163888471897037)
120	155,0.0801077928934	(120, 0.048163888471897037)
120	53,0.0851655100449	(120, 0.048163888471897037)
120	161,0.0855154298449	(120, 0.048163888471897037)
120	124,0.0869353693559	(120, 0.048163888471897037)
120	44,0.0882076684374	(120, 0.048163888471897037)
120	97,0.0940363610198	(120, 0.048163888471897037)
120	13,0.100290149823	(120, 0.048163888471897037)
120	83,0.102481626928	(120, 0.048163888471897037)
121	121,0.0404123845005	(121, 0.040412384500499818)
121	22,0.0493788864422	(121, 0.040412384500499818)
121	1,0.0504447051459	(121, 0.040412384500499818)
121	78,0.0546530598693	(121, 0.040412384500499818)
121	26,0.0605297407625	(121, 0.040412384500499818)
121	128,0.0647671675509	(121, 0.040412384500499818)
121	73,0.0685665393094	(121, 0.040412384500499818)
121	11,0.0687667224059	(121, 0.040412384500499818)
121	132,0.0713878487818	(121, 0.040412384500499818)
121	3,0.0765764306736	(121, 0.040412384500499818)
122	174,0.068133231779	(122, 0.07896187276728496)
122	122,0.0789618727673	(122, 0.07896187276728496)
122	154,0.0925963866391	(122, 0.07896187276728496)
122	69,0.106816193146	(122, 0.07896187276728496)
122	2,0.109190121228	(122, 0.07896187276728496)
122	48,0.127239812819	(122, 0.07896187276728496)
122	4,0.127577975051	(122, 0.07896187276728496)
122	56,0.137412157364	(122, 0.07896187276728496)
122	116,0.137921472551	(122, 0.07896187276728496)
122	172,0.138174538937	(122, 0.07896187276728496)
123	123,0.0533862767085	(123, 0.053386276708518941)
123	172,0.0540291342498	(123, 0.053386276708518941)
123	81,0.0761577609369	(123, 0.053386276708518941)
123	119,0.0806536899063	(123, 0.053386276708518941)
123	146,0.0817312302493	(123, 0.053386276708518941)
123	40,0.0833306488931	(123, 0.053386276708518941)
123	90,0.0852741272317	(123, 0.053386276708518941)
123	115,0.0910302682597	(123, 0.053386276708518941)
123	96,0.0938294188373	(123, 0.053386276708518941)
123	137,0.093871867187	(123, 0.053386276708518941)
124	124,0.0740986134823	(124, 0.074098613482267858)
124	101,0.108894797112	(124, 0.074098613482267858)
124	41,0.13102378464	(124, 0.074098613482267858)
124	73,0.138037614601	(124, 0.074098613482267858)
124	169,0.14297686408	(124, 0.074098613482267858)
124	140,0.144924541981	(124, 0.074098613482267858)
124	155,0.146483989994	(124, 0.074098613482267858)
124	157,0.147437182498	(124, 0.074098613482267858)
124	53,0.148098704105	(124, 0.074098613482267858)
124	114,0.15495402584	(124, 0.074098613482267858)
125	13,0.093776540908	(125, 0.14575399637633213)
125	65,0.119920103894	(125, 0.14575399637633213)
125	155,0.120134983793	(125, 0.14575399637633213)
125	73,0.121115432331	(125, 0.14575399637633213)
125	114,0.133156419478	(125, 0.14575399637633213)
125	161,0.136151719719	(125, 0.14575399637633213)
125	68,0.138816854459	(125, 0.14575399637633213)
125	41,0.13978037511	(125, 0.14575399637633213)
125	125,0.145753996376	(125, 0.14575399637633213)
125	29,0.148186283318	(125, 0.14575399637633213)
126	81,0.0534441018851	(126, 0.056435139131137804)
126	126,0.0564351391311	(126, 0.056435139131137804)
126	3,0.0611724663792	(126, 0.056435139131137804)
126	121,0.0615938769081	(126, 0.056435139131137804)
126	11,0.0637582109933	(126, 0.056435139131137804)
126	132,0.0641166905564	(126, 0.056435139131137804)
126	119,0.0657866438534	(126, 0.056435139131137804)
126	128,0.0710041579554	(126, 0.056435139131137804)
126	12,0.0718214014735	(126, 0.056435139131137804)
126	22,0.0723905523344	(126, 0.056435139131137804)
127	74,0.0378958625756	(127, 0.045486501243936925)
127	17,0.0425081179137	(127, 0.045486501243936925)
127	136,0.0428006401276	(127, 0.045486501243936925)
127	127,0.0454865012439	(127, 0.045486501243936925)
127	59,0.0563284741197	(127, 0.045486501243936925)
127	100,0.0573351261922	(127, 0.045486501243936925)
127	77,0.0594639670296	(127, 0.045486501243936925)
127	37,0.0642332819082	(127, 0.045486501243936925)
127	49,0.0744184320165	(127, 0.045486501243936925)
127	172,0.092251203247	(127, 0.045486501243936925)
128	128,0.0410959985284	(128, 0.041095998528379328)
128	159,0.0478434056832	(128, 0.041095998528379328)
128	12,0.0554796849166	(128, 0.041095998528379328)
128	78,0.0589833487239	(128, 0.041095998528379328)
128	139,0.0640548990029	(128, 0.041095998528379328)
128	151,0.0649516154213	(128, 0.041095998528379328)
128	18,0.0655205621859	(128, 0.041095998528379328)
128	121,0.0670790592121	(128, 0.041095998528379328)
128	55,0.0679707164097	(128, 0.041095998528379328)
128	152,0.0710215603622	(128, 0.041095998528379328)
129	98,0.0772982362019	(129, 0.13153949831797862)
129	49,0.0803327421136	(129, 0.13153949831797862)
129	59,0.117350392845	(129, 0.13153949831797862)
129	100,0.118596444044	(129, 0.13153949831797862)
129	15,0.121868696827	(129, 0.13153949831797862)
129	94,0.1228067975	(129, 0.13153949831797862)
129	77,0.123528131035	(129, 0.13153949831797862)
129	83,0.127715197645	(129, 0.13153949831797862)
129	129,0.131539498318	(129, 0.13153949831797862)
129	25,0.14108510759	(129, 0.13153949831797862)
130	130,0.116692039225	(130, 0.11669203922464487)
130	65,0.132338740602	(130, 0.11669203922464487)
130	13,0.137062183357	(130, 0.11669203922464487)
130	34,0.141577623101	(130, 0.11669203922464487)
130	157,0.14548024877	(130, 0.11669203922464487)
130	73,0.151291502655	(130, 0.11669203922464487)
130	53,0.151629805623	(130, 0.11669203922464487)
130	33,0.153604914026	(130, 0.11669203922464487)
130	28,0.153744066754	(130, 0.11669203922464487)
130	91,0.154571943861	(130, 0.11669203922464487)
131	166,0.0808729758776	(131, 0.10054898322679863)
131	131,0.100548983227	(131, 0.10054898322679863)
131	116,0.104419377371	(131, 0.10054898322679863)
131	72,0.104907568288	(131, 0.10054898322679863)
131	144,0.133759571669	(131, 0.10054898322679863)
131	84,0.143158687117	(131, 0.10054898322679863)
131	104,0.147201307157	(131, 0.10054898322679863)
131	156,0.152260051057	(131, 0.10054898322679863)
131	93,0.170415785111	(131, 0.10054898322679863)
131	165,0.173231181123	(131, 0.10054898322679863)
132	132,0.0301512872139	(132, 0.030151287213944635)
132	18,0.0325659640956	(132, 0.030151287213944635)
132	22,0.035055172984	(132, 0.030151287213944635)
132	139,0.0395738022631	(132, 0.030151287213944635)
132	46,0.0410817699254	(132, 0.030151287213944635)
132	76,0.0417523516448	(132, 0.030151287213944635)
132	147,0.0438582269664	(132, 0.030151287213944635)
132	158,0.0454122914658	(132, 0.030151287213944635)
132	171,0.0473469015846	(132, 0.030151287213944635)
132	121,0.0494671461743	(132, 0.030151287213944635)
133	133,0.0437504356391	(133, 0.043750435639069073)
133	130,0.112588704682	(133, 0.043750435639069073)
133	91,0.115324352027	(133, 0.043750435639069073)
133	34,0.12696249823	(133, 0.043750435639069073)
133	53,0.143992275001	(133, 0.043750435639069073)
133	102,0.154493818004	(133, 0.043750435639069073)
133	103,0.163725901182	(133, 0.043750435639069073)
133	114,0.164309295563	(133, 0.043750435639069073)
133	153,0.170524002054	(133, 0.043750435639069073)
133	65,0.172678671343	(133, 0.043750435639069073)
134	128,0.0484917956046	(134, 0.064517607241110789)
134	121,0.0495289572406	(134, 0.064517607241110789)
134	78,0.0599239138928	(134, 0.064517607241110789)
134	134,0.0645176072411	(134, 0.064517607241110789)
134	22,0.071597699391	(134, 0.064517607241110789)
134	18,0.0717016742638	(134, 0.064517607241110789)
134	73,0.0797070526212	(134, 0.064517607241110789)
134	109,0.0821878330043	(134, 0.064517607241110789)
134	12,0.0837810688416	(134, 0.064517607241110789)
134	151,0.087145092002	(134, 0.064517607241110789)
135	147,0.0247948003707	(135, 0.03882249642446195)
135	76,0.0317359290412	(135, 0.03882249642446195)
135	63,0.0332684114862	(135, 0.03882249642446195)
135	137,0.0348578910419	(135, 0.03882249642446195)
135	135,0.0388224964245	(135, 0.03882249642446195)
135	162,0.0424714666631	(135, 0.03882249642446195)
135	171,0.0487468908484	(135, 0.03882249642446195)
135	117,0.0544186462971	(135, 0.03882249642446195)
135	77,0.0555560917393	(135, 0.03882249642446195)
135	3,0.0573264025618	(135, 0.03882249642446195)
136	136,0.0562998491373	(136, 0.056299849137277709)
136	126,0.0660834028041	(136, 0.056299849137277709)
136	54,0.0664764998692	(136, 0.056299849137277709)
136	121,0.0680312136355	(136, 0.056299849137277709)
136	11,0.0698310480871	(136, 0.056299849137277709)
136	162,0.0806294795832	(136, 0.056299849137277709)
136	132,0.0821264579438	(136, 0.056299849137277709)
136	3,0.0823664686479	(136, 0.056299849137277709)
136	151,0.0829444481089	(136, 0.056299849137277709)
136	119,0.0833139371533	(136, 0.056299849137277709)
137	137,0.019834625676	(137, 0.019834625675977154)
137	147,0.0247137112958	(137, 0.019834625675977154)
137	63,0.0252436324824	(137, 0.019834625675977154)
137	171,0.0403424770075	(137, 0.019834625675977154)
137	76,0.0404089116821	(137, 0.019834625675977154)
137	3,0.0411037575976	(137, 0.019834625675977154)
137	36,0.0466297731355	(137, 0.019834625675977154)
137	90,0.0475217791045	(137, 0.019834625675977154)
137	117,0.051847726994	(137, 0.019834625675977154)
137	46,0.0561761313122	(137, 0.019834625675977154)
138	78,0.0624511386954	(138, 0.063527754071992334)
138	128,0.062960053725	(138, 0.063527754071992334)
138	138,0.063527754072	(138, 0.063527754071992334)
138	107,0.0640600957747	(138, 0.063527754071992334)
138	158,0.0719288080585	(138, 0.063527754071992334)
138	99,0.0824406047528	(138, 0.063527754071992334)
138	55,0.0902309885146	(138, 0.063527754071992334)
138	38,0.0948682033289	(138, 0.063527754071992334)
138	159,0.0984036024651	(138, 0.063527754071992334)
138	84,0.101645297957	(138, 0.063527754071992334)
139	139,0.0163993642229	(139, 0.016399364222855865)
139	46,0.0321314269735	(139, 0.016399364222855865)
139	18,0.0397474776567	(139, 0.016399364222855865)
139	76,0.044660041928	(139, 0.016399364222855865)
139	151,0.0466476096639	(139, 0.016399364222855865)
139	22,0.0475924506523	(139, 0.016399364222855865)
139	132,0.0565609427969	(139, 0.016399364222855865)
139	171,0.0600581555002	(139, 0.016399364222855865)
139	63,0.0624382205853	(139, 0.016399364222855865)
139	35,0.0639260538096	(139, 0.016399364222855865)
140	93,0.0809360189991	(140, 0.08579563557017357)
140	69,0.0821102364027	(140, 0.08579563557017357)
140	73,0.0853529516896	(140, 0.08579563557017357)
140	140,0.0857956355702	(140, 0.08579563557017357)
140	124,0.0873654024292	(140, 0.08579563557017357)
140	116,0.0914589674305	(140, 0.08579563557017357)
140	157,0.0951569328466	(140, 0.08579563557017357)
140	13,0.102976050125	(140, 0.08579563557017357)
140	101,0.110682883049	(140, 0.08579563557017357)
140	104,0.118530877724	(140, 0.08579563557017357)
141	141,0.141328489507	(141, 0.14132848950650992)
141	124,0.162841722318	(141, 0.14132848950650992)
141	48,0.165084435241	(141, 0.14132848950650992)
141	120,0.177468790753	(141, 0.14132848950650992)
141	155,0.178011765566	(141, 0.14132848950650992)
141	33,0.181491543904	(141, 0.14132848950650992)
141	97,0.182323453956	(141, 0.14132848950650992)
141	56,0.184765440742	(141, 0.14132848950650992)
141	2,0.188694366461	(141, 0.14132848950650992)
141	4,0.192939452611	(141, 0.14132848950650992)
142	61,0.0985857943945	(142, 0.23426334909849128)
142	38,0.101385379871	(142, 0.23426334909849128)
142	105,0.103038453784	(142, 0.23426334909849128)
142	12,0.103521795349	(142, 0.23426334909849128)
142	73,0.108753765328	(142, 0.23426334909849128)
142	16,0.109943477819	(142, 0.23426334909849128)
142	23,0.114874667996	(142, 0.23426334909849128)
142	24,0.11951755321	(142, 0.23426334909849128)
142	29,0.121838894167	(142, 0.23426334909849128)
142	13,0.125883632982	(142, 0.23426334909849128)
143	143,0.0279167898762	(143, 0.027916789876232452)
143	112,0.0343773901141	(143, 0.027916789876232452)
143	3,0.0417315351844	(143, 0.027916789876232452)
143	162,0.043087973331	(143, 0.027916789876232452)
143	11,0.0436539925651	(143, 0.027916789876232452)
143	90,0.0445761900317	(143, 0.027916789876232452)
143	150,0.0512445257726	(143, 0.027916789876232452)
143	137,0.0533424603727	(143, 0.027916789876232452)
143	21,0.0538848444491	(143, 0.027916789876232452)
143	63,0.0573215172343	(143, 0.027916789876232452)
144	144,0.0439107093249	(144, 0.043910709324891044)
144	14,0.0869126688684	(144, 0.043910709324891044)
144	38,0.0874592436695	(144, 0.043910709324891044)
144	12,0.0973359818642	(144, 0.043910709324891044)
144	145,0.110670986401	(144, 0.043910709324891044)
144	50,0.111815881172	(144, 0.043910709324891044)
144	159,0.112588397715	(144, 0.043910709324891044)
144	109,0.123710274882	(144, 0.043910709324891044)
144	116,0.125003229549	(144, 0.043910709324891044)
144	73,0.128443394864	(144, 0.043910709324891044)
145	158,0.0635417694396	(145, 0.069792586257452133)
145	78,0.0639264353111	(145, 0.069792586257452133)
145	128,0.0681607074471	(145, 0.069792586257452133)
145	145,0.0697925862575	(145, 0.069792586257452133)
145	24,0.0715028649291	(145, 0.069792586257452133)
145	38,0.0721842493213	(145, 0.069792586257452133)
145	55,0.0824747448946	(145, 0.069792586257452133)
145	12,0.0913275633556	(145, 0.069792586257452133)
145	22,0.0939760700965	(145, 0.069792586257452133)
145	61,0.0979070649969	(145, 0.069792586257452133)
146	146,0.022588123182	(146, 0.022588123182012594)
146	159,0.0561510153963	(146, 0.022588123182012594)
146	12,0.0747886915183	(146, 0.022588123182012594)
146	137,0.0784213991712	(146, 0.022588123182012594)
146	81,0.0811331792287	(146, 0.022588123182012594)
146	46,0.0816232986182	(146, 0.022588123182012594)
146	18,0.085341559111	(146, 0.022588123182012594)
146	172,0.0867646501354	(146, 0.022588123182012594)
146	3,0.0873703652073	(146, 0.022588123182012594)
146	132,0.0879111870973	(146, 0.022588123182012594)
147	147,0.0264766957241	(147, 0.026476695724133699)
147	63,0.0268653428141	(147, 0.026476695724133699)
147	76,0.0314618319706	(147, 0.026476695724133699)
147	132,0.0354845015724	(147, 0.026476695724133699)
147	18,0.0397057787714	(147, 0.026476695724133699)
147	151,0.0404980455782	(147, 0.026476695724133699)
147	121,0.0419954660891	(147, 0.026476695724133699)
147	22,0.0444599378118	(147, 0.026476695724133699)
147	23,0.0456751562677	(147, 0.026476695724133699)
147	3,0.0526330161116	(147, 0.026476695724133699)
148	148,0.0309542915572	(148, 0.030954291557197956)
148	17,0.0404679784151	(148, 0.030954291557197956)
148	143,0.0435911742573	(148, 0.030954291557197956)
148	90,0.0548726049232	(148, 0.030954291557197956)
148	100,0.0566464390999	(148, 0.030954291557197956)
148	112,0.0713976519425	(148, 0.030954291557197956)
148	172,0.0732694105996	(148, 0.030954291557197956)
148	49,0.075158760985	(148, 0.030954291557197956)
148	3,0.0812911947367	(148, 0.030954291557197956)
148	37,0.084071207579	(148, 0.030954291557197956)
149	149,0.0885177520479	(149, 0.088517752047925419)
149	32,0.153737974641	(149, 0.088517752047925419)
149	169,0.182851159773	(149, 0.088517752047925419)
149	33,0.198570911032	(149, 0.088517752047925419)
149	27,0.283330258243	(149, 0.088517752047925419)
149	156,0.287662266078	(149, 0.088517752047925419)
149	165,0.290290770242	(149, 0.088517752047925419)
149	131,0.303212152436	(149, 0.088517752047925419)
149	111,0.303789980455	(149, 0.088517752047925419)
149	51,0.312968782601	(149, 0.088517752047925419)
150	3,0.0259468361212	(150, 0.046534729555624169)
150	11,0.0326740905609	(150, 0.046534729555624169)
150	71,0.0392286377501	(150, 0.046534729555624169)
150	162,0.041075615268	(150, 0.046534729555624169)
150	143,0.0463054848019	(150, 0.046534729555624169)
150	150,0.0465347295556	(150, 0.046534729555624169)
150	121,0.0469625753318	(150, 0.046534729555624169)
150	86,0.0491203760306	(150, 0.046534729555624169)
150	117,0.0495890154623	(150, 0.046534729555624169)
150	63,0.050649703935	(150, 0.046534729555624169)
151	121,0.0296792852981	(151, 0.045634672380862676)
151	132,0.0426622018793	(151, 0.045634672380862676)
151	151,0.0456346723809	(151, 0.045634672380862676)
151	70,0.0479703193122	(151, 0.045634672380862676)
151	63,0.0514218991282	(151, 0.045634672380862676)
151	22,0.0519804651049	(151, 0.045634672380862676)
151	3,0.0531768325014	(151, 0.045634672380862676)
151	81,0.0535904172887	(151, 0.045634672380862676)
151	11,0.0541704001392	(151, 0.045634672380862676)
151	76,0.0567040282812	(151, 0.045634672380862676)
152	152,0.0489265665245	(152, 0.048926566524534684)
152	121,0.0525545369496	(152, 0.048926566524534684)
152	18,0.0600772817434	(152, 0.048926566524534684)
152	88,0.0709652963056	(152, 0.048926566524534684)
152	117,0.0719314934953	(152, 0.048926566524534684)
152	35,0.0732946947675	(152, 0.048926566524534684)
152	139,0.0755821320185	(152, 0.048926566524534684)
152	22,0.0761731870452	(152, 0.048926566524534684)
152	12,0.0779938476285	(152, 0.048926566524534684)
152	162,0.0786354449021	(152, 0.048926566524534684)
153	133,0.0644974100054	(153, 0.099104918839091158)
153	153,0.0991049188391	(153, 0.099104918839091158)
153	34,0.120323185195	(153, 0.099104918839091158)
153	102,0.1229317472	(153, 0.099104918839091158)
153	91,0.125546041302	(153, 0.099104918839091158)
153	130,0.138215778267	(153, 0.099104918839091158)
153	103,0.151673980086	(153, 0.099104918839091158)
153	95,0.152011883824	(153, 0.099104918839091158)
153	1,0.159846541574	(153, 0.099104918839091158)
153	28,0.163113794635	(153, 0.099104918839091158)
154	154,0.0312771296897	(154, 0.031277129689713266)
154	40,0.073246945057	(154, 0.031277129689713266)
154	174,0.0795741762556	(154, 0.031277129689713266)
154	69,0.079640627765	(154, 0.031277129689713266)
154	172,0.087459662947	(154, 0.031277129689713266)
154	116,0.0888966701763	(154, 0.031277129689713266)
154	4,0.0932002168931	(154, 0.031277129689713266)
154	2,0.105919869053	(154, 0.031277129689713266)
154	48,0.109596625999	(154, 0.031277129689713266)
154	56,0.117763837557	(154, 0.031277129689713266)
155	71,0.03267709609	(155, 0.063772040027096633)
155	11,0.0379876904535	(155, 0.063772040027096633)
155	162,0.0457932717586	(155, 0.063772040027096633)
155	117,0.0582154476009	(155, 0.063772040027096633)
155	77,0.0592759182468	(155, 0.063772040027096633)
155	155,0.0637720400271	(155, 0.063772040027096633)
155	37,0.0650713247521	(155, 0.063772040027096633)
155	1,0.0651625525525	(155, 0.063772040027096633)
155	121,0.0664221561752	(155, 0.063772040027096633)
155	3,0.0678980043081	(155, 0.063772040027096633)
156	73,0.0521236497205	(156, 0.072624910090387435)
156	156,0.0726249100904	(156, 0.072624910090387435)
156	109,0.0732031995474	(156, 0.072624910090387435)
156	107,0.0829893483677	(156, 0.072624910090387435)
156	128,0.0931492419878	(156, 0.072624910090387435)
156	144,0.0958475262343	(156, 0.072624910090387435)
156	50,0.103908851492	(156, 0.072624910090387435)
156	78,0.104739758064	(156, 0.072624910090387435)
156	138,0.106450654008	(156, 0.072624910090387435)
156	27,0.107517979095	(156, 0.072624910090387435)
157	22,0.0530042654404	(157, 0.079147748924431022)
157	12,0.055160764005	(157, 0.079147748924431022)
157	73,0.0600594488669	(157, 0.079147748924431022)
157	128,0.0603283794324	(157, 0.079147748924431022)
157	93,0.0607197151651	(157, 0.079147748924431022)
157	121,0.0648817121161	(157, 0.079147748924431022)
157	78,0.0655166841738	(157, 0.079147748924431022)
157	126,0.0659535752212	(157, 0.079147748924431022)
157	132,0.0667822254994	(157, 0.079147748924431022)
157	3,0.0682449609949	(157, 0.079147748924431022)
158	77,0.0316066980302	(158, 0.10272387378691561)
158	3,0.0398354360826	(158, 0.10272387378691561)
158	37,0.0485551615019	(158, 0.10272387378691561)
158	76,0.0497972307593	(158, 0.10272387378691561)
158	171,0.0499778499512	(158, 0.10272387378691561)
158	63,0.0504924611634	(158, 0.10272387378691561)
158	136,0.0509764621432	(158, 0.10272387378691561)
158	147,0.0510737231904	(158, 0.10272387378691561)
158	11,0.0534901039595	(158, 0.10272387378691561)
158	137,0.0539060999346	(158, 0.10272387378691561)
159	146,0.029073045188	(159, 0.07346097039554042)
159	18,0.0515867560195	(159, 0.07346097039554042)
159	137,0.0518650785737	(159, 0.07346097039554042)
159	81,0.0520891483614	(159, 0.07346097039554042)
159	150,0.0530446357159	(159, 0.07346097039554042)
159	46,0.0570740400057	(159, 0.07346097039554042)
159	3,0.0587017673105	(159, 0.07346097039554042)
159	90,0.059440521894	(159, 0.07346097039554042)
159	147,0.0595643375044	(159, 0.07346097039554042)
159	36,0.0598188051981	(159, 0.07346097039554042)
160	164,0.0889400795156	(160, 0.43441331629544472)
160	27,0.106935346139	(160, 0.43441331629544472)
160	73,0.114295877203	(160, 0.43441331629544472)
160	38,0.11792175825	(160, 0.43441331629544472)
160	43,0.123302258831	(160, 0.43441331629544472)
160	109,0.132571541663	(160, 0.43441331629544472)
160	107,0.135152984274	(160, 0.43441331629544472)
160	32,0.138003982022	(160, 0.43441331629544472)
160	105,0.138890263927	(160, 0.43441331629544472)
160	50,0.141265087649	(160, 0.43441331629544472)
161	161,0.0249595057351	(161, 0.024959505735054417)
161	65,0.0624787625489	(161, 0.024959505735054417)
161	44,0.0738857914581	(161, 0.024959505735054417)
161	68,0.0783527730102	(161, 0.024959505735054417)
161	17,0.0813320585244	(161, 0.024959505735054417)
161	83,0.082261328315	(161, 0.024959505735054417)
161	155,0.0868497768726	(161, 0.024959505735054417)
161	1,0.100914108742	(161, 0.024959505735054417)
161	100,0.101439241103	(161, 0.024959505735054417)
161	13,0.101897874684	(161, 0.024959505735054417)
162	162,0.0338248118659	(162, 0.033824811865934945)
162	76,0.038833819494	(162, 0.033824811865934945)
162	117,0.0390964621289	(162, 0.033824811865934945)
162	18,0.0418665017825	(162, 0.033824811865934945)
162	147,0.0465774738438	(162, 0.033824811865934945)
162	150,0.0524700264403	(162, 0.033824811865934945)
162	11,0.0526713751451	(162, 0.033824811865934945)
162	63,0.0544792669251	(162, 0.033824811865934945)
162	88,0.0552482364964	(162, 0.033824811865934945)
162	137,0.0557767922494	(162, 0.033824811865934945)
163	17,0.0543370582689	(163, 0.087089147218212509)
163	172,0.0580588407121	(163, 0.087089147218212509)
163	3,0.0637878585673	(163, 0.087089147218212509)
163	148,0.0679938402243	(163, 0.087089147218212509)
163	100,0.0690706280119	(163, 0.087089147218212509)
163	40,0.0693382304193	(163, 0.087089147218212509)
163	37,0.0708433862434	(163, 0.087089147218212509)
163	11,0.0759646406882	(163, 0.087089147218212509)
163	143,0.0784066685344	(163, 0.087089147218212509)
163	90,0.0801993570217	(163, 0.087089147218212509)
164	156,0.0707253319285	(164, 0.10162207222796724)
164	27,0.0920687817005	(164, 0.10162207222796724)
164	73,0.0956513035178	(164, 0.10162207222796724)
164	164,0.101622072228	(164, 0.10162207222796724)
164	144,0.110443678962	(164, 0.10162207222796724)
164	32,0.112698429555	(164, 0.10162207222796724)
164	131,0.116163292607	(164, 0.10162207222796724)
164	109,0.121900438133	(164, 0.10162207222796724)
164	13,0.134501638703	(164, 0.10162207222796724)
164	107,0.136538122191	(164, 0.10162207222796724)
165	93,0.0716318319452	(165, 0.10069917392879817)
165	157,0.0948295584446	(165, 0.10069917392879817)
165	116,0.09752280044	(165, 0.10069917392879817)
165	165,0.100699173929	(165, 0.10069917392879817)
165	73,0.104823703871	(165, 0.10069917392879817)
165	144,0.105667338111	(165, 0.10069917392879817)
165	131,0.108488013693	(165, 0.10069917392879817)
165	124,0.122073615052	(165, 0.10069917392879817)
165	156,0.129567849862	(165, 0.10069917392879817)
165	27,0.136402411946	(165, 0.10069917392879817)
166	116,0.106329591966	(166, 0.14470372081748095)
166	69,0.10656934334	(166, 0.14470372081748095)
166	124,0.118178124645	(166, 0.14470372081748095)
166	144,0.132697432277	(166, 0.14470372081748095)
166	104,0.134616141605	(166, 0.14470372081748095)
166	123,0.137885950684	(166, 0.14470372081748095)
166	140,0.140411297584	(166, 0.14470372081748095)
166	166,0.144703720817	(166, 0.14470372081748095)
166	13,0.146747102448	(166, 0.14470372081748095)
166	157,0.149058958122	(166, 0.14470372081748095)
167	51,0.100360748116	(167, 0.13861658693596068)
167	39,0.113023256276	(167, 0.13861658693596068)
167	27,0.124038631382	(167, 0.13861658693596068)
167	32,0.130833049768	(167, 0.13861658693596068)
167	167,0.138616586936	(167, 0.13861658693596068)
167	19,0.171812518247	(167, 0.13861658693596068)
167	107,0.199811738931	(167, 0.13861658693596068)
167	138,0.202294718096	(167, 0.13861658693596068)
167	156,0.208495383463	(167, 0.13861658693596068)
167	169,0.210900640439	(167, 0.13861658693596068)
168	18,0.0684440090833	(168, 0.079022566220421087)
168	55,0.0691422181979	(168, 0.079022566220421087)
168	12,0.0715243449443	(168, 0.079022566220421087)
168	121,0.0723132553469	(168, 0.079022566220421087)
168	168,0.0790225662204	(168, 0.079022566220421087)
168	151,0.0819166093313	(168, 0.079022566220421087)
168	38,0.083384048621	(168, 0.079022566220421087)
168	61,0.0845303924447	(168, 0.079022566220421087)
168	86,0.0862525350487	(168, 0.079022566220421087)
168	152,0.0871973827287	(168, 0.079022566220421087)
169	156,0.109520563423	(169, 0.11339008161304105)
169	73,0.109595332634	(169, 0.11339008161304105)
169	27,0.111499878073	(169, 0.11339008161304105)
169	169,0.113390081613	(169, 0.11339008161304105)
169	99,0.114670779887	(169, 0.11339008161304105)
169	170,0.115017566272	(169, 0.11339008161304105)
169	144,0.12087575043	(169, 0.11339008161304105)
169	109,0.124192101473	(169, 0.11339008161304105)
169	19,0.130295940567	(169, 0.11339008161304105)
169	41,0.136498574131	(169, 0.11339008161304105)
170	170,0.0676672447339	(170, 0.067667244733879972)
170	99,0.0911243931021	(170, 0.067667244733879972)
170	27,0.0930530662884	(170, 0.067667244733879972)
170	73,0.106965648924	(170, 0.067667244733879972)
170	19,0.109517042507	(170, 0.067667244733879972)
170	144,0.110083587294	(170, 0.067667244733879972)
170	114,0.131705208063	(170, 0.067667244733879972)
170	124,0.135468691433	(170, 0.067667244733879972)
170	109,0.136605128887	(170, 0.067667244733879972)
170	0,0.137498338404	(170, 0.067667244733879972)
171	156,0.0762317962919	(171, 0.26583980287834097)
171	27,0.0967910341601	(171, 0.26583980287834097)
171	32,0.098984274668	(171, 0.26583980287834097)
171	73,0.111051946991	(171, 0.26583980287834097)
171	164,0.121071112307	(171, 0.26583980287834097)
171	107,0.123650570011	(171, 0.26583980287834097)
171	169,0.133439097142	(171, 0.26583980287834097)
171	131,0.135181374875	(171, 0.26583980287834097)
171	144,0.136194253872	(171, 0.26583980287834097)
171	19,0.143284200587	(171, 0.26583980287834097)
172	172,0.0196848441106	(172, 0.019684844110589898)
172	137,0.0359318182077	(172, 0.019684844110589898)
172	3,0.0433280257082	(172, 0.019684844110589898)
172	81,0.0551738820076	(172, 0.019684844110589898)
172	17,0.0567620706425	(172, 0.019684844110589898)
172	77,0.058352132122	(172, 0.019684844110589898)
172	90,0.0604897713795	(172, 0.019684844110589898)
172	171,0.0630505930574	(172, 0.019684844110589898)
172	37,0.0676321611183	(172, 0.019684844110589898)
172	136,0.0680359850704	(172, 0.019684844110589898)
173	107,0.0785957865602	(173, 0.13913907964014813)
173	158,0.0830189387009	(173, 0.13913907964014813)
173	38,0.0898509590382	(173, 0.13913907964014813)
173	24,0.0929467683123	(173, 0.13913907964014813)
173	27,0.100923737125	(173, 0.13913907964014813)
173	78,0.106798745568	(173, 0.13913907964014813)
173	128,0.110374980564	(173, 0.13913907964014813)
173	61,0.113526110237	(173, 0.13913907964014813)
173	156,0.11622205376	(173, 0.13913907964014813)
173	22,0.126060401986	(173, 0.13913907964014813)
174	174,0.0348646843174	(174, 0.034864684317362532)
174	56,0.044589742888	(174, 0.034864684317362532)
174	15,0.0457960193236	(174, 0.034864684317362532)
174	120,0.0642936165433	(174, 0.034864684317362532)
174	17,0.0733128036212	(174, 0.034864684317362532)
174	69,0.0761248685274	(174, 0.034864684317362532)
174	4,0.0846726255364	(174, 0.034864684317362532)
174	2,0.0890551687152	(174, 0.034864684317362532)
174	172,0.10140929868	(174, 0.034864684317362532)
174	154,0.104122750776	(174, 0.034864684317362532)
