0	0,0.00366137430982	(0, 0.0036613743098178136)
0	38,0.00999178174677	(0, 0.0036613743098178136)
0	84,0.01060415869	(0, 0.0036613743098178136)
0	99,0.0116061222829	(0, 0.0036613743098178136)
0	109,0.0116757851611	(0, 0.0036613743098178136)
0	14,0.013087164198	(0, 0.0036613743098178136)
0	78,0.0135337544294	(0, 0.0036613743098178136)
0	55,0.0137029293408	(0, 0.0036613743098178136)
0	170,0.0138489062169	(0, 0.0036613743098178136)
0	173,0.0141436146504	(0, 0.0036613743098178136)
1	1,0.00344848587522	(1, 0.0034484858752171299)
1	103,0.00608517726557	(1, 0.0034484858752171299)
1	102,0.00614866183944	(1, 0.0034484858752171299)
1	155,0.00682733395989	(1, 0.0034484858752171299)
1	28,0.00719700376673	(1, 0.0034484858752171299)
1	91,0.00742151404423	(1, 0.0034484858752171299)
1	114,0.00751086793095	(1, 0.0034484858752171299)
1	153,0.00758537574873	(1, 0.0034484858752171299)
1	53,0.00801908898295	(1, 0.0034484858752171299)
1	65,0.00809238732723	(1, 0.0034484858752171299)
2	154,0.00431002326191	(2, 0.0086839969027472201)
2	4,0.00504029074251	(2, 0.0086839969027472201)
2	69,0.005997681848	(2, 0.0086839969027472201)
2	40,0.00630954324512	(2, 0.0086839969027472201)
2	174,0.00677368044172	(2, 0.0086839969027472201)
2	172,0.00711860520687	(2, 0.0086839969027472201)
2	2,0.00868399690275	(2, 0.0086839969027472201)
2	25,0.00951229987009	(2, 0.0086839969027472201)
2	148,0.00992908450238	(2, 0.0086839969027472201)
2	17,0.0101604915915	(2, 0.0086839969027472201)
3	3,0.00183327851521	(3, 0.001833278515206535)
3	63,0.00328967445823	(3, 0.001833278515206535)
3	81,0.00339290164664	(3, 0.001833278515206535)
3	132,0.0035173031044	(3, 0.001833278515206535)
3	121,0.00420630759697	(3, 0.001833278515206535)
3	162,0.00445980491851	(3, 0.001833278515206535)
3	11,0.00451577940474	(3, 0.001833278515206535)
3	147,0.00457472008604	(3, 0.001833278515206535)
3	151,0.00489057505722	(3, 0.001833278515206535)
3	137,0.00493694746957	(3, 0.001833278515206535)
4	172,0.00326747674315	(4, 0.0051401407994965571)
4	40,0.00409668237754	(4, 0.0051401407994965571)
4	69,0.00411702463886	(4, 0.0051401407994965571)
4	17,0.00466155107162	(4, 0.0051401407994965571)
4	4,0.0051401407995	(4, 0.0051401407994965571)
4	13,0.00517530961025	(4, 0.0051401407994965571)
4	120,0.00522647493032	(4, 0.0051401407994965571)
4	174,0.00550793337029	(4, 0.0051401407994965571)
4	15,0.0058352890545	(4, 0.0051401407994965571)
4	37,0.00587119827793	(4, 0.0051401407994965571)
5	73,0.00299398405135	(5, 0.016637263707873128)
5	93,0.00741901173689	(5, 0.016637263707873128)
5	78,0.00763117190626	(5, 0.016637263707873128)
5	128,0.00774015117163	(5, 0.016637263707873128)
5	107,0.0079892831262	(5, 0.016637263707873128)
5	26,0.00805956410315	(5, 0.016637263707873128)
5	124,0.00820701585918	(5, 0.016637263707873128)
5	121,0.00833148945185	(5, 0.016637263707873128)
5	158,0.00860187362113	(5, 0.016637263707873128)
5	22,0.00906091997987	(5, 0.016637263707873128)
6	139,0.00295540886927	(6, 0.0036728488659311916)
6	46,0.00321065442002	(6, 0.0036728488659311916)
6	6,0.00367284886593	(6, 0.0036728488659311916)
6	76,0.00406126534008	(6, 0.0036728488659311916)
6	22,0.00451395557226	(6, 0.0036728488659311916)
6	18,0.00459726580026	(6, 0.0036728488659311916)
6	158,0.00477710421676	(6, 0.0036728488659311916)
6	171,0.00486090227247	(6, 0.0036728488659311916)
6	132,0.00517871448385	(6, 0.0036728488659311916)
6	35,0.00534360884105	(6, 0.0036728488659311916)
7	66,0.0189921401595	(7, 0.032644441356558196)
7	167,0.0241789516031	(7, 0.032644441356558196)
7	32,0.0262960351726	(7, 0.032644441356558196)
7	51,0.0268880787415	(7, 0.032644441356558196)
7	80,0.0270234225827	(7, 0.032644441356558196)
7	169,0.0280147770623	(7, 0.032644441356558196)
7	160,0.0307676476605	(7, 0.032644441356558196)
7	149,0.0322651192226	(7, 0.032644441356558196)
7	7,0.0326444413566	(7, 0.032644441356558196)
7	133,0.0334252939802	(7, 0.032644441356558196)
8	11,0.00433880648282	(8, 0.0059860097392491927)
8	121,0.00452315220984	(8, 0.0059860097392491927)
8	162,0.00590968320401	(8, 0.0059860097392491927)
8	73,0.00596652440823	(8, 0.0059860097392491927)
8	8,0.00598600973925	(8, 0.0059860097392491927)
8	18,0.0062320048262	(8, 0.0059860097392491927)
8	3,0.00624892704767	(8, 0.0059860097392491927)
8	71,0.00627623304204	(8, 0.0059860097392491927)
8	78,0.00644623003682	(8, 0.0059860097392491927)
8	109,0.00682992879108	(8, 0.0059860097392491927)
9	9,0.00545097176908	(9, 0.0054509717690799514)
9	155,0.0128757572817	(9, 0.0054509717690799514)
9	114,0.0140662285426	(9, 0.0054509717690799514)
9	53,0.0175933450161	(9, 0.0054509717690799514)
9	124,0.0181048417613	(9, 0.0054509717690799514)
9	91,0.0182718445905	(9, 0.0054509717690799514)
9	41,0.0196005832035	(9, 0.0054509717690799514)
9	65,0.0201775475652	(9, 0.0054509717690799514)
9	1,0.0225494718768	(9, 0.0054509717690799514)
9	16,0.0227291959701	(9, 0.0054509717690799514)
10	10,0.00991932711103	(10, 0.0099193271110282338)
10	47,0.0116282070712	(10, 0.0099193271110282338)
10	167,0.0210426544531	(10, 0.0099193271110282338)
10	99,0.0231511488469	(10, 0.0099193271110282338)
10	84,0.0240877713429	(10, 0.0099193271110282338)
10	173,0.0244552661469	(10, 0.0099193271110282338)
10	27,0.0254108557718	(10, 0.0099193271110282338)
10	166,0.025956609652	(10, 0.0099193271110282338)
10	19,0.0260261883958	(10, 0.0099193271110282338)
10	58,0.0260295727649	(10, 0.0099193271110282338)
11	11,0.00249848468299	(11, 0.0024984846829910748)
11	119,0.00448350482163	(11, 0.0024984846829910748)
11	81,0.00477689942893	(11, 0.0024984846829910748)
11	37,0.00551199910188	(11, 0.0024984846829910748)
11	3,0.00558256531358	(11, 0.0024984846829910748)
11	96,0.00567886943046	(11, 0.0024984846829910748)
11	115,0.00573783008261	(11, 0.0024984846829910748)
11	143,0.00612779160703	(11, 0.0024984846829910748)
11	71,0.00627411444646	(11, 0.0024984846829910748)
11	4,0.0066614867051	(11, 0.0024984846829910748)
12	76,0.00296192594874	(12, 0.0036165876689862619)
12	22,0.00304028331097	(12, 0.0036165876689862619)
12	121,0.00318020808659	(12, 0.0036165876689862619)
12	126,0.00321257999632	(12, 0.0036165876689862619)
12	151,0.00357491930218	(12, 0.0036165876689862619)
12	12,0.00361658766899	(12, 0.0036165876689862619)
12	132,0.00364039089787	(12, 0.0036165876689862619)
12	18,0.00376106225199	(12, 0.0036165876689862619)
12	158,0.00399720783966	(12, 0.0036165876689862619)
12	78,0.00405369193187	(12, 0.0036165876689862619)
13	172,0.00307217391371	(13, 0.0049883198035598521)
13	11,0.00329928667007	(13, 0.0049883198035598521)
13	17,0.00338321560056	(13, 0.0049883198035598521)
13	3,0.00351747138303	(13, 0.0049883198035598521)
13	162,0.00388032688564	(13, 0.0049883198035598521)
13	37,0.00393165224612	(13, 0.0049883198035598521)
13	136,0.00409639048033	(13, 0.0049883198035598521)
13	81,0.0041290288229	(13, 0.0049883198035598521)
13	90,0.00422859196571	(13, 0.0049883198035598521)
13	143,0.00456309543338	(13, 0.0049883198035598521)
14	14,0.00379089645948	(14, 0.0037908964594806486)
14	72,0.00544957277699	(14, 0.0037908964594806486)
14	159,0.00606289976402	(14, 0.0037908964594806486)
14	109,0.00731605597554	(14, 0.0037908964594806486)
14	145,0.00739860181939	(14, 0.0037908964594806486)
14	144,0.00744356250095	(14, 0.0037908964594806486)
14	84,0.00796210150979	(14, 0.0037908964594806486)
14	123,0.00807667626128	(14, 0.0037908964594806486)
14	38,0.00808991204492	(14, 0.0037908964594806486)
14	12,0.00831955307734	(14, 0.0037908964594806486)
15	15,0.00348900456203	(15, 0.0034890045620268014)
15	17,0.00373254692794	(15, 0.0034890045620268014)
15	174,0.00517707389414	(15, 0.0034890045620268014)
15	172,0.00538113996625	(15, 0.0034890045620268014)
15	77,0.00572950527126	(15, 0.0034890045620268014)
15	4,0.00574049641966	(15, 0.0034890045620268014)
15	49,0.00576374593161	(15, 0.0034890045620268014)
15	69,0.00598820255069	(15, 0.0034890045620268014)
15	100,0.0062374568207	(15, 0.0034890045620268014)
15	56,0.0069555734464	(15, 0.0034890045620268014)
16	16,0.00636607272197	(16, 0.0063660727219725559)
16	170,0.00732338442934	(16, 0.0063660727219725559)
16	19,0.00879262107658	(16, 0.0063660727219725559)
16	0,0.00912411227532	(16, 0.0063660727219725559)
16	114,0.00986641745667	(16, 0.0063660727219725559)
16	144,0.0101004449089	(16, 0.0063660727219725559)
16	73,0.0104243234638	(16, 0.0063660727219725559)
16	27,0.0106159522414	(16, 0.0063660727219725559)
16	140,0.0108875725799	(16, 0.0063660727219725559)
16	109,0.0110023799131	(16, 0.0063660727219725559)
17	17,0.00188903060933	(17, 0.0018890306093331929)
17	172,0.00327322212792	(17, 0.0018890306093331929)
17	100,0.00436681036922	(17, 0.0018890306093331929)
17	143,0.00441451007005	(17, 0.0018890306093331929)
17	77,0.00455360662327	(17, 0.0018890306093331929)
17	49,0.00481475976398	(17, 0.0018890306093331929)
17	37,0.00501933481083	(17, 0.0018890306093331929)
17	90,0.00505911980361	(17, 0.0018890306093331929)
17	136,0.00510252875294	(17, 0.0018890306093331929)
17	74,0.00569605002346	(17, 0.0018890306093331929)
18	18,0.00209316559436	(18, 0.0020931655943639618)
18	121,0.00286253127533	(18, 0.0020931655943639618)
18	22,0.00309220635477	(18, 0.0020931655943639618)
18	76,0.00332979256908	(18, 0.0020931655943639618)
18	88,0.00362402035452	(18, 0.0020931655943639618)
18	132,0.00368395786255	(18, 0.0020931655943639618)
18	139,0.00373010886511	(18, 0.0020931655943639618)
18	35,0.00379701166858	(18, 0.0020931655943639618)
18	151,0.00408439129904	(18, 0.0020931655943639618)
18	61,0.00411831481499	(18, 0.0020931655943639618)
19	19,0.00698602665785	(19, 0.0069860266578529433)
19	27,0.0078125545481	(19, 0.0069860266578529433)
19	43,0.00866537725038	(19, 0.0069860266578529433)
19	99,0.0103575146351	(19, 0.0069860266578529433)
19	32,0.0122096640617	(19, 0.0069860266578529433)
19	107,0.0126125046214	(19, 0.0069860266578529433)
19	39,0.0131427737641	(19, 0.0069860266578529433)
19	84,0.0137088685774	(19, 0.0069860266578529433)
19	58,0.0139911476761	(19, 0.0069860266578529433)
19	164,0.0144534312073	(19, 0.0069860266578529433)
20	73,0.00562603174061	(20, 0.0056264773213697272)
20	20,0.00562647732137	(20, 0.0056264773213697272)
20	124,0.00699672420614	(20, 0.0056264773213697272)
20	93,0.00762675252545	(20, 0.0056264773213697272)
20	89,0.00783897837295	(20, 0.0056264773213697272)
20	1,0.0079691926695	(20, 0.0056264773213697272)
20	157,0.00869615868155	(20, 0.0056264773213697272)
20	128,0.00873190222712	(20, 0.0056264773213697272)
20	109,0.00887397680082	(20, 0.0056264773213697272)
20	26,0.00888356833098	(20, 0.0056264773213697272)
21	71,0.00268841949515	(21, 0.0054963971530685388)
21	121,0.00327197583559	(21, 0.0054963971530685388)
21	11,0.00349288554926	(21, 0.0054963971530685388)
21	162,0.00364565655843	(21, 0.0054963971530685388)
21	117,0.00379019963431	(21, 0.0054963971530685388)
21	22,0.00487327458949	(21, 0.0054963971530685388)
21	23,0.00500167132615	(21, 0.0054963971530685388)
21	76,0.00520920313678	(21, 0.0054963971530685388)
21	135,0.0053758348041	(21, 0.0054963971530685388)
21	86,0.00548169248298	(21, 0.0054963971530685388)
22	22,0.00255311351449	(22, 0.002553113514485417)
22	139,0.00278052894153	(22, 0.002553113514485417)
22	76,0.00333541378014	(22, 0.002553113514485417)
22	46,0.00337956688582	(22, 0.002553113514485417)
22	117,0.00342729521765	(22, 0.002553113514485417)
22	132,0.00344009170334	(22, 0.002553113514485417)
22	18,0.00362887925182	(22, 0.002553113514485417)
22	121,0.00405885074649	(22, 0.002553113514485417)
22	3,0.00412240067571	(22, 0.002553113514485417)
22	151,0.00427805721994	(22, 0.002553113514485417)
23	23,0.00193559622334	(23, 0.0019355962233362273)
23	61,0.00272168888071	(23, 0.0019355962233362273)
23	26,0.00518552538162	(23, 0.0019355962233362273)
23	121,0.00542983130969	(23, 0.0019355962233362273)
23	162,0.00559374384329	(23, 0.0019355962233362273)
23	63,0.00577724765201	(23, 0.0019355962233362273)
23	78,0.00636054000666	(23, 0.0019355962233362273)
23	76,0.00650952560269	(23, 0.0019355962233362273)
23	147,0.00683256407745	(23, 0.0019355962233362273)
23	70,0.00758036168892	(23, 0.0019355962233362273)
24	24,0.0034181869204	(24, 0.0034181869204047235)
24	107,0.0067711536167	(24, 0.0034181869204047235)
24	27,0.00700086531456	(24, 0.0034181869204047235)
24	61,0.00804231452246	(24, 0.0034181869204047235)
24	158,0.00831546768362	(24, 0.0034181869204047235)
24	135,0.00875530304032	(24, 0.0034181869204047235)
24	50,0.00878440889715	(24, 0.0034181869204047235)
24	73,0.00900493700494	(24, 0.0034181869204047235)
24	22,0.00933592362898	(24, 0.0034181869204047235)
24	12,0.00935919702941	(24, 0.0034181869204047235)
25	69,0.00287765096862	(25, 0.0035291424134387115)
25	25,0.00352914241344	(25, 0.0035291424134387115)
25	40,0.00397196696087	(25, 0.0035291424134387115)
25	4,0.00486496948461	(25, 0.0035291424134387115)
25	15,0.00498202736272	(25, 0.0035291424134387115)
25	148,0.00511386165984	(25, 0.0035291424134387115)
25	79,0.00678825128683	(25, 0.0035291424134387115)
25	154,0.00691253853035	(25, 0.0035291424134387115)
25	172,0.00728644824924	(25, 0.0035291424134387115)
25	17,0.0073082779648	(25, 0.0035291424134387115)
26	18,0.00245069172403	(26, 0.0062232007615718888)
26	121,0.00257235339059	(26, 0.0062232007615718888)
26	63,0.00283533905918	(26, 0.0062232007615718888)
26	151,0.00310294607018	(26, 0.0062232007615718888)
26	76,0.00318976152243	(26, 0.0062232007615718888)
26	132,0.00329772013749	(26, 0.0062232007615718888)
26	147,0.00349694321634	(26, 0.0062232007615718888)
26	162,0.00350113103212	(26, 0.0062232007615718888)
26	3,0.00350794785232	(26, 0.0062232007615718888)
26	11,0.0036161044185	(26, 0.0062232007615718888)
27	73,0.00572892207159	(27, 0.0070707483628989374)
27	78,0.00603046661886	(27, 0.0070707483628989374)
27	121,0.00689363235097	(27, 0.0070707483628989374)
27	61,0.00701417157651	(27, 0.0070707483628989374)
27	27,0.0070707483629	(27, 0.0070707483628989374)
27	26,0.00728859485754	(27, 0.0070707483628989374)
27	170,0.00729530160993	(27, 0.0070707483628989374)
27	128,0.007309823289	(27, 0.0070707483628989374)
27	107,0.00781826918445	(27, 0.0070707483628989374)
27	101,0.00787873902421	(27, 0.0070707483628989374)
28	1,0.0050723536935	(28, 0.0071339625165216577)
28	13,0.00577725133645	(28, 0.0071339625165216577)
28	73,0.00614512208591	(28, 0.0071339625165216577)
28	3,0.00680309004715	(28, 0.0071339625165216577)
28	28,0.00713396251652	(28, 0.0071339625165216577)
28	53,0.00714005182032	(28, 0.0071339625165216577)
28	155,0.00749072835813	(28, 0.0071339625165216577)
28	157,0.00774111523176	(28, 0.0071339625165216577)
28	83,0.00779109409874	(28, 0.0071339625165216577)
28	124,0.00792435297981	(28, 0.0071339625165216577)
29	29,0.00283590861658	(29, 0.0028359086165815652)
29	77,0.0036663427776	(29, 0.0028359086165815652)
29	71,0.0047652520952	(29, 0.0028359086165815652)
29	135,0.00501823579281	(29, 0.0028359086165815652)
29	76,0.00587509502049	(29, 0.0028359086165815652)
29	11,0.00610371351223	(29, 0.0028359086165815652)
29	73,0.00611847373175	(29, 0.0028359086165815652)
29	13,0.00622079222742	(29, 0.0028359086165815652)
29	137,0.00635089290986	(29, 0.0028359086165815652)
29	171,0.00651518436625	(29, 0.0028359086165815652)
30	30,0.00707528535307	(30, 0.007075285353066031)
30	103,0.0105452136809	(30, 0.007075285353066031)
30	28,0.0121016929295	(30, 0.007075285353066031)
30	91,0.0123558304276	(30, 0.007075285353066031)
30	153,0.0138870645566	(30, 0.007075285353066031)
30	1,0.0143508269429	(30, 0.007075285353066031)
30	51,0.0145229085982	(30, 0.007075285353066031)
30	114,0.0147249864857	(30, 0.007075285353066031)
30	102,0.0151653912541	(30, 0.007075285353066031)
30	53,0.0154018613331	(30, 0.007075285353066031)
31	166,0.00847849112042	(31, 0.0092490765299691208)
31	31,0.00924907652997	(31, 0.0092490765299691208)
31	72,0.0119351327771	(31, 0.0092490765299691208)
31	116,0.0120195941927	(31, 0.0092490765299691208)
31	69,0.0128000992585	(31, 0.0092490765299691208)
31	48,0.0133582565012	(31, 0.0092490765299691208)
31	124,0.0138699207622	(31, 0.0092490765299691208)
31	131,0.0139615285089	(31, 0.0092490765299691208)
31	104,0.0145055242209	(31, 0.0092490765299691208)
31	144,0.0149218373692	(31, 0.0092490765299691208)
32	156,0.00632037145387	(32, 0.0080361254274019123)
32	32,0.0080361254274	(32, 0.0080361254274019123)
32	27,0.00865731210757	(32, 0.0080361254274019123)
32	73,0.00876193022582	(32, 0.0080361254274019123)
32	50,0.00929467018313	(32, 0.0080361254274019123)
32	131,0.0100038773825	(32, 0.0080361254274019123)
32	107,0.0102274343784	(32, 0.0080361254274019123)
32	164,0.0104049390929	(32, 0.0080361254274019123)
32	109,0.010566840347	(32, 0.0080361254274019123)
32	12,0.0113351680962	(32, 0.0080361254274019123)
33	33,0.006755352375	(33, 0.0067553523750012202)
33	69,0.00860645404108	(33, 0.0067553523750012202)
33	4,0.0091320472336	(33, 0.0067553523750012202)
33	116,0.00947445931652	(33, 0.0067553523750012202)
33	40,0.00960113390679	(33, 0.0067553523750012202)
33	93,0.0102227882567	(33, 0.0067553523750012202)
33	106,0.0105500286114	(33, 0.0067553523750012202)
33	73,0.0109420866608	(33, 0.0067553523750012202)
33	28,0.0110659735844	(33, 0.0067553523750012202)
33	156,0.0116951991048	(33, 0.0067553523750012202)
34	17,0.0035393994768	(34, 0.0097003587921896412)
34	15,0.00417289480359	(34, 0.0097003587921896412)
34	172,0.00469346124338	(34, 0.0097003587921896412)
34	69,0.00496475222277	(34, 0.0097003587921896412)
34	83,0.00507524575855	(34, 0.0097003587921896412)
34	40,0.00522360772641	(34, 0.0097003587921896412)
34	120,0.00546749080835	(34, 0.0097003587921896412)
34	148,0.00560940037878	(34, 0.0097003587921896412)
34	4,0.00616726727489	(34, 0.0097003587921896412)
34	100,0.00631197638892	(34, 0.0097003587921896412)
35	35,0.00251205546918	(35, 0.0025120554691838212)
35	18,0.00432299149526	(35, 0.0025120554691838212)
35	88,0.00461769595528	(35, 0.0025120554691838212)
35	12,0.00506914674861	(35, 0.0025120554691838212)
35	38,0.00557881063415	(35, 0.0025120554691838212)
35	22,0.00601781855304	(35, 0.0025120554691838212)
35	159,0.00640809925701	(35, 0.0025120554691838212)
35	152,0.0065237988691	(35, 0.0025120554691838212)
35	139,0.00655928329506	(35, 0.0025120554691838212)
35	128,0.00670405652744	(35, 0.0025120554691838212)
36	147,0.00194789554462	(36, 0.0023317064070713964)
36	76,0.00200099223142	(36, 0.0023317064070713964)
36	46,0.00205087702538	(36, 0.0023317064070713964)
36	36,0.00233170640707	(36, 0.0023317064070713964)
36	18,0.00268836653667	(36, 0.0023317064070713964)
36	171,0.00305245248271	(36, 0.0023317064070713964)
36	63,0.00326973762122	(36, 0.0023317064070713964)
36	137,0.00397523971597	(36, 0.0023317064070713964)
36	35,0.00436608573363	(36, 0.0023317064070713964)
36	22,0.00447000340163	(36, 0.0023317064070713964)
37	37,0.0030308530141	(37, 0.0030308530140975604)
37	3,0.00356509657111	(37, 0.0030308530140975604)
37	77,0.00396238308305	(37, 0.0030308530140975604)
37	11,0.00409444550435	(37, 0.0030308530140975604)
37	100,0.00415291400871	(37, 0.0030308530140975604)
37	21,0.00517884545565	(37, 0.0030308530140975604)
37	136,0.00518351615096	(37, 0.0030308530140975604)
37	90,0.00520146224839	(37, 0.0030308530140975604)
37	143,0.00552734688717	(37, 0.0030308530140975604)
37	63,0.00553008449924	(37, 0.0030308530140975604)
38	38,0.00279161405159	(38, 0.0027916140515936018)
38	55,0.0062550650877	(38, 0.0027916140515936018)
38	12,0.00637801393434	(38, 0.0027916140515936018)
38	14,0.00689637004325	(38, 0.0027916140515936018)
38	43,0.00799025735546	(38, 0.0027916140515936018)
38	50,0.00884359786068	(38, 0.0027916140515936018)
38	107,0.00894236999041	(38, 0.0027916140515936018)
38	105,0.00900394943708	(38, 0.0027916140515936018)
38	61,0.00916484767095	(38, 0.0027916140515936018)
38	24,0.00921252186091	(38, 0.0027916140515936018)
39	39,0.00611294277525	(39, 0.0061129427752544246)
39	84,0.0114980710128	(39, 0.0061129427752544246)
39	99,0.0117843405449	(39, 0.0061129427752544246)
39	169,0.0124203368672	(39, 0.0061129427752544246)
39	156,0.0127426502133	(39, 0.0061129427752544246)
39	51,0.0135925105509	(39, 0.0061129427752544246)
39	27,0.0136118918484	(39, 0.0061129427752544246)
39	101,0.0137196546137	(39, 0.0061129427752544246)
39	107,0.0138689094305	(39, 0.0061129427752544246)
39	138,0.0139833441799	(39, 0.0061129427752544246)
40	40,0.00258747357723	(40, 0.002587473577231646)
40	69,0.00363955613331	(40, 0.002587473577231646)
40	79,0.00440822730149	(40, 0.002587473577231646)
40	172,0.00442092538826	(40, 0.002587473577231646)
40	4,0.00492289619701	(40, 0.002587473577231646)
40	17,0.00511021319619	(40, 0.002587473577231646)
40	148,0.00513532914669	(40, 0.002587473577231646)
40	15,0.00517174630677	(40, 0.002587473577231646)
40	25,0.00534846201346	(40, 0.002587473577231646)
40	77,0.00595061769482	(40, 0.002587473577231646)
41	41,0.00318788196582	(41, 0.0031878819658183784)
41	155,0.00489471371985	(41, 0.0031878819658183784)
41	1,0.00887286704505	(41, 0.0031878819658183784)
41	91,0.00943161733561	(41, 0.0031878819658183784)
41	20,0.010216335892	(41, 0.0031878819658183784)
41	124,0.0112681678226	(41, 0.0031878819658183784)
41	114,0.0113056593274	(41, 0.0031878819658183784)
41	102,0.0116836425401	(41, 0.0031878819658183784)
41	53,0.0123417692818	(41, 0.0031878819658183784)
41	101,0.0124679858671	(41, 0.0031878819658183784)
42	163,0.010193352755	(42, 0.024646416797231369)
42	69,0.0109415229634	(42, 0.024646416797231369)
42	53,0.0135054183367	(42, 0.024646416797231369)
42	34,0.013705659047	(42, 0.024646416797231369)
42	140,0.0141604109998	(42, 0.024646416797231369)
42	28,0.0142141178763	(42, 0.024646416797231369)
42	4,0.0154419282228	(42, 0.024646416797231369)
42	44,0.0156919629365	(42, 0.024646416797231369)
42	40,0.0161614784807	(42, 0.024646416797231369)
42	97,0.0163475611872	(42, 0.024646416797231369)
43	12,0.00381121237047	(43, 0.0074001899416665058)
43	22,0.00381706555262	(43, 0.0074001899416665058)
43	121,0.00429745247052	(43, 0.0074001899416665058)
43	128,0.00434669389641	(43, 0.0074001899416665058)
43	78,0.00452466548481	(43, 0.0074001899416665058)
43	61,0.00468735303688	(43, 0.0074001899416665058)
43	158,0.00469297030358	(43, 0.0074001899416665058)
43	18,0.00481426309063	(43, 0.0074001899416665058)
43	50,0.00505300159116	(43, 0.0074001899416665058)
43	23,0.00532932766242	(43, 0.0074001899416665058)
44	109,0.00555923972811	(44, 0.020936701222458245)
44	116,0.00608874769792	(44, 0.020936701222458245)
44	124,0.00645252646317	(44, 0.020936701222458245)
44	93,0.00647790146828	(44, 0.020936701222458245)
44	73,0.00694406688708	(44, 0.020936701222458245)
44	144,0.00766542463738	(44, 0.020936701222458245)
44	84,0.0077903447159	(44, 0.020936701222458245)
44	159,0.00826695811064	(44, 0.020936701222458245)
44	12,0.00851642189628	(44, 0.020936701222458245)
44	123,0.00857218734466	(44, 0.020936701222458245)
45	45,0.00769708832372	(45, 0.007697088323724773)
45	94,0.0109087305942	(45, 0.007697088323724773)
45	130,0.012428576624	(45, 0.007697088323724773)
45	98,0.0144065038871	(45, 0.007697088323724773)
45	129,0.0144694005324	(45, 0.007697088323724773)
45	34,0.0147841413787	(45, 0.007697088323724773)
45	133,0.0151306421398	(45, 0.007697088323724773)
45	83,0.0158757708111	(45, 0.007697088323724773)
45	15,0.0163395385643	(45, 0.007697088323724773)
45	25,0.0166204856729	(45, 0.007697088323724773)
46	46,0.0013788121768	(46, 0.0013788121768045498)
46	36,0.00220469890421	(46, 0.0013788121768045498)
46	171,0.00254479377706	(46, 0.0013788121768045498)
46	76,0.00296602786246	(46, 0.0013788121768045498)
46	137,0.00300404995637	(46, 0.0013788121768045498)
46	147,0.00371758259407	(46, 0.0013788121768045498)
46	18,0.00434402513275	(46, 0.0013788121768045498)
46	63,0.00434758933791	(46, 0.0013788121768045498)
46	146,0.00446073164941	(46, 0.0013788121768045498)
46	139,0.00446468906179	(46, 0.0013788121768045498)
47	47,0.0111252787533	(47, 0.01112527875333243)
47	10,0.011208217803	(47, 0.01112527875333243)
47	27,0.011615342729	(47, 0.01112527875333243)
47	99,0.011622270259	(47, 0.01112527875333243)
47	19,0.0132459517676	(47, 0.01112527875333243)
47	43,0.0145833020091	(47, 0.01112527875333243)
47	138,0.0146180553362	(47, 0.01112527875333243)
47	84,0.015019390564	(47, 0.01112527875333243)
47	173,0.0151760728856	(47, 0.01112527875333243)
47	167,0.0164296286555	(47, 0.01112527875333243)
48	48,0.00527164982363	(48, 0.0052716498236267994)
48	56,0.0054924777764	(48, 0.0052716498236267994)
48	120,0.00562140328519	(48, 0.0052716498236267994)
48	69,0.00606600872347	(48, 0.0052716498236267994)
48	97,0.00683602491336	(48, 0.0052716498236267994)
48	40,0.00702806693222	(48, 0.0052716498236267994)
48	174,0.00795871073805	(48, 0.0052716498236267994)
48	154,0.00883053757634	(48, 0.0052716498236267994)
48	4,0.00886173113954	(48, 0.0052716498236267994)
48	172,0.00910948998024	(48, 0.0052716498236267994)
49	49,0.00428785916225	(49, 0.0042878591622511836)
49	59,0.00526734270511	(49, 0.0042878591622511836)
49	77,0.00595339197768	(49, 0.0042878591622511836)
49	98,0.00595583078995	(49, 0.0042878591622511836)
49	15,0.00634359396281	(49, 0.0042878591622511836)
49	172,0.00645241684433	(49, 0.0042878591622511836)
49	100,0.00668748171763	(49, 0.0042878591622511836)
49	17,0.00721487990768	(49, 0.0042878591622511836)
49	37,0.00836923259267	(49, 0.0042878591622511836)
49	83,0.00839483253531	(49, 0.0042878591622511836)
50	50,0.00261407943236	(50, 0.0026140794323559241)
50	12,0.00564973680464	(50, 0.0026140794323559241)
50	107,0.0063118642017	(50, 0.0026140794323559241)
50	171,0.007191758471	(50, 0.0026140794323559241)
50	158,0.00735170789053	(50, 0.0026140794323559241)
50	76,0.00735289367143	(50, 0.0026140794323559241)
50	38,0.00739854737098	(50, 0.0026140794323559241)
50	35,0.00751947946022	(50, 0.0026140794323559241)
50	128,0.00766859743724	(50, 0.0026140794323559241)
50	88,0.00768668114976	(50, 0.0026140794323559241)
51	124,0.00394268973042	(51, 0.018268633573436961)
51	73,0.00637202505733	(51, 0.018268633573436961)
51	155,0.00702457923779	(51, 0.018268633573436961)
51	93,0.00709272100715	(51, 0.018268633573436961)
51	157,0.00786406891591	(51, 0.018268633573436961)
51	28,0.00786811225665	(51, 0.018268633573436961)
51	53,0.0081066051486	(51, 0.018268633573436961)
51	116,0.0086927819534	(51, 0.018268633573436961)
51	1,0.00955222515617	(51, 0.018268633573436961)
51	104,0.00981867142622	(51, 0.018268633573436961)
52	53,0.00587886453002	(52, 0.020388129704105622)
52	44,0.00705319690434	(52, 0.020388129704105622)
52	155,0.0075752721919	(52, 0.020388129704105622)
52	124,0.00799773375761	(52, 0.020388129704105622)
52	163,0.0087155607299	(52, 0.020388129704105622)
52	65,0.00886313548034	(52, 0.020388129704105622)
52	114,0.00907524920577	(52, 0.020388129704105622)
52	13,0.00914465706714	(52, 0.020388129704105622)
52	119,0.00978471308559	(52, 0.020388129704105622)
52	4,0.00992353572322	(52, 0.020388129704105622)
53	65,0.0041292662123	(53, 0.0047653375007145823)
53	53,0.00476533750071	(53, 0.0047653375007145823)
53	155,0.00565933184937	(53, 0.0047653375007145823)
53	44,0.0060129290445	(53, 0.0047653375007145823)
53	161,0.00713526891241	(53, 0.0047653375007145823)
53	120,0.0072314524038	(53, 0.0047653375007145823)
53	163,0.00751862312801	(53, 0.0047653375007145823)
53	114,0.00803292213165	(53, 0.0047653375007145823)
53	13,0.00884933863482	(53, 0.0047653375007145823)
53	124,0.00893383565283	(53, 0.0047653375007145823)
54	136,0.00296998226526	(54, 0.0050842024523658803)
54	162,0.00430410908378	(54, 0.0050842024523658803)
54	137,0.00457035711454	(54, 0.0050842024523658803)
54	3,0.00470382706085	(54, 0.0050842024523658803)
54	11,0.00482728863749	(54, 0.0050842024523658803)
54	54,0.00508420245237	(54, 0.0050842024523658803)
54	71,0.00510562393734	(54, 0.0050842024523658803)
54	63,0.00515520335066	(54, 0.0050842024523658803)
54	147,0.00530035765437	(54, 0.0050842024523658803)
54	37,0.00567229886247	(54, 0.0050842024523658803)
55	12,0.00305535318513	(55, 0.0058254306918217929)
55	159,0.00513562654205	(55, 0.0058254306918217929)
55	152,0.00535132638176	(55, 0.0058254306918217929)
55	121,0.00538570726278	(55, 0.0058254306918217929)
55	18,0.00542668159586	(55, 0.0058254306918217929)
55	86,0.00543097495803	(55, 0.0058254306918217929)
55	134,0.00577079416117	(55, 0.0058254306918217929)
55	38,0.00577510002871	(55, 0.0058254306918217929)
55	55,0.00582543069182	(55, 0.0058254306918217929)
55	128,0.00583621366705	(55, 0.0058254306918217929)
56	56,0.00314921060961	(56, 0.0031492106096101331)
56	120,0.00508285504404	(56, 0.0031492106096101331)
56	15,0.00564951163062	(56, 0.0031492106096101331)
56	174,0.00767962207305	(56, 0.0031492106096101331)
56	69,0.00811911651219	(56, 0.0031492106096101331)
56	113,0.00888059387569	(56, 0.0031492106096101331)
56	48,0.00913263744193	(56, 0.0031492106096101331)
56	4,0.00931956273386	(56, 0.0031492106096101331)
56	17,0.00933291151167	(56, 0.0031492106096101331)
56	2,0.00936391083807	(56, 0.0031492106096101331)
57	57,0.00592061385937	(57, 0.0059206138593723839)
57	122,0.0116571811731	(57, 0.0059206138593723839)
57	15,0.0134509020476	(57, 0.0059206138593723839)
57	174,0.0141637920589	(57, 0.0059206138593723839)
57	56,0.0156871321759	(57, 0.0059206138593723839)
57	113,0.0179031588709	(57, 0.0059206138593723839)
57	120,0.0180901157178	(57, 0.0059206138593723839)
57	59,0.0187177198511	(57, 0.0059206138593723839)
57	2,0.0191563885337	(57, 0.0059206138593723839)
57	108,0.0202982123444	(57, 0.0059206138593723839)
58	24,0.00485760721793	(58, 0.019944737505673511)
58	107,0.00627969493382	(58, 0.019944737505673511)
58	27,0.00635088650875	(58, 0.019944737505673511)
58	50,0.00664386376979	(58, 0.019944737505673511)
58	38,0.00830049636006	(58, 0.019944737505673511)
58	43,0.00853984022649	(58, 0.019944737505673511)
58	61,0.00864607988741	(58, 0.019944737505673511)
58	12,0.00878170371784	(58, 0.019944737505673511)
58	158,0.00882478795839	(58, 0.019944737505673511)
58	78,0.00957266548263	(58, 0.019944737505673511)
59	83,0.0110225056853	(59, 0.012644382829419071)
59	15,0.0111026291029	(59, 0.012644382829419071)
59	65,0.0115493694114	(59, 0.012644382829419071)
59	113,0.0116602884098	(59, 0.012644382829419071)
59	94,0.0120088239206	(59, 0.012644382829419071)
59	59,0.0126443828294	(59, 0.012644382829419071)
59	130,0.0130908612253	(59, 0.012644382829419071)
59	120,0.0140386175336	(59, 0.012644382829419071)
59	34,0.0144760066215	(59, 0.012644382829419071)
59	98,0.0145939734808	(59, 0.012644382829419071)
60	60,0.00458383300182	(60, 0.004583833001817729)
60	40,0.00503043636683	(60, 0.004583833001817729)
60	69,0.00518724471698	(60, 0.004583833001817729)
60	79,0.00569485033928	(60, 0.004583833001817729)
60	15,0.00621934514315	(60, 0.004583833001817729)
60	25,0.00653507722822	(60, 0.004583833001817729)
60	4,0.00685832084354	(60, 0.004583833001817729)
60	77,0.00716553618421	(60, 0.004583833001817729)
60	100,0.00750606723404	(60, 0.004583833001817729)
60	172,0.00752535924605	(60, 0.004583833001817729)
61	61,0.0027957065169	(61, 0.0027957065169034842)
61	23,0.0030096785917	(61, 0.0027957065169034842)
61	121,0.00396087027807	(61, 0.0027957065169034842)
61	26,0.0040458056518	(61, 0.0027957065169034842)
61	162,0.00417926481041	(61, 0.0027957065169034842)
61	76,0.00451656822825	(61, 0.0027957065169034842)
61	63,0.0045784798605	(61, 0.0027957065169034842)
61	78,0.00465840497975	(61, 0.0027957065169034842)
61	147,0.00491083921933	(61, 0.0027957065169034842)
61	3,0.00505138740141	(61, 0.0027957065169034842)
62	78,0.00490933739836	(62, 0.0064670717922587244)
62	26,0.00507820370476	(62, 0.0064670717922587244)
62	107,0.00641242044883	(62, 0.0064670717922587244)
62	62,0.00646707179226	(62, 0.0064670717922587244)
62	61,0.00654642823985	(62, 0.0064670717922587244)
62	73,0.00654695365746	(62, 0.0064670717922587244)
62	158,0.00707034888216	(62, 0.0064670717922587244)
62	121,0.00733005401434	(62, 0.0064670717922587244)
62	128,0.00795287133363	(62, 0.0064670717922587244)
62	22,0.00805520289146	(62, 0.0064670717922587244)
63	3,0.00208425868803	(63, 0.0033795451114109888)
63	11,0.00305556928729	(63, 0.0033795451114109888)
63	162,0.00324634585112	(63, 0.0033795451114109888)
63	63,0.00337954511141	(63, 0.0033795451114109888)
63	77,0.00379315062613	(63, 0.0033795451114109888)
63	136,0.00397492021565	(63, 0.0033795451114109888)
63	37,0.00402192195784	(63, 0.0033795451114109888)
63	81,0.0041860204129	(63, 0.0033795451114109888)
63	121,0.00425030003694	(63, 0.0033795451114109888)
63	132,0.00458357752462	(63, 0.0033795451114109888)
64	64,0.0161046716079	(64, 0.016104671607943492)
64	45,0.0205871529447	(64, 0.016104671607943492)
64	130,0.0222850986917	(64, 0.016104671607943492)
64	118,0.0223968536044	(64, 0.016104671607943492)
64	133,0.0244879287538	(64, 0.016104671607943492)
64	33,0.0273589853601	(64, 0.016104671607943492)
64	34,0.0294200789853	(64, 0.016104671607943492)
64	113,0.0312948529204	(64, 0.016104671607943492)
64	94,0.0323191421965	(64, 0.016104671607943492)
64	65,0.0354829315074	(64, 0.016104671607943492)
65	65,0.00381449185107	(65, 0.0038144918510711768)
65	161,0.0043157510958	(65, 0.0038144918510711768)
65	83,0.00510217469116	(65, 0.0038144918510711768)
65	68,0.00534355964908	(65, 0.0038144918510711768)
65	155,0.0063409441547	(65, 0.0038144918510711768)
65	59,0.00670969690556	(65, 0.0038144918510711768)
65	1,0.00714394328567	(65, 0.0038144918510711768)
65	100,0.00740791000589	(65, 0.0038144918510711768)
65	71,0.00751648523481	(65, 0.0038144918510711768)
65	17,0.00757075010126	(65, 0.0038144918510711768)
66	66,0.0129594438439	(66, 0.012959443843873476)
66	130,0.0245480370854	(66, 0.012959443843873476)
66	133,0.027465112088	(66, 0.012959443843873476)
66	118,0.0315660476922	(66, 0.012959443843873476)
66	140,0.0317807852898	(66, 0.012959443843873476)
66	91,0.0326294873832	(66, 0.012959443843873476)
66	33,0.0335376619835	(66, 0.012959443843873476)
66	141,0.0361364508496	(66, 0.012959443843873476)
66	169,0.0372089741621	(66, 0.012959443843873476)
66	53,0.0386511073249	(66, 0.012959443843873476)
67	67,0.00883298266565	(67, 0.0088329826656517747)
67	84,0.00987366039033	(67, 0.0088329826656517747)
67	169,0.0103309733007	(67, 0.0088329826656517747)
67	93,0.011507831353	(67, 0.0088329826656517747)
67	140,0.0123319333811	(67, 0.0088329826656517747)
67	109,0.0131272269197	(67, 0.0088329826656517747)
67	28,0.0132339686522	(67, 0.0088329826656517747)
67	116,0.0137138320529	(67, 0.0088329826656517747)
67	30,0.0139834913702	(67, 0.0088329826656517747)
67	131,0.0140942026838	(67, 0.0088329826656517747)
68	68,0.00363939926334	(68, 0.0036393992633405557)
68	70,0.00597179445879	(68, 0.0036393992633405557)
68	23,0.00652755833201	(68, 0.0036393992633405557)
68	61,0.00699901654453	(68, 0.0036393992633405557)
68	63,0.0070412825283	(68, 0.0036393992633405557)
68	162,0.00751746990573	(68, 0.0036393992633405557)
68	147,0.00788917340126	(68, 0.0036393992633405557)
68	26,0.00809173477675	(68, 0.0036393992633405557)
68	77,0.0081470539311	(68, 0.0036393992633405557)
68	71,0.00840081444205	(68, 0.0036393992633405557)
69	15,0.0121081957736	(69, 0.013252214076609269)
69	69,0.0132522140766	(69, 0.013252214076609269)
69	122,0.013577391212	(69, 0.013252214076609269)
69	174,0.0137002599669	(69, 0.013252214076609269)
69	48,0.0139493015548	(69, 0.013252214076609269)
69	56,0.0140510364302	(69, 0.013252214076609269)
69	2,0.0156835667711	(69, 0.013252214076609269)
69	154,0.0158934130605	(69, 0.013252214076609269)
69	33,0.0160144217212	(69, 0.013252214076609269)
69	4,0.0160740216862	(69, 0.013252214076609269)
70	121,0.00368142172235	(70, 0.0053229302277110644)
70	3,0.00422733250658	(70, 0.0053229302277110644)
70	77,0.00508703469972	(70, 0.0053229302277110644)
70	132,0.0051074264973	(70, 0.0053229302277110644)
70	139,0.00521969864759	(70, 0.0053229302277110644)
70	70,0.00532293022771	(70, 0.0053229302277110644)
70	22,0.00549842237041	(70, 0.0053229302277110644)
70	11,0.00551332676052	(70, 0.0053229302277110644)
70	26,0.00551651503542	(70, 0.0053229302277110644)
70	117,0.0057434080046	(70, 0.0053229302277110644)
71	91,0.00870215362999	(71, 0.022106807091343217)
71	133,0.00880906512461	(71, 0.022106807091343217)
71	101,0.0125510193339	(71, 0.022106807091343217)
71	41,0.0125679767639	(71, 0.022106807091343217)
71	102,0.0140730869854	(71, 0.022106807091343217)
71	155,0.0143735547619	(71, 0.022106807091343217)
71	95,0.0144004252856	(71, 0.022106807091343217)
71	103,0.0144911708085	(71, 0.022106807091343217)
71	32,0.0147082429817	(71, 0.022106807091343217)
71	1,0.014900072697	(71, 0.022106807091343217)
72	17,0.00591538018846	(72, 0.036946598941157816)
72	174,0.00611196939879	(72, 0.036946598941157816)
72	172,0.00627910730644	(72, 0.036946598941157816)
72	148,0.00653377564635	(72, 0.036946598941157816)
72	143,0.00675626462778	(72, 0.036946598941157816)
72	100,0.0076683428305	(72, 0.036946598941157816)
72	77,0.00831822133695	(72, 0.036946598941157816)
72	49,0.00840008661091	(72, 0.036946598941157816)
72	3,0.00840986064847	(72, 0.036946598941157816)
72	40,0.00848958213492	(72, 0.036946598941157816)
73	73,0.00401014857652	(73, 0.0040101485765199497)
73	13,0.00520791393529	(73, 0.0040101485765199497)
73	124,0.00684114046054	(73, 0.0040101485765199497)
73	27,0.0069135099914	(73, 0.0040101485765199497)
73	157,0.00697461540787	(73, 0.0040101485765199497)
73	114,0.00855005105966	(73, 0.0040101485765199497)
73	109,0.00869683180301	(73, 0.0040101485765199497)
73	53,0.00876904079308	(73, 0.0040101485765199497)
73	41,0.00918992926506	(73, 0.0040101485765199497)
73	155,0.00950070160702	(73, 0.0040101485765199497)
74	74,0.00278309177254	(74, 0.0027830917725404671)
74	17,0.00283420299514	(74, 0.0027830917725404671)
74	136,0.00286642581895	(74, 0.0027830917725404671)
74	100,0.0035459881956	(74, 0.0027830917725404671)
74	37,0.00357224913783	(74, 0.0027830917725404671)
74	127,0.0036537334112	(74, 0.0027830917725404671)
74	77,0.00394295015895	(74, 0.0027830917725404671)
74	90,0.00421918098701	(74, 0.0027830917725404671)
74	49,0.00531542054519	(74, 0.0027830917725404671)
74	11,0.0058840290874	(74, 0.0027830917725404671)
75	167,0.0214643166706	(75, 0.02258654989719203)
75	75,0.0225865498972	(75, 0.02258654989719203)
75	47,0.0297774171035	(75, 0.02258654989719203)
75	10,0.0316384959784	(75, 0.02258654989719203)
75	99,0.0343144340895	(75, 0.02258654989719203)
75	67,0.0343432163104	(75, 0.02258654989719203)
75	80,0.0343946113763	(75, 0.02258654989719203)
75	138,0.035247454455	(75, 0.02258654989719203)
75	84,0.0358179500961	(75, 0.02258654989719203)
75	19,0.035963687876	(75, 0.02258654989719203)
76	76,0.00186547733407	(76, 0.0018654773340694871)
76	147,0.00207550470914	(76, 0.0018654773340694871)
76	137,0.0022585238365	(76, 0.0018654773340694871)
76	171,0.00255129539468	(76, 0.0018654773340694871)
76	63,0.0025528678884	(76, 0.0018654773340694871)
76	3,0.0034669091236	(76, 0.0018654773340694871)
76	46,0.00351189347808	(76, 0.0018654773340694871)
76	36,0.00377366345469	(76, 0.0018654773340694871)
76	18,0.00402957426789	(76, 0.0018654773340694871)
76	22,0.00425563240887	(76, 0.0018654773340694871)
77	162,0.00282968183244	(77, 0.0031978347918740976)
77	90,0.00304035964799	(77, 0.0031978347918740976)
77	63,0.00316338508284	(77, 0.0031978347918740976)
77	77,0.00319783479187	(77, 0.0031978347918740976)
77	136,0.00319854048899	(77, 0.0031978347918740976)
77	147,0.0032084870898	(77, 0.0031978347918740976)
77	11,0.00333276424789	(77, 0.0031978347918740976)
77	3,0.00335657398645	(77, 0.0031978347918740976)
77	137,0.00358037405456	(77, 0.0031978347918740976)
77	37,0.00386539563485	(77, 0.0031978347918740976)
78	151,0.00232874033184	(78, 0.0041847631129548566)
78	63,0.00254593554624	(78, 0.0041847631129548566)
78	132,0.00264043990838	(78, 0.0041847631129548566)
78	76,0.00264457415067	(78, 0.0041847631129548566)
78	22,0.00307174172389	(78, 0.0041847631129548566)
78	121,0.0030964254014	(78, 0.0041847631129548566)
78	18,0.00311765680616	(78, 0.0041847631129548566)
78	147,0.00321855036446	(78, 0.0041847631129548566)
78	139,0.0038992176525	(78, 0.0041847631129548566)
78	78,0.00418476311295	(78, 0.0041847631129548566)
79	4,0.00277463018539	(79, 0.0031362442431728385)
79	69,0.00279286624809	(79, 0.0031362442431728385)
79	79,0.00313624424317	(79, 0.0031362442431728385)
79	40,0.003401443235	(79, 0.0031362442431728385)
79	25,0.00620439569712	(79, 0.0031362442431728385)
79	172,0.00648409712738	(79, 0.0031362442431728385)
79	56,0.00652419912497	(79, 0.0031362442431728385)
79	148,0.00668135239879	(79, 0.0031362442431728385)
79	17,0.00687577972525	(79, 0.0031362442431728385)
79	34,0.00735547490225	(79, 0.0031362442431728385)
80	80,0.0107921416473	(80, 0.010792141647296059)
80	51,0.0136257200584	(80, 0.010792141647296059)
80	167,0.0164608663921	(80, 0.010792141647296059)
80	32,0.0192405997279	(80, 0.010792141647296059)
80	165,0.0271939255235	(80, 0.010792141647296059)
80	39,0.027457730047	(80, 0.010792141647296059)
80	169,0.0275467907405	(80, 0.010792141647296059)
80	27,0.0282829374026	(80, 0.010792141647296059)
80	58,0.0302310705695	(80, 0.010792141647296059)
80	156,0.0305978985474	(80, 0.010792141647296059)
81	81,0.00302043716709	(81, 0.0030204371670944355)
81	3,0.00386314764289	(81, 0.0030204371670944355)
81	77,0.00428576878117	(81, 0.0030204371670944355)
81	11,0.00437898247759	(81, 0.0030204371670944355)
81	132,0.00448399358736	(81, 0.0030204371670944355)
81	121,0.00467337080901	(81, 0.0030204371670944355)
81	117,0.00481058620056	(81, 0.0030204371670944355)
81	76,0.00527792082043	(81, 0.0030204371670944355)
81	22,0.00535279583746	(81, 0.0030204371670944355)
81	71,0.00537727577353	(81, 0.0030204371670944355)
82	27,0.00765754084477	(82, 0.012745922509331544)
82	107,0.00858181358949	(82, 0.012745922509331544)
82	50,0.00894698742208	(82, 0.012745922509331544)
82	24,0.00894953328782	(82, 0.012745922509331544)
82	13,0.00906103440821	(82, 0.012745922509331544)
82	12,0.00919027459056	(82, 0.012745922509331544)
82	73,0.00959227003407	(82, 0.012745922509331544)
82	38,0.00960656240945	(82, 0.012745922509331544)
82	61,0.0101582553301	(82, 0.012745922509331544)
82	105,0.0102264361779	(82, 0.012745922509331544)
83	13,0.00356159860416	(83, 0.0056074209953374289)
83	155,0.00464162970115	(83, 0.0056074209953374289)
83	71,0.00527172447514	(83, 0.0056074209953374289)
83	83,0.00560742099534	(83, 0.0056074209953374289)
83	65,0.0057314759395	(83, 0.0056074209953374289)
83	17,0.00589514954046	(83, 0.0056074209953374289)
83	11,0.00605909315656	(83, 0.0056074209953374289)
83	161,0.0060597143567	(83, 0.0056074209953374289)
83	136,0.00623019679779	(83, 0.0056074209953374289)
83	3,0.00629523673923	(83, 0.0056074209953374289)
84	84,0.0149716004754	(84, 0.014971600475438327)
84	169,0.014997989963	(84, 0.014971600475438327)
84	67,0.0153748362975	(84, 0.014971600475438327)
84	166,0.0166448689953	(84, 0.014971600475438327)
84	99,0.0186208372511	(84, 0.014971600475438327)
84	140,0.0190022088172	(84, 0.014971600475438327)
84	149,0.0215867318325	(84, 0.014971600475438327)
84	156,0.0217866431122	(84, 0.014971600475438327)
84	109,0.0218595380975	(84, 0.014971600475438327)
84	144,0.0223427275346	(84, 0.014971600475438327)
85	67,0.00999970556084	(85, 0.020065940830100441)
85	140,0.0161646632485	(85, 0.020065940830100441)
85	84,0.0180623004301	(85, 0.020065940830100441)
85	166,0.019511295094	(85, 0.020065940830100441)
85	149,0.0196499084466	(85, 0.020065940830100441)
85	85,0.0200659408301	(85, 0.020065940830100441)
85	169,0.0202677710738	(85, 0.020065940830100441)
85	144,0.0224179285877	(85, 0.020065940830100441)
85	99,0.0230642302568	(85, 0.020065940830100441)
85	93,0.023415575759	(85, 0.020065940830100441)
86	86,0.00302499230775	(86, 0.0030249923077493284)
86	137,0.00351099558805	(86, 0.0030249923077493284)
86	162,0.00385693969611	(86, 0.0030249923077493284)
86	150,0.00394702247512	(86, 0.0030249923077493284)
86	117,0.00396040627819	(86, 0.0030249923077493284)
86	18,0.00396920786252	(86, 0.0030249923077493284)
86	171,0.00407321281997	(86, 0.0030249923077493284)
86	76,0.0043131259707	(86, 0.0030249923077493284)
86	11,0.00443252550333	(86, 0.0030249923077493284)
86	3,0.00454080755263	(86, 0.0030249923077493284)
87	121,0.00459116156408	(87, 0.011379864849901796)
87	1,0.00471382446372	(87, 0.011379864849901796)
87	26,0.00493392583835	(87, 0.011379864849901796)
87	71,0.00504542018918	(87, 0.011379864849901796)
87	78,0.00528656317725	(87, 0.011379864849901796)
87	11,0.00581323381722	(87, 0.011379864849901796)
87	20,0.00600392157015	(87, 0.011379864849901796)
87	23,0.00611847707087	(87, 0.011379864849901796)
87	61,0.00628558050547	(87, 0.011379864849901796)
87	41,0.00652315959659	(87, 0.011379864849901796)
88	18,0.00240206597561	(88, 0.00368145180088104)
88	76,0.00256285752223	(88, 0.00368145180088104)
88	147,0.00258241959668	(88, 0.00368145180088104)
88	63,0.00326026132068	(88, 0.00368145180088104)
88	46,0.0036255262127	(88, 0.00368145180088104)
88	171,0.0036293821965	(88, 0.00368145180088104)
88	88,0.00368145180088	(88, 0.00368145180088104)
88	22,0.00370007686105	(88, 0.00368145180088104)
88	117,0.00384553966785	(88, 0.00368145180088104)
88	139,0.00401852210182	(88, 0.00368145180088104)
89	124,0.00489397353272	(89, 0.0059595437415493578)
89	155,0.00532722151206	(89, 0.0059595437415493578)
89	53,0.0058364902565	(89, 0.0059595437415493578)
89	89,0.00595954374155	(89, 0.0059595437415493578)
89	1,0.00642023735143	(89, 0.0059595437415493578)
89	73,0.00676694683689	(89, 0.0059595437415493578)
89	20,0.00730169769598	(89, 0.0059595437415493578)
89	71,0.0073528460072	(89, 0.0059595437415493578)
89	11,0.00815725688048	(89, 0.0059595437415493578)
89	13,0.00873925277356	(89, 0.0059595437415493578)
90	90,0.00216371512056	(90, 0.0021637151205635852)
90	11,0.00343269613547	(90, 0.0021637151205635852)
90	162,0.00349039242962	(90, 0.0021637151205635852)
90	81,0.00401953944188	(90, 0.0021637151205635852)
90	137,0.00412584867468	(90, 0.0021637151205635852)
90	136,0.00417550935036	(90, 0.0021637151205635852)
90	96,0.00433543681694	(90, 0.0021637151205635852)
90	37,0.00438187677585	(90, 0.0021637151205635852)
90	172,0.00459575869621	(90, 0.0021637151205635852)
90	17,0.00478097988702	(90, 0.0021637151205635852)
91	133,0.00847096836724	(91, 0.01331362392437817)
91	91,0.0133136239244	(91, 0.01331362392437817)
91	130,0.0175191815712	(91, 0.01331362392437817)
91	103,0.0224188323725	(91, 0.01331362392437817)
91	51,0.0236953621152	(91, 0.01331362392437817)
91	102,0.0238599670269	(91, 0.01331362392437817)
91	34,0.0238649673834	(91, 0.01331362392437817)
91	66,0.0248334736539	(91, 0.01331362392437817)
91	95,0.0253963200816	(91, 0.01331362392437817)
91	155,0.0257152216959	(91, 0.01331362392437817)
92	78,0.00426224169061	(92, 0.011907002021654487)
92	61,0.00513759562871	(92, 0.011907002021654487)
92	24,0.00540220347216	(92, 0.011907002021654487)
92	158,0.00578173986992	(92, 0.011907002021654487)
92	128,0.00588729605937	(92, 0.011907002021654487)
92	26,0.00662973489833	(92, 0.011907002021654487)
92	22,0.00722516317297	(92, 0.011907002021654487)
92	12,0.00730107606382	(92, 0.011907002021654487)
92	27,0.00755593526274	(92, 0.011907002021654487)
92	23,0.00762068134229	(92, 0.011907002021654487)
93	132,0.0040162950179	(93, 0.0048665785749963655)
93	22,0.00402543874621	(93, 0.0048665785749963655)
93	158,0.00408157953103	(93, 0.0048665785749963655)
93	128,0.00420383058382	(93, 0.0048665785749963655)
93	93,0.004866578575	(93, 0.0048665785749963655)
93	76,0.00496434481307	(93, 0.0048665785749963655)
93	78,0.00519225332881	(93, 0.0048665785749963655)
93	12,0.00523977191262	(93, 0.0048665785749963655)
93	121,0.00542110726492	(93, 0.0048665785749963655)
93	126,0.00561667131922	(93, 0.0048665785749963655)
94	94,0.0067903632732	(94, 0.0067903632732004074)
94	83,0.00968128106374	(94, 0.0067903632732004074)
94	155,0.0104807325512	(94, 0.0067903632732004074)
94	59,0.0132349904009	(94, 0.0067903632732004074)
94	15,0.0133253299361	(94, 0.0067903632732004074)
94	65,0.0141188716916	(94, 0.0067903632732004074)
94	120,0.0141481598941	(94, 0.0067903632732004074)
94	45,0.0150323597659	(94, 0.0067903632732004074)
94	161,0.0150470069094	(94, 0.0067903632732004074)
94	98,0.0153646980736	(94, 0.0067903632732004074)
95	107,0.00537471028252	(95, 0.01265730847032448)
95	99,0.00725795813953	(95, 0.01265730847032448)
95	43,0.00772324973884	(95, 0.01265730847032448)
95	128,0.00793185930633	(95, 0.01265730847032448)
95	27,0.00800436965826	(95, 0.01265730847032448)
95	78,0.00821447842321	(95, 0.01265730847032448)
95	19,0.00894082057705	(95, 0.01265730847032448)
95	39,0.00946945302576	(95, 0.01265730847032448)
95	50,0.00996585213837	(95, 0.01265730847032448)
95	138,0.0101696759626	(95, 0.01265730847032448)
96	96,0.00334795466194	(96, 0.0033479546619433025)
96	162,0.0045473867343	(96, 0.0033479546619433025)
96	11,0.00542163023874	(96, 0.0033479546619433025)
96	13,0.00572658604282	(96, 0.0033479546619433025)
96	17,0.00618503715347	(96, 0.0033479546619433025)
96	112,0.00624104080861	(96, 0.0033479546619433025)
96	161,0.00631895676628	(96, 0.0033479546619433025)
96	90,0.00679472491739	(96, 0.0033479546619433025)
96	143,0.00697846712918	(96, 0.0033479546619433025)
96	119,0.0070730171964	(96, 0.0033479546619433025)
97	172,0.00380545594419	(97, 0.0086993054224694562)
97	40,0.00425195989707	(97, 0.0086993054224694562)
97	17,0.00452895498493	(97, 0.0086993054224694562)
97	69,0.00495492567844	(97, 0.0086993054224694562)
97	120,0.00510604607487	(97, 0.0086993054224694562)
97	79,0.00607687533388	(97, 0.0086993054224694562)
97	37,0.00610999994101	(97, 0.0086993054224694562)
97	3,0.00623294702382	(97, 0.0086993054224694562)
97	90,0.00638513704973	(97, 0.0086993054224694562)
97	4,0.0064395423657	(97, 0.0086993054224694562)
98	98,0.00288655236757	(98, 0.0028865523675672875)
98	15,0.00467305667043	(98, 0.0028865523675672875)
98	40,0.00553323344874	(98, 0.0028865523675672875)
98	25,0.00617810012639	(98, 0.0028865523675672875)
98	172,0.00620110650365	(98, 0.0028865523675672875)
98	49,0.00642116278048	(98, 0.0028865523675672875)
98	154,0.00649780365834	(98, 0.0028865523675672875)
98	174,0.00733535604188	(98, 0.0028865523675672875)
98	4,0.00771904829335	(98, 0.0028865523675672875)
98	17,0.00790246086746	(98, 0.0028865523675672875)
99	84,0.00568562594481	(99, 0.0071957915138448165)
99	144,0.00591139256979	(99, 0.0071957915138448165)
99	73,0.00609026416022	(99, 0.0071957915138448165)
99	93,0.00613551684034	(99, 0.0071957915138448165)
99	156,0.00616545731188	(99, 0.0071957915138448165)
99	128,0.00617896495219	(99, 0.0071957915138448165)
99	109,0.00651685947325	(99, 0.0071957915138448165)
99	78,0.00656902465299	(99, 0.0071957915138448165)
99	38,0.0069946557118	(99, 0.0071957915138448165)
99	99,0.00719579151384	(99, 0.0071957915138448165)
100	100,0.00244485148496	(100, 0.002444851484958903)
100	74,0.00318711655803	(100, 0.002444851484958903)
100	77,0.00331413199539	(100, 0.002444851484958903)
100	90,0.00342935654344	(100, 0.002444851484958903)
100	37,0.003586432085	(100, 0.002444851484958903)
100	136,0.00370594782355	(100, 0.002444851484958903)
100	21,0.00371487881767	(100, 0.002444851484958903)
100	11,0.00398707079648	(100, 0.002444851484958903)
100	17,0.00405603647931	(100, 0.002444851484958903)
100	127,0.00426483752674	(100, 0.002444851484958903)
101	73,0.00626926231887	(101, 0.0070002314255410173)
101	1,0.00631014947224	(101, 0.0070002314255410173)
101	101,0.00700023142554	(101, 0.0070002314255410173)
101	124,0.00708876220877	(101, 0.0070002314255410173)
101	13,0.00736516850107	(101, 0.0070002314255410173)
101	60,0.00738855506294	(101, 0.0070002314255410173)
101	29,0.0075702780422	(101, 0.0070002314255410173)
101	77,0.0075854058104	(101, 0.0070002314255410173)
101	71,0.00782645553666	(101, 0.0070002314255410173)
101	69,0.00784954478079	(101, 0.0070002314255410173)
102	114,0.00811126584417	(102, 0.0091690188625459402)
102	41,0.00883834806124	(102, 0.0091690188625459402)
102	102,0.00916901886255	(102, 0.0091690188625459402)
102	91,0.0093614934652	(102, 0.0091690188625459402)
102	155,0.0095779139241	(102, 0.0091690188625459402)
102	1,0.0101070877185	(102, 0.0091690188625459402)
102	103,0.0104290854837	(102, 0.0091690188625459402)
102	110,0.0106613437733	(102, 0.0091690188625459402)
102	101,0.0107917176852	(102, 0.0091690188625459402)
102	16,0.0109902236124	(102, 0.0091690188625459402)
103	103,0.00591844591385	(103, 0.0059184459138484167)
103	73,0.00932975018729	(103, 0.0059184459138484167)
103	91,0.0104418104736	(103, 0.0059184459138484167)
103	39,0.0112645446622	(103, 0.0059184459138484167)
103	101,0.0113211664476	(103, 0.0059184459138484167)
103	1,0.0116031076682	(103, 0.0059184459138484167)
103	114,0.0116899904102	(103, 0.0059184459138484167)
103	51,0.0120581815089	(103, 0.0059184459138484167)
103	93,0.012463682007	(103, 0.0059184459138484167)
103	128,0.012530233847	(103, 0.0059184459138484167)
104	124,0.00410775787255	(104, 0.0090442539193905328)
104	93,0.00642082791757	(104, 0.0090442539193905328)
104	11,0.00645644691627	(104, 0.0090442539193905328)
104	81,0.00648586919887	(104, 0.0090442539193905328)
104	73,0.00668329343245	(104, 0.0090442539193905328)
104	119,0.00673323070224	(104, 0.0090442539193905328)
104	115,0.00730821713643	(104, 0.0090442539193905328)
104	3,0.00736647490647	(104, 0.0090442539193905328)
104	40,0.00771456077881	(104, 0.0090442539193905328)
104	37,0.00790898852758	(104, 0.0090442539193905328)
105	43,0.00641650853357	(105, 0.01013886411092931)
105	27,0.00650238946551	(105, 0.01013886411092931)
105	19,0.0078464991286	(105, 0.01013886411092931)
105	99,0.00785880128595	(105, 0.01013886411092931)
105	38,0.00791256101665	(105, 0.01013886411092931)
105	24,0.00819181983713	(105, 0.01013886411092931)
105	50,0.00871978856295	(105, 0.01013886411092931)
105	107,0.00884200994894	(105, 0.01013886411092931)
105	12,0.0099131809183	(105, 0.01013886411092931)
105	105,0.0101388641109	(105, 0.01013886411092931)
106	106,0.00458891223407	(106, 0.0045889122340749544)
106	172,0.00669994474128	(106, 0.0045889122340749544)
106	174,0.00691550003902	(106, 0.0045889122340749544)
106	116,0.00717587783588	(106, 0.0045889122340749544)
106	157,0.00815058586443	(106, 0.0045889122340749544)
106	154,0.00829418986104	(106, 0.0045889122340749544)
106	93,0.00849782442059	(106, 0.0045889122340749544)
106	13,0.00884071559874	(106, 0.0045889122340749544)
106	69,0.00948738978924	(106, 0.0045889122340749544)
106	40,0.00959367013233	(106, 0.0045889122340749544)
107	22,0.00447492624579	(107, 0.0062073796760943999)
107	77,0.00508595861272	(107, 0.0062073796760943999)
107	26,0.0050865347544	(107, 0.0062073796760943999)
107	76,0.00531414627622	(107, 0.0062073796760943999)
107	121,0.00547845148422	(107, 0.0062073796760943999)
107	1,0.00555809740524	(107, 0.0062073796760943999)
107	139,0.00564183674875	(107, 0.0062073796760943999)
107	73,0.0060641941697	(107, 0.0062073796760943999)
107	128,0.00610318737804	(107, 0.0062073796760943999)
107	61,0.00615255217388	(107, 0.0062073796760943999)
108	77,0.00386137955676	(108, 0.012456050271444523)
108	172,0.00510149862446	(108, 0.012456050271444523)
108	174,0.00626717668538	(108, 0.012456050271444523)
108	40,0.00655135623141	(108, 0.012456050271444523)
108	4,0.00655652971036	(108, 0.012456050271444523)
108	17,0.00701039802745	(108, 0.012456050271444523)
108	171,0.00707783600842	(108, 0.012456050271444523)
108	100,0.00713109939486	(108, 0.012456050271444523)
108	49,0.00744422901696	(108, 0.012456050271444523)
108	37,0.00758952170087	(108, 0.012456050271444523)
109	109,0.00360166688581	(109, 0.0036016668858130799)
109	159,0.00499617466416	(109, 0.0036016668858130799)
109	134,0.00503949317802	(109, 0.0036016668858130799)
109	128,0.00559744924746	(109, 0.0036016668858130799)
109	12,0.00594450617615	(109, 0.0036016668858130799)
109	146,0.00649392781965	(109, 0.0036016668858130799)
109	84,0.0067568397051	(109, 0.0036016668858130799)
109	152,0.00694516508911	(109, 0.0036016668858130799)
109	14,0.00712858883525	(109, 0.0036016668858130799)
109	38,0.00744815299612	(109, 0.0036016668858130799)
110	1,0.00423407942303	(110, 0.0083591010559920121)
110	68,0.00522862497601	(110, 0.0083591010559920121)
110	121,0.00546341048201	(110, 0.0083591010559920121)
110	11,0.00556238046089	(110, 0.0083591010559920121)
110	26,0.00598885987164	(110, 0.0083591010559920121)
110	162,0.00641677003139	(110, 0.0083591010559920121)
110	155,0.00665420124552	(110, 0.0083591010559920121)
110	71,0.00673151004817	(110, 0.0083591010559920121)
110	73,0.00710264413067	(110, 0.0083591010559920121)
110	3,0.00711905793887	(110, 0.0083591010559920121)
111	73,0.00539337626531	(111, 0.01561123512786348)
111	124,0.00540418966417	(111, 0.01561123512786348)
111	93,0.00614035363295	(111, 0.01561123512786348)
111	101,0.0064920367342	(111, 0.01561123512786348)
111	13,0.00664846618284	(111, 0.01561123512786348)
111	157,0.00678712183049	(111, 0.01561123512786348)
111	114,0.00895257170763	(111, 0.01561123512786348)
111	27,0.00907888543841	(111, 0.01561123512786348)
111	128,0.00935305192935	(111, 0.01561123512786348)
111	116,0.00941142289205	(111, 0.01561123512786348)
112	90,0.00315007530454	(112, 0.0040444964069102146)
112	11,0.00328299849465	(112, 0.0040444964069102146)
112	3,0.00378625918154	(112, 0.0040444964069102146)
112	162,0.00402436597985	(112, 0.0040444964069102146)
112	112,0.00404449640691	(112, 0.0040444964069102146)
112	100,0.00414331993873	(112, 0.0040444964069102146)
112	21,0.00426443838073	(112, 0.0040444964069102146)
112	81,0.00437512015474	(112, 0.0040444964069102146)
112	77,0.00475225804863	(112, 0.0040444964069102146)
112	143,0.0049755907839	(112, 0.0040444964069102146)
113	113,0.00388040612427	(113, 0.0038804061242705243)
113	65,0.0069626898499	(113, 0.0038804061242705243)
113	130,0.011485826341	(113, 0.0038804061242705243)
113	120,0.0121934917053	(113, 0.0038804061242705243)
113	44,0.012634683654	(113, 0.0038804061242705243)
113	155,0.0133864029285	(113, 0.0038804061242705243)
113	53,0.0134931805489	(113, 0.0038804061242705243)
113	15,0.0139159145045	(113, 0.0038804061242705243)
113	97,0.0140618333047	(113, 0.0038804061242705243)
113	161,0.0140705094136	(113, 0.0038804061242705243)
114	114,0.00409055458422	(114, 0.0040905545842212917)
114	73,0.00515828072902	(114, 0.0040905545842212917)
114	53,0.00543741684097	(114, 0.0040905545842212917)
114	124,0.00592974149016	(114, 0.0040905545842212917)
114	13,0.00756055048566	(114, 0.0040905545842212917)
114	104,0.00765696057104	(114, 0.0040905545842212917)
114	157,0.00800003114062	(114, 0.0040905545842212917)
114	140,0.00844193661781	(114, 0.0040905545842212917)
114	155,0.00860421629716	(114, 0.0040905545842212917)
114	93,0.00864040516932	(114, 0.0040905545842212917)
115	119,0.0042807939771	(115, 0.0052034823040601873)
115	115,0.00520348230406	(115, 0.0052034823040601873)
115	37,0.00536083594511	(115, 0.0052034823040601873)
115	11,0.00548647449866	(115, 0.0052034823040601873)
115	172,0.00586373632226	(115, 0.0052034823040601873)
115	17,0.00589456455906	(115, 0.0052034823040601873)
115	81,0.00616149788408	(115, 0.0052034823040601873)
115	136,0.00617468167268	(115, 0.0052034823040601873)
115	96,0.00617522843927	(115, 0.0052034823040601873)
115	3,0.00645863987266	(115, 0.0052034823040601873)
116	116,0.00359446991477	(116, 0.0035944699147662245)
116	93,0.00384298756463	(116, 0.0035944699147662245)
116	73,0.00607748831538	(116, 0.0035944699147662245)
116	109,0.00699379789875	(116, 0.0035944699147662245)
116	144,0.00710579659798	(116, 0.0035944699147662245)
116	156,0.0075293128237	(116, 0.0035944699147662245)
116	131,0.00801478137622	(116, 0.0035944699147662245)
116	128,0.00809890870807	(116, 0.0035944699147662245)
116	172,0.00811633471689	(116, 0.0035944699147662245)
116	159,0.00834498390291	(116, 0.0035944699147662245)
117	117,0.00180047358998	(117, 0.0018004735899790172)
117	21,0.00339282183149	(117, 0.0018004735899790172)
117	71,0.00375438170489	(117, 0.0018004735899790172)
117	76,0.00388708779176	(117, 0.0018004735899790172)
117	11,0.0040695891104	(117, 0.0018004735899790172)
117	162,0.00410807333165	(117, 0.0018004735899790172)
117	63,0.00431613479577	(117, 0.0018004735899790172)
117	22,0.00434744150414	(117, 0.0018004735899790172)
117	77,0.00434756966958	(117, 0.0018004735899790172)
117	121,0.00435656543319	(117, 0.0018004735899790172)
118	33,0.00848038310074	(118, 0.011143246860613146)
118	34,0.00949904785137	(118, 0.011143246860613146)
118	69,0.0105501165936	(118, 0.011143246860613146)
118	118,0.0111432468606	(118, 0.011143246860613146)
118	113,0.0122594796812	(118, 0.011143246860613146)
118	15,0.013092846664	(118, 0.011143246860613146)
118	4,0.0138741534598	(118, 0.011143246860613146)
118	2,0.0141553954738	(118, 0.011143246860613146)
118	130,0.0146032359174	(118, 0.011143246860613146)
118	25,0.0147744857978	(118, 0.011143246860613146)
119	120,0.00493643361869	(119, 0.0062610961982111947)
119	40,0.00592625034086	(119, 0.0062610961982111947)
119	119,0.00626109619821	(119, 0.0062610961982111947)
119	69,0.00634807992864	(119, 0.0062610961982111947)
119	172,0.00650195805588	(119, 0.0062610961982111947)
119	17,0.00659967191562	(119, 0.0062610961982111947)
119	154,0.00696732005257	(119, 0.0062610961982111947)
119	123,0.00713608784961	(119, 0.0062610961982111947)
119	4,0.00769169053471	(119, 0.0062610961982111947)
119	97,0.00807330941928	(119, 0.0062610961982111947)
120	120,0.00457634775867	(120, 0.0045763477586679528)
120	65,0.00566417855226	(120, 0.0045763477586679528)
120	44,0.00610449539898	(120, 0.0045763477586679528)
120	53,0.00717730095915	(120, 0.0045763477586679528)
120	54,0.00740466027382	(120, 0.0045763477586679528)
120	161,0.00746323839395	(120, 0.0045763477586679528)
120	97,0.00757106768472	(120, 0.0045763477586679528)
120	155,0.00806570594098	(120, 0.0045763477586679528)
120	124,0.00838545864802	(120, 0.0045763477586679528)
120	13,0.00868710088644	(120, 0.0045763477586679528)
121	121,0.00351180033175	(121, 0.0035118003317456815)
121	78,0.00420224169976	(121, 0.0035118003317456815)
121	26,0.00438409836488	(121, 0.0035118003317456815)
121	1,0.00439822928163	(121, 0.0035118003317456815)
121	22,0.00472736776898	(121, 0.0035118003317456815)
121	128,0.00591686491152	(121, 0.0035118003317456815)
121	61,0.00598688577714	(121, 0.0035118003317456815)
121	73,0.00602260405377	(121, 0.0035118003317456815)
121	23,0.00604031198233	(121, 0.0035118003317456815)
121	11,0.00605923591058	(121, 0.0035118003317456815)
122	174,0.00637783845496	(122, 0.0080600936252041584)
122	154,0.00703320859594	(122, 0.0080600936252041584)
122	122,0.0080600936252	(122, 0.0080600936252041584)
122	69,0.00879027487128	(122, 0.0080600936252041584)
122	116,0.00982974313272	(122, 0.0080600936252041584)
122	172,0.0100339093639	(122, 0.0080600936252041584)
122	48,0.010041833204	(122, 0.0080600936252041584)
122	2,0.0104978770848	(122, 0.0080600936252041584)
122	4,0.0110159651897	(122, 0.0080600936252041584)
122	40,0.0112743752815	(122, 0.0080600936252041584)
123	172,0.00397358764249	(123, 0.0051185471034556826)
123	123,0.00511854710346	(123, 0.0051185471034556826)
123	81,0.00606557283537	(123, 0.0051185471034556826)
123	119,0.00627686603149	(123, 0.0051185471034556826)
123	40,0.00643789915677	(123, 0.0051185471034556826)
123	146,0.00643869130977	(123, 0.0051185471034556826)
123	90,0.00667778109323	(123, 0.0051185471034556826)
123	115,0.00697305901724	(123, 0.0051185471034556826)
123	96,0.00714375298789	(123, 0.0051185471034556826)
123	17,0.0071626399931	(123, 0.0051185471034556826)
124	124,0.00583837680553	(124, 0.0058383768055339392)
124	101,0.00852563090611	(124, 0.0058383768055339392)
124	73,0.0104594366902	(124, 0.0058383768055339392)
124	41,0.0107005971253	(124, 0.0058383768055339392)
124	169,0.0110634254872	(124, 0.0058383768055339392)
124	157,0.0112331155428	(124, 0.0058383768055339392)
124	93,0.0119739106993	(124, 0.0058383768055339392)
124	53,0.0121076036517	(124, 0.0058383768055339392)
124	27,0.0121146876774	(124, 0.0058383768055339392)
124	140,0.0121674728871	(124, 0.0058383768055339392)
125	13,0.00857386608319	(125, 0.010499933538770524)
125	155,0.00987033844599	(125, 0.010499933538770524)
125	65,0.0101001935417	(125, 0.010499933538770524)
125	125,0.0104999335388	(125, 0.010499933538770524)
125	73,0.0105686405773	(125, 0.010499933538770524)
125	41,0.0106308592676	(125, 0.010499933538770524)
125	114,0.0106982634081	(125, 0.010499933538770524)
125	54,0.0120989716539	(125, 0.010499933538770524)
125	68,0.0121078802445	(125, 0.010499933538770524)
125	161,0.0125807098238	(125, 0.010499933538770524)
126	81,0.00429937133572	(126, 0.0043503406604809636)
126	126,0.00435034066048	(126, 0.0043503406604809636)
126	3,0.00510056681509	(126, 0.0043503406604809636)
126	121,0.00527390751084	(126, 0.0043503406604809636)
126	132,0.00544496696447	(126, 0.0043503406604809636)
126	11,0.00546059414917	(126, 0.0043503406604809636)
126	119,0.00557829554942	(126, 0.0043503406604809636)
126	12,0.00565263162749	(126, 0.0043503406604809636)
126	128,0.00572496714062	(126, 0.0043503406604809636)
126	13,0.00608178229449	(126, 0.0043503406604809636)
127	74,0.00312539096502	(127, 0.0035555766964924223)
127	17,0.0031872982083	(127, 0.0035555766964924223)
127	136,0.0033447529514	(127, 0.0035555766964924223)
127	127,0.00355557669649	(127, 0.0035555766964924223)
127	77,0.0044905428743	(127, 0.0035555766964924223)
127	37,0.00456820302582	(127, 0.0035555766964924223)
127	100,0.00463487411175	(127, 0.0035555766964924223)
127	59,0.00497322387546	(127, 0.0035555766964924223)
127	49,0.00558656762686	(127, 0.0035555766964924223)
127	172,0.00648561727757	(127, 0.0035555766964924223)
128	128,0.00325317908125	(128, 0.003253179081250552)
128	12,0.00436307730109	(128, 0.003253179081250552)
128	159,0.00481606475264	(128, 0.003253179081250552)
128	139,0.00497681136854	(128, 0.003253179081250552)
128	22,0.00517129998684	(128, 0.003253179081250552)
128	121,0.00522731879883	(128, 0.003253179081250552)
128	78,0.00524589226547	(128, 0.003253179081250552)
128	18,0.00557939959665	(128, 0.003253179081250552)
128	158,0.00571329777804	(128, 0.003253179081250552)
128	132,0.00575745924151	(128, 0.003253179081250552)
129	49,0.0065873250268	(129, 0.014230615748687938)
129	98,0.00766811813745	(129, 0.014230615748687938)
129	15,0.00925917787367	(129, 0.014230615748687938)
129	77,0.00936059724727	(129, 0.014230615748687938)
129	100,0.00953110673788	(129, 0.014230615748687938)
129	59,0.00960621597976	(129, 0.014230615748687938)
129	83,0.0114242912248	(129, 0.014230615748687938)
129	25,0.0116480488561	(129, 0.014230615748687938)
129	94,0.0118099015793	(129, 0.014230615748687938)
129	102,0.0124658782641	(129, 0.014230615748687938)
130	130,0.00957799195947	(130, 0.0095779919594655167)
130	13,0.00968868760093	(130, 0.0095779919594655167)
130	34,0.0101419336217	(130, 0.0095779919594655167)
130	65,0.0106240770074	(130, 0.0095779919594655167)
130	33,0.0108289532136	(130, 0.0095779919594655167)
130	69,0.0111875446861	(130, 0.0095779919594655167)
130	155,0.0116857792816	(130, 0.0095779919594655167)
130	91,0.0117014990048	(130, 0.0095779919594655167)
130	124,0.0117495845698	(130, 0.0095779919594655167)
130	53,0.0117688922309	(130, 0.0095779919594655167)
131	116,0.00688173536457	(131, 0.0078030788561648931)
131	166,0.00721482698125	(131, 0.0078030788561648931)
131	131,0.00780307885616	(131, 0.0078030788561648931)
131	72,0.00928480316163	(131, 0.0078030788561648931)
131	144,0.0100120130503	(131, 0.0078030788561648931)
131	156,0.0107481018459	(131, 0.0078030788561648931)
131	84,0.0114270125675	(131, 0.0078030788561648931)
131	104,0.0117912366245	(131, 0.0078030788561648931)
131	93,0.0127152739895	(131, 0.0078030788561648931)
131	165,0.0130125584682	(131, 0.0078030788561648931)
132	132,0.00274876580573	(132, 0.0027487658057337334)
132	18,0.00294082604323	(132, 0.0027487658057337334)
132	22,0.00314155008617	(132, 0.0027487658057337334)
132	76,0.00344693762415	(132, 0.0027487658057337334)
132	158,0.00346011588766	(132, 0.0027487658057337334)
132	171,0.00363396605488	(132, 0.0027487658057337334)
132	139,0.00364628840316	(132, 0.0027487658057337334)
132	46,0.00368675470229	(132, 0.0027487658057337334)
132	147,0.00406300391176	(132, 0.0027487658057337334)
132	121,0.00421500338174	(132, 0.0027487658057337334)
133	133,0.00319634344121	(133, 0.0031963434412058123)
133	34,0.0094396837425	(133, 0.0031963434412058123)
133	130,0.00970975035835	(133, 0.0031963434412058123)
133	91,0.0104378782402	(133, 0.0031963434412058123)
133	102,0.0121473754942	(133, 0.0031963434412058123)
133	103,0.0126359613169	(133, 0.0031963434412058123)
133	153,0.0134506875223	(133, 0.0031963434412058123)
133	114,0.013591880515	(133, 0.0031963434412058123)
133	65,0.0136641000944	(133, 0.0031963434412058123)
133	53,0.0137674237713	(133, 0.0031963434412058123)
134	121,0.00283133777564	(134, 0.006240402473810012)
134	78,0.00394572325109	(134, 0.006240402473810012)
134	128,0.00406330250842	(134, 0.006240402473810012)
134	18,0.00439128575447	(134, 0.006240402473810012)
134	22,0.00484060275166	(134, 0.006240402473810012)
134	61,0.00569089625785	(134, 0.006240402473810012)
134	26,0.00583356159572	(134, 0.006240402473810012)
134	88,0.00587708423931	(134, 0.006240402473810012)
134	73,0.00609405252345	(134, 0.006240402473810012)
134	35,0.00613495473109	(134, 0.006240402473810012)
135	147,0.00224090476625	(135, 0.0035301308258902011)
135	76,0.00257665752561	(135, 0.0035301308258902011)
135	137,0.00280088596965	(135, 0.0035301308258902011)
135	63,0.00300552487583	(135, 0.0035301308258902011)
135	162,0.00348168602978	(135, 0.0035301308258902011)
135	135,0.00353013082589	(135, 0.0035301308258902011)
135	171,0.00362210205619	(135, 0.0035301308258902011)
135	77,0.00406071326268	(135, 0.0035301308258902011)
135	3,0.00439922734106	(135, 0.0035301308258902011)
135	117,0.00458149887641	(135, 0.0035301308258902011)
136	136,0.00490581036152	(136, 0.0049058103615200908)
136	121,0.0053514773372	(136, 0.0049058103615200908)
136	11,0.00573714029384	(136, 0.0049058103615200908)
136	162,0.00573791047622	(136, 0.0049058103615200908)
136	54,0.00628907246669	(136, 0.0049058103615200908)
136	126,0.00683463861457	(136, 0.0049058103615200908)
136	119,0.00689715726082	(136, 0.0049058103615200908)
136	132,0.00697831570236	(136, 0.0049058103615200908)
136	151,0.00707852853878	(136, 0.0049058103615200908)
136	3,0.00711086207742	(136, 0.0049058103615200908)
137	137,0.00173984474532	(137, 0.0017398447453164279)
137	147,0.0022147462896	(137, 0.0017398447453164279)
137	63,0.00228846094806	(137, 0.0017398447453164279)
137	3,0.00314543476737	(137, 0.0017398447453164279)
137	171,0.00325997213288	(137, 0.0017398447453164279)
137	76,0.00342345861176	(137, 0.0017398447453164279)
137	36,0.00402865623111	(137, 0.0017398447453164279)
137	136,0.00403148627226	(137, 0.0017398447453164279)
137	90,0.00416497657268	(137, 0.0017398447453164279)
137	77,0.00428360948375	(137, 0.0017398447453164279)
138	78,0.00483281095648	(138, 0.0060346765065208046)
138	128,0.00531211707595	(138, 0.0060346765065208046)
138	107,0.00534751400426	(138, 0.0060346765065208046)
138	158,0.00562176250132	(138, 0.0060346765065208046)
138	138,0.00603467650652	(138, 0.0060346765065208046)
138	99,0.00698933266815	(138, 0.0060346765065208046)
138	55,0.00744865889042	(138, 0.0060346765065208046)
138	38,0.00771480765695	(138, 0.0060346765065208046)
138	139,0.00777608408197	(138, 0.0060346765065208046)
138	61,0.00779619540673	(138, 0.0060346765065208046)
139	139,0.00118106720332	(139, 0.001181067203321144)
139	46,0.00293898965475	(139, 0.001181067203321144)
139	18,0.00357734883753	(139, 0.001181067203321144)
139	151,0.00378216705375	(139, 0.001181067203321144)
139	76,0.00378301580445	(139, 0.001181067203321144)
139	132,0.00386175817734	(139, 0.001181067203321144)
139	22,0.00392888374301	(139, 0.001181067203321144)
139	121,0.00491880685205	(139, 0.001181067203321144)
139	35,0.00498214515042	(139, 0.001181067203321144)
139	63,0.00509953000184	(139, 0.001181067203321144)
140	93,0.00647750419125	(140, 0.0072455830805254187)
140	73,0.00659491928611	(140, 0.0072455830805254187)
140	140,0.00724558308053	(140, 0.0072455830805254187)
140	124,0.00752244723492	(140, 0.0072455830805254187)
140	157,0.0080417129965	(140, 0.0072455830805254187)
140	116,0.00810564745084	(140, 0.0072455830805254187)
140	69,0.00848967847869	(140, 0.0072455830805254187)
140	104,0.00872461607815	(140, 0.0072455830805254187)
140	144,0.00896621198472	(140, 0.0072455830805254187)
140	114,0.0101682188438	(140, 0.0072455830805254187)
141	124,0.0112382486274	(141, 0.013493432399504885)
141	48,0.0112713674963	(141, 0.013493432399504885)
141	97,0.01289776999	(141, 0.013493432399504885)
141	120,0.0133650590231	(141, 0.013493432399504885)
141	141,0.0134934323995	(141, 0.013493432399504885)
141	4,0.0139052803952	(141, 0.013493432399504885)
141	53,0.0142491787373	(141, 0.013493432399504885)
141	69,0.0144479873073	(141, 0.013493432399504885)
141	104,0.0144995372235	(141, 0.013493432399504885)
141	155,0.0145404469336	(141, 0.013493432399504885)
142	61,0.00683575866171	(142, 0.020189306477118828)
142	38,0.00761237780879	(142, 0.020189306477118828)
142	12,0.00820403583538	(142, 0.020189306477118828)
142	23,0.00838920224046	(142, 0.020189306477118828)
142	55,0.00871227552837	(142, 0.020189306477118828)
142	78,0.00894141470665	(142, 0.020189306477118828)
142	73,0.00928606477082	(142, 0.020189306477118828)
142	105,0.00928751569858	(142, 0.020189306477118828)
142	16,0.00938076979551	(142, 0.020189306477118828)
142	24,0.00943349122391	(142, 0.020189306477118828)
143	143,0.00282379725085	(143, 0.002823797250850307)
143	162,0.00314191918293	(143, 0.002823797250850307)
143	112,0.00319346693204	(143, 0.002823797250850307)
143	90,0.00323422983895	(143, 0.002823797250850307)
143	3,0.0033021221885	(143, 0.002823797250850307)
143	11,0.00334005784555	(143, 0.002823797250850307)
143	137,0.00360664900229	(143, 0.002823797250850307)
143	63,0.00417236494042	(143, 0.002823797250850307)
143	21,0.00435687724512	(143, 0.002823797250850307)
143	136,0.0044079623305	(143, 0.002823797250850307)
144	144,0.00344854748952	(144, 0.003448547489524484)
144	14,0.00696048156041	(144, 0.003448547489524484)
144	38,0.00723349824661	(144, 0.003448547489524484)
144	12,0.00771946058242	(144, 0.003448547489524484)
144	50,0.0089618930872	(144, 0.003448547489524484)
144	145,0.00917708249876	(144, 0.003448547489524484)
144	159,0.00937442173968	(144, 0.003448547489524484)
144	116,0.00956316310962	(144, 0.003448547489524484)
144	109,0.00972817780846	(144, 0.003448547489524484)
144	156,0.0101823114969	(144, 0.003448547489524484)
145	78,0.00521470203492	(145, 0.0057557131241266508)
145	128,0.00539293284575	(145, 0.0057557131241266508)
145	38,0.00544806417431	(145, 0.0057557131241266508)
145	158,0.00557759782525	(145, 0.0057557131241266508)
145	145,0.00575571312413	(145, 0.0057557131241266508)
145	55,0.00610002428808	(145, 0.0057557131241266508)
145	24,0.00651484416065	(145, 0.0057557131241266508)
145	12,0.00717942664793	(145, 0.0057557131241266508)
145	61,0.00786576325913	(145, 0.0057557131241266508)
145	14,0.00789009624834	(145, 0.0057557131241266508)
146	146,0.00181273124879	(146, 0.0018127312487856175)
146	159,0.0047859814841	(146, 0.0018127312487856175)
146	12,0.00561137022187	(146, 0.0018127312487856175)
146	137,0.00595999693017	(146, 0.0018127312487856175)
146	132,0.00613669044687	(146, 0.0018127312487856175)
146	18,0.00615207406386	(146, 0.0018127312487856175)
146	81,0.00644554316937	(146, 0.0018127312487856175)
146	46,0.00655914443551	(146, 0.0018127312487856175)
146	3,0.00663085781652	(146, 0.0018127312487856175)
146	126,0.00686167347499	(146, 0.0018127312487856175)
147	147,0.00209395133794	(147, 0.0020939513379353613)
147	76,0.0021484380129	(147, 0.0020939513379353613)
147	63,0.00218128713437	(147, 0.0020939513379353613)
147	132,0.00321502213866	(147, 0.0020939513379353613)
147	18,0.00332348396181	(147, 0.0020939513379353613)
147	121,0.00348961391628	(147, 0.0020939513379353613)
147	22,0.00364408825069	(147, 0.0020939513379353613)
147	151,0.00364915953737	(147, 0.0020939513379353613)
147	23,0.00377795553693	(147, 0.0020939513379353613)
147	126,0.00411973129181	(147, 0.0020939513379353613)
148	148,0.00256739689719	(148, 0.0025673968971874207)
148	17,0.00299251033124	(148, 0.0025673968971874207)
148	143,0.00332959206269	(148, 0.0025673968971874207)
148	100,0.00421998886	(148, 0.0025673968971874207)
148	90,0.00467172010264	(148, 0.0025673968971874207)
148	49,0.00538144231009	(148, 0.0025673968971874207)
148	172,0.0056871438961	(148, 0.0025673968971874207)
148	112,0.0058544116749	(148, 0.0025673968971874207)
148	37,0.00588467451519	(148, 0.0025673968971874207)
148	3,0.00602112079291	(148, 0.0025673968971874207)
149	149,0.00826404632031	(149, 0.0082640463203146799)
149	32,0.0136643689395	(149, 0.0082640463203146799)
149	169,0.015626808685	(149, 0.0082640463203146799)
149	33,0.015634092873	(149, 0.0082640463203146799)
149	45,0.0229660689084	(149, 0.0082640463203146799)
149	165,0.0240029381874	(149, 0.0082640463203146799)
149	111,0.0242835127238	(149, 0.0082640463203146799)
149	156,0.0245966174844	(149, 0.0082640463203146799)
149	91,0.0246002063425	(149, 0.0082640463203146799)
149	27,0.0252732100975	(149, 0.0082640463203146799)
150	3,0.00261359703646	(150, 0.0040063343604201359)
150	11,0.00274492636901	(150, 0.0040063343604201359)
150	121,0.0030087366754	(150, 0.0040063343604201359)
150	162,0.00323670397783	(150, 0.0040063343604201359)
150	71,0.00342533243248	(150, 0.0040063343604201359)
150	63,0.00379363308791	(150, 0.0040063343604201359)
150	150,0.00400633436042	(150, 0.0040063343604201359)
150	117,0.00416345120516	(150, 0.0040063343604201359)
150	76,0.00423409575754	(150, 0.0040063343604201359)
150	21,0.0042722414434	(150, 0.0040063343604201359)
151	121,0.0024891334083	(151, 0.0037472993635695039)
151	132,0.00370408490434	(151, 0.0037472993635695039)
151	151,0.00374729936357	(151, 0.0037472993635695039)
151	81,0.00401746952206	(151, 0.0037472993635695039)
151	3,0.00419736060386	(151, 0.0037472993635695039)
151	22,0.00458062528764	(151, 0.0037472993635695039)
151	63,0.00458543876041	(151, 0.0037472993635695039)
151	70,0.00462038184746	(151, 0.0037472993635695039)
151	162,0.00475904656282	(151, 0.0037472993635695039)
151	11,0.00480522782695	(151, 0.0037472993635695039)
152	152,0.00315851982461	(152, 0.0031585198246102783)
152	121,0.00559048102029	(152, 0.0031585198246102783)
152	35,0.00588104843864	(152, 0.0031585198246102783)
152	18,0.00589285452687	(152, 0.0031585198246102783)
152	139,0.00592028837716	(152, 0.0031585198246102783)
152	88,0.00633214754336	(152, 0.0031585198246102783)
152	12,0.00646413640829	(152, 0.0031585198246102783)
152	81,0.0066073726372	(152, 0.0031585198246102783)
152	117,0.00662255205998	(152, 0.0031585198246102783)
152	128,0.00691775844424	(152, 0.0031585198246102783)
153	133,0.00532006826385	(153, 0.010424576206376709)
153	34,0.00958705734339	(153, 0.010424576206376709)
153	91,0.0100908317823	(153, 0.010424576206376709)
153	130,0.0101251884579	(153, 0.010424576206376709)
153	153,0.0104245762064	(153, 0.010424576206376709)
153	102,0.0111984396236	(153, 0.010424576206376709)
153	103,0.0130063918859	(153, 0.010424576206376709)
153	28,0.0132444469809	(153, 0.010424576206376709)
153	1,0.0140561937598	(153, 0.010424576206376709)
153	95,0.014094627558	(153, 0.010424576206376709)
154	154,0.00173330425783	(154, 0.0017333042578306383)
154	40,0.00580591468278	(154, 0.0017333042578306383)
154	172,0.00695148794615	(154, 0.0017333042578306383)
154	174,0.00723607036185	(154, 0.0017333042578306383)
154	69,0.00757489747089	(154, 0.0017333042578306383)
154	4,0.00861271323748	(154, 0.0017333042578306383)
154	116,0.00889392396231	(154, 0.0017333042578306383)
154	48,0.0100750687234	(154, 0.0017333042578306383)
154	56,0.0104180712334	(154, 0.0017333042578306383)
154	2,0.0104374957901	(154, 0.0017333042578306383)
155	71,0.00276872625872	(155, 0.0054244977243544561)
155	11,0.00323148911128	(155, 0.0054244977243544561)
155	162,0.00355356845607	(155, 0.0054244977243544561)
155	1,0.0045989401185	(155, 0.0054244977243544561)
155	121,0.00472639642396	(155, 0.0054244977243544561)
155	77,0.00497715367825	(155, 0.0054244977243544561)
155	117,0.0053010556015	(155, 0.0054244977243544561)
155	3,0.00537121024528	(155, 0.0054244977243544561)
155	155,0.00542449772435	(155, 0.0054244977243544561)
155	81,0.00574620397999	(155, 0.0054244977243544561)
156	73,0.00502342517876	(156, 0.0057740587548403451)
156	144,0.00569746695741	(156, 0.0057740587548403451)
156	156,0.00577405875484	(156, 0.0057740587548403451)
156	109,0.00629912348758	(156, 0.0057740587548403451)
156	27,0.00719726776784	(156, 0.0057740587548403451)
156	107,0.00843645472173	(156, 0.0057740587548403451)
156	84,0.00843941015456	(156, 0.0057740587548403451)
156	38,0.00860002209183	(156, 0.0057740587548403451)
156	93,0.00860744208388	(156, 0.0057740587548403451)
156	128,0.00861803630997	(156, 0.0057740587548403451)
157	12,0.00465795794588	(157, 0.0060946007176949004)
157	126,0.00489827875149	(157, 0.0060946007176949004)
157	22,0.0050079245768	(157, 0.0060946007176949004)
157	128,0.00545764890018	(157, 0.0060946007176949004)
157	73,0.0054673105069	(157, 0.0060946007176949004)
157	76,0.00559245171245	(157, 0.0060946007176949004)
157	93,0.00578207109194	(157, 0.0060946007176949004)
157	78,0.00584484030588	(157, 0.0060946007176949004)
157	121,0.00591448081335	(157, 0.0060946007176949004)
157	132,0.00596655596373	(157, 0.0060946007176949004)
158	77,0.00265495768979	(158, 0.0096181221832848749)
158	3,0.0032404788434	(158, 0.0096181221832848749)
158	137,0.00391013970184	(158, 0.0096181221832848749)
158	37,0.00400872984725	(158, 0.0096181221832848749)
158	171,0.00407798188336	(158, 0.0096181221832848749)
158	100,0.00438215328843	(158, 0.0096181221832848749)
158	11,0.00457220094549	(158, 0.0096181221832848749)
158	136,0.00458009952996	(158, 0.0096181221832848749)
158	63,0.00461398786784	(158, 0.0096181221832848749)
158	76,0.00465667645037	(158, 0.0096181221832848749)
159	146,0.00243943135254	(159, 0.0060839582674444411)
159	81,0.00392577355044	(159, 0.0060839582674444411)
159	137,0.00396073288092	(159, 0.0060839582674444411)
159	18,0.00433363422542	(159, 0.0060839582674444411)
159	90,0.00440408699229	(159, 0.0060839582674444411)
159	150,0.00441738887137	(159, 0.0060839582674444411)
159	46,0.00458576408949	(159, 0.0060839582674444411)
159	36,0.0047119684446	(159, 0.0060839582674444411)
159	147,0.00471494841442	(159, 0.0060839582674444411)
159	3,0.00476284596277	(159, 0.0060839582674444411)
160	164,0.00925099412501	(160, 0.037460249058799876)
160	73,0.00958535682989	(160, 0.037460249058799876)
160	38,0.00964355656944	(160, 0.037460249058799876)
160	27,0.0101209047965	(160, 0.037460249058799876)
160	105,0.0102306707814	(160, 0.037460249058799876)
160	109,0.0104310726036	(160, 0.037460249058799876)
160	12,0.0108551116878	(160, 0.037460249058799876)
160	43,0.0113864091702	(160, 0.037460249058799876)
160	24,0.011595891633	(160, 0.037460249058799876)
160	0,0.011713393075	(160, 0.037460249058799876)
161	161,0.00209093784192	(161, 0.0020909378419231009)
161	65,0.00450185050275	(161, 0.0020909378419231009)
161	44,0.0062044072125	(161, 0.0020909378419231009)
161	17,0.00664827642915	(161, 0.0020909378419231009)
161	155,0.00665413621364	(161, 0.0020909378419231009)
161	68,0.00685158389129	(161, 0.0020909378419231009)
161	83,0.00712718988661	(161, 0.0020909378419231009)
161	13,0.00755092274785	(161, 0.0020909378419231009)
161	1,0.00806817738323	(161, 0.0020909378419231009)
161	120,0.00827802636284	(161, 0.0020909378419231009)
162	162,0.00270157776831	(162, 0.0027015777683081291)
162	117,0.00308799626384	(162, 0.0027015777683081291)
162	76,0.00375340982751	(162, 0.0027015777683081291)
162	18,0.00410970894425	(162, 0.0027015777683081291)
162	147,0.00428318486323	(162, 0.0027015777683081291)
162	90,0.00431947487766	(162, 0.0027015777683081291)
162	137,0.00437483229543	(162, 0.0027015777683081291)
162	11,0.00458726648908	(162, 0.0027015777683081291)
162	81,0.00462845979608	(162, 0.0027015777683081291)
162	12,0.00467482617042	(162, 0.0027015777683081291)
163	17,0.00445844438696	(163, 0.0074726707751733767)
163	100,0.00478341328727	(163, 0.0074726707751733767)
163	172,0.00512210316539	(163, 0.0074726707751733767)
163	148,0.00520727266842	(163, 0.0074726707751733767)
163	3,0.0053871854777	(163, 0.0074726707751733767)
163	143,0.00540175591499	(163, 0.0074726707751733767)
163	83,0.00559023562374	(163, 0.0074726707751733767)
163	40,0.00563548427196	(163, 0.0074726707751733767)
163	37,0.00565499424088	(163, 0.0074726707751733767)
163	11,0.00595143548414	(163, 0.0074726707751733767)
164	156,0.00638921600701	(164, 0.0082974527620090239)
164	73,0.00739047755264	(164, 0.0082974527620090239)
164	27,0.00747687169226	(164, 0.0082974527620090239)
164	164,0.00829745276201	(164, 0.0082974527620090239)
164	32,0.00881584464081	(164, 0.0082974527620090239)
164	144,0.00921559689446	(164, 0.0082974527620090239)
164	109,0.00952251535456	(164, 0.0082974527620090239)
164	131,0.00968060566193	(164, 0.0082974527620090239)
164	107,0.0101393584317	(164, 0.0082974527620090239)
164	50,0.0108784064777	(164, 0.0082974527620090239)
165	93,0.00559372034425	(165, 0.0092584968763331794)
165	116,0.00673924144899	(165, 0.0092584968763331794)
165	131,0.0072255142333	(165, 0.0092584968763331794)
165	144,0.00848721575858	(165, 0.0092584968763331794)
165	73,0.00850139246315	(165, 0.0092584968763331794)
165	156,0.00872005789649	(165, 0.0092584968763331794)
165	157,0.00907824801536	(165, 0.0092584968763331794)
165	165,0.00925849687633	(165, 0.0092584968763331794)
165	27,0.0111183938274	(165, 0.0092584968763331794)
165	145,0.0112261106535	(165, 0.0092584968763331794)
166	116,0.00800292107443	(166, 0.0097001357791521338)
166	69,0.00887813632413	(166, 0.0097001357791521338)
166	124,0.00907432064943	(166, 0.0097001357791521338)
166	166,0.00970013577915	(166, 0.0097001357791521338)
166	144,0.0101072295428	(166, 0.0097001357791521338)
166	104,0.0105049702753	(166, 0.0097001357791521338)
166	13,0.010831722558	(166, 0.0097001357791521338)
166	140,0.0111837123248	(166, 0.0097001357791521338)
166	157,0.0114519083054	(166, 0.0097001357791521338)
166	93,0.0117616061411	(166, 0.0097001357791521338)
167	51,0.00826434991837	(167, 0.011601010675672634)
167	39,0.00973000602817	(167, 0.011601010675672634)
167	27,0.0108483033039	(167, 0.011601010675672634)
167	167,0.0116010106757	(167, 0.011601010675672634)
167	32,0.0116621780008	(167, 0.011601010675672634)
167	19,0.0142370795143	(167, 0.011601010675672634)
167	138,0.0153041169484	(167, 0.011601010675672634)
167	169,0.0156439596742	(167, 0.011601010675672634)
167	156,0.0159468350742	(167, 0.011601010675672634)
167	107,0.0168164442177	(167, 0.011601010675672634)
168	12,0.00528648835361	(168, 0.0058447343467930889)
168	168,0.00584473434679	(168, 0.0058447343467930889)
168	121,0.00599835267293	(168, 0.0058447343467930889)
168	86,0.00604487739757	(168, 0.0058447343467930889)
168	18,0.00613091220886	(168, 0.0058447343467930889)
168	152,0.00640817864469	(168, 0.0058447343467930889)
168	55,0.00641890420595	(168, 0.0058447343467930889)
168	151,0.00719104593243	(168, 0.0058447343467930889)
168	38,0.00736626322593	(168, 0.0058447343467930889)
168	117,0.00785847904174	(168, 0.0058447343467930889)
169	156,0.00767910427465	(169, 0.0084176107933543205)
169	169,0.00841761079335	(169, 0.0084176107933543205)
169	73,0.00945986335208	(169, 0.0084176107933543205)
169	109,0.0098921320502	(169, 0.0084176107933543205)
169	99,0.00999264205723	(169, 0.0084176107933543205)
169	144,0.0103132119559	(169, 0.0084176107933543205)
169	84,0.0106029845905	(169, 0.0084176107933543205)
169	27,0.0112831836664	(169, 0.0084176107933543205)
169	39,0.0115618407119	(169, 0.0084176107933543205)
169	124,0.0126213037139	(169, 0.0084176107933543205)
170	170,0.00649009503073	(170, 0.0064900950307341023)
170	99,0.00676868753437	(170, 0.0064900950307341023)
170	144,0.00831771148335	(170, 0.0064900950307341023)
170	84,0.00902032755479	(170, 0.0064900950307341023)
170	27,0.00911887787497	(170, 0.0064900950307341023)
170	109,0.00958586045903	(170, 0.0064900950307341023)
170	19,0.00975209403254	(170, 0.0064900950307341023)
170	73,0.00992156918464	(170, 0.0064900950307341023)
170	0,0.0108243813293	(170, 0.0064900950307341023)
170	140,0.0114435333311	(170, 0.0064900950307341023)
171	156,0.00712078068439	(171, 0.02112716393341646)
171	27,0.00752884266055	(171, 0.02112716393341646)
171	32,0.0075736283676	(171, 0.02112716393341646)
171	73,0.00869581536705	(171, 0.02112716393341646)
171	164,0.00917142358181	(171, 0.02112716393341646)
171	107,0.00919609649113	(171, 0.02112716393341646)
171	19,0.0110659025862	(171, 0.02112716393341646)
171	144,0.0115338765248	(171, 0.02112716393341646)
171	51,0.0116428822099	(171, 0.02112716393341646)
171	169,0.0118911827899	(171, 0.02112716393341646)
172	172,0.00173564436814	(172, 0.0017356443681381408)
172	3,0.00312841237667	(172, 0.0017356443681381408)
172	137,0.00328517917901	(172, 0.0017356443681381408)
172	17,0.00359692719017	(172, 0.0017356443681381408)
172	90,0.00407150345905	(172, 0.0017356443681381408)
172	77,0.00426809434012	(172, 0.0017356443681381408)
172	37,0.0044700708125	(172, 0.0017356443681381408)
172	81,0.0044840616963	(172, 0.0017356443681381408)
172	136,0.00453421932328	(172, 0.0017356443681381408)
172	171,0.00530014978005	(172, 0.0017356443681381408)
173	107,0.00719776526854	(173, 0.011730154686258458)
173	158,0.00723640253715	(173, 0.011730154686258458)
173	27,0.00735393875835	(173, 0.011730154686258458)
173	38,0.00761483062917	(173, 0.011730154686258458)
173	24,0.00802691961473	(173, 0.011730154686258458)
173	128,0.00917422424856	(173, 0.011730154686258458)
173	156,0.00933531798624	(173, 0.011730154686258458)
173	78,0.00942006749721	(173, 0.011730154686258458)
173	61,0.00987344525443	(173, 0.011730154686258458)
173	87,0.0103943818714	(173, 0.011730154686258458)
174	174,0.00283564552146	(174, 0.0028356455214616954)
174	15,0.00435652835889	(174, 0.0028356455214616954)
174	56,0.00466416825996	(174, 0.0028356455214616954)
174	17,0.0056333571351	(174, 0.0028356455214616954)
174	120,0.00603551895246	(174, 0.0028356455214616954)
174	69,0.0061415150787	(174, 0.0028356455214616954)
174	172,0.00659255855234	(174, 0.0028356455214616954)
174	154,0.00681220054625	(174, 0.0028356455214616954)
174	4,0.00682868842941	(174, 0.0028356455214616954)
174	2,0.00765251640487	(174, 0.0028356455214616954)
