0	0,0.0379623499776	(0, 0.037962349977554634)
0	84,0.0755804405554	(0, 0.037962349977554634)
0	38,0.0786172988691	(0, 0.037962349977554634)
0	99,0.0818886272286	(0, 0.037962349977554634)
0	173,0.0819849675098	(0, 0.037962349977554634)
0	109,0.0829311042751	(0, 0.037962349977554634)
0	170,0.0922303691693	(0, 0.037962349977554634)
0	138,0.0972958240655	(0, 0.037962349977554634)
0	27,0.0990527331054	(0, 0.037962349977554634)
0	144,0.0994344027019	(0, 0.037962349977554634)
1	1,0.0250268046279	(1, 0.0250268046279041)
1	103,0.0382035288826	(1, 0.0250268046279041)
1	102,0.0423096644359	(1, 0.0250268046279041)
1	28,0.0481760401054	(1, 0.0250268046279041)
1	114,0.0492298618747	(1, 0.0250268046279041)
1	91,0.0496472926726	(1, 0.0250268046279041)
1	153,0.0508923542387	(1, 0.0250268046279041)
1	155,0.0531480504467	(1, 0.0250268046279041)
1	41,0.0586190651186	(1, 0.0250268046279041)
1	53,0.0592676948336	(1, 0.0250268046279041)
2	154,0.0312906675579	(2, 0.051915638690969892)
2	4,0.0322747754919	(2, 0.051915638690969892)
2	69,0.0427250730114	(2, 0.051915638690969892)
2	174,0.043061893823	(2, 0.051915638690969892)
2	40,0.0439874388765	(2, 0.051915638690969892)
2	172,0.0501330302269	(2, 0.051915638690969892)
2	2,0.051915638691	(2, 0.051915638690969892)
2	25,0.0631760830947	(2, 0.051915638690969892)
2	148,0.0644662874294	(2, 0.051915638690969892)
2	116,0.0657149256309	(2, 0.051915638690969892)
3	3,0.0125082790689	(3, 0.012508279068899557)
3	63,0.017904865044	(3, 0.012508279068899557)
3	132,0.0251622774087	(3, 0.012508279068899557)
3	81,0.0261337550786	(3, 0.012508279068899557)
3	162,0.0275102102177	(3, 0.012508279068899557)
3	11,0.027579675622	(3, 0.012508279068899557)
3	150,0.0282806718751	(3, 0.012508279068899557)
3	147,0.0285298628202	(3, 0.012508279068899557)
3	121,0.0285634514899	(3, 0.012508279068899557)
3	151,0.0291825558818	(3, 0.012508279068899557)
4	172,0.0232367661601	(4, 0.034883965653614617)
4	13,0.0279117556615	(4, 0.034883965653614617)
4	37,0.0307781505853	(4, 0.034883965653614617)
4	17,0.0318056149229	(4, 0.034883965653614617)
4	40,0.0331609213036	(4, 0.034883965653614617)
4	4,0.0348839656536	(4, 0.034883965653614617)
4	69,0.0356343908267	(4, 0.034883965653614617)
4	77,0.0360476911143	(4, 0.034883965653614617)
4	3,0.0380336990691	(4, 0.034883965653614617)
4	120,0.0406246459131	(4, 0.034883965653614617)
5	73,0.027662083935	(5, 0.10561805714191479)
5	93,0.0498330876948	(5, 0.10561805714191479)
5	107,0.0518900792281	(5, 0.10561805714191479)
5	124,0.0544310820444	(5, 0.10561805714191479)
5	78,0.0544912066899	(5, 0.10561805714191479)
5	128,0.056237798567	(5, 0.10561805714191479)
5	26,0.0578515919013	(5, 0.10561805714191479)
5	101,0.059084184877	(5, 0.10561805714191479)
5	1,0.0610691713963	(5, 0.10561805714191479)
5	158,0.0622502116167	(5, 0.10561805714191479)
6	139,0.0164788064508	(6, 0.024859354986220366)
6	46,0.0198080171145	(6, 0.024859354986220366)
6	6,0.0248593549862	(6, 0.024859354986220366)
6	22,0.0265840862616	(6, 0.024859354986220366)
6	76,0.0286829248534	(6, 0.024859354986220366)
6	18,0.0302439411485	(6, 0.024859354986220366)
6	158,0.0311231455739	(6, 0.024859354986220366)
6	171,0.0328113254039	(6, 0.024859354986220366)
6	132,0.0342221323703	(6, 0.024859354986220366)
6	35,0.0353291437534	(6, 0.024859354986220366)
7	66,0.108942077312	(7, 0.21007029796292281)
7	167,0.169661673659	(7, 0.21007029796292281)
7	169,0.174699764668	(7, 0.21007029796292281)
7	51,0.178096853866	(7, 0.21007029796292281)
7	32,0.18328093655	(7, 0.21007029796292281)
7	80,0.187680916787	(7, 0.21007029796292281)
7	133,0.199545777591	(7, 0.21007029796292281)
7	160,0.20829248398	(7, 0.21007029796292281)
7	7,0.210070297963	(7, 0.21007029796292281)
7	149,0.215362560818	(7, 0.21007029796292281)
8	11,0.0289250183884	(8, 0.037923490455971008)
8	121,0.0304872519121	(8, 0.037923490455971008)
8	73,0.0366888890115	(8, 0.037923490455971008)
8	162,0.0373506312586	(8, 0.037923490455971008)
8	71,0.0375984067366	(8, 0.037923490455971008)
8	8,0.037923490456	(8, 0.037923490455971008)
8	78,0.0419599265513	(8, 0.037923490455971008)
8	70,0.04222966844	(8, 0.037923490455971008)
8	3,0.0427990156251	(8, 0.037923490455971008)
8	18,0.0432071327276	(8, 0.037923490455971008)
9	9,0.0546441034566	(9, 0.054644103456596427)
9	114,0.0964879188694	(9, 0.054644103456596427)
9	155,0.0986786147919	(9, 0.054644103456596427)
9	124,0.112758612922	(9, 0.054644103456596427)
9	53,0.114963369513	(9, 0.054644103456596427)
9	91,0.116680427668	(9, 0.054644103456596427)
9	28,0.135805904186	(9, 0.054644103456596427)
9	41,0.135987240432	(9, 0.054644103456596427)
9	65,0.14449571666	(9, 0.054644103456596427)
9	16,0.146009528	(9, 0.054644103456596427)
10	10,0.0616269268982	(10, 0.061626926898227428)
10	47,0.0797880558086	(10, 0.061626926898227428)
10	167,0.149651636134	(10, 0.061626926898227428)
10	99,0.155913365617	(10, 0.061626926898227428)
10	173,0.158315010276	(10, 0.061626926898227428)
10	84,0.159265878176	(10, 0.061626926898227428)
10	14,0.171534880008	(10, 0.061626926898227428)
10	166,0.171894692144	(10, 0.061626926898227428)
10	138,0.172041151647	(10, 0.061626926898227428)
10	19,0.173231400172	(10, 0.061626926898227428)
11	11,0.012930759464	(11, 0.012930759464009695)
11	119,0.0290824968136	(11, 0.012930759464009695)
11	81,0.0302178115399	(11, 0.012930759464009695)
11	96,0.0351188163259	(11, 0.012930759464009695)
11	115,0.0352477725152	(11, 0.012930759464009695)
11	3,0.0356668892592	(11, 0.012930759464009695)
11	37,0.0363140838668	(11, 0.012930759464009695)
11	112,0.0419308044856	(11, 0.012930759464009695)
11	71,0.042011579545	(11, 0.012930759464009695)
11	13,0.0448049861275	(11, 0.012930759464009695)
12	22,0.0195537861803	(12, 0.020275935674759004)
12	12,0.0202759356748	(12, 0.020275935674759004)
12	76,0.0216507520472	(12, 0.020275935674759004)
12	121,0.0218845117623	(12, 0.020275935674759004)
12	126,0.0220208058309	(12, 0.020275935674759004)
12	151,0.0227290957336	(12, 0.020275935674759004)
12	18,0.0253554199834	(12, 0.020275935674759004)
12	132,0.0262179095493	(12, 0.020275935674759004)
12	63,0.0282404553851	(12, 0.020275935674759004)
12	86,0.0282849127346	(12, 0.020275935674759004)
13	11,0.0203418738291	(13, 0.03131934997227221)
13	172,0.0226228207961	(13, 0.03131934997227221)
13	3,0.0227466239122	(13, 0.03131934997227221)
13	162,0.0244088526432	(13, 0.03131934997227221)
13	17,0.0248762625065	(13, 0.03131934997227221)
13	37,0.0266991953459	(13, 0.03131934997227221)
13	77,0.0272533339004	(13, 0.03131934997227221)
13	90,0.0273157310695	(13, 0.03131934997227221)
13	136,0.0273946048875	(13, 0.03131934997227221)
13	81,0.0280631057591	(13, 0.03131934997227221)
14	14,0.0262793136496	(14, 0.026279313649644875)
14	72,0.0312382143812	(14, 0.026279313649644875)
14	159,0.0365386851355	(14, 0.026279313649644875)
14	144,0.0496138615814	(14, 0.026279313649644875)
14	109,0.0498445070474	(14, 0.026279313649644875)
14	123,0.0508319325363	(14, 0.026279313649644875)
14	84,0.0531383235723	(14, 0.026279313649644875)
14	145,0.0534284712282	(14, 0.026279313649644875)
14	131,0.0552821561987	(14, 0.026279313649644875)
14	116,0.0569081869309	(14, 0.026279313649644875)
15	15,0.0216664032601	(15, 0.021666403260099075)
15	17,0.0293188212218	(15, 0.021666403260099075)
15	49,0.0395287132498	(15, 0.021666403260099075)
15	161,0.039888931168	(15, 0.021666403260099075)
15	77,0.0407688984899	(15, 0.021666403260099075)
15	59,0.0416103773699	(15, 0.021666403260099075)
15	100,0.0427888144912	(15, 0.021666403260099075)
15	34,0.0433549009633	(15, 0.021666403260099075)
15	174,0.0434378169638	(15, 0.021666403260099075)
15	4,0.0471291689621	(15, 0.021666403260099075)
16	170,0.0424998879701	(16, 0.04579952706571231)
16	16,0.0457995270657	(16, 0.04579952706571231)
16	19,0.0575073760927	(16, 0.04579952706571231)
16	0,0.0593053307946	(16, 0.04579952706571231)
16	144,0.0658967922899	(16, 0.04579952706571231)
16	101,0.0686964155434	(16, 0.04579952706571231)
16	114,0.0713550574498	(16, 0.04579952706571231)
16	27,0.0719215374556	(16, 0.04579952706571231)
16	73,0.0728818484671	(16, 0.04579952706571231)
16	78,0.0738396276421	(16, 0.04579952706571231)
17	17,0.0133348253482	(17, 0.013334825348190237)
17	172,0.0184659548089	(17, 0.013334825348190237)
17	77,0.026408334884	(17, 0.013334825348190237)
17	100,0.0285425848603	(17, 0.013334825348190237)
17	143,0.0294652201203	(17, 0.013334825348190237)
17	49,0.0316760020639	(17, 0.013334825348190237)
17	37,0.0320920767486	(17, 0.013334825348190237)
17	136,0.0330449892779	(17, 0.013334825348190237)
17	90,0.0334853357983	(17, 0.013334825348190237)
17	3,0.0349352137814	(17, 0.013334825348190237)
18	18,0.0159654328195	(18, 0.015965432819518687)
18	121,0.0198231085957	(18, 0.015965432819518687)
18	88,0.0211285212384	(18, 0.015965432819518687)
18	22,0.0217141678899	(18, 0.015965432819518687)
18	76,0.0248442071121	(18, 0.015965432819518687)
18	61,0.0250071322936	(18, 0.015965432819518687)
18	35,0.0259536007611	(18, 0.015965432819518687)
18	139,0.0264431189212	(18, 0.015965432819518687)
18	132,0.0267504926503	(18, 0.015965432819518687)
18	23,0.029048384725	(18, 0.015965432819518687)
19	19,0.0498027219593	(19, 0.049802721959319014)
19	27,0.0553252694874	(19, 0.049802721959319014)
19	43,0.0634979965909	(19, 0.049802721959319014)
19	99,0.0645703383289	(19, 0.049802721959319014)
19	84,0.0817826319833	(19, 0.049802721959319014)
19	32,0.0824637061562	(19, 0.049802721959319014)
19	107,0.0840511903073	(19, 0.049802721959319014)
19	164,0.0885065336184	(19, 0.049802721959319014)
19	39,0.0891562635183	(19, 0.049802721959319014)
19	138,0.0912917881129	(19, 0.049802721959319014)
20	73,0.0366942044075	(20, 0.039322553230809992)
20	20,0.0393225532308	(20, 0.039322553230809992)
20	124,0.0423472415974	(20, 0.039322553230809992)
20	93,0.0508828698607	(20, 0.039322553230809992)
20	89,0.0512950707625	(20, 0.039322553230809992)
20	109,0.0545181765262	(20, 0.039322553230809992)
20	1,0.054680888426	(20, 0.039322553230809992)
20	128,0.0553401005528	(20, 0.039322553230809992)
20	157,0.0577363620518	(20, 0.039322553230809992)
20	78,0.060280944738	(20, 0.039322553230809992)
21	121,0.0191606954311	(21, 0.0347228702414328)
21	71,0.0213239480611	(21, 0.0347228702414328)
21	11,0.0222478459882	(21, 0.0347228702414328)
21	162,0.0223242162406	(21, 0.0347228702414328)
21	117,0.0228283803259	(21, 0.0347228702414328)
21	22,0.0314316222878	(21, 0.0347228702414328)
21	70,0.0315209405715	(21, 0.0347228702414328)
21	23,0.032116964161	(21, 0.0347228702414328)
21	76,0.0325517836102	(21, 0.0347228702414328)
21	63,0.0335489711651	(21, 0.0347228702414328)
22	22,0.0168631388265	(22, 0.016863138826507282)
22	117,0.0190282195985	(22, 0.016863138826507282)
22	139,0.0200576468636	(22, 0.016863138826507282)
22	76,0.0224902664473	(22, 0.016863138826507282)
22	132,0.0230351540191	(22, 0.016863138826507282)
22	46,0.0242909463238	(22, 0.016863138826507282)
22	81,0.0259489620837	(22, 0.016863138826507282)
22	3,0.02638299624	(22, 0.016863138826507282)
22	18,0.0276638202441	(22, 0.016863138826507282)
22	121,0.0280475221552	(22, 0.016863138826507282)
23	23,0.010841851037	(23, 0.010841851036964443)
23	61,0.0131817246351	(23, 0.010841851036964443)
23	26,0.0285312219418	(23, 0.010841851036964443)
23	121,0.0330466020744	(23, 0.010841851036964443)
23	78,0.0349865623312	(23, 0.010841851036964443)
23	63,0.0362640583096	(23, 0.010841851036964443)
23	162,0.0378794696418	(23, 0.010841851036964443)
23	76,0.0383143646776	(23, 0.010841851036964443)
23	147,0.042326126006	(23, 0.010841851036964443)
23	70,0.0463710008088	(23, 0.010841851036964443)
24	24,0.0201470294751	(24, 0.020147029475142495)
24	107,0.044198354447	(24, 0.020147029475142495)
24	27,0.0465658898393	(24, 0.020147029475142495)
24	61,0.0546797431716	(24, 0.020147029475142495)
24	135,0.0563265738959	(24, 0.020147029475142495)
24	158,0.0573481473978	(24, 0.020147029475142495)
24	50,0.0582482032131	(24, 0.020147029475142495)
24	73,0.0593800896351	(24, 0.020147029475142495)
24	22,0.0623766729014	(24, 0.020147029475142495)
24	12,0.0624123729611	(24, 0.020147029475142495)
25	69,0.0191239967713	(25, 0.022264331413343306)
25	25,0.0222643314133	(25, 0.022264331413343306)
25	40,0.02405756006	(25, 0.022264331413343306)
25	15,0.032261749367	(25, 0.022264331413343306)
25	4,0.0325127117913	(25, 0.022264331413343306)
25	148,0.0345555515453	(25, 0.022264331413343306)
25	79,0.0449691366105	(25, 0.022264331413343306)
25	154,0.046449248595	(25, 0.022264331413343306)
25	17,0.0505104416819	(25, 0.022264331413343306)
25	56,0.0506754959947	(25, 0.022264331413343306)
26	18,0.0191454974529	(26, 0.046284785628097028)
26	76,0.0198491919548	(26, 0.046284785628097028)
26	63,0.0200681612289	(26, 0.046284785628097028)
26	151,0.0212957198932	(26, 0.046284785628097028)
26	121,0.0231698965211	(26, 0.046284785628097028)
26	117,0.023478366768	(26, 0.046284785628097028)
26	3,0.023493279	(26, 0.046284785628097028)
26	11,0.0245054966406	(26, 0.046284785628097028)
26	147,0.0249108376336	(26, 0.046284785628097028)
26	132,0.0253967451577	(26, 0.046284785628097028)
27	78,0.0397421253631	(27, 0.045254936264208769)
27	73,0.041983118955	(27, 0.045254936264208769)
27	170,0.0444014336823	(27, 0.045254936264208769)
27	61,0.0450551629431	(27, 0.045254936264208769)
27	27,0.0452549362642	(27, 0.045254936264208769)
27	26,0.0462311731405	(27, 0.045254936264208769)
27	121,0.0464972841231	(27, 0.045254936264208769)
27	101,0.0477574612214	(27, 0.045254936264208769)
27	107,0.0487207644514	(27, 0.045254936264208769)
27	128,0.0507882003838	(27, 0.045254936264208769)
28	1,0.0326310962641	(28, 0.047106639140795561)
28	13,0.0372546983432	(28, 0.047106639140795561)
28	73,0.039129925216	(28, 0.047106639140795561)
28	3,0.0435248680207	(28, 0.047106639140795561)
28	28,0.0471066391408	(28, 0.047106639140795561)
28	53,0.0475710273134	(28, 0.047106639140795561)
28	26,0.0498367050031	(28, 0.047106639140795561)
28	155,0.0513301357705	(28, 0.047106639140795561)
28	121,0.0520294768037	(28, 0.047106639140795561)
28	93,0.0531178308307	(28, 0.047106639140795561)
29	29,0.0194423802746	(29, 0.019442380274603478)
29	77,0.02430142837	(29, 0.019442380274603478)
29	71,0.0335244305834	(29, 0.019442380274603478)
29	135,0.0346967924236	(29, 0.019442380274603478)
29	73,0.0385161866818	(29, 0.019442380274603478)
29	13,0.0395574057564	(29, 0.019442380274603478)
29	76,0.0402032152122	(29, 0.019442380274603478)
29	172,0.0422819005727	(29, 0.019442380274603478)
29	11,0.0423102474883	(29, 0.019442380274603478)
29	1,0.0423294221187	(29, 0.019442380274603478)
30	30,0.0556365055267	(30, 0.055636505526650865)
30	103,0.0700124855388	(30, 0.055636505526650865)
30	1,0.0768194275237	(30, 0.055636505526650865)
30	91,0.0798077471831	(30, 0.055636505526650865)
30	28,0.0832221099786	(30, 0.055636505526650865)
30	153,0.0834265372394	(30, 0.055636505526650865)
30	102,0.0865435173356	(30, 0.055636505526650865)
30	114,0.0867304222113	(30, 0.055636505526650865)
30	95,0.0911245808563	(30, 0.055636505526650865)
30	53,0.0916022054407	(30, 0.055636505526650865)
31	31,0.0596791486303	(31, 0.05967914863030746)
31	166,0.0597079221698	(31, 0.05967914863030746)
31	69,0.079469595139	(31, 0.05967914863030746)
31	116,0.0798129724058	(31, 0.05967914863030746)
31	72,0.0799256122121	(31, 0.05967914863030746)
31	124,0.0803908749222	(31, 0.05967914863030746)
31	104,0.0861267479943	(31, 0.05967914863030746)
31	123,0.0879396361414	(31, 0.05967914863030746)
31	131,0.0892645226783	(31, 0.05967914863030746)
31	4,0.0905168127534	(31, 0.05967914863030746)
32	32,0.048828499568	(32, 0.048828499568041257)
32	156,0.0492038994329	(32, 0.048828499568041257)
32	27,0.0529017489536	(32, 0.048828499568041257)
32	164,0.0638105289302	(32, 0.048828499568041257)
32	73,0.0654207650886	(32, 0.048828499568041257)
32	107,0.0673625615194	(32, 0.048828499568041257)
32	50,0.068877068989	(32, 0.048828499568041257)
32	131,0.0810642519827	(32, 0.048828499568041257)
32	13,0.0861645690114	(32, 0.048828499568041257)
32	109,0.0874034014492	(32, 0.048828499568041257)
33	33,0.0415773152281	(33, 0.041577315228108813)
33	4,0.0629011791898	(33, 0.041577315228108813)
33	116,0.0637054909046	(33, 0.041577315228108813)
33	106,0.0648330817379	(33, 0.041577315228108813)
33	69,0.0652014367589	(33, 0.041577315228108813)
33	40,0.0754140527805	(33, 0.041577315228108813)
33	93,0.0760010196666	(33, 0.041577315228108813)
33	156,0.0770280018056	(33, 0.041577315228108813)
33	28,0.0781055949938	(33, 0.041577315228108813)
33	73,0.0790135676231	(33, 0.041577315228108813)
34	15,0.0233506477606	(34, 0.06251516370620086)
34	17,0.0267847816956	(34, 0.06251516370620086)
34	69,0.0269144410856	(34, 0.06251516370620086)
34	40,0.0308705184237	(34, 0.06251516370620086)
34	172,0.0338182936123	(34, 0.06251516370620086)
34	148,0.0343922343621	(34, 0.06251516370620086)
34	120,0.0355879151957	(34, 0.06251516370620086)
34	4,0.0359763326224	(34, 0.06251516370620086)
34	174,0.0372976584481	(34, 0.06251516370620086)
34	83,0.039568538824	(34, 0.06251516370620086)
35	35,0.0167689172954	(35, 0.016768917295449257)
35	88,0.0260214847665	(35, 0.016768917295449257)
35	18,0.0284160218057	(35, 0.016768917295449257)
35	12,0.0362706457484	(35, 0.016768917295449257)
35	22,0.0368116771716	(35, 0.016768917295449257)
35	139,0.0402486635417	(35, 0.016768917295449257)
35	38,0.0413582886974	(35, 0.016768917295449257)
35	158,0.0413888422932	(35, 0.016768917295449257)
35	128,0.04368792451	(35, 0.016768917295449257)
35	159,0.0438086189759	(35, 0.016768917295449257)
36	76,0.012530375093	(36, 0.015508740187500021)
36	46,0.0142318976462	(36, 0.015508740187500021)
36	147,0.0143770894158	(36, 0.015508740187500021)
36	36,0.0155087401875	(36, 0.015508740187500021)
36	18,0.0192561895283	(36, 0.015508740187500021)
36	63,0.0193249588347	(36, 0.015508740187500021)
36	171,0.0212348202013	(36, 0.015508740187500021)
36	150,0.0285423899164	(36, 0.015508740187500021)
36	88,0.0287773242326	(36, 0.015508740187500021)
36	22,0.0288581332973	(36, 0.015508740187500021)
37	37,0.0207535358792	(37, 0.020753535879213698)
37	11,0.0239862379265	(37, 0.020753535879213698)
37	3,0.0243827247287	(37, 0.020753535879213698)
37	100,0.0254408793765	(37, 0.020753535879213698)
37	77,0.027575014069	(37, 0.020753535879213698)
37	90,0.030187833769	(37, 0.020753535879213698)
37	21,0.0326244078281	(37, 0.020753535879213698)
37	70,0.0348316634056	(37, 0.020753535879213698)
37	17,0.0364889179696	(37, 0.020753535879213698)
37	143,0.0371662843478	(37, 0.020753535879213698)
38	38,0.0175407470253	(38, 0.017540747025264161)
38	12,0.0359450922971	(38, 0.017540747025264161)
38	55,0.0426104996962	(38, 0.017540747025264161)
38	14,0.0430000174564	(38, 0.017540747025264161)
38	43,0.0529889219327	(38, 0.017540747025264161)
38	107,0.0540354185666	(38, 0.017540747025264161)
38	105,0.0569164252524	(38, 0.017540747025264161)
38	50,0.0572506765705	(38, 0.017540747025264161)
38	61,0.0585202581144	(38, 0.017540747025264161)
38	128,0.0593270908363	(38, 0.017540747025264161)
39	39,0.0384947070845	(39, 0.038494707084483583)
39	84,0.0757275281792	(39, 0.038494707084483583)
39	169,0.0777202829562	(39, 0.038494707084483583)
39	51,0.0784578739896	(39, 0.038494707084483583)
39	156,0.0789586180133	(39, 0.038494707084483583)
39	101,0.0791678330265	(39, 0.038494707084483583)
39	99,0.0826278492444	(39, 0.038494707084483583)
39	27,0.0828695769593	(39, 0.038494707084483583)
39	107,0.0842855750702	(39, 0.038494707084483583)
39	73,0.0897842056193	(39, 0.038494707084483583)
40	40,0.0153333235866	(40, 0.015333323586566899)
40	69,0.023363074445	(40, 0.015333323586566899)
40	79,0.0295479739926	(40, 0.015333323586566899)
40	4,0.029902213166	(40, 0.015333323586566899)
40	172,0.0304859403228	(40, 0.015333323586566899)
40	148,0.0335689607084	(40, 0.015333323586566899)
40	17,0.0384774379476	(40, 0.015333323586566899)
40	15,0.0402804080384	(40, 0.015333323586566899)
40	25,0.0405733231007	(40, 0.015333323586566899)
40	77,0.0405886452372	(40, 0.015333323586566899)
41	41,0.0188789667765	(41, 0.018878966776503747)
41	155,0.0336926863812	(41, 0.018878966776503747)
41	20,0.0526389836623	(41, 0.018878966776503747)
41	1,0.0540876035956	(41, 0.018878966776503747)
41	91,0.0616608994854	(41, 0.018878966776503747)
41	124,0.0655134288765	(41, 0.018878966776503747)
41	101,0.0705673274108	(41, 0.018878966776503747)
41	102,0.0724363416691	(41, 0.018878966776503747)
41	53,0.0756307403536	(41, 0.018878966776503747)
41	114,0.0757088877995	(41, 0.018878966776503747)
42	163,0.0664173816057	(42, 0.14050255923145608)
42	69,0.0719873006449	(42, 0.14050255923145608)
42	28,0.0842391750443	(42, 0.14050255923145608)
42	53,0.0857307013304	(42, 0.14050255923145608)
42	34,0.0891173068526	(42, 0.14050255923145608)
42	140,0.0905304761515	(42, 0.14050255923145608)
42	118,0.0908017735538	(42, 0.14050255923145608)
42	97,0.0945032150967	(42, 0.14050255923145608)
42	4,0.0969350772565	(42, 0.14050255923145608)
42	44,0.10119090525	(42, 0.14050255923145608)
43	22,0.0241152292434	(43, 0.047669075348293052)
43	12,0.0248648986705	(43, 0.047669075348293052)
43	121,0.0265906768555	(43, 0.047669075348293052)
43	128,0.0271816986732	(43, 0.047669075348293052)
43	78,0.0297834877297	(43, 0.047669075348293052)
43	158,0.0301815909796	(43, 0.047669075348293052)
43	61,0.0307778666096	(43, 0.047669075348293052)
43	18,0.0317816485749	(43, 0.047669075348293052)
43	50,0.0339080487616	(43, 0.047669075348293052)
43	107,0.0343152532437	(43, 0.047669075348293052)
44	109,0.039845508675	(44, 0.1381208753116078)
44	124,0.0400143037432	(44, 0.1381208753116078)
44	116,0.0409211177368	(44, 0.1381208753116078)
44	93,0.0447683737784	(44, 0.1381208753116078)
44	73,0.0467989355878	(44, 0.1381208753116078)
44	144,0.0489123464742	(44, 0.1381208753116078)
44	159,0.0544181294901	(44, 0.1381208753116078)
44	12,0.0544463023481	(44, 0.1381208753116078)
44	84,0.0566767080749	(44, 0.1381208753116078)
44	115,0.059307624857	(44, 0.1381208753116078)
45	45,0.0574956778185	(45, 0.057495677818535207)
45	130,0.0776668579011	(45, 0.057495677818535207)
45	94,0.081487596028	(45, 0.057495677818535207)
45	133,0.085425717981	(45, 0.057495677818535207)
45	129,0.0943991157133	(45, 0.057495677818535207)
45	34,0.10029866103	(45, 0.057495677818535207)
45	98,0.109502103779	(45, 0.057495677818535207)
45	53,0.110797313908	(45, 0.057495677818535207)
45	83,0.111277969053	(45, 0.057495677818535207)
45	155,0.118072727827	(45, 0.057495677818535207)
46	46,0.00939089938457	(46, 0.0093908993845708416)
46	36,0.0140282317498	(46, 0.0093908993845708416)
46	171,0.0165731081055	(46, 0.0093908993845708416)
46	76,0.0204036737538	(46, 0.0093908993845708416)
46	137,0.0204950701252	(46, 0.0093908993845708416)
46	147,0.0276851564216	(46, 0.0093908993845708416)
46	63,0.0278174817834	(46, 0.0093908993845708416)
46	139,0.0288422289384	(46, 0.0093908993845708416)
46	146,0.0292101075331	(46, 0.0093908993845708416)
46	18,0.0295924202676	(46, 0.0093908993845708416)
47	99,0.062307184346	(47, 0.08157577775699261)
47	10,0.071306746502	(47, 0.08157577775699261)
47	27,0.0714690604557	(47, 0.08157577775699261)
47	19,0.0757656006145	(47, 0.08157577775699261)
47	47,0.081575777757	(47, 0.08157577775699261)
47	84,0.0841919590301	(47, 0.08157577775699261)
47	138,0.0846206896277	(47, 0.08157577775699261)
47	43,0.0856041585427	(47, 0.08157577775699261)
47	0,0.0963976921532	(47, 0.08157577775699261)
47	173,0.102640644277	(47, 0.08157577775699261)
48	56,0.0327411553372	(48, 0.037135504024866234)
48	120,0.0347682207025	(48, 0.037135504024866234)
48	69,0.0363848684831	(48, 0.037135504024866234)
48	48,0.0371355040249	(48, 0.037135504024866234)
48	97,0.0432693953429	(48, 0.037135504024866234)
48	40,0.0463113382757	(48, 0.037135504024866234)
48	4,0.0472585239142	(48, 0.037135504024866234)
48	174,0.0492640224603	(48, 0.037135504024866234)
48	124,0.0543126685448	(48, 0.037135504024866234)
48	15,0.0571498127256	(48, 0.037135504024866234)
49	49,0.0291226112304	(49, 0.029122611230402176)
49	59,0.0342943985404	(49, 0.029122611230402176)
49	98,0.0360091285061	(49, 0.029122611230402176)
49	15,0.0365033542268	(49, 0.029122611230402176)
49	77,0.0405912800363	(49, 0.029122611230402176)
49	172,0.0420464272451	(49, 0.029122611230402176)
49	100,0.0447416733977	(49, 0.029122611230402176)
49	17,0.0482818449576	(49, 0.029122611230402176)
49	83,0.0518797740644	(49, 0.029122611230402176)
49	174,0.0524407785672	(49, 0.029122611230402176)
50	50,0.0155462078696	(50, 0.015546207869561006)
50	12,0.0401216594963	(50, 0.015546207869561006)
50	107,0.0419222433612	(50, 0.015546207869561006)
50	158,0.0474846197099	(50, 0.015546207869561006)
50	171,0.0483384174135	(50, 0.015546207869561006)
50	128,0.050083810371	(50, 0.015546207869561006)
50	22,0.0518567454389	(50, 0.015546207869561006)
50	76,0.0519555050259	(50, 0.015546207869561006)
50	38,0.052620547821	(50, 0.015546207869561006)
50	46,0.0551341277115	(50, 0.015546207869561006)
51	124,0.0229095714593	(51, 0.11456752123183769)
51	155,0.0405830485582	(51, 0.11456752123183769)
51	73,0.0422150927993	(51, 0.11456752123183769)
51	53,0.0474934985852	(51, 0.11456752123183769)
51	157,0.0515784636288	(51, 0.11456752123183769)
51	93,0.0538491886579	(51, 0.11456752123183769)
51	1,0.0555420291433	(51, 0.11456752123183769)
51	28,0.0572382328495	(51, 0.11456752123183769)
51	41,0.0574610420655	(51, 0.11456752123183769)
51	13,0.0631174329983	(51, 0.11456752123183769)
52	53,0.0384740845148	(52, 0.13414137975528867)
52	44,0.0421936945633	(52, 0.13414137975528867)
52	155,0.049075702664	(52, 0.13414137975528867)
52	65,0.0511553418774	(52, 0.13414137975528867)
52	163,0.0521946215856	(52, 0.13414137975528867)
52	13,0.0535266879427	(52, 0.13414137975528867)
52	124,0.0536856078055	(52, 0.13414137975528867)
52	161,0.0584220439221	(52, 0.13414137975528867)
52	4,0.0599405941374	(52, 0.13414137975528867)
52	114,0.0613005041886	(52, 0.13414137975528867)
53	65,0.0252118969894	(53, 0.035012678761615429)
53	53,0.0350126787616	(53, 0.035012678761615429)
53	155,0.0399467019365	(53, 0.035012678761615429)
53	44,0.0410484253803	(53, 0.035012678761615429)
53	161,0.0482624812279	(53, 0.035012678761615429)
53	120,0.052460533802	(53, 0.035012678761615429)
53	163,0.0527205007032	(53, 0.035012678761615429)
53	114,0.0586347066746	(53, 0.035012678761615429)
53	113,0.0597467584086	(53, 0.035012678761615429)
53	34,0.0605368331659	(53, 0.035012678761615429)
54	136,0.0165413318633	(54, 0.029922858624547372)
54	54,0.0299228586245	(54, 0.029922858624547372)
54	162,0.0300959435356	(54, 0.029922858624547372)
54	3,0.0314190366715	(54, 0.029922858624547372)
54	11,0.0314627921501	(54, 0.029922858624547372)
54	71,0.031537515078	(54, 0.029922858624547372)
54	137,0.0325230002261	(54, 0.029922858624547372)
54	63,0.0335094635369	(54, 0.029922858624547372)
54	37,0.0344391826939	(54, 0.029922858624547372)
54	147,0.0346587855134	(54, 0.029922858624547372)
55	12,0.0246045156817	(55, 0.034795527956908948)
55	159,0.0327250043648	(55, 0.034795527956908948)
55	55,0.0347955279569	(55, 0.034795527956908948)
55	134,0.0349232189412	(55, 0.034795527956908948)
55	152,0.0368110663786	(55, 0.034795527956908948)
55	38,0.0390465655673	(55, 0.034795527956908948)
55	128,0.0396170959348	(55, 0.034795527956908948)
55	121,0.0408498686517	(55, 0.034795527956908948)
55	86,0.0417875472371	(55, 0.034795527956908948)
55	18,0.0418156048631	(55, 0.034795527956908948)
56	56,0.0231715891737	(56, 0.023171589173681142)
56	120,0.0333414081063	(56, 0.023171589173681142)
56	15,0.0344559100265	(56, 0.023171589173681142)
56	44,0.0497343951273	(56, 0.023171589173681142)
56	113,0.052028268566	(56, 0.023171589173681142)
56	2,0.0529776854346	(56, 0.023171589173681142)
56	69,0.0531900849721	(56, 0.023171589173681142)
56	174,0.0545006833847	(56, 0.023171589173681142)
56	4,0.0579136950558	(56, 0.023171589173681142)
56	17,0.0599016601254	(56, 0.023171589173681142)
57	57,0.0391632251356	(57, 0.039163225135618977)
57	122,0.0698674311579	(57, 0.039163225135618977)
57	15,0.0875221527296	(57, 0.039163225135618977)
57	174,0.0929618602481	(57, 0.039163225135618977)
57	56,0.0979696646834	(57, 0.039163225135618977)
57	113,0.107815338715	(57, 0.039163225135618977)
57	2,0.111974881148	(57, 0.039163225135618977)
57	120,0.112594541886	(57, 0.039163225135618977)
57	59,0.123900068427	(57, 0.039163225135618977)
57	108,0.128387887216	(57, 0.039163225135618977)
58	24,0.0320142708946	(58, 0.13581512002778853)
58	107,0.0386998521943	(58, 0.13581512002778853)
58	50,0.0431171199629	(58, 0.13581512002778853)
58	27,0.0440098031533	(58, 0.13581512002778853)
58	61,0.0531990741144	(58, 0.13581512002778853)
58	43,0.0573632980048	(58, 0.13581512002778853)
58	38,0.0576724302756	(58, 0.13581512002778853)
58	158,0.0590278608276	(58, 0.13581512002778853)
58	12,0.0598747278528	(58, 0.13581512002778853)
58	73,0.0609244990141	(58, 0.13581512002778853)
59	15,0.0704013405571	(59, 0.081513889710396442)
59	83,0.0711334962825	(59, 0.081513889710396442)
59	65,0.0738460487212	(59, 0.081513889710396442)
59	113,0.0754731757747	(59, 0.081513889710396442)
59	94,0.07740887347	(59, 0.081513889710396442)
59	59,0.0815138897104	(59, 0.081513889710396442)
59	130,0.0856090046268	(59, 0.081513889710396442)
59	120,0.091257200099	(59, 0.081513889710396442)
59	34,0.09424933299	(59, 0.081513889710396442)
59	44,0.0943598487758	(59, 0.081513889710396442)
60	60,0.0255545042334	(60, 0.025554504233371206)
60	40,0.029684510641	(60, 0.025554504233371206)
60	69,0.0319674853742	(60, 0.025554504233371206)
60	79,0.0358660029772	(60, 0.025554504233371206)
60	4,0.0437719061472	(60, 0.025554504233371206)
60	77,0.0458465434689	(60, 0.025554504233371206)
60	25,0.0468743695637	(60, 0.025554504233371206)
60	172,0.0469501321575	(60, 0.025554504233371206)
60	15,0.0483928819787	(60, 0.025554504233371206)
60	34,0.0498241077596	(60, 0.025554504233371206)
61	61,0.0174805944884	(61, 0.017480594488370298)
61	23,0.0190893758989	(61, 0.017480594488370298)
61	26,0.0238706988435	(61, 0.017480594488370298)
61	121,0.0241539766993	(61, 0.017480594488370298)
61	78,0.0283598419683	(61, 0.017480594488370298)
61	63,0.0284644860625	(61, 0.017480594488370298)
61	162,0.0294858781291	(61, 0.017480594488370298)
61	76,0.0294961316295	(61, 0.017480594488370298)
61	147,0.0321584105502	(61, 0.017480594488370298)
61	3,0.0326441844345	(61, 0.017480594488370298)
62	78,0.0321330454621	(62, 0.042840905752989787)
62	26,0.0342523695459	(62, 0.042840905752989787)
62	107,0.0377534620202	(62, 0.042840905752989787)
62	73,0.0409433518869	(62, 0.042840905752989787)
62	62,0.042840905753	(62, 0.042840905752989787)
62	61,0.0437985596584	(62, 0.042840905752989787)
62	158,0.0455833563193	(62, 0.042840905752989787)
62	22,0.0488964215138	(62, 0.042840905752989787)
62	121,0.0491875916661	(62, 0.042840905752989787)
62	128,0.0501805289255	(62, 0.042840905752989787)
63	3,0.0121686315627	(63, 0.022990674096519257)
63	77,0.0215896427077	(63, 0.022990674096519257)
63	63,0.0229906740965	(63, 0.022990674096519257)
63	11,0.0232242980698	(63, 0.022990674096519257)
63	162,0.0261207362607	(63, 0.022990674096519257)
63	37,0.0270472440401	(63, 0.022990674096519257)
63	136,0.0280224224019	(63, 0.022990674096519257)
63	81,0.029002118475	(63, 0.022990674096519257)
63	171,0.0295343681357	(63, 0.022990674096519257)
63	71,0.0313783161485	(63, 0.022990674096519257)
64	64,0.0910775298512	(64, 0.091077529851169056)
64	45,0.145321983173	(64, 0.091077529851169056)
64	130,0.154100468282	(64, 0.091077529851169056)
64	118,0.158477365126	(64, 0.091077529851169056)
64	133,0.169818440472	(64, 0.091077529851169056)
64	33,0.188611565819	(64, 0.091077529851169056)
64	34,0.206486621675	(64, 0.091077529851169056)
64	113,0.218442092538	(64, 0.091077529851169056)
64	94,0.21869651868	(64, 0.091077529851169056)
64	15,0.23815300184	(64, 0.091077529851169056)
65	65,0.0214130667092	(65, 0.021413066709165176)
65	161,0.0249828775891	(65, 0.021413066709165176)
65	83,0.0332500629467	(65, 0.021413066709165176)
65	68,0.0361001493853	(65, 0.021413066709165176)
65	155,0.0404623981177	(65, 0.021413066709165176)
65	59,0.0472922655254	(65, 0.021413066709165176)
65	1,0.0484044891064	(65, 0.021413066709165176)
65	44,0.0507414838722	(65, 0.021413066709165176)
65	13,0.0509713665207	(65, 0.021413066709165176)
65	120,0.0533666525836	(65, 0.021413066709165176)
66	66,0.0843139080582	(66, 0.084313908058155404)
66	130,0.166754081401	(66, 0.084313908058155404)
66	133,0.190106106214	(66, 0.084313908058155404)
66	140,0.203068157626	(66, 0.084313908058155404)
66	118,0.206497001415	(66, 0.084313908058155404)
66	91,0.227249411845	(66, 0.084313908058155404)
66	33,0.230675545282	(66, 0.084313908058155404)
66	141,0.245195869436	(66, 0.084313908058155404)
66	169,0.245974049092	(66, 0.084313908058155404)
66	53,0.255808573867	(66, 0.084313908058155404)
67	67,0.0597040039661	(67, 0.059704003966130216)
67	84,0.0688700100707	(67, 0.059704003966130216)
67	169,0.0703126322613	(67, 0.059704003966130216)
67	93,0.0764332250754	(67, 0.059704003966130216)
67	149,0.0848358623859	(67, 0.059704003966130216)
67	28,0.0850231211418	(67, 0.059704003966130216)
67	116,0.0876461650033	(67, 0.059704003966130216)
67	140,0.0908120448848	(67, 0.059704003966130216)
67	109,0.0915894819079	(67, 0.059704003966130216)
67	30,0.0924270728891	(67, 0.059704003966130216)
68	68,0.0231367954486	(68, 0.023136795448625947)
68	70,0.038758762033	(68, 0.023136795448625947)
68	23,0.0390704376329	(68, 0.023136795448625947)
68	61,0.0430915990546	(68, 0.023136795448625947)
68	63,0.0473978931131	(68, 0.023136795448625947)
68	162,0.0505804782267	(68, 0.023136795448625947)
68	26,0.0520078247804	(68, 0.023136795448625947)
68	147,0.052975810559	(68, 0.023136795448625947)
68	71,0.0574019007682	(68, 0.023136795448625947)
68	77,0.0574321103065	(68, 0.023136795448625947)
69	122,0.082413376078	(69, 0.11015670542469319)
69	174,0.0985145638518	(69, 0.11015670542469319)
69	15,0.0987170322735	(69, 0.11015670542469319)
69	2,0.108515571449	(69, 0.11015670542469319)
69	69,0.110156705425	(69, 0.11015670542469319)
69	48,0.112479865641	(69, 0.11015670542469319)
69	56,0.114403406374	(69, 0.11015670542469319)
69	154,0.116425642985	(69, 0.11015670542469319)
69	33,0.121474998118	(69, 0.11015670542469319)
69	4,0.12336885553	(69, 0.11015670542469319)
70	3,0.0253560911831	(70, 0.030771646814856484)
70	121,0.0257905514483	(70, 0.030771646814856484)
70	70,0.0307716468149	(70, 0.030771646814856484)
70	77,0.0315918442352	(70, 0.030771646814856484)
70	132,0.0329048068516	(70, 0.030771646814856484)
70	117,0.0339075527127	(70, 0.030771646814856484)
70	11,0.0340037945052	(70, 0.030771646814856484)
70	139,0.034605927728	(70, 0.030771646814856484)
70	81,0.0351150392581	(70, 0.030771646814856484)
70	22,0.0357375972992	(70, 0.030771646814856484)
71	91,0.0566943328087	(71, 0.1356381599359289)
71	133,0.0650269093508	(71, 0.1356381599359289)
71	101,0.0772109380029	(71, 0.1356381599359289)
71	41,0.0775468791197	(71, 0.1356381599359289)
71	102,0.080408629803	(71, 0.1356381599359289)
71	28,0.0860055040152	(71, 0.1356381599359289)
71	155,0.0862050299185	(71, 0.1356381599359289)
71	95,0.086373875002	(71, 0.1356381599359289)
71	1,0.0906558924544	(71, 0.1356381599359289)
71	53,0.0948666541836	(71, 0.1356381599359289)
72	174,0.0377417486885	(72, 0.23172504533957386)
72	17,0.0414083878951	(72, 0.23172504533957386)
72	172,0.0421378348193	(72, 0.23172504533957386)
72	148,0.0466258343571	(72, 0.23172504533957386)
72	143,0.0486156251785	(72, 0.23172504533957386)
72	40,0.0582385308831	(72, 0.23172504533957386)
72	77,0.0584457665605	(72, 0.23172504533957386)
72	100,0.0586205781493	(72, 0.23172504533957386)
72	3,0.0594165412506	(72, 0.23172504533957386)
72	49,0.0609064451264	(72, 0.23172504533957386)
73	73,0.0221666111197	(73, 0.022166611119672483)
73	13,0.0330760715884	(73, 0.022166611119672483)
73	124,0.0352178612964	(73, 0.022166611119672483)
73	157,0.0462507185147	(73, 0.022166611119672483)
73	53,0.0499665537925	(73, 0.022166611119672483)
73	27,0.0503906028482	(73, 0.022166611119672483)
73	109,0.0551893854599	(73, 0.022166611119672483)
73	93,0.0554294681438	(73, 0.022166611119672483)
73	41,0.0582485545971	(73, 0.022166611119672483)
73	101,0.0594084034464	(73, 0.022166611119672483)
74	17,0.017124456663	(74, 0.021622083697636636)
74	136,0.0188174168602	(74, 0.021622083697636636)
74	74,0.0216220836976	(74, 0.021622083697636636)
74	37,0.0218857573831	(74, 0.021622083697636636)
74	100,0.0249306386373	(74, 0.021622083697636636)
74	77,0.0251460006828	(74, 0.021622083697636636)
74	90,0.0255202872487	(74, 0.021622083697636636)
74	127,0.0281637663581	(74, 0.021622083697636636)
74	172,0.0345483185687	(74, 0.021622083697636636)
74	11,0.0360421271389	(74, 0.021622083697636636)
75	75,0.136955112621	(75, 0.13695511262127741)
75	167,0.160027701721	(75, 0.13695511262127741)
75	47,0.213280292979	(75, 0.13695511262127741)
75	10,0.220706789467	(75, 0.13695511262127741)
75	80,0.221241982704	(75, 0.13695511262127741)
75	99,0.228001926089	(75, 0.13695511262127741)
75	67,0.237983696957	(75, 0.13695511262127741)
75	84,0.244976022601	(75, 0.13695511262127741)
75	166,0.249563487986	(75, 0.13695511262127741)
75	85,0.250182168514	(75, 0.13695511262127741)
76	76,0.0112950633421	(76, 0.011295063342121419)
76	147,0.014216948881	(76, 0.011295063342121419)
76	63,0.0150954248756	(76, 0.011295063342121419)
76	137,0.0159429700229	(76, 0.011295063342121419)
76	171,0.0190181313415	(76, 0.011295063342121419)
76	3,0.0229106676874	(76, 0.011295063342121419)
76	46,0.0243111371007	(76, 0.011295063342121419)
76	22,0.0244821089002	(76, 0.011295063342121419)
76	18,0.0266195699453	(76, 0.011295063342121419)
76	36,0.0272520207443	(76, 0.011295063342121419)
77	90,0.0178506637546	(77, 0.021588627052425993)
77	162,0.0179743157912	(77, 0.021588627052425993)
77	136,0.0203603324876	(77, 0.021588627052425993)
77	3,0.0209063586922	(77, 0.021588627052425993)
77	11,0.0214288008198	(77, 0.021588627052425993)
77	77,0.0215886270524	(77, 0.021588627052425993)
77	63,0.0220788633899	(77, 0.021588627052425993)
77	147,0.0221864323018	(77, 0.021588627052425993)
77	137,0.0227763701326	(77, 0.021588627052425993)
77	37,0.0264063599525	(77, 0.021588627052425993)
78	151,0.0144885190606	(78, 0.027662280695833773)
78	63,0.016971532331	(78, 0.027662280695833773)
78	76,0.0179291789639	(78, 0.027662280695833773)
78	132,0.018879034434	(78, 0.027662280695833773)
78	22,0.0206264664312	(78, 0.027662280695833773)
78	18,0.0212731956068	(78, 0.027662280695833773)
78	121,0.0222179847346	(78, 0.027662280695833773)
78	147,0.0222752556372	(78, 0.027662280695833773)
78	78,0.0276622806958	(78, 0.027662280695833773)
78	61,0.0281983249972	(78, 0.027662280695833773)
79	69,0.0193517320733	(79, 0.020939285584941004)
79	4,0.01942628383	(79, 0.020939285584941004)
79	40,0.0203500634566	(79, 0.020939285584941004)
79	79,0.0209392855849	(79, 0.020939285584941004)
79	25,0.0376244593718	(79, 0.020939285584941004)
79	148,0.0407900111891	(79, 0.020939285584941004)
79	172,0.0413143029046	(79, 0.020939285584941004)
79	56,0.0421705457647	(79, 0.020939285584941004)
79	17,0.0425959897025	(79, 0.020939285584941004)
79	15,0.0471295032916	(79, 0.020939285584941004)
80	80,0.0661076567216	(80, 0.066107656721633073)
80	51,0.091388373372	(80, 0.066107656721633073)
80	167,0.101056602571	(80, 0.066107656721633073)
80	32,0.134837912802	(80, 0.066107656721633073)
80	39,0.181724620781	(80, 0.066107656721633073)
80	169,0.183023572915	(80, 0.066107656721633073)
80	27,0.191352279683	(80, 0.066107656721633073)
80	165,0.194976551904	(80, 0.066107656721633073)
80	160,0.200155273808	(80, 0.066107656721633073)
80	58,0.202992617046	(80, 0.066107656721633073)
81	81,0.0176438797295	(81, 0.017643879729507792)
81	3,0.0243043364149	(81, 0.017643879729507792)
81	132,0.0264801604757	(81, 0.017643879729507792)
81	22,0.0290457525722	(81, 0.017643879729507792)
81	11,0.0305324737198	(81, 0.017643879729507792)
81	117,0.0311050126846	(81, 0.017643879729507792)
81	121,0.0313274730991	(81, 0.017643879729507792)
81	77,0.031681434298	(81, 0.017643879729507792)
81	151,0.031894254531	(81, 0.017643879729507792)
81	76,0.0341808272021	(81, 0.017643879729507792)
82	12,0.0526713517721	(82, 0.087149895461940491)
82	38,0.0560953738704	(82, 0.087149895461940491)
82	27,0.057219973035	(82, 0.087149895461940491)
82	24,0.0573652797273	(82, 0.087149895461940491)
82	50,0.0607897708473	(82, 0.087149895461940491)
82	105,0.0610164776298	(82, 0.087149895461940491)
82	73,0.0619206075617	(82, 0.087149895461940491)
82	107,0.0632512566032	(82, 0.087149895461940491)
82	13,0.0642513853096	(82, 0.087149895461940491)
82	144,0.0653654555916	(82, 0.087149895461940491)
83	13,0.0251486542623	(83, 0.035029192512290738)
83	155,0.0295518521943	(83, 0.035029192512290738)
83	161,0.0314547782523	(83, 0.035029192512290738)
83	71,0.034098432304	(83, 0.035029192512290738)
83	11,0.0345509516606	(83, 0.035029192512290738)
83	83,0.0350291925123	(83, 0.035029192512290738)
83	65,0.0358006274517	(83, 0.035029192512290738)
83	17,0.0358817608851	(83, 0.035029192512290738)
83	120,0.0381199192767	(83, 0.035029192512290738)
83	3,0.0415395210541	(83, 0.035029192512290738)
84	67,0.0945512319089	(84, 0.095132477925090789)
84	84,0.0951324779251	(84, 0.095132477925090789)
84	169,0.103527151282	(84, 0.095132477925090789)
84	166,0.107259289159	(84, 0.095132477925090789)
84	140,0.125478611191	(84, 0.095132477925090789)
84	99,0.130968712068	(84, 0.095132477925090789)
84	149,0.142542844126	(84, 0.095132477925090789)
84	109,0.143801744696	(84, 0.095132477925090789)
84	156,0.149588478957	(84, 0.095132477925090789)
84	144,0.151181195291	(84, 0.095132477925090789)
85	67,0.075979044733	(85, 0.11872367900273374)
85	140,0.114187567262	(85, 0.11872367900273374)
85	85,0.118723679003	(85, 0.11872367900273374)
85	84,0.132096041898	(85, 0.11872367900273374)
85	166,0.133476293518	(85, 0.11872367900273374)
85	149,0.137949262724	(85, 0.11872367900273374)
85	169,0.146875343696	(85, 0.11872367900273374)
85	144,0.160126526739	(85, 0.11872367900273374)
85	99,0.164529628858	(85, 0.11872367900273374)
85	93,0.168580839438	(85, 0.11872367900273374)
86	86,0.0189340022801	(86, 0.018934002280145353)
86	137,0.0215040444228	(86, 0.018934002280145353)
86	162,0.0266277196205	(86, 0.018934002280145353)
86	117,0.0268695201745	(86, 0.018934002280145353)
86	3,0.0270469802585	(86, 0.018934002280145353)
86	150,0.027116380267	(86, 0.018934002280145353)
86	146,0.0275548029484	(86, 0.018934002280145353)
86	11,0.0287854755027	(86, 0.018934002280145353)
86	12,0.0288893374812	(86, 0.018934002280145353)
86	171,0.029489353029	(86, 0.018934002280145353)
87	26,0.032452403239	(87, 0.076283780131655182)
87	1,0.033490993324	(87, 0.076283780131655182)
87	121,0.0335101406374	(87, 0.076283780131655182)
87	78,0.0351643923093	(87, 0.076283780131655182)
87	23,0.0401727563165	(87, 0.076283780131655182)
87	71,0.0405535039875	(87, 0.076283780131655182)
87	61,0.0419638705055	(87, 0.076283780131655182)
87	41,0.043336372972	(87, 0.076283780131655182)
87	11,0.0439612818679	(87, 0.076283780131655182)
87	20,0.0460540586077	(87, 0.076283780131655182)
88	147,0.0167550331949	(88, 0.020246425066604162)
88	18,0.0168394155263	(88, 0.020246425066604162)
88	76,0.019036324554	(88, 0.020246425066604162)
88	88,0.0202464250666	(88, 0.020246425066604162)
88	63,0.0216400484971	(88, 0.020246425066604162)
88	46,0.0242773061858	(88, 0.020246425066604162)
88	22,0.0243167096271	(88, 0.020246425066604162)
88	171,0.0248761463069	(88, 0.020246425066604162)
88	132,0.0252437484417	(88, 0.020246425066604162)
88	117,0.0253296904773	(88, 0.020246425066604162)
89	124,0.0281812463561	(89, 0.039210879872064459)
89	155,0.0330715879168	(89, 0.039210879872064459)
89	53,0.0375554644481	(89, 0.039210879872064459)
89	89,0.0392108798721	(89, 0.039210879872064459)
89	1,0.0412171838884	(89, 0.039210879872064459)
89	73,0.0428105060827	(89, 0.039210879872064459)
89	71,0.0497512777631	(89, 0.039210879872064459)
89	20,0.0517386203894	(89, 0.039210879872064459)
89	161,0.0561474728398	(89, 0.039210879872064459)
89	120,0.0562002747494	(89, 0.039210879872064459)
90	90,0.0146755321518	(90, 0.01467553215180647)
90	11,0.0241479531129	(90, 0.01467553215180647)
90	162,0.024774591959	(90, 0.01467553215180647)
90	81,0.0268002181923	(90, 0.01467553215180647)
90	96,0.0273034147753	(90, 0.01467553215180647)
90	137,0.0273185746614	(90, 0.01467553215180647)
90	172,0.0286588068547	(90, 0.01467553215180647)
90	136,0.0304174398595	(90, 0.01467553215180647)
90	3,0.0311748853915	(90, 0.01467553215180647)
90	37,0.0314164976585	(90, 0.01467553215180647)
91	133,0.0453103464477	(91, 0.089251966268902569)
91	91,0.0892519662689	(91, 0.089251966268902569)
91	130,0.108292380955	(91, 0.089251966268902569)
91	103,0.138402535279	(91, 0.089251966268902569)
91	34,0.154785062029	(91, 0.089251966268902569)
91	102,0.15488661645	(91, 0.089251966268902569)
91	51,0.16031601474	(91, 0.089251966268902569)
91	66,0.161252195131	(91, 0.089251966268902569)
91	95,0.170382048091	(91, 0.089251966268902569)
91	155,0.1715718233	(91, 0.089251966268902569)
92	78,0.0239470018318	(92, 0.079529533095417437)
92	61,0.0305424611702	(92, 0.079529533095417437)
92	24,0.0340615521975	(92, 0.079529533095417437)
92	158,0.0353648225764	(92, 0.079529533095417437)
92	26,0.0367166430381	(92, 0.079529533095417437)
92	128,0.0368902085446	(92, 0.079529533095417437)
92	27,0.043813373024	(92, 0.079529533095417437)
92	107,0.0443616850301	(92, 0.079529533095417437)
92	23,0.0450966010724	(92, 0.079529533095417437)
92	22,0.0465959191533	(92, 0.079529533095417437)
93	22,0.0223411860804	(93, 0.032366038638810934)
93	132,0.0253309105615	(93, 0.032366038638810934)
93	158,0.0268914511251	(93, 0.032366038638810934)
93	128,0.0283041796903	(93, 0.032366038638810934)
93	76,0.0310674399666	(93, 0.032366038638810934)
93	93,0.0323660386388	(93, 0.032366038638810934)
93	12,0.0324260530437	(93, 0.032366038638810934)
93	121,0.0333437983642	(93, 0.032366038638810934)
93	78,0.0345705805544	(93, 0.032366038638810934)
93	3,0.0353713872685	(93, 0.032366038638810934)
94	94,0.0406797599081	(94, 0.040679759908134661)
94	83,0.0657627123111	(94, 0.040679759908134661)
94	155,0.0807176743962	(94, 0.040679759908134661)
94	59,0.0885809282574	(94, 0.040679759908134661)
94	15,0.094961934792	(94, 0.040679759908134661)
94	65,0.10318259544	(94, 0.040679759908134661)
94	45,0.103800851657	(94, 0.040679759908134661)
94	120,0.103879559413	(94, 0.040679759908134661)
94	161,0.104258013573	(94, 0.040679759908134661)
94	98,0.107644404087	(94, 0.040679759908134661)
95	99,0.0367189372368	(95, 0.09766181847066098)
95	107,0.0394059814798	(95, 0.09766181847066098)
95	43,0.0499889692904	(95, 0.09766181847066098)
95	78,0.0515797273535	(95, 0.09766181847066098)
95	128,0.0526120526355	(95, 0.09766181847066098)
95	138,0.0535984082333	(95, 0.09766181847066098)
95	19,0.0577138447361	(95, 0.09766181847066098)
95	27,0.0595688517218	(95, 0.09766181847066098)
95	39,0.0661766456975	(95, 0.09766181847066098)
95	55,0.0668452369198	(95, 0.09766181847066098)
96	96,0.0178957665877	(96, 0.017895766587658957)
96	13,0.0319698886375	(96, 0.017895766587658957)
96	162,0.0327772146791	(96, 0.017895766587658957)
96	11,0.0341676817185	(96, 0.017895766587658957)
96	17,0.0369050237103	(96, 0.017895766587658957)
96	119,0.0409880505378	(96, 0.017895766587658957)
96	161,0.0415071963303	(96, 0.017895766587658957)
96	112,0.0427402429083	(96, 0.017895766587658957)
96	143,0.0435419930988	(96, 0.017895766587658957)
96	90,0.0450434073776	(96, 0.017895766587658957)
97	172,0.0256658323502	(97, 0.051230906784256861)
97	40,0.0261822471543	(97, 0.051230906784256861)
97	69,0.0282715157103	(97, 0.051230906784256861)
97	17,0.0330230819883	(97, 0.051230906784256861)
97	120,0.0333384926487	(97, 0.051230906784256861)
97	4,0.0415006659731	(97, 0.051230906784256861)
97	3,0.0426594917626	(97, 0.051230906784256861)
97	79,0.0437449999334	(97, 0.051230906784256861)
97	37,0.045137408408	(97, 0.051230906784256861)
97	90,0.0462536601095	(97, 0.051230906784256861)
98	98,0.0187264811096	(98, 0.018726481109571157)
98	15,0.0321597544224	(98, 0.018726481109571157)
98	40,0.0335149852026	(98, 0.018726481109571157)
98	25,0.0394363801742	(98, 0.018726481109571157)
98	154,0.0422376566596	(98, 0.018726481109571157)
98	172,0.044054232594	(98, 0.018726481109571157)
98	49,0.0452647836118	(98, 0.018726481109571157)
98	174,0.0491394317567	(98, 0.018726481109571157)
98	4,0.0513612718894	(98, 0.018726481109571157)
98	69,0.0536431522359	(98, 0.018726481109571157)
99	93,0.0339664287259	(99, 0.050531494803064861)
99	73,0.0362605877594	(99, 0.050531494803064861)
99	144,0.0381803581663	(99, 0.050531494803064861)
99	128,0.0383919227968	(99, 0.050531494803064861)
99	78,0.039014531287	(99, 0.050531494803064861)
99	12,0.0401090120754	(99, 0.050531494803064861)
99	109,0.0402760584314	(99, 0.050531494803064861)
99	84,0.0420659029326	(99, 0.050531494803064861)
99	159,0.0426145216366	(99, 0.050531494803064861)
99	116,0.0438810957694	(99, 0.050531494803064861)
100	100,0.016152090237	(100, 0.016152090237000174)
100	77,0.0207123717883	(100, 0.016152090237000174)
100	21,0.0228786154269	(100, 0.016152090237000174)
100	90,0.0234876587165	(100, 0.016152090237000174)
100	37,0.0239705543553	(100, 0.016152090237000174)
100	74,0.0241786568409	(100, 0.016152090237000174)
100	136,0.0264702049653	(100, 0.016152090237000174)
100	11,0.0268176350036	(100, 0.016152090237000174)
100	3,0.0284457636343	(100, 0.016152090237000174)
100	127,0.0285399750842	(100, 0.016152090237000174)
101	73,0.0407509634117	(101, 0.041981776972296742)
101	101,0.0419817769723	(101, 0.041981776972296742)
101	13,0.0435234543978	(101, 0.041981776972296742)
101	1,0.0440738508149	(101, 0.041981776972296742)
101	124,0.0460150406706	(101, 0.041981776972296742)
101	29,0.0477943119609	(101, 0.041981776972296742)
101	60,0.0490908472658	(101, 0.041981776972296742)
101	77,0.0499831329804	(101, 0.041981776972296742)
101	81,0.0518076912453	(101, 0.041981776972296742)
101	69,0.0518973723758	(101, 0.041981776972296742)
102	91,0.0515780755156	(102, 0.062246602295199981)
102	114,0.0570633274481	(102, 0.062246602295199981)
102	41,0.0602563921225	(102, 0.062246602295199981)
102	102,0.0622466022952	(102, 0.062246602295199981)
102	101,0.0634617249286	(102, 0.062246602295199981)
102	155,0.0650381913804	(102, 0.062246602295199981)
102	1,0.0676449375466	(102, 0.062246602295199981)
102	110,0.0676767404212	(102, 0.062246602295199981)
102	103,0.0683207023629	(102, 0.062246602295199981)
102	53,0.0735168655175	(102, 0.062246602295199981)
103	103,0.0491399663207	(103, 0.049139966320731053)
103	73,0.0625328866988	(103, 0.049139966320731053)
103	93,0.0711060059965	(103, 0.049139966320731053)
103	91,0.0762362558921	(103, 0.049139966320731053)
103	101,0.0765896120445	(103, 0.049139966320731053)
103	51,0.078850628499	(103, 0.049139966320731053)
103	30,0.0791676327234	(103, 0.049139966320731053)
103	39,0.0802671206492	(103, 0.049139966320731053)
103	128,0.0868117784821	(103, 0.049139966320731053)
103	107,0.0879321195761	(103, 0.049139966320731053)
104	124,0.0260705900346	(104, 0.055869638303326585)
104	93,0.0369802899854	(104, 0.055869638303326585)
104	81,0.0437506264042	(104, 0.055869638303326585)
104	73,0.0443195512899	(104, 0.055869638303326585)
104	119,0.044642768265	(104, 0.055869638303326585)
104	115,0.04573868806	(104, 0.055869638303326585)
104	11,0.0478840786536	(104, 0.055869638303326585)
104	3,0.0522154549627	(104, 0.055869638303326585)
104	104,0.0558696383033	(104, 0.055869638303326585)
104	157,0.0571330208807	(104, 0.055869638303326585)
105	43,0.0422566897458	(105, 0.06453080258249147)
105	27,0.0444437443774	(105, 0.06453080258249147)
105	24,0.050577836368	(105, 0.06453080258249147)
105	19,0.0531415415724	(105, 0.06453080258249147)
105	107,0.0568692143973	(105, 0.06453080258249147)
105	99,0.0587435046646	(105, 0.06453080258249147)
105	38,0.0589355209654	(105, 0.06453080258249147)
105	50,0.0590206783469	(105, 0.06453080258249147)
105	105,0.0645308025825	(105, 0.06453080258249147)
105	12,0.0687335876041	(105, 0.06453080258249147)
106	106,0.0228589247346	(106, 0.022858924734595863)
106	116,0.0469031252884	(106, 0.022858924734595863)
106	157,0.051814044855	(106, 0.022858924734595863)
106	174,0.0540611459623	(106, 0.022858924734595863)
106	93,0.0560928564077	(106, 0.022858924734595863)
106	172,0.0586620195571	(106, 0.022858924734595863)
106	13,0.0635686601014	(106, 0.022858924734595863)
106	156,0.0653402459377	(106, 0.022858924734595863)
106	165,0.0653796495659	(106, 0.022858924734595863)
106	54,0.0671461046422	(106, 0.022858924734595863)
107	22,0.0312541022347	(107, 0.03635622165944747)
107	26,0.034721308267	(107, 0.03635622165944747)
107	121,0.0348634015708	(107, 0.03635622165944747)
107	77,0.035136844259	(107, 0.03635622165944747)
107	139,0.0352232554322	(107, 0.03635622165944747)
107	76,0.0358439920576	(107, 0.03635622165944747)
107	107,0.0363562216594	(107, 0.03635622165944747)
107	128,0.0391648433656	(107, 0.03635622165944747)
107	78,0.0393266428155	(107, 0.03635622165944747)
107	1,0.0399677249855	(107, 0.03635622165944747)
108	77,0.026708404235	(108, 0.077976432727614467)
108	172,0.0322570474424	(108, 0.077976432727614467)
108	174,0.0386611578586	(108, 0.077976432727614467)
108	40,0.0391764966583	(108, 0.077976432727614467)
108	4,0.0421035720569	(108, 0.077976432727614467)
108	17,0.0425411238611	(108, 0.077976432727614467)
108	49,0.0444287996114	(108, 0.077976432727614467)
108	100,0.0456727110423	(108, 0.077976432727614467)
108	15,0.0457305954979	(108, 0.077976432727614467)
108	69,0.0500101205467	(108, 0.077976432727614467)
109	109,0.0271935194036	(109, 0.02719351940360069)
109	159,0.0295422951769	(109, 0.02719351940360069)
109	134,0.0344403043339	(109, 0.02719351940360069)
109	146,0.041291654062	(109, 0.02719351940360069)
109	12,0.0413218815438	(109, 0.02719351940360069)
109	128,0.0420479060971	(109, 0.02719351940360069)
109	84,0.0463718529525	(109, 0.02719351940360069)
109	152,0.0471133490126	(109, 0.02719351940360069)
109	14,0.0480421189996	(109, 0.02719351940360069)
109	38,0.0522891214417	(109, 0.02719351940360069)
110	1,0.0261959031535	(110, 0.050155975911376854)
110	121,0.0327770113703	(110, 0.050155975911376854)
110	11,0.0336080093407	(110, 0.050155975911376854)
110	68,0.039528877323	(110, 0.050155975911376854)
110	162,0.0402995212977	(110, 0.050155975911376854)
110	26,0.0410917640975	(110, 0.050155975911376854)
110	71,0.0424367413205	(110, 0.050155975911376854)
110	155,0.0428814569814	(110, 0.050155975911376854)
110	73,0.0430880444068	(110, 0.050155975911376854)
110	3,0.0448082311812	(110, 0.050155975911376854)
111	124,0.0297899509072	(111, 0.10830277786261519)
111	73,0.0313591506465	(111, 0.10830277786261519)
111	93,0.0357245380734	(111, 0.10830277786261519)
111	157,0.0403220312492	(111, 0.10830277786261519)
111	101,0.0425195863832	(111, 0.10830277786261519)
111	13,0.0458060146545	(111, 0.10830277786261519)
111	109,0.053316008078	(111, 0.10830277786261519)
111	116,0.054188790464	(111, 0.10830277786261519)
111	144,0.0567193638174	(111, 0.10830277786261519)
111	128,0.0568067667416	(111, 0.10830277786261519)
112	90,0.019942710573	(112, 0.025921439731283503)
112	11,0.0212337750846	(112, 0.025921439731283503)
112	3,0.024654458219	(112, 0.025921439731283503)
112	112,0.0259214397313	(112, 0.025921439731283503)
112	162,0.0267246384651	(112, 0.025921439731283503)
112	100,0.028499882479	(112, 0.025921439731283503)
112	21,0.0292593761718	(112, 0.025921439731283503)
112	81,0.0297480581418	(112, 0.025921439731283503)
112	77,0.0322928035832	(112, 0.025921439731283503)
112	71,0.0332729621696	(112, 0.025921439731283503)
113	113,0.0257242152549	(113, 0.025724215254909918)
113	65,0.0495522164433	(113, 0.025724215254909918)
113	130,0.074799524319	(113, 0.025724215254909918)
113	120,0.0797789015088	(113, 0.025724215254909918)
113	44,0.0838984640299	(113, 0.025724215254909918)
113	97,0.0844720605759	(113, 0.025724215254909918)
113	15,0.0869950347001	(113, 0.025724215254909918)
113	53,0.0927761982157	(113, 0.025724215254909918)
113	161,0.0931238173422	(113, 0.025724215254909918)
113	155,0.0949421775984	(113, 0.025724215254909918)
114	114,0.0323613356267	(114, 0.032361335626717523)
114	124,0.0327608077149	(114, 0.032361335626717523)
114	73,0.0340547762096	(114, 0.032361335626717523)
114	53,0.0353023706584	(114, 0.032361335626717523)
114	13,0.0473093908505	(114, 0.032361335626717523)
114	104,0.0512844145562	(114, 0.032361335626717523)
114	93,0.0513090189692	(114, 0.032361335626717523)
114	157,0.0517974635855	(114, 0.032361335626717523)
114	155,0.0519127925366	(114, 0.032361335626717523)
114	140,0.05887889317	(114, 0.032361335626717523)
115	119,0.0307281310914	(115, 0.034721445937172017)
115	11,0.0327999175731	(115, 0.034721445937172017)
115	115,0.0347214459372	(115, 0.034721445937172017)
115	37,0.0358930510055	(115, 0.034721445937172017)
115	96,0.0407245605156	(115, 0.034721445937172017)
115	81,0.0414098453326	(115, 0.034721445937172017)
115	136,0.0426061775052	(115, 0.034721445937172017)
115	17,0.043387196315	(115, 0.034721445937172017)
115	172,0.0437570940408	(115, 0.034721445937172017)
115	3,0.0444366326848	(115, 0.034721445937172017)
116	116,0.0211664388749	(116, 0.021166438874926679)
116	93,0.0249079763031	(116, 0.021166438874926679)
116	109,0.0498749689743	(116, 0.021166438874926679)
116	73,0.0504532074945	(116, 0.021166438874926679)
116	144,0.0515397817172	(116, 0.021166438874926679)
116	159,0.0540710825124	(116, 0.021166438874926679)
116	131,0.0545453275746	(116, 0.021166438874926679)
116	156,0.0552594820135	(116, 0.021166438874926679)
116	128,0.0573555032364	(116, 0.021166438874926679)
116	172,0.0577441132932	(116, 0.021166438874926679)
117	117,0.00967418367137	(117, 0.0096741836713708038)
117	21,0.0224385300592	(117, 0.0096741836713708038)
117	71,0.0232261588353	(117, 0.0096741836713708038)
117	77,0.0282723998045	(117, 0.0096741836713708038)
117	76,0.0284044408558	(117, 0.0096741836713708038)
117	22,0.029067031725	(117, 0.0096741836713708038)
117	162,0.0296800171408	(117, 0.0096741836713708038)
117	11,0.0297641963638	(117, 0.0096741836713708038)
117	81,0.0300786811945	(117, 0.0096741836713708038)
117	121,0.0307243406479	(117, 0.0096741836713708038)
118	34,0.0561499511055	(118, 0.083760371330319189)
118	33,0.0691403813823	(118, 0.083760371330319189)
118	69,0.0723837668748	(118, 0.083760371330319189)
118	113,0.0789302708056	(118, 0.083760371330319189)
118	15,0.0797387939355	(118, 0.083760371330319189)
118	118,0.0837603713303	(118, 0.083760371330319189)
118	4,0.0882247685406	(118, 0.083760371330319189)
118	25,0.089927866061	(118, 0.083760371330319189)
118	130,0.0915571545115	(118, 0.083760371330319189)
118	120,0.0931713829826	(118, 0.083760371330319189)
119	120,0.0344767308244	(119, 0.03611096001671292)
119	119,0.0361109600167	(119, 0.03611096001671292)
119	17,0.0422590203545	(119, 0.03611096001671292)
119	4,0.0449369151004	(119, 0.03611096001671292)
119	40,0.0457760706252	(119, 0.03611096001671292)
119	96,0.0463222182961	(119, 0.03611096001671292)
119	69,0.0484642230135	(119, 0.03611096001671292)
119	13,0.048858550413	(119, 0.03611096001671292)
119	172,0.048878136897	(119, 0.03611096001671292)
119	124,0.049272499261	(119, 0.03611096001671292)
120	120,0.024904904275	(120, 0.024904904275001812)
120	65,0.0298854213885	(120, 0.024904904275001812)
120	44,0.0355080673194	(120, 0.024904904275001812)
120	161,0.0376472145961	(120, 0.024904904275001812)
120	155,0.0460141778391	(120, 0.024904904275001812)
120	97,0.0474741648702	(120, 0.024904904275001812)
120	53,0.0481871048646	(120, 0.024904904275001812)
120	13,0.0527720091941	(120, 0.024904904275001812)
120	17,0.0540941512042	(120, 0.024904904275001812)
120	83,0.0563164320296	(120, 0.024904904275001812)
121	121,0.0238019782971	(121, 0.0238019782970878)
121	22,0.028127313426	(121, 0.0238019782970878)
121	26,0.0307505859251	(121, 0.0238019782970878)
121	1,0.0308864418705	(121, 0.0238019782970878)
121	78,0.0317467891681	(121, 0.0238019782970878)
121	128,0.0386567895517	(121, 0.0238019782970878)
121	73,0.0387214923836	(121, 0.0238019782970878)
121	23,0.0402562032683	(121, 0.0238019782970878)
121	132,0.0407956755327	(121, 0.0238019782970878)
121	61,0.0409428458134	(121, 0.0238019782970878)
122	174,0.0379294517198	(122, 0.047647004362073052)
122	154,0.0462871974339	(122, 0.047647004362073052)
122	122,0.0476470043621	(122, 0.047647004362073052)
122	69,0.0609988871832	(122, 0.047647004362073052)
122	2,0.0633384421636	(122, 0.047647004362073052)
122	116,0.0641350595402	(122, 0.047647004362073052)
122	172,0.0642846258474	(122, 0.047647004362073052)
122	48,0.0705853370765	(122, 0.047647004362073052)
122	4,0.0707960981303	(122, 0.047647004362073052)
122	54,0.0754733925088	(122, 0.047647004362073052)
123	172,0.0280191026835	(123, 0.03083644640391886)
123	123,0.0308364464039	(123, 0.03083644640391886)
123	40,0.0409905462383	(123, 0.03083644640391886)
123	81,0.0440478031997	(123, 0.03083644640391886)
123	146,0.0459582152058	(123, 0.03083644640391886)
123	119,0.0468899668972	(123, 0.03083644640391886)
123	90,0.0477584942117	(123, 0.03083644640391886)
123	115,0.0505800844783	(123, 0.03083644640391886)
123	17,0.0522472412222	(123, 0.03083644640391886)
123	137,0.052387242549	(123, 0.03083644640391886)
124	124,0.0392027012465	(124, 0.03920270124646897)
124	101,0.0558714888228	(124, 0.03920270124646897)
124	41,0.0670107053924	(124, 0.03920270124646897)
124	169,0.0697743924104	(124, 0.03920270124646897)
124	73,0.0699481930052	(124, 0.03920270124646897)
124	157,0.0725965485371	(124, 0.03920270124646897)
124	27,0.0744493121612	(124, 0.03920270124646897)
124	53,0.0781960999295	(124, 0.03920270124646897)
124	144,0.0795729335422	(124, 0.03920270124646897)
124	140,0.0807588028475	(124, 0.03920270124646897)
125	13,0.0593362647294	(125, 0.071956489760889183)
125	73,0.0635621817796	(125, 0.071956489760889183)
125	23,0.0689542504134	(125, 0.071956489760889183)
125	61,0.0711524084222	(125, 0.071956489760889183)
125	125,0.0719564897609	(125, 0.071956489760889183)
125	155,0.0732530678298	(125, 0.071956489760889183)
125	68,0.0745689832599	(125, 0.071956489760889183)
125	65,0.076124434406	(125, 0.071956489760889183)
125	54,0.0763419362029	(125, 0.071956489760889183)
125	162,0.0782235770885	(125, 0.071956489760889183)
126	126,0.0283822877197	(126, 0.028382287719687538)
126	121,0.0285240726711	(126, 0.028382287719687538)
126	132,0.0302315928153	(126, 0.028382287719687538)
126	81,0.0323273238561	(126, 0.028382287719687538)
126	11,0.0328580657217	(126, 0.028382287719687538)
126	3,0.0332585691558	(126, 0.028382287719687538)
126	22,0.0335693592207	(126, 0.028382287719687538)
126	128,0.037335344086	(126, 0.028382287719687538)
126	151,0.0384932071606	(126, 0.028382287719687538)
126	12,0.0387033108056	(126, 0.028382287719687538)
127	17,0.0199071481245	(127, 0.02497698129365036)
127	136,0.0220829118761	(127, 0.02497698129365036)
127	74,0.0239432342239	(127, 0.02497698129365036)
127	127,0.0249769812937	(127, 0.02497698129365036)
127	100,0.0278095473235	(127, 0.02497698129365036)
127	77,0.0284396702085	(127, 0.02497698129365036)
127	37,0.0293656303824	(127, 0.02497698129365036)
127	59,0.0304463125156	(127, 0.02497698129365036)
127	49,0.0346321295696	(127, 0.02497698129365036)
127	172,0.0403579202072	(127, 0.02497698129365036)
128	128,0.0205634974562	(128, 0.020563497456243168)
128	12,0.0308801721004	(128, 0.020563497456243168)
128	139,0.030921768359	(128, 0.020563497456243168)
128	22,0.0309308502031	(128, 0.020563497456243168)
128	158,0.0312117355471	(128, 0.020563497456243168)
128	159,0.0320873584139	(128, 0.020563497456243168)
128	121,0.03208953635	(128, 0.020563497456243168)
128	78,0.0325436789548	(128, 0.020563497456243168)
128	132,0.033686566634	(128, 0.020563497456243168)
128	18,0.0340137442404	(128, 0.020563497456243168)
129	49,0.0497828849876	(129, 0.088185247300363853)
129	98,0.0502027213921	(129, 0.088185247300363853)
129	15,0.0610600051455	(129, 0.088185247300363853)
129	94,0.070119771113	(129, 0.088185247300363853)
129	59,0.0701533985374	(129, 0.088185247300363853)
129	25,0.0715364734302	(129, 0.088185247300363853)
129	77,0.0717666604392	(129, 0.088185247300363853)
129	100,0.0718517869199	(129, 0.088185247300363853)
129	83,0.0725857021411	(129, 0.088185247300363853)
129	34,0.0842008116961	(129, 0.088185247300363853)
130	130,0.0597872475919	(130, 0.059787247591919397)
130	65,0.0696926986249	(130, 0.059787247591919397)
130	13,0.0710044096999	(130, 0.059787247591919397)
130	34,0.0726540611605	(130, 0.059787247591919397)
130	91,0.07899497898	(130, 0.059787247591919397)
130	53,0.0809888180621	(130, 0.059787247591919397)
130	155,0.0814352683591	(130, 0.059787247591919397)
130	28,0.0817678918055	(130, 0.059787247591919397)
130	157,0.0825646493864	(130, 0.059787247591919397)
130	73,0.0837374770508	(130, 0.059787247591919397)
131	116,0.0469792501141	(131, 0.052951352890739517)
131	166,0.0511507857707	(131, 0.052951352890739517)
131	131,0.0529513528907	(131, 0.052951352890739517)
131	72,0.0601195111703	(131, 0.052951352890739517)
131	144,0.0601684189462	(131, 0.052951352890739517)
131	156,0.0670192492127	(131, 0.052951352890739517)
131	84,0.0700132661055	(131, 0.052951352890739517)
131	104,0.0777832140021	(131, 0.052951352890739517)
131	165,0.079166229781	(131, 0.052951352890739517)
131	93,0.0821268164868	(131, 0.052951352890739517)
132	132,0.0169412864334	(132, 0.016941286433443489)
132	18,0.018881612128	(132, 0.016941286433443489)
132	22,0.0191710069797	(132, 0.016941286433443489)
132	139,0.0221004937077	(132, 0.016941286433443489)
132	46,0.0225508589096	(132, 0.016941286433443489)
132	76,0.0235507088018	(132, 0.016941286433443489)
132	158,0.0248551375145	(132, 0.016941286433443489)
132	147,0.0250731108219	(132, 0.016941286433443489)
132	171,0.0251989550433	(132, 0.016941286433443489)
132	146,0.0265310489306	(132, 0.016941286433443489)
133	133,0.0255912256826	(133, 0.025591225682565808)
133	91,0.0668855434759	(133, 0.025591225682565808)
133	102,0.0721667218111	(133, 0.025591225682565808)
133	130,0.0733732248832	(133, 0.025591225682565808)
133	114,0.0747103007537	(133, 0.025591225682565808)
133	103,0.076044264893	(133, 0.025591225682565808)
133	34,0.0772841189747	(133, 0.025591225682565808)
133	53,0.0803133549417	(133, 0.025591225682565808)
133	110,0.0830431845559	(133, 0.025591225682565808)
133	1,0.0870184565965	(133, 0.025591225682565808)
134	128,0.0245397094923	(134, 0.030794147280797737)
134	121,0.0249958245942	(134, 0.030794147280797737)
134	78,0.0297116874143	(134, 0.030794147280797737)
134	134,0.0307941472808	(134, 0.030794147280797737)
134	22,0.0386469083868	(134, 0.030794147280797737)
134	18,0.039916042522	(134, 0.030794147280797737)
134	73,0.0409859212026	(134, 0.030794147280797737)
134	109,0.0424414922681	(134, 0.030794147280797737)
134	12,0.0440726928791	(134, 0.030794147280797737)
134	26,0.0466009172557	(134, 0.030794147280797737)
135	147,0.0154942388532	(135, 0.020482275228188612)
135	76,0.01782404	(135, 0.020482275228188612)
135	137,0.0186908538888	(135, 0.020482275228188612)
135	135,0.0204822752282	(135, 0.020482275228188612)
135	63,0.0205217987592	(135, 0.020482275228188612)
135	162,0.0228364810986	(135, 0.020482275228188612)
135	117,0.0263157509168	(135, 0.020482275228188612)
135	171,0.0265078921747	(135, 0.020482275228188612)
135	77,0.0269666638506	(135, 0.020482275228188612)
135	3,0.0302670623785	(135, 0.020482275228188612)
136	136,0.0294605859319	(136, 0.029460585931911681)
136	54,0.0388277846622	(136, 0.029460585931911681)
136	121,0.0388699209137	(136, 0.029460585931911681)
136	11,0.0396175748711	(136, 0.029460585931911681)
136	126,0.0405259368984	(136, 0.029460585931911681)
136	162,0.0442208323235	(136, 0.029460585931911681)
136	132,0.0459447919672	(136, 0.029460585931911681)
136	3,0.0461228672182	(136, 0.029460585931911681)
136	78,0.0472716078525	(136, 0.029460585931911681)
136	151,0.0487862900728	(136, 0.029460585931911681)
137	137,0.0100985462998	(137, 0.010098546299803002)
137	63,0.0152371719181	(137, 0.010098546299803002)
137	147,0.0159017941072	(137, 0.010098546299803002)
137	3,0.01997363232	(137, 0.010098546299803002)
137	171,0.0222233241354	(137, 0.010098546299803002)
137	76,0.0231828765047	(137, 0.010098546299803002)
137	90,0.0247817850046	(137, 0.010098546299803002)
137	77,0.0276859067571	(137, 0.010098546299803002)
137	36,0.0278147786091	(137, 0.010098546299803002)
137	136,0.0286266812413	(137, 0.010098546299803002)
138	78,0.0323364557174	(138, 0.041612797901654577)
138	158,0.0342675691744	(138, 0.041612797901654577)
138	128,0.0345441173288	(138, 0.041612797901654577)
138	107,0.0374415259355	(138, 0.041612797901654577)
138	138,0.0416127979017	(138, 0.041612797901654577)
138	99,0.048254605873	(138, 0.041612797901654577)
138	55,0.0487047123464	(138, 0.041612797901654577)
138	159,0.0505161118079	(138, 0.041612797901654577)
138	38,0.0507142871415	(138, 0.041612797901654577)
138	61,0.051539738549	(138, 0.041612797901654577)
139	139,0.00887830911239	(139, 0.0088783091123948894)
139	46,0.0223663493326	(139, 0.0088783091123948894)
139	151,0.023821620186	(139, 0.0088783091123948894)
139	18,0.0256921778085	(139, 0.0088783091123948894)
139	22,0.0270357194596	(139, 0.0088783091123948894)
139	76,0.0276729700412	(139, 0.0088783091123948894)
139	132,0.0290160507119	(139, 0.0088783091123948894)
139	121,0.0339773238162	(139, 0.0088783091123948894)
139	146,0.0345190353582	(139, 0.0088783091123948894)
139	35,0.0357225213145	(139, 0.0088783091123948894)
140	124,0.0406010574388	(140, 0.044478087433743208)
140	140,0.0444780874337	(140, 0.044478087433743208)
140	73,0.0516533771212	(140, 0.044478087433743208)
140	93,0.0519121307664	(140, 0.044478087433743208)
140	157,0.0520319398795	(140, 0.044478087433743208)
140	69,0.0537697424524	(140, 0.044478087433743208)
140	101,0.0545579859314	(140, 0.044478087433743208)
140	13,0.0628794522574	(140, 0.044478087433743208)
140	114,0.0630229865013	(140, 0.044478087433743208)
140	116,0.0631917262086	(140, 0.044478087433743208)
141	48,0.0773645608773	(141, 0.085224019097310075)
141	141,0.0852240190973	(141, 0.085224019097310075)
141	124,0.0858652203399	(141, 0.085224019097310075)
141	4,0.0969386694866	(141, 0.085224019097310075)
141	56,0.100304173237	(141, 0.085224019097310075)
141	120,0.100454478161	(141, 0.085224019097310075)
141	97,0.100815382552	(141, 0.085224019097310075)
141	69,0.100879003079	(141, 0.085224019097310075)
141	2,0.102652049882	(141, 0.085224019097310075)
141	33,0.106176549451	(141, 0.085224019097310075)
142	61,0.0407675522192	(142, 0.14012789105528228)
142	12,0.0487279840885	(142, 0.14012789105528228)
142	23,0.0504408951552	(142, 0.14012789105528228)
142	38,0.0507981730233	(142, 0.14012789105528228)
142	73,0.0535901458198	(142, 0.14012789105528228)
142	24,0.0543857292488	(142, 0.14012789105528228)
142	78,0.0570608731581	(142, 0.14012789105528228)
142	135,0.0582274216478	(142, 0.14012789105528228)
142	105,0.0585794707512	(142, 0.14012789105528228)
142	55,0.0607448445829	(142, 0.14012789105528228)
143	143,0.0172701749677	(143, 0.017270174967650931)
143	3,0.0190097819077	(143, 0.017270174967650931)
143	112,0.0201681464396	(143, 0.017270174967650931)
143	162,0.0205813055614	(143, 0.017270174967650931)
143	11,0.0212133679012	(143, 0.017270174967650931)
143	90,0.0230508478401	(143, 0.017270174967650931)
143	137,0.0245557780579	(143, 0.017270174967650931)
143	150,0.027470331707	(143, 0.017270174967650931)
143	96,0.0288173619881	(143, 0.017270174967650931)
143	136,0.029496350392	(143, 0.017270174967650931)
144	144,0.0241959259871	(144, 0.024195925987127338)
144	38,0.047420749511	(144, 0.024195925987127338)
144	14,0.0509218603516	(144, 0.024195925987127338)
144	12,0.0518377175545	(144, 0.024195925987127338)
144	50,0.0619891331752	(144, 0.024195925987127338)
144	159,0.0622207235616	(144, 0.024195925987127338)
144	116,0.0622598384282	(144, 0.024195925987127338)
144	145,0.0647954921221	(144, 0.024195925987127338)
144	109,0.0670257957651	(144, 0.024195925987127338)
144	13,0.0676123113886	(144, 0.024195925987127338)
145	78,0.0349954420755	(145, 0.036309560148458889)
145	38,0.0358561927688	(145, 0.036309560148458889)
145	145,0.0363095601485	(145, 0.036309560148458889)
145	158,0.0369082618886	(145, 0.036309560148458889)
145	128,0.0370698605535	(145, 0.036309560148458889)
145	55,0.0397224443816	(145, 0.036309560148458889)
145	24,0.040596835479	(145, 0.036309560148458889)
145	12,0.0448544613605	(145, 0.036309560148458889)
145	14,0.0484974242164	(145, 0.036309560148458889)
145	61,0.0518313618895	(145, 0.036309560148458889)
146	146,0.0108906863511	(146, 0.010890686351122428)
146	159,0.0279450508134	(146, 0.010890686351122428)
146	12,0.038080898299	(146, 0.010890686351122428)
146	81,0.0413193768821	(146, 0.010890686351122428)
146	137,0.0420742279372	(146, 0.010890686351122428)
146	3,0.0443515635624	(146, 0.010890686351122428)
146	18,0.0447437021345	(146, 0.010890686351122428)
146	46,0.0458479476533	(146, 0.010890686351122428)
146	132,0.0458972145036	(146, 0.010890686351122428)
146	151,0.046934569481	(146, 0.010890686351122428)
147	76,0.0132935732848	(147, 0.015671737801491427)
147	63,0.0146274812477	(147, 0.015671737801491427)
147	147,0.0156717378015	(147, 0.015671737801491427)
147	22,0.0212613911921	(147, 0.015671737801491427)
147	132,0.0221549700475	(147, 0.015671737801491427)
147	3,0.0227216947834	(147, 0.015671737801491427)
147	151,0.0237990782319	(147, 0.015671737801491427)
147	121,0.0240623828319	(147, 0.015671737801491427)
147	126,0.0245326284299	(147, 0.015671737801491427)
147	18,0.024549592552	(147, 0.015671737801491427)
148	148,0.0164149630733	(148, 0.016414963073340762)
148	17,0.020733522497	(148, 0.016414963073340762)
148	143,0.02361707498	(148, 0.016414963073340762)
148	100,0.0290135203374	(148, 0.016414963073340762)
148	90,0.0304602637561	(148, 0.016414963073340762)
148	49,0.0373170670465	(148, 0.016414963073340762)
148	172,0.0382431772716	(148, 0.016414963073340762)
148	112,0.0397731724139	(148, 0.016414963073340762)
148	37,0.0434948635359	(148, 0.016414963073340762)
148	3,0.0438727707272	(148, 0.016414963073340762)
149	149,0.0454161015828	(149, 0.045416101582819772)
149	32,0.0809747407985	(149, 0.045416101582819772)
149	169,0.0957494219255	(149, 0.045416101582819772)
149	33,0.103766809083	(149, 0.045416101582819772)
149	165,0.143272364435	(149, 0.045416101582819772)
149	156,0.148420350579	(149, 0.045416101582819772)
149	111,0.149503672437	(149, 0.045416101582819772)
149	27,0.150095465615	(149, 0.045416101582819772)
149	131,0.154706641576	(149, 0.045416101582819772)
149	51,0.158392403208	(149, 0.045416101582819772)
150	3,0.0133467101604	(150, 0.025439306918983506)
150	11,0.0180166761095	(150, 0.025439306918983506)
150	162,0.0203767242212	(150, 0.025439306918983506)
150	71,0.0214377029312	(150, 0.025439306918983506)
150	121,0.0231161227731	(150, 0.025439306918983506)
150	63,0.0240134861441	(150, 0.025439306918983506)
150	86,0.0249570711003	(150, 0.025439306918983506)
150	150,0.025439306919	(150, 0.025439306918983506)
150	117,0.0272277870668	(150, 0.025439306918983506)
150	76,0.0273988624157	(150, 0.025439306918983506)
151	121,0.015048690931	(151, 0.021364101031990504)
151	151,0.021364101032	(151, 0.021364101031990504)
151	132,0.0242790144072	(151, 0.021364101031990504)
151	22,0.0271007989237	(151, 0.021364101031990504)
151	78,0.028744286404	(151, 0.021364101031990504)
151	70,0.0295210915708	(151, 0.021364101031990504)
151	3,0.030319991234	(151, 0.021364101031990504)
151	18,0.0304494046751	(151, 0.021364101031990504)
151	63,0.0306020374668	(151, 0.021364101031990504)
151	76,0.0319482050542	(151, 0.021364101031990504)
152	152,0.0233855860813	(152, 0.023385586081348254)
152	121,0.0327171413985	(152, 0.023385586081348254)
152	18,0.0342123478769	(152, 0.023385586081348254)
152	35,0.0367527865792	(152, 0.023385586081348254)
152	88,0.0373050228358	(152, 0.023385586081348254)
152	117,0.0380169935275	(152, 0.023385586081348254)
152	139,0.0390297036219	(152, 0.023385586081348254)
152	12,0.0392358900079	(152, 0.023385586081348254)
152	22,0.0417657661484	(152, 0.023385586081348254)
152	81,0.0440989691215	(152, 0.023385586081348254)
153	133,0.0348037631611	(153, 0.069242751288461454)
153	130,0.0671305066067	(153, 0.069242751288461454)
153	153,0.0692427512885	(153, 0.069242751288461454)
153	91,0.0720050118312	(153, 0.069242751288461454)
153	34,0.0722785675653	(153, 0.069242751288461454)
153	102,0.0773549364139	(153, 0.069242751288461454)
153	103,0.0867705740108	(153, 0.069242751288461454)
153	95,0.0945477386719	(153, 0.069242751288461454)
153	28,0.0974031918966	(153, 0.069242751288461454)
153	53,0.0975588460739	(153, 0.069242751288461454)
154	154,0.0116076053296	(154, 0.011607605329560835)
154	40,0.0383344892506	(154, 0.011607605329560835)
154	174,0.0454937095661	(154, 0.011607605329560835)
154	69,0.049927409814	(154, 0.011607605329560835)
154	172,0.0514305698731	(154, 0.011607605329560835)
154	4,0.0542266353606	(154, 0.011607605329560835)
154	56,0.0606104056688	(154, 0.011607605329560835)
154	48,0.0620948908686	(154, 0.011607605329560835)
154	2,0.0659863635281	(154, 0.011607605329560835)
154	116,0.0663689510496	(154, 0.011607605329560835)
155	71,0.0209347672428	(155, 0.033034328198612878)
155	11,0.0233921579071	(155, 0.033034328198612878)
155	162,0.026614276159	(155, 0.033034328198612878)
155	1,0.0315259744243	(155, 0.033034328198612878)
155	155,0.0330343281986	(155, 0.033034328198612878)
155	121,0.033818687627	(155, 0.033034328198612878)
155	117,0.0359747970263	(155, 0.033034328198612878)
155	77,0.0388695096722	(155, 0.033034328198612878)
155	3,0.039600752173	(155, 0.033034328198612878)
155	73,0.0396570898725	(155, 0.033034328198612878)
156	73,0.0350659213924	(156, 0.037725876895416885)
156	156,0.0377258768954	(156, 0.037725876895416885)
156	144,0.0427988535837	(156, 0.037725876895416885)
156	109,0.0467899707855	(156, 0.037725876895416885)
156	27,0.0519530413697	(156, 0.037725876895416885)
156	107,0.0551362876308	(156, 0.037725876895416885)
156	50,0.0572582093377	(156, 0.037725876895416885)
156	38,0.0600467549182	(156, 0.037725876895416885)
156	128,0.0623603856481	(156, 0.037725876895416885)
156	131,0.063961002502	(156, 0.037725876895416885)
157	22,0.029846425217	(157, 0.040492056640298028)
157	12,0.0305817031919	(157, 0.040492056640298028)
157	93,0.0330338508863	(157, 0.040492056640298028)
157	73,0.0337699772076	(157, 0.040492056640298028)
157	126,0.034693453715	(157, 0.040492056640298028)
157	3,0.0351144247573	(157, 0.040492056640298028)
157	128,0.0358132584782	(157, 0.040492056640298028)
157	132,0.0365616807035	(157, 0.040492056640298028)
157	121,0.0367896842235	(157, 0.040492056640298028)
157	76,0.0371828191889	(157, 0.040492056640298028)
158	77,0.0164956058587	(158, 0.059657988702901191)
158	3,0.0215687280616	(158, 0.059657988702901191)
158	37,0.0274165807441	(158, 0.059657988702901191)
158	171,0.0287682063429	(158, 0.059657988702901191)
158	63,0.0290951763693	(158, 0.059657988702901191)
158	76,0.0292563976093	(158, 0.059657988702901191)
158	136,0.0293964611737	(158, 0.059657988702901191)
158	100,0.0294125460621	(158, 0.059657988702901191)
158	11,0.0304008550563	(158, 0.059657988702901191)
158	147,0.0311247828477	(158, 0.059657988702901191)
159	146,0.0172304788271	(159, 0.040905421531823666)
159	137,0.0253294044342	(159, 0.040905421531823666)
159	150,0.0259958609893	(159, 0.040905421531823666)
159	147,0.0268440120237	(159, 0.040905421531823666)
159	18,0.0271106429633	(159, 0.040905421531823666)
159	63,0.0277169072264	(159, 0.040905421531823666)
159	46,0.0283605887414	(159, 0.040905421531823666)
159	36,0.0283788981694	(159, 0.040905421531823666)
159	81,0.0296011437391	(159, 0.040905421531823666)
159	3,0.0298289927079	(159, 0.040905421531823666)
160	164,0.0557536945341	(160, 0.24086448214521228)
160	73,0.0587674896726	(160, 0.24086448214521228)
160	27,0.0596510115396	(160, 0.24086448214521228)
160	38,0.0676343628384	(160, 0.24086448214521228)
160	109,0.0683385946492	(160, 0.24086448214521228)
160	43,0.0709373018172	(160, 0.24086448214521228)
160	107,0.0721237411862	(160, 0.24086448214521228)
160	105,0.0728867505387	(160, 0.24086448214521228)
160	32,0.0749182137635	(160, 0.24086448214521228)
160	12,0.07617085934	(160, 0.24086448214521228)
161	161,0.0135522405894	(161, 0.013552240589356246)
161	65,0.0293209203656	(161, 0.013552240589356246)
161	44,0.0395336718152	(161, 0.013552240589356246)
161	68,0.0410074899578	(161, 0.013552240589356246)
161	155,0.042854983002	(161, 0.013552240589356246)
161	17,0.0433829364406	(161, 0.013552240589356246)
161	83,0.0464352127019	(161, 0.013552240589356246)
161	13,0.0487100379171	(161, 0.013552240589356246)
161	1,0.0523966686659	(161, 0.013552240589356246)
161	120,0.0540121243261	(161, 0.013552240589356246)
162	162,0.0177294787635	(162, 0.01772947876351786)
162	117,0.0205433260959	(162, 0.01772947876351786)
162	18,0.0240975965906	(162, 0.01772947876351786)
162	76,0.0247059811855	(162, 0.01772947876351786)
162	150,0.0288728150444	(162, 0.01772947876351786)
162	147,0.0290024045725	(162, 0.01772947876351786)
162	88,0.0293592880884	(162, 0.01772947876351786)
162	90,0.0294326699831	(162, 0.01772947876351786)
162	86,0.02974066805	(162, 0.01772947876351786)
162	121,0.0298325736726	(162, 0.01772947876351786)
163	17,0.0322470695659	(163, 0.046667815237412293)
163	3,0.0355044298661	(163, 0.046667815237412293)
163	172,0.0360550920079	(163, 0.046667815237412293)
163	40,0.0373584318932	(163, 0.046667815237412293)
163	100,0.0373705066433	(163, 0.046667815237412293)
163	11,0.0384890420965	(163, 0.046667815237412293)
163	148,0.0390708322331	(163, 0.046667815237412293)
163	143,0.0395650275796	(163, 0.046667815237412293)
163	37,0.0398492948201	(163, 0.046667815237412293)
163	83,0.0426666955939	(163, 0.046667815237412293)
164	156,0.0397781595341	(164, 0.052572570352633741)
164	27,0.0503607351564	(164, 0.052572570352633741)
164	164,0.0525725703526	(164, 0.052572570352633741)
164	144,0.0555348021817	(164, 0.052572570352633741)
164	73,0.0563225022259	(164, 0.052572570352633741)
164	131,0.0602140648288	(164, 0.052572570352633741)
164	109,0.0639105354745	(164, 0.052572570352633741)
164	32,0.0643967209671	(164, 0.052572570352633741)
164	107,0.0727197706814	(164, 0.052572570352633741)
164	84,0.0739595363266	(164, 0.052572570352633741)
165	93,0.0398902869857	(165, 0.054872578931769243)
165	116,0.0501193843315	(165, 0.054872578931769243)
165	157,0.05143753564	(165, 0.054872578931769243)
165	165,0.0548725789318	(165, 0.054872578931769243)
165	131,0.0552423138326	(165, 0.054872578931769243)
165	73,0.0562057484649	(165, 0.054872578931769243)
165	144,0.0605292927223	(165, 0.054872578931769243)
165	156,0.0642545382027	(165, 0.054872578931769243)
165	27,0.0694363965296	(165, 0.054872578931769243)
165	124,0.0710100032245	(165, 0.054872578931769243)
166	116,0.0484040237303	(166, 0.071242501811992626)
166	69,0.0601931270121	(166, 0.071242501811992626)
166	124,0.0643719168977	(166, 0.071242501811992626)
166	144,0.068875415703	(166, 0.071242501811992626)
166	123,0.0709629137503	(166, 0.071242501811992626)
166	166,0.071242501812	(166, 0.071242501811992626)
166	104,0.0725985580282	(166, 0.071242501811992626)
166	93,0.0776699174563	(166, 0.071242501811992626)
166	13,0.0803421463666	(166, 0.071242501811992626)
166	140,0.0808034264291	(166, 0.071242501811992626)
167	51,0.059922765837	(167, 0.085128935685989476)
167	39,0.0646379039229	(167, 0.085128935685989476)
167	32,0.0784936026625	(167, 0.085128935685989476)
167	27,0.080526219892	(167, 0.085128935685989476)
167	169,0.0847196089681	(167, 0.085128935685989476)
167	167,0.085128935686	(167, 0.085128935685989476)
167	19,0.100922452887	(167, 0.085128935685989476)
167	138,0.101411813688	(167, 0.085128935685989476)
167	156,0.101870060676	(167, 0.085128935685989476)
167	164,0.107346187959	(167, 0.085128935685989476)
168	12,0.0362545598358	(168, 0.038979183940690464)
168	121,0.0380547851231	(168, 0.038979183940690464)
168	18,0.0380626682497	(168, 0.038979183940690464)
168	168,0.0389791839407	(168, 0.038979183940690464)
168	55,0.0419482709687	(168, 0.038979183940690464)
168	151,0.044418988807	(168, 0.038979183940690464)
168	86,0.044811508381	(168, 0.038979183940690464)
168	152,0.0469215468294	(168, 0.038979183940690464)
168	61,0.0481218075257	(168, 0.038979183940690464)
168	23,0.0500745038804	(168, 0.038979183940690464)
169	169,0.0504244464167	(169, 0.050424446416731508)
169	156,0.0506466564825	(169, 0.050424446416731508)
169	27,0.0602917635545	(169, 0.050424446416731508)
169	99,0.0627428050779	(169, 0.050424446416731508)
169	73,0.0631716352284	(169, 0.050424446416731508)
169	144,0.0650708443031	(169, 0.050424446416731508)
169	109,0.0697949073883	(169, 0.050424446416731508)
169	84,0.0747624194714	(169, 0.050424446416731508)
169	93,0.0792511363948	(169, 0.050424446416731508)
169	116,0.0796146383353	(169, 0.050424446416731508)
170	170,0.0409455266771	(170, 0.04094552667708852)
170	99,0.0426307000039	(170, 0.04094552667708852)
170	27,0.0459305438688	(170, 0.04094552667708852)
170	144,0.0518494330183	(170, 0.04094552667708852)
170	19,0.05869209534	(170, 0.04094552667708852)
170	84,0.0653491386013	(170, 0.04094552667708852)
170	73,0.0669508899072	(170, 0.04094552667708852)
170	0,0.0676507816247	(170, 0.04094552667708852)
170	109,0.0714395787251	(170, 0.04094552667708852)
170	124,0.0793368182018	(170, 0.04094552667708852)
171	27,0.0448685240482	(171, 0.13674586578491077)
171	156,0.0477540850149	(171, 0.13674586578491077)
171	164,0.0561312333769	(171, 0.13674586578491077)
171	107,0.0568984380072	(171, 0.13674586578491077)
171	73,0.0571037338459	(171, 0.13674586578491077)
171	32,0.0597847539169	(171, 0.13674586578491077)
171	19,0.0680329300552	(171, 0.13674586578491077)
171	99,0.076890004617	(171, 0.13674586578491077)
171	144,0.0769490731794	(171, 0.13674586578491077)
171	51,0.0779612619846	(171, 0.13674586578491077)
172	172,0.0119592605254	(172, 0.011959260525354046)
172	137,0.0222803030511	(172, 0.011959260525354046)
172	3,0.0227061359953	(172, 0.011959260525354046)
172	81,0.0293629210303	(172, 0.011959260525354046)
172	90,0.0294571069651	(172, 0.011959260525354046)
172	17,0.0315834830438	(172, 0.011959260525354046)
172	77,0.0350684984373	(172, 0.011959260525354046)
172	146,0.0361189986972	(172, 0.011959260525354046)
172	37,0.0366794453437	(172, 0.011959260525354046)
172	171,0.0385554678053	(172, 0.011959260525354046)
173	107,0.0447508136942	(173, 0.081246818675371563)
173	24,0.0452302501647	(173, 0.081246818675371563)
173	158,0.0476345402799	(173, 0.081246818675371563)
173	27,0.0505571403217	(173, 0.081246818675371563)
173	38,0.0508955776692	(173, 0.081246818675371563)
173	61,0.0617866545685	(173, 0.081246818675371563)
173	78,0.0639461087881	(173, 0.081246818675371563)
173	128,0.0644482135621	(173, 0.081246818675371563)
173	87,0.0686319633738	(173, 0.081246818675371563)
173	43,0.0703123027325	(173, 0.081246818675371563)
174	174,0.0180543218917	(174, 0.018054321891652323)
174	15,0.0277296344356	(174, 0.018054321891652323)
174	56,0.0284133237349	(174, 0.018054321891652323)
174	120,0.0385562372906	(174, 0.018054321891652323)
174	69,0.0401896354553	(174, 0.018054321891652323)
174	17,0.0428935128573	(174, 0.018054321891652323)
174	154,0.0480054509517	(174, 0.018054321891652323)
174	4,0.0484397777408	(174, 0.018054321891652323)
174	172,0.049093210511	(174, 0.018054321891652323)
174	2,0.049164115583	(174, 0.018054321891652323)
