0	0,0.0674372118298	(0, 0.067437211829846494)
0	38,0.180021041554	(0, 0.067437211829846494)
0	84,0.188501370881	(0, 0.067437211829846494)
0	99,0.190740824193	(0, 0.067437211829846494)
0	109,0.205737545978	(0, 0.067437211829846494)
0	14,0.223934377691	(0, 0.067437211829846494)
0	144,0.224321741286	(0, 0.067437211829846494)
0	170,0.226808733014	(0, 0.067437211829846494)
0	173,0.233310075336	(0, 0.067437211829846494)
0	55,0.235189230693	(0, 0.067437211829846494)
1	1,0.0740844581249	(1, 0.074084458124938246)
1	103,0.103407866277	(1, 0.074084458124938246)
1	28,0.110762677376	(1, 0.074084458124938246)
1	102,0.114303301317	(1, 0.074084458124938246)
1	91,0.121800534976	(1, 0.074084458124938246)
1	153,0.128900749372	(1, 0.074084458124938246)
1	155,0.130892456266	(1, 0.074084458124938246)
1	65,0.142917275513	(1, 0.074084458124938246)
1	114,0.143570751996	(1, 0.074084458124938246)
1	53,0.153102079165	(1, 0.074084458124938246)
2	4,0.0801604308729	(2, 0.13923980977076605)
2	154,0.0848262841355	(2, 0.13923980977076605)
2	69,0.121226524408	(2, 0.13923980977076605)
2	174,0.121649066227	(2, 0.13923980977076605)
2	40,0.12578784713	(2, 0.13923980977076605)
2	172,0.129685575884	(2, 0.13923980977076605)
2	2,0.139239809771	(2, 0.13923980977076605)
2	25,0.159024630121	(2, 0.13923980977076605)
2	148,0.171592329118	(2, 0.13923980977076605)
2	17,0.174517556238	(2, 0.13923980977076605)
3	3,0.0349824174889	(3, 0.034982417488933229)
3	63,0.0528184214847	(3, 0.034982417488933229)
3	81,0.0644272768512	(3, 0.034982417488933229)
3	132,0.0720298390694	(3, 0.034982417488933229)
3	11,0.0765241221592	(3, 0.034982417488933229)
3	147,0.0765612360176	(3, 0.034982417488933229)
3	162,0.0771388841646	(3, 0.034982417488933229)
3	150,0.082583068612	(3, 0.034982417488933229)
3	137,0.0828902389635	(3, 0.034982417488933229)
3	121,0.0828975509109	(3, 0.034982417488933229)
4	172,0.0572815428408	(4, 0.091126310937854213)
4	17,0.0717918565834	(4, 0.091126310937854213)
4	13,0.0774607246773	(4, 0.091126310937854213)
4	40,0.0818523878864	(4, 0.091126310937854213)
4	69,0.085867524789	(4, 0.091126310937854213)
4	37,0.0871467125008	(4, 0.091126310937854213)
4	120,0.0904735986271	(4, 0.091126310937854213)
4	4,0.0911263109379	(4, 0.091126310937854213)
4	77,0.10442152865	(4, 0.091126310937854213)
4	174,0.111008551404	(4, 0.091126310937854213)
5	73,0.0781144754591	(5, 0.2577418039215677)
5	93,0.135867234988	(5, 0.2577418039215677)
5	107,0.136616521413	(5, 0.2577418039215677)
5	78,0.149914048079	(5, 0.2577418039215677)
5	128,0.157109405814	(5, 0.2577418039215677)
5	26,0.160078664524	(5, 0.2577418039215677)
5	158,0.162729314484	(5, 0.2577418039215677)
5	156,0.167306127844	(5, 0.2577418039215677)
5	95,0.17027341262	(5, 0.2577418039215677)
5	1,0.170610637734	(5, 0.2577418039215677)
6	139,0.0489962898718	(6, 0.062695254817828755)
6	46,0.0569297805323	(6, 0.062695254817828755)
6	6,0.0626952548178	(6, 0.062695254817828755)
6	76,0.0738169189281	(6, 0.062695254817828755)
6	22,0.0768565453244	(6, 0.062695254817828755)
6	171,0.0848617596211	(6, 0.062695254817828755)
6	158,0.0894210226411	(6, 0.062695254817828755)
6	18,0.0900254533303	(6, 0.062695254817828755)
6	132,0.0925789439593	(6, 0.062695254817828755)
6	35,0.0976491344696	(6, 0.062695254817828755)
7	66,0.320140016002	(7, 0.56799626858787877)
7	167,0.418966731617	(7, 0.56799626858787877)
7	51,0.453396906045	(7, 0.56799626858787877)
7	32,0.459089899424	(7, 0.56799626858787877)
7	80,0.474786406253	(7, 0.56799626858787877)
7	169,0.487985100951	(7, 0.56799626858787877)
7	133,0.53796980975	(7, 0.56799626858787877)
7	160,0.546368816448	(7, 0.56799626858787877)
7	149,0.566214580213	(7, 0.56799626858787877)
7	7,0.567996268588	(7, 0.56799626858787877)
8	11,0.067310869152	(8, 0.1089402694287496)
8	121,0.0830550423789	(8, 0.1089402694287496)
8	162,0.101620769689	(8, 0.1089402694287496)
8	73,0.101740286182	(8, 0.1089402694287496)
8	71,0.106202370375	(8, 0.1089402694287496)
8	1,0.108458324477	(8, 0.1089402694287496)
8	8,0.108940269429	(8, 0.1089402694287496)
8	13,0.114691207859	(8, 0.1089402694287496)
8	78,0.117178532307	(8, 0.1089402694287496)
8	18,0.118198627861	(8, 0.1089402694287496)
9	9,0.107620312508	(9, 0.10762031250804367)
9	155,0.237559479045	(9, 0.10762031250804367)
9	114,0.264816983483	(9, 0.10762031250804367)
9	91,0.320086997841	(9, 0.10762031250804367)
9	53,0.325575182293	(9, 0.10762031250804367)
9	124,0.332392125926	(9, 0.10762031250804367)
9	41,0.340811937557	(9, 0.10762031250804367)
9	65,0.3637892765	(9, 0.10762031250804367)
9	28,0.397416179484	(9, 0.10762031250804367)
9	1,0.404463094809	(9, 0.10762031250804367)
10	10,0.161041685941	(10, 0.16104168594131071)
10	47,0.204195341417	(10, 0.16104168594131071)
10	167,0.387859797784	(10, 0.16104168594131071)
10	99,0.398838789182	(10, 0.16104168594131071)
10	173,0.411734204782	(10, 0.16104168594131071)
10	84,0.424615665174	(10, 0.16104168594131071)
10	27,0.44429301762	(10, 0.16104168594131071)
10	19,0.447625420554	(10, 0.16104168594131071)
10	14,0.451514629802	(10, 0.16104168594131071)
10	138,0.452513485039	(10, 0.16104168594131071)
11	11,0.0367588686213	(11, 0.036758868621255159)
11	119,0.0761552171706	(11, 0.036758868621255159)
11	81,0.0839705541458	(11, 0.036758868621255159)
11	115,0.0989465185984	(11, 0.036758868621255159)
11	96,0.100444506542	(11, 0.036758868621255159)
11	3,0.10127910744	(11, 0.036758868621255159)
11	37,0.106546022928	(11, 0.036758868621255159)
11	71,0.113909882143	(11, 0.036758868621255159)
11	112,0.116916845214	(11, 0.036758868621255159)
11	86,0.117663316682	(11, 0.036758868621255159)
12	22,0.0503403797185	(12, 0.061568578329545778)
12	121,0.0555049087672	(12, 0.061568578329545778)
12	76,0.0559507952674	(12, 0.061568578329545778)
12	126,0.0566350395933	(12, 0.061568578329545778)
12	151,0.0606066651436	(12, 0.061568578329545778)
12	12,0.0615685783295	(12, 0.061568578329545778)
12	18,0.0639408866971	(12, 0.061568578329545778)
12	63,0.069096734017	(12, 0.061568578329545778)
12	132,0.0702731530711	(12, 0.061568578329545778)
12	3,0.0751782005812	(12, 0.061568578329545778)
13	11,0.0394996364579	(13, 0.082200414649828149)
13	17,0.0554922559372	(13, 0.082200414649828149)
13	162,0.0617216266554	(13, 0.082200414649828149)
13	37,0.0673566717983	(13, 0.082200414649828149)
13	172,0.0719267788955	(13, 0.082200414649828149)
13	3,0.0723089393518	(13, 0.082200414649828149)
13	71,0.0725349494885	(13, 0.082200414649828149)
13	90,0.072795225585	(13, 0.082200414649828149)
13	136,0.0740095401866	(13, 0.082200414649828149)
13	77,0.0749034997693	(13, 0.082200414649828149)
14	14,0.0641149334707	(14, 0.064114933470748953)
14	72,0.0835367196723	(14, 0.064114933470748953)
14	159,0.114170357647	(14, 0.064114933470748953)
14	144,0.127195754105	(14, 0.064114933470748953)
14	109,0.134259288981	(14, 0.064114933470748953)
14	145,0.135761049599	(14, 0.064114933470748953)
14	84,0.140059478335	(14, 0.064114933470748953)
14	38,0.152104272082	(14, 0.064114933470748953)
14	123,0.155017319089	(14, 0.064114933470748953)
14	131,0.159471726786	(14, 0.064114933470748953)
15	15,0.0560483892217	(15, 0.056048389221697477)
15	17,0.0603751870478	(15, 0.056048389221697477)
15	49,0.083392368412	(15, 0.056048389221697477)
15	100,0.0901335666764	(15, 0.056048389221697477)
15	172,0.0954200412574	(15, 0.056048389221697477)
15	77,0.0954535881167	(15, 0.056048389221697477)
15	174,0.105994490402	(15, 0.056048389221697477)
15	59,0.113949215719	(15, 0.056048389221697477)
15	161,0.114799014765	(15, 0.056048389221697477)
15	69,0.114959192639	(15, 0.056048389221697477)
16	16,0.108311527611	(16, 0.10831152761074984)
16	170,0.124853661127	(16, 0.10831152761074984)
16	19,0.142500360311	(16, 0.10831152761074984)
16	0,0.155564208628	(16, 0.10831152761074984)
16	27,0.174977719899	(16, 0.10831152761074984)
16	114,0.18368815217	(16, 0.10831152761074984)
16	144,0.192333895569	(16, 0.10831152761074984)
16	73,0.197407196784	(16, 0.10831152761074984)
16	101,0.201673928187	(16, 0.10831152761074984)
16	78,0.20597908383	(16, 0.10831152761074984)
17	17,0.0341338921069	(17, 0.034133892106872607)
17	172,0.045520554672	(17, 0.034133892106872607)
17	77,0.0739626433671	(17, 0.034133892106872607)
17	143,0.0804206017129	(17, 0.034133892106872607)
17	100,0.082013712755	(17, 0.034133892106872607)
17	90,0.0858424665719	(17, 0.034133892106872607)
17	136,0.0867314912884	(17, 0.034133892106872607)
17	37,0.08763817514	(17, 0.034133892106872607)
17	49,0.0908592492147	(17, 0.034133892106872607)
17	3,0.0917573572648	(17, 0.034133892106872607)
18	18,0.037740274413	(18, 0.037740274412952302)
18	88,0.0522476106946	(18, 0.037740274412952302)
18	121,0.0570770343379	(18, 0.037740274412952302)
18	22,0.0570967861821	(18, 0.037740274412952302)
18	35,0.0596905684873	(18, 0.037740274412952302)
18	76,0.0672715862757	(18, 0.037740274412952302)
18	61,0.0697444778639	(18, 0.037740274412952302)
18	139,0.069962776292	(18, 0.037740274412952302)
18	132,0.0728570039485	(18, 0.037740274412952302)
18	23,0.0817347260223	(18, 0.037740274412952302)
19	19,0.123624048432	(19, 0.12362404843152058)
19	27,0.148178224287	(19, 0.12362404843152058)
19	43,0.166526147855	(19, 0.12362404843152058)
19	99,0.194335992908	(19, 0.12362404843152058)
19	32,0.222695505698	(19, 0.12362404843152058)
19	164,0.232979653122	(19, 0.12362404843152058)
19	107,0.239789188904	(19, 0.12362404843152058)
19	84,0.246171962891	(19, 0.12362404843152058)
19	39,0.251092623158	(19, 0.12362404843152058)
19	73,0.261527467819	(19, 0.12362404843152058)
20	20,0.0978221780984	(20, 0.097822178098411913)
20	73,0.105822593756	(20, 0.097822178098411913)
20	124,0.11425589389	(20, 0.097822178098411913)
20	89,0.135433606029	(20, 0.097822178098411913)
20	1,0.139189343382	(20, 0.097822178098411913)
20	93,0.139192888529	(20, 0.097822178098411913)
20	109,0.146404583513	(20, 0.097822178098411913)
20	128,0.1541739735	(20, 0.097822178098411913)
20	157,0.155892695709	(20, 0.097822178098411913)
20	41,0.157426090134	(20, 0.097822178098411913)
21	121,0.0499404543547	(21, 0.092557106886790849)
21	71,0.0521266148381	(21, 0.092557106886790849)
21	11,0.0540674348967	(21, 0.092557106886790849)
21	117,0.0652869224741	(21, 0.092557106886790849)
21	162,0.0657827610715	(21, 0.092557106886790849)
21	22,0.0810941039533	(21, 0.092557106886790849)
21	23,0.0831174927214	(21, 0.092557106886790849)
21	86,0.090621247274	(21, 0.092557106886790849)
21	21,0.0925571068868	(21, 0.092557106886790849)
21	63,0.0942066065508	(21, 0.092557106886790849)
22	22,0.0480194288385	(22, 0.048019428838541968)
22	117,0.0522932306466	(22, 0.048019428838541968)
22	139,0.0552845695261	(22, 0.048019428838541968)
22	76,0.0608829098779	(22, 0.048019428838541968)
22	132,0.0622161073601	(22, 0.048019428838541968)
22	46,0.065682276173	(22, 0.048019428838541968)
22	3,0.0677007336511	(22, 0.048019428838541968)
22	81,0.0709432022504	(22, 0.048019428838541968)
22	63,0.0756640084279	(22, 0.048019428838541968)
22	121,0.0769578654377	(22, 0.048019428838541968)
23	23,0.0320033253907	(23, 0.032003325390719289)
23	61,0.0334003492836	(23, 0.032003325390719289)
23	26,0.0829512603448	(23, 0.032003325390719289)
23	121,0.0910088920647	(23, 0.032003325390719289)
23	63,0.099429242692	(23, 0.032003325390719289)
23	78,0.101290794031	(23, 0.032003325390719289)
23	76,0.10654988645	(23, 0.032003325390719289)
23	162,0.108149886933	(23, 0.032003325390719289)
23	147,0.110127196736	(23, 0.032003325390719289)
23	70,0.117350587587	(23, 0.032003325390719289)
24	24,0.0576194581673	(24, 0.057619458167314348)
24	107,0.119995964638	(24, 0.057619458167314348)
24	27,0.129824042525	(24, 0.057619458167314348)
24	158,0.153023686909	(24, 0.057619458167314348)
24	73,0.15426960927	(24, 0.057619458167314348)
24	50,0.154321773371	(24, 0.057619458167314348)
24	135,0.154347039557	(24, 0.057619458167314348)
24	12,0.15526081185	(24, 0.057619458167314348)
24	61,0.155769196796	(24, 0.057619458167314348)
24	22,0.158411545578	(24, 0.057619458167314348)
25	69,0.0391780402249	(25, 0.059569578889827952)
25	40,0.0530018859994	(25, 0.059569578889827952)
25	25,0.0595695788898	(25, 0.059569578889827952)
25	4,0.0825303550714	(25, 0.059569578889827952)
25	15,0.0933474423306	(25, 0.059569578889827952)
25	148,0.105977810008	(25, 0.059569578889827952)
25	154,0.107378937335	(25, 0.059569578889827952)
25	172,0.117556941034	(25, 0.059569578889827952)
25	79,0.122091684509	(25, 0.059569578889827952)
25	60,0.13214738305	(25, 0.059569578889827952)
26	117,0.0505021911592	(26, 0.14200847117427734)
26	63,0.060139852649	(26, 0.14200847117427734)
26	3,0.0623800981535	(26, 0.14200847117427734)
26	11,0.0630577284307	(26, 0.14200847117427734)
26	81,0.0648783461433	(26, 0.14200847117427734)
26	147,0.0675654816674	(26, 0.14200847117427734)
26	76,0.068664830687	(26, 0.14200847117427734)
26	18,0.0688693219071	(26, 0.14200847117427734)
26	137,0.0698666825601	(26, 0.14200847117427734)
26	162,0.0706918793316	(26, 0.14200847117427734)
27	73,0.0974632075367	(27, 0.12457016548816759)
27	78,0.101593888821	(27, 0.12457016548816759)
27	61,0.110348585709	(27, 0.12457016548816759)
27	26,0.112729779545	(27, 0.12457016548816759)
27	121,0.118215763547	(27, 0.12457016548816759)
27	101,0.11872345043	(27, 0.12457016548816759)
27	170,0.120464104785	(27, 0.12457016548816759)
27	27,0.124570165488	(27, 0.12457016548816759)
27	107,0.135178670202	(27, 0.12457016548816759)
27	128,0.137495191934	(27, 0.12457016548816759)
28	1,0.0890451207531	(28, 0.11191457931323925)
28	13,0.098787539375	(28, 0.11191457931323925)
28	3,0.107959003375	(28, 0.11191457931323925)
28	28,0.111914579313	(28, 0.11191457931323925)
28	73,0.113625861271	(28, 0.11191457931323925)
28	155,0.128221831175	(28, 0.11191457931323925)
28	83,0.1287456651	(28, 0.11191457931323925)
28	157,0.13487807625	(28, 0.11191457931323925)
28	53,0.135675148033	(28, 0.11191457931323925)
28	93,0.135922561243	(28, 0.11191457931323925)
29	29,0.0476029633417	(29, 0.04760296334172931)
29	77,0.0702931909759	(29, 0.04760296334172931)
29	71,0.0847620494062	(29, 0.04760296334172931)
29	135,0.0936203698879	(29, 0.04760296334172931)
29	13,0.103492434944	(29, 0.04760296334172931)
29	73,0.10534399795	(29, 0.04760296334172931)
29	1,0.107216938064	(29, 0.04760296334172931)
29	172,0.111978624417	(29, 0.04760296334172931)
29	11,0.112512421048	(29, 0.04760296334172931)
29	76,0.112739596972	(29, 0.04760296334172931)
30	30,0.11535865171	(30, 0.11535865171031695)
30	28,0.165748463257	(30, 0.11535865171031695)
30	91,0.184394539374	(30, 0.11535865171031695)
30	103,0.199305775176	(30, 0.11535865171031695)
30	1,0.2321843807	(30, 0.11535865171031695)
30	53,0.233320902509	(30, 0.11535865171031695)
30	153,0.244188536685	(30, 0.11535865171031695)
30	114,0.247901414587	(30, 0.11535865171031695)
30	102,0.250203007129	(30, 0.11535865171031695)
30	51,0.258985618368	(30, 0.11535865171031695)
31	166,0.151106847425	(31, 0.15393437326571413)
31	31,0.153934373266	(31, 0.15393437326571413)
31	116,0.2264166648	(31, 0.15393437326571413)
31	69,0.232667106276	(31, 0.15393437326571413)
31	124,0.237719973376	(31, 0.15393437326571413)
31	72,0.239633242149	(31, 0.15393437326571413)
31	48,0.241398215876	(31, 0.15393437326571413)
31	144,0.257271067398	(31, 0.15393437326571413)
31	104,0.259908310391	(31, 0.15393437326571413)
31	4,0.262969839083	(31, 0.15393437326571413)
32	156,0.115325469634	(32, 0.14986293444562507)
32	27,0.141622445773	(32, 0.14986293444562507)
32	50,0.141774722657	(32, 0.14986293444562507)
32	32,0.149862934446	(32, 0.14986293444562507)
32	73,0.15306859767	(32, 0.14986293444562507)
32	107,0.159484315461	(32, 0.14986293444562507)
32	109,0.193187127201	(32, 0.14986293444562507)
32	131,0.194325846113	(32, 0.14986293444562507)
32	164,0.194913003829	(32, 0.14986293444562507)
32	12,0.199808301659	(32, 0.14986293444562507)
33	33,0.0929504135606	(33, 0.092950413560568768)
33	4,0.145467009481	(33, 0.092950413560568768)
33	69,0.174328334002	(33, 0.092950413560568768)
33	106,0.184664761773	(33, 0.092950413560568768)
33	116,0.195923139205	(33, 0.092950413560568768)
33	40,0.196731250439	(33, 0.092950413560568768)
33	102,0.202138961934	(33, 0.092950413560568768)
33	73,0.207669800067	(33, 0.092950413560568768)
33	28,0.208770112413	(33, 0.092950413560568768)
33	1,0.209084794881	(33, 0.092950413560568768)
34	17,0.0656390536934	(34, 0.1742442809954545)
34	15,0.0656942575528	(34, 0.1742442809954545)
34	172,0.0747542018741	(34, 0.1742442809954545)
34	69,0.0783271700994	(34, 0.1742442809954545)
34	40,0.0830270230199	(34, 0.1742442809954545)
34	120,0.090995360196	(34, 0.1742442809954545)
34	148,0.0961462384375	(34, 0.1742442809954545)
34	174,0.104074207268	(34, 0.1742442809954545)
34	4,0.10640647427	(34, 0.1742442809954545)
34	83,0.108758958947	(34, 0.1742442809954545)
35	35,0.041376871365	(35, 0.041376871364967288)
35	88,0.0659687493562	(35, 0.041376871364967288)
35	18,0.071122297598	(35, 0.041376871364967288)
35	12,0.0990244492749	(35, 0.041376871364967288)
35	22,0.10030912494	(35, 0.041376871364967288)
35	139,0.107857328503	(35, 0.041376871364967288)
35	158,0.111881760086	(35, 0.041376871364967288)
35	38,0.112281861251	(35, 0.041376871364967288)
35	121,0.113169971621	(35, 0.041376871364967288)
35	61,0.114665301573	(35, 0.041376871364967288)
36	76,0.0351925308876	(36, 0.050098669709012209)
36	147,0.0357390138007	(36, 0.050098669709012209)
36	18,0.0463509946705	(36, 0.050098669709012209)
36	46,0.0475313642137	(36, 0.050098669709012209)
36	36,0.050098669709	(36, 0.050098669709012209)
36	63,0.0509116443812	(36, 0.050098669709012209)
36	171,0.0644272486837	(36, 0.050098669709012209)
36	88,0.0646827002047	(36, 0.050098669709012209)
36	22,0.0733847057206	(36, 0.050098669709012209)
36	35,0.0737546352726	(36, 0.050098669709012209)
37	37,0.0577151969712	(37, 0.057715196971157089)
37	3,0.0629353157521	(37, 0.057715196971157089)
37	100,0.0646480452093	(37, 0.057715196971157089)
37	11,0.0693746522199	(37, 0.057715196971157089)
37	77,0.0701653136004	(37, 0.057715196971157089)
37	21,0.0832224803485	(37, 0.057715196971157089)
37	90,0.0839745109209	(37, 0.057715196971157089)
37	17,0.092494636648	(37, 0.057715196971157089)
37	71,0.0961959137589	(37, 0.057715196971157089)
37	136,0.0973991964619	(37, 0.057715196971157089)
38	38,0.0420846495565	(38, 0.04208464955654196)
38	12,0.10228575035	(38, 0.04208464955654196)
38	55,0.106150650203	(38, 0.04208464955654196)
38	14,0.111700054484	(38, 0.04208464955654196)
38	43,0.14600065284	(38, 0.04208464955654196)
38	24,0.153248727637	(38, 0.04208464955654196)
38	105,0.15566388969	(38, 0.04208464955654196)
38	50,0.159632811736	(38, 0.04208464955654196)
38	128,0.159979899372	(38, 0.04208464955654196)
38	0,0.162553660466	(38, 0.04208464955654196)
39	39,0.09596298945	(39, 0.095962989450024044)
39	51,0.194971035988	(39, 0.095962989450024044)
39	169,0.209181801195	(39, 0.095962989450024044)
39	101,0.229600480953	(39, 0.095962989450024044)
39	156,0.230877153203	(39, 0.095962989450024044)
39	27,0.236766146751	(39, 0.095962989450024044)
39	84,0.244304025553	(39, 0.095962989450024044)
39	99,0.253056409643	(39, 0.095962989450024044)
39	107,0.253106932557	(39, 0.095962989450024044)
39	95,0.253594753178	(39, 0.095962989450024044)
40	40,0.0509405349383	(40, 0.050940534938295007)
40	69,0.0655745659087	(40, 0.050940534938295007)
40	79,0.0757686311526	(40, 0.050940534938295007)
40	4,0.0883015833614	(40, 0.050940534938295007)
40	148,0.0885282836124	(40, 0.050940534938295007)
40	172,0.0891915084014	(40, 0.050940534938295007)
40	25,0.0926884985214	(40, 0.050940534938295007)
40	17,0.10175423099	(40, 0.050940534938295007)
40	15,0.103916522852	(40, 0.050940534938295007)
40	100,0.11614331673	(40, 0.050940534938295007)
41	41,0.0533783479028	(41, 0.053378347902785027)
41	155,0.0919415029442	(41, 0.053378347902785027)
41	1,0.157729832241	(41, 0.053378347902785027)
41	91,0.165932136971	(41, 0.053378347902785027)
41	20,0.172740201723	(41, 0.053378347902785027)
41	124,0.200324364631	(41, 0.053378347902785027)
41	102,0.208109210105	(41, 0.053378347902785027)
41	101,0.217579279483	(41, 0.053378347902785027)
41	114,0.222580922283	(41, 0.053378347902785027)
41	71,0.229430962583	(41, 0.053378347902785027)
42	163,0.157052259996	(42, 0.36990114576919492)
42	69,0.197712391521	(42, 0.36990114576919492)
42	53,0.225071366664	(42, 0.36990114576919492)
42	28,0.230703252726	(42, 0.36990114576919492)
42	97,0.243087113806	(42, 0.36990114576919492)
42	34,0.244467338423	(42, 0.36990114576919492)
42	140,0.246425881937	(42, 0.36990114576919492)
42	44,0.262710376894	(42, 0.36990114576919492)
42	65,0.264927574251	(42, 0.36990114576919492)
42	4,0.274028994917	(42, 0.36990114576919492)
43	12,0.0615294992914	(43, 0.13517518084312508)
43	22,0.0654258895847	(43, 0.13517518084312508)
43	121,0.0744667282836	(43, 0.13517518084312508)
43	128,0.0747859695179	(43, 0.13517518084312508)
43	78,0.0752683085508	(43, 0.13517518084312508)
43	158,0.0816344443991	(43, 0.13517518084312508)
43	61,0.0836005585444	(43, 0.13517518084312508)
43	18,0.0859751554813	(43, 0.13517518084312508)
43	50,0.0890139320669	(43, 0.13517518084312508)
43	76,0.0929565389896	(43, 0.13517518084312508)
44	116,0.0926322328682	(44, 0.37314117872113051)
44	109,0.0964543723161	(44, 0.37314117872113051)
44	93,0.107288844863	(44, 0.37314117872113051)
44	124,0.12033623052	(44, 0.37314117872113051)
44	144,0.131753130117	(44, 0.37314117872113051)
44	73,0.137711929451	(44, 0.37314117872113051)
44	84,0.1425850058	(44, 0.37314117872113051)
44	159,0.14963179959	(44, 0.37314117872113051)
44	123,0.15635553488	(44, 0.37314117872113051)
44	115,0.156427993664	(44, 0.37314117872113051)
45	45,0.138227932303	(45, 0.13822793230321734)
45	94,0.215470648301	(45, 0.13822793230321734)
45	130,0.219145722245	(45, 0.13822793230321734)
45	129,0.269391361331	(45, 0.13822793230321734)
45	133,0.281488936449	(45, 0.13822793230321734)
45	98,0.290034599324	(45, 0.13822793230321734)
45	34,0.298045912444	(45, 0.13822793230321734)
45	53,0.309505747582	(45, 0.13822793230321734)
45	113,0.322093012806	(45, 0.13822793230321734)
45	83,0.325816148799	(45, 0.13822793230321734)
46	46,0.0200704751661	(46, 0.020070475166133368)
46	36,0.0374722762754	(46, 0.020070475166133368)
46	171,0.0464173440462	(46, 0.020070475166133368)
46	76,0.0493270866534	(46, 0.020070475166133368)
46	137,0.0543072633228	(46, 0.020070475166133368)
46	147,0.0665377084569	(46, 0.020070475166133368)
46	63,0.0739948293739	(46, 0.020070475166133368)
46	139,0.0762563653007	(46, 0.020070475166133368)
46	6,0.0813202878702	(46, 0.020070475166133368)
46	18,0.0838853930705	(46, 0.020070475166133368)
47	10,0.190155234435	(47, 0.2084091384014054)
47	99,0.191260116439	(47, 0.2084091384014054)
47	47,0.208409138401	(47, 0.2084091384014054)
47	27,0.222925426335	(47, 0.2084091384014054)
47	19,0.224118356521	(47, 0.2084091384014054)
47	84,0.241425688609	(47, 0.2084091384014054)
47	138,0.247134779777	(47, 0.2084091384014054)
47	43,0.252492635979	(47, 0.2084091384014054)
47	0,0.271018525071	(47, 0.2084091384014054)
47	92,0.28439435165	(47, 0.2084091384014054)
48	56,0.0863253672915	(48, 0.10261140354919053)
48	120,0.097278102926	(48, 0.10261140354919053)
48	48,0.102611403549	(48, 0.10261140354919053)
48	69,0.112461206145	(48, 0.10261140354919053)
48	97,0.122889739831	(48, 0.10261140354919053)
48	40,0.130742396948	(48, 0.10261140354919053)
48	174,0.134627627942	(48, 0.10261140354919053)
48	4,0.140097909942	(48, 0.10261140354919053)
48	154,0.162629490686	(48, 0.10261140354919053)
48	15,0.171856919733	(48, 0.10261140354919053)
49	49,0.0659057360532	(49, 0.065905736053157471)
49	59,0.0731268356438	(49, 0.065905736053157471)
49	77,0.104487031819	(49, 0.065905736053157471)
49	100,0.108711841629	(49, 0.065905736053157471)
49	98,0.109787650586	(49, 0.065905736053157471)
49	15,0.112957665498	(49, 0.065905736053157471)
49	17,0.1192772445	(49, 0.065905736053157471)
49	172,0.122247228313	(49, 0.065905736053157471)
49	83,0.12807227344	(49, 0.065905736053157471)
49	37,0.13894299398	(49, 0.065905736053157471)
50	50,0.0451393103222	(50, 0.045139310322221696)
50	12,0.110870120432	(50, 0.045139310322221696)
50	107,0.126803028286	(50, 0.045139310322221696)
50	171,0.129772743329	(50, 0.045139310322221696)
50	158,0.137450172146	(50, 0.045139310322221696)
50	38,0.146110829333	(50, 0.045139310322221696)
50	128,0.147862607145	(50, 0.045139310322221696)
50	76,0.149226674737	(50, 0.045139310322221696)
50	22,0.155166571122	(50, 0.045139310322221696)
50	46,0.160441987178	(50, 0.045139310322221696)
51	124,0.0703629391421	(51, 0.28342909066367483)
51	73,0.1077613093	(51, 0.28342909066367483)
51	155,0.109463336168	(51, 0.28342909066367483)
51	157,0.129247321465	(51, 0.28342909066367483)
51	53,0.131998232543	(51, 0.28342909066367483)
51	41,0.145142384345	(51, 0.28342909066367483)
51	1,0.152165288701	(51, 0.28342909066367483)
51	93,0.15308764061	(51, 0.28342909066367483)
51	28,0.158392080144	(51, 0.28342909066367483)
51	13,0.163868248097	(51, 0.28342909066367483)
52	53,0.111626425776	(52, 0.38724653477927989)
52	44,0.124913174587	(52, 0.38724653477927989)
52	124,0.126550777958	(52, 0.38724653477927989)
52	120,0.138696050383	(52, 0.38724653477927989)
52	155,0.14971530171	(52, 0.38724653477927989)
52	119,0.151333569382	(52, 0.38724653477927989)
52	13,0.151924377188	(52, 0.38724653477927989)
52	97,0.154393638024	(52, 0.38724653477927989)
52	65,0.15890664131	(52, 0.38724653477927989)
52	163,0.159509846547	(52, 0.38724653477927989)
53	65,0.0655786282093	(53, 0.095496174106305315)
53	53,0.0954961741063	(53, 0.095496174106305315)
53	155,0.102268323335	(53, 0.095496174106305315)
53	44,0.118681029414	(53, 0.095496174106305315)
53	161,0.122482239826	(53, 0.095496174106305315)
53	120,0.123759810765	(53, 0.095496174106305315)
53	163,0.123981348291	(53, 0.095496174106305315)
53	34,0.151483461283	(53, 0.095496174106305315)
53	114,0.154497843714	(53, 0.095496174106305315)
53	13,0.161322702908	(53, 0.095496174106305315)
54	136,0.0476334430138	(54, 0.081369211843201658)
54	162,0.0777713747123	(54, 0.081369211843201658)
54	3,0.0803661465543	(54, 0.081369211843201658)
54	54,0.0813692118432	(54, 0.081369211843201658)
54	137,0.0818051381911	(54, 0.081369211843201658)
54	11,0.0841922640896	(54, 0.081369211843201658)
54	63,0.0852216552934	(54, 0.081369211843201658)
54	147,0.087623538911	(54, 0.081369211843201658)
54	71,0.088143088281	(54, 0.081369211843201658)
54	37,0.0935218480954	(54, 0.081369211843201658)
55	12,0.0641363477392	(55, 0.091318239808360277)
55	55,0.0913182398084	(55, 0.091318239808360277)
55	159,0.0914299805352	(55, 0.091318239808360277)
55	38,0.0948991937119	(55, 0.091318239808360277)
55	134,0.100649833677	(55, 0.091318239808360277)
55	121,0.101652182983	(55, 0.091318239808360277)
55	152,0.102531985363	(55, 0.091318239808360277)
55	128,0.105641969974	(55, 0.091318239808360277)
55	18,0.108215832518	(55, 0.091318239808360277)
55	86,0.111305389279	(55, 0.091318239808360277)
56	56,0.0537346794494	(56, 0.053734679449382254)
56	120,0.0856387603781	(56, 0.053734679449382254)
56	15,0.0936497020979	(56, 0.053734679449382254)
56	174,0.14039901166	(56, 0.053734679449382254)
56	69,0.141468800413	(56, 0.053734679449382254)
56	48,0.145961186415	(56, 0.053734679449382254)
56	113,0.151668184745	(56, 0.053734679449382254)
56	2,0.162653698156	(56, 0.053734679449382254)
56	97,0.164476548667	(56, 0.053734679449382254)
56	17,0.181885319283	(56, 0.053734679449382254)
57	57,0.107436859636	(57, 0.10743685963613993)
57	122,0.217372417848	(57, 0.10743685963613993)
57	15,0.252584904505	(57, 0.10743685963613993)
57	174,0.263011036862	(57, 0.10743685963613993)
57	56,0.291578729778	(57, 0.10743685963613993)
57	2,0.336961423928	(57, 0.10743685963613993)
57	113,0.337872069498	(57, 0.10743685963613993)
57	59,0.342415654936	(57, 0.10743685963613993)
57	120,0.342549647688	(57, 0.10743685963613993)
57	108,0.349794732966	(57, 0.10743685963613993)
58	24,0.090711045421	(58, 0.35300504211967504)
58	107,0.109312071036	(58, 0.35300504211967504)
58	27,0.113101429439	(58, 0.35300504211967504)
58	50,0.123909704054	(58, 0.35300504211967504)
58	38,0.154573756913	(58, 0.35300504211967504)
58	61,0.156586617855	(58, 0.35300504211967504)
58	158,0.157979085579	(58, 0.35300504211967504)
58	12,0.161042585742	(58, 0.35300504211967504)
58	43,0.162506178643	(58, 0.35300504211967504)
58	105,0.170721457582	(58, 0.35300504211967504)
59	83,0.186602406159	(59, 0.2177568839923682)
59	113,0.188568483433	(59, 0.2177568839923682)
59	15,0.188917949469	(59, 0.2177568839923682)
59	65,0.196368790061	(59, 0.2177568839923682)
59	94,0.204891536262	(59, 0.2177568839923682)
59	59,0.217756883992	(59, 0.2177568839923682)
59	120,0.2239825719	(59, 0.2177568839923682)
59	130,0.231256510073	(59, 0.2177568839923682)
59	97,0.236894777641	(59, 0.2177568839923682)
59	44,0.237346521706	(59, 0.2177568839923682)
60	69,0.0727334453951	(60, 0.076451287961238665)
60	60,0.0764512879612	(60, 0.076451287961238665)
60	40,0.0826829832185	(60, 0.076451287961238665)
60	79,0.0982759645485	(60, 0.076451287961238665)
60	4,0.106594304905	(60, 0.076451287961238665)
60	25,0.113522886976	(60, 0.076451287961238665)
60	15,0.120254933751	(60, 0.076451287961238665)
60	34,0.120977167129	(60, 0.076451287961238665)
60	172,0.130969936998	(60, 0.076451287961238665)
60	77,0.139312228222	(60, 0.076451287961238665)
61	23,0.037349316282	(61, 0.038162739919219743)
61	61,0.0381627399192	(61, 0.038162739919219743)
61	121,0.0682981476513	(61, 0.038162739919219743)
61	26,0.0717791431913	(61, 0.038162739919219743)
61	162,0.0744610456075	(61, 0.038162739919219743)
61	76,0.0780853398111	(61, 0.038162739919219743)
61	63,0.0789530200314	(61, 0.038162739919219743)
61	78,0.0858180235231	(61, 0.038162739919219743)
61	147,0.0878648979056	(61, 0.038162739919219743)
61	22,0.0915103919215	(61, 0.038162739919219743)
62	78,0.0818330736156	(62, 0.10863258604712848)
62	107,0.0979535503259	(62, 0.10863258604712848)
62	26,0.10247551235	(62, 0.10863258604712848)
62	73,0.10528668909	(62, 0.10863258604712848)
62	62,0.108632586047	(62, 0.10863258604712848)
62	158,0.111737375855	(62, 0.10863258604712848)
62	61,0.121770251516	(62, 0.10863258604712848)
62	121,0.128224880547	(62, 0.10863258604712848)
62	139,0.13075838106	(62, 0.10863258604712848)
62	22,0.132164894288	(62, 0.10863258604712848)
63	3,0.0357794109581	(63, 0.07184681976004148)
63	77,0.0559627306129	(63, 0.07184681976004148)
63	11,0.0587610910642	(63, 0.07184681976004148)
63	37,0.0700001456751	(63, 0.07184681976004148)
63	162,0.0710170867108	(63, 0.07184681976004148)
63	136,0.0712531120388	(63, 0.07184681976004148)
63	63,0.07184681976	(63, 0.07184681976004148)
63	71,0.0728962903668	(63, 0.07184681976004148)
63	143,0.0810270719526	(63, 0.07184681976004148)
63	81,0.0816782891579	(63, 0.07184681976004148)
64	64,0.245359948141	(64, 0.24535994814093962)
64	45,0.357098801103	(64, 0.24535994814093962)
64	118,0.404680605457	(64, 0.24535994814093962)
64	130,0.40624264179	(64, 0.24535994814093962)
64	133,0.468223453859	(64, 0.24535994814093962)
64	33,0.479229329106	(64, 0.24535994814093962)
64	113,0.555845405315	(64, 0.24535994814093962)
64	34,0.568548246359	(64, 0.24535994814093962)
64	94,0.57129774134	(64, 0.24535994814093962)
64	15,0.642085307667	(64, 0.24535994814093962)
65	65,0.0616046649268	(65, 0.061604664926810132)
65	161,0.0635528155071	(65, 0.061604664926810132)
65	83,0.0866996585757	(65, 0.061604664926810132)
65	68,0.101292953761	(65, 0.061604664926810132)
65	155,0.102126414286	(65, 0.061604664926810132)
65	59,0.121355625094	(65, 0.061604664926810132)
65	1,0.122831087857	(65, 0.061604664926810132)
65	13,0.12811986859	(65, 0.061604664926810132)
65	17,0.128204841813	(65, 0.061604664926810132)
65	71,0.131771692652	(65, 0.061604664926810132)
66	66,0.248826806488	(66, 0.24882680648751834)
66	130,0.439241929612	(66, 0.24882680648751834)
66	118,0.503811832786	(66, 0.24882680648751834)
66	133,0.509755710445	(66, 0.24882680648751834)
66	140,0.543996528418	(66, 0.24882680648751834)
66	91,0.565981721497	(66, 0.24882680648751834)
66	33,0.585918029584	(66, 0.24882680648751834)
66	141,0.587696078507	(66, 0.24882680648751834)
66	53,0.661399067544	(66, 0.24882680648751834)
66	169,0.663293681361	(66, 0.24882680648751834)
67	67,0.162542255986	(67, 0.1625422559856268)
67	169,0.20057870214	(67, 0.1625422559856268)
67	84,0.205205693907	(67, 0.1625422559856268)
67	93,0.21600341529	(67, 0.1625422559856268)
67	149,0.236820645186	(67, 0.1625422559856268)
67	28,0.240856535394	(67, 0.1625422559856268)
67	116,0.244709267047	(67, 0.1625422559856268)
67	109,0.245098594226	(67, 0.1625422559856268)
67	140,0.248139963395	(67, 0.1625422559856268)
67	131,0.252947078023	(67, 0.1625422559856268)
68	68,0.062275547949	(68, 0.062275547949000504)
68	23,0.109927075071	(68, 0.062275547949000504)
68	70,0.109957077839	(68, 0.062275547949000504)
68	61,0.117843724255	(68, 0.062275547949000504)
68	63,0.131204658541	(68, 0.062275547949000504)
68	162,0.139183509072	(68, 0.062275547949000504)
68	147,0.143337834759	(68, 0.062275547949000504)
68	26,0.146519080606	(68, 0.062275547949000504)
68	77,0.148774072021	(68, 0.062275547949000504)
68	71,0.149832138776	(68, 0.062275547949000504)
69	122,0.246170587893	(69, 0.29495859431746396)
69	15,0.271306292618	(69, 0.29495859431746396)
69	174,0.293482308753	(69, 0.29495859431746396)
69	48,0.294464636844	(69, 0.29495859431746396)
69	69,0.294958594317	(69, 0.29495859431746396)
69	33,0.307415708441	(69, 0.29495859431746396)
69	2,0.311323504613	(69, 0.29495859431746396)
69	56,0.319598079329	(69, 0.29495859431746396)
69	154,0.33143060876	(69, 0.29495859431746396)
69	113,0.340665645351	(69, 0.29495859431746396)
70	121,0.0677177566669	(70, 0.083463736676119601)
70	3,0.0749871691672	(70, 0.083463736676119601)
70	70,0.0834637366761	(70, 0.083463736676119601)
70	77,0.0852181155506	(70, 0.083463736676119601)
70	132,0.0913370821194	(70, 0.083463736676119601)
70	139,0.0929925894099	(70, 0.083463736676119601)
70	22,0.0951658242902	(70, 0.083463736676119601)
70	11,0.0959223300309	(70, 0.083463736676119601)
70	117,0.0965023415181	(70, 0.083463736676119601)
70	63,0.0966943692231	(70, 0.083463736676119601)
71	91,0.142043495805	(71, 0.36395086152354411)
71	133,0.183751043474	(71, 0.36395086152354411)
71	101,0.210539000054	(71, 0.36395086152354411)
71	41,0.216790177639	(71, 0.36395086152354411)
71	102,0.21931438941	(71, 0.36395086152354411)
71	155,0.232042753258	(71, 0.36395086152354411)
71	28,0.241418586179	(71, 0.36395086152354411)
71	95,0.243863662334	(71, 0.36395086152354411)
71	1,0.253055139188	(71, 0.36395086152354411)
71	124,0.268180193479	(71, 0.36395086152354411)
72	174,0.0991798347499	(72, 0.63232417192432366)
72	17,0.108237067865	(72, 0.63232417192432366)
72	172,0.115075820209	(72, 0.63232417192432366)
72	148,0.122151727748	(72, 0.63232417192432366)
72	143,0.129503233571	(72, 0.63232417192432366)
72	100,0.150739654425	(72, 0.63232417192432366)
72	77,0.152021704643	(72, 0.63232417192432366)
72	4,0.15342124797	(72, 0.63232417192432366)
72	15,0.153787162168	(72, 0.63232417192432366)
72	49,0.155459191905	(72, 0.63232417192432366)
73	73,0.0554408412906	(73, 0.055440841290627277)
73	13,0.0945766631092	(73, 0.055440841290627277)
73	124,0.109134765923	(73, 0.055440841290627277)
73	157,0.109489920651	(73, 0.055440841290627277)
73	93,0.122477139501	(73, 0.055440841290627277)
73	27,0.133237085753	(73, 0.055440841290627277)
73	109,0.1415872117	(73, 0.055440841290627277)
73	53,0.144520034664	(73, 0.055440841290627277)
73	116,0.148664706931	(73, 0.055440841290627277)
73	114,0.163524439998	(73, 0.055440841290627277)
74	136,0.0511904002184	(74, 0.053655311324766891)
74	17,0.0528739357403	(74, 0.053655311324766891)
74	74,0.0536553113248	(74, 0.053655311324766891)
74	37,0.0641235491822	(74, 0.053655311324766891)
74	100,0.0641242285572	(74, 0.053655311324766891)
74	77,0.0713092214312	(74, 0.053655311324766891)
74	90,0.0729176694856	(74, 0.053655311324766891)
74	127,0.0839434269446	(74, 0.053655311324766891)
74	11,0.0890907321951	(74, 0.053655311324766891)
74	49,0.0997472120428	(74, 0.053655311324766891)
75	75,0.374340761112	(75, 0.37434076111217152)
75	167,0.40468224934	(75, 0.37434076111217152)
75	80,0.558325930542	(75, 0.37434076111217152)
75	10,0.588897670022	(75, 0.37434076111217152)
75	47,0.604074400491	(75, 0.37434076111217152)
75	67,0.607162383257	(75, 0.37434076111217152)
75	85,0.622466158995	(75, 0.37434076111217152)
75	99,0.632985806073	(75, 0.37434076111217152)
75	166,0.637831974247	(75, 0.37434076111217152)
75	84,0.657844518692	(75, 0.37434076111217152)
76	76,0.0315592760784	(76, 0.031559276078356638)
76	63,0.0412821400095	(76, 0.031559276078356638)
76	137,0.0421591564056	(76, 0.031559276078356638)
76	147,0.0423686988825	(76, 0.031559276078356638)
76	171,0.0543654890165	(76, 0.031559276078356638)
76	3,0.0601772779945	(76, 0.031559276078356638)
76	22,0.0642854338576	(76, 0.031559276078356638)
76	46,0.0671244469432	(76, 0.031559276078356638)
76	18,0.0702261925444	(76, 0.031559276078356638)
76	117,0.0708382568047	(76, 0.031559276078356638)
77	162,0.0469705997017	(77, 0.060340126759912523)
77	11,0.0503995797044	(77, 0.060340126759912523)
77	90,0.0509997691165	(77, 0.060340126759912523)
77	136,0.0549603106062	(77, 0.060340126759912523)
77	3,0.0573000899941	(77, 0.060340126759912523)
77	63,0.0585041476814	(77, 0.060340126759912523)
77	77,0.0603401267599	(77, 0.060340126759912523)
77	137,0.0620981821379	(77, 0.060340126759912523)
77	147,0.0633965926593	(77, 0.060340126759912523)
77	71,0.069933462951	(77, 0.060340126759912523)
78	151,0.0401917455836	(78, 0.06438185888393691)
78	76,0.0486203457375	(78, 0.06438185888393691)
78	63,0.0500415998872	(78, 0.06438185888393691)
78	22,0.050615808575	(78, 0.06438185888393691)
78	18,0.0507481182457	(78, 0.06438185888393691)
78	132,0.0519258753119	(78, 0.06438185888393691)
78	121,0.0528802628191	(78, 0.06438185888393691)
78	147,0.0632358522559	(78, 0.06438185888393691)
78	78,0.0643818588839	(78, 0.06438185888393691)
78	61,0.0666966214014	(78, 0.06438185888393691)
79	69,0.0468103888333	(79, 0.049738595476638822)
79	79,0.0497385954766	(79, 0.049738595476638822)
79	4,0.0566689220441	(79, 0.049738595476638822)
79	40,0.0613122894756	(79, 0.049738595476638822)
79	25,0.0932955260407	(79, 0.049738595476638822)
79	56,0.0961163868511	(79, 0.049738595476638822)
79	34,0.112792652622	(79, 0.049738595476638822)
79	17,0.11832998169	(79, 0.049738595476638822)
79	148,0.118395259382	(79, 0.049738595476638822)
79	15,0.118777229778	(79, 0.049738595476638822)
80	80,0.16588940955	(80, 0.16588940955034728)
80	51,0.217452539373	(80, 0.16588940955034728)
80	167,0.259856794427	(80, 0.16588940955034728)
80	32,0.365471700918	(80, 0.16588940955034728)
80	39,0.46541894964	(80, 0.16588940955034728)
80	169,0.477431384709	(80, 0.16588940955034728)
80	27,0.482973029745	(80, 0.16588940955034728)
80	165,0.503828882933	(80, 0.16588940955034728)
80	156,0.524017415159	(80, 0.16588940955034728)
80	58,0.527050827355	(80, 0.16588940955034728)
81	81,0.0447536079794	(81, 0.044753607979365229)
81	3,0.0663191465008	(81, 0.044753607979365229)
81	132,0.0731879395331	(81, 0.044753607979365229)
81	11,0.0747274770137	(81, 0.044753607979365229)
81	117,0.083326930138	(81, 0.044753607979365229)
81	121,0.0837125356315	(81, 0.044753607979365229)
81	22,0.0857446006559	(81, 0.044753607979365229)
81	151,0.0867100392136	(81, 0.044753607979365229)
81	77,0.0871503187042	(81, 0.044753607979365229)
81	76,0.0933603243212	(81, 0.044753607979365229)
82	27,0.135703001185	(82, 0.21962306101181736)
82	38,0.152645374482	(82, 0.21962306101181736)
82	12,0.154358621735	(82, 0.21962306101181736)
82	13,0.166136931651	(82, 0.21962306101181736)
82	107,0.167788037566	(82, 0.21962306101181736)
82	73,0.168849372327	(82, 0.21962306101181736)
82	24,0.170652268373	(82, 0.21962306101181736)
82	105,0.172658038635	(82, 0.21962306101181736)
82	144,0.18066737063	(82, 0.21962306101181736)
82	50,0.184268727622	(82, 0.21962306101181736)
83	13,0.0726579757633	(83, 0.084283076280193783)
83	155,0.0766273704096	(83, 0.084283076280193783)
83	161,0.0797997245496	(83, 0.084283076280193783)
83	83,0.0842830762802	(83, 0.084283076280193783)
83	65,0.0846373080167	(83, 0.084283076280193783)
83	17,0.0893297928079	(83, 0.084283076280193783)
83	71,0.0946590694175	(83, 0.084283076280193783)
83	120,0.0967786635171	(83, 0.084283076280193783)
83	11,0.100158498282	(83, 0.084283076280193783)
83	136,0.106147019198	(83, 0.084283076280193783)
84	84,0.246155938382	(84, 0.24615593838198316)
84	67,0.24894194869	(84, 0.24615593838198316)
84	169,0.28528434543	(84, 0.24615593838198316)
84	166,0.289271820182	(84, 0.24615593838198316)
84	140,0.31196144172	(84, 0.24615593838198316)
84	99,0.330265582101	(84, 0.24615593838198316)
84	109,0.35108865147	(84, 0.24615593838198316)
84	144,0.379408616926	(84, 0.24615593838198316)
84	149,0.388303266941	(84, 0.24615593838198316)
84	156,0.389238738236	(84, 0.24615593838198316)
85	67,0.205608770804	(85, 0.29848923464992938)
85	85,0.29848923465	(85, 0.29848923464992938)
85	140,0.312911176976	(85, 0.29848923464992938)
85	149,0.374921978093	(85, 0.29848923464992938)
85	84,0.376155706932	(85, 0.29848923464992938)
85	166,0.381910711167	(85, 0.29848923464992938)
85	169,0.415143826725	(85, 0.29848923464992938)
85	144,0.440713583032	(85, 0.29848923464992938)
85	93,0.458844620363	(85, 0.29848923464992938)
85	99,0.459054617144	(85, 0.29848923464992938)
86	86,0.0473249773156	(86, 0.047324977315602167)
86	137,0.0578808213229	(86, 0.047324977315602167)
86	150,0.0620861017169	(86, 0.047324977315602167)
86	162,0.0659596239932	(86, 0.047324977315602167)
86	18,0.0677305236118	(86, 0.047324977315602167)
86	76,0.0701934763958	(86, 0.047324977315602167)
86	117,0.0707221175382	(86, 0.047324977315602167)
86	3,0.0708922673948	(86, 0.047324977315602167)
86	171,0.0711234471747	(86, 0.047324977315602167)
86	11,0.0718425492488	(86, 0.047324977315602167)
87	121,0.0747923786743	(87, 0.1997368140529219)
87	78,0.0793288298608	(87, 0.1997368140529219)
87	26,0.0802792018161	(87, 0.1997368140529219)
87	1,0.0917793794203	(87, 0.1997368140529219)
87	61,0.0995784113076	(87, 0.1997368140529219)
87	23,0.104900900014	(87, 0.1997368140529219)
87	11,0.108746583284	(87, 0.1997368140529219)
87	22,0.112368562662	(87, 0.1997368140529219)
87	71,0.117795507348	(87, 0.1997368140529219)
87	20,0.120286138686	(87, 0.1997368140529219)
88	147,0.0432669715761	(88, 0.059148841158342978)
88	76,0.044164305712	(88, 0.059148841158342978)
88	18,0.0459601690621	(88, 0.059148841158342978)
88	63,0.0532452810039	(88, 0.059148841158342978)
88	88,0.0591488411583	(88, 0.059148841158342978)
88	22,0.0602812447761	(88, 0.059148841158342978)
88	171,0.0608518054569	(88, 0.059148841158342978)
88	117,0.0658689397063	(88, 0.059148841158342978)
88	46,0.068688904976	(88, 0.059148841158342978)
88	139,0.0696888951367	(88, 0.059148841158342978)
89	124,0.0728106348923	(89, 0.1036489036256996)
89	89,0.103648903626	(89, 0.1036489036256996)
89	155,0.10434835808	(89, 0.1036489036256996)
89	73,0.109343022013	(89, 0.1036489036256996)
89	53,0.109809340425	(89, 0.1036489036256996)
89	1,0.11297079315	(89, 0.1036489036256996)
89	20,0.125495383602	(89, 0.1036489036256996)
89	71,0.132766513574	(89, 0.1036489036256996)
89	11,0.14864863205	(89, 0.1036489036256996)
89	109,0.157836625506	(89, 0.1036489036256996)
90	90,0.0342099503667	(90, 0.034209950366706182)
90	11,0.0642120142261	(90, 0.034209950366706182)
90	162,0.0674268851801	(90, 0.034209950366706182)
90	96,0.0713667769571	(90, 0.034209950366706182)
90	81,0.0730481229505	(90, 0.034209950366706182)
90	137,0.0767455453419	(90, 0.034209950366706182)
90	172,0.0810793820011	(90, 0.034209950366706182)
90	136,0.0819838959425	(90, 0.034209950366706182)
90	17,0.0838835582595	(90, 0.034209950366706182)
90	112,0.0838966645452	(90, 0.034209950366706182)
91	133,0.150583521277	(91, 0.22336084079800866)
91	91,0.223360840798	(91, 0.22336084079800866)
91	130,0.323571884283	(91, 0.22336084079800866)
91	103,0.388660811411	(91, 0.22336084079800866)
91	102,0.430220748733	(91, 0.22336084079800866)
91	34,0.432694654597	(91, 0.22336084079800866)
91	66,0.447883895712	(91, 0.22336084079800866)
91	51,0.452673066998	(91, 0.22336084079800866)
91	155,0.460327941202	(91, 0.22336084079800866)
91	53,0.467508275085	(91, 0.22336084079800866)
92	78,0.066715514153	(92, 0.18277347981694636)
92	61,0.0911273705934	(92, 0.18277347981694636)
92	24,0.0931367080273	(92, 0.18277347981694636)
92	128,0.0981768722975	(92, 0.18277347981694636)
92	158,0.102010296771	(92, 0.18277347981694636)
92	26,0.111881475927	(92, 0.18277347981694636)
92	12,0.114443168091	(92, 0.18277347981694636)
92	107,0.122919464515	(92, 0.18277347981694636)
92	23,0.126408526829	(92, 0.18277347981694636)
92	27,0.12690742309	(92, 0.18277347981694636)
93	22,0.0561133118933	(93, 0.08227510544581218)
93	132,0.0655738844997	(93, 0.08227510544581218)
93	128,0.0757735423103	(93, 0.08227510544581218)
93	158,0.079842531718	(93, 0.08227510544581218)
93	93,0.0822751054458	(93, 0.08227510544581218)
93	76,0.0825261132218	(93, 0.08227510544581218)
93	12,0.0844522054586	(93, 0.08227510544581218)
93	121,0.0856182155521	(93, 0.08227510544581218)
93	3,0.0922723448944	(93, 0.08227510544581218)
93	78,0.0939236153676	(93, 0.08227510544581218)
94	94,0.0998287052478	(94, 0.099828705247812483)
94	83,0.167567330861	(94, 0.099828705247812483)
94	155,0.203658168387	(94, 0.099828705247812483)
94	59,0.224329736052	(94, 0.099828705247812483)
94	15,0.24259166516	(94, 0.099828705247812483)
94	45,0.261740162465	(94, 0.099828705247812483)
94	120,0.264621677768	(94, 0.099828705247812483)
94	161,0.264915426525	(94, 0.099828705247812483)
94	98,0.268110880279	(94, 0.099828705247812483)
94	65,0.269718402914	(94, 0.099828705247812483)
95	99,0.102277037214	(95, 0.24753819288935422)
95	107,0.10420282775	(95, 0.24753819288935422)
95	43,0.132244674826	(95, 0.24753819288935422)
95	19,0.14969269984	(95, 0.24753819288935422)
95	27,0.149828801111	(95, 0.24753819288935422)
95	128,0.150137341996	(95, 0.24753819288935422)
95	138,0.152769434568	(95, 0.24753819288935422)
95	78,0.153947554268	(95, 0.24753819288935422)
95	39,0.171476976258	(95, 0.24753819288935422)
95	50,0.171955568486	(95, 0.24753819288935422)
96	96,0.0522705894483	(96, 0.052270589448339219)
96	162,0.0875197070385	(96, 0.052270589448339219)
96	17,0.0889039536945	(96, 0.052270589448339219)
96	13,0.0895154134878	(96, 0.052270589448339219)
96	11,0.0959614362073	(96, 0.052270589448339219)
96	161,0.106386335021	(96, 0.052270589448339219)
96	143,0.109296976493	(96, 0.052270589448339219)
96	119,0.110879337644	(96, 0.052270589448339219)
96	112,0.117105369601	(96, 0.052270589448339219)
96	90,0.125561881394	(96, 0.052270589448339219)
97	40,0.0645978446927	(97, 0.14641212563545605)
97	172,0.0653665444348	(97, 0.14641212563545605)
97	69,0.0720071602163	(97, 0.14641212563545605)
97	120,0.0759810635281	(97, 0.14641212563545605)
97	17,0.0766817482076	(97, 0.14641212563545605)
97	4,0.105943597358	(97, 0.14641212563545605)
97	79,0.111741745761	(97, 0.14641212563545605)
97	3,0.113623892573	(97, 0.14641212563545605)
97	90,0.122241654886	(97, 0.14641212563545605)
97	154,0.122879934086	(97, 0.14641212563545605)
98	98,0.0491362737115	(98, 0.049136273711528185)
98	40,0.0811992048037	(98, 0.049136273711528185)
98	15,0.0899107959085	(98, 0.049136273711528185)
98	25,0.0979125800656	(98, 0.049136273711528185)
98	172,0.10842452385	(98, 0.049136273711528185)
98	154,0.117289451458	(98, 0.049136273711528185)
98	49,0.118391878708	(98, 0.049136273711528185)
98	4,0.132703343652	(98, 0.049136273711528185)
98	83,0.13555990207	(98, 0.049136273711528185)
98	69,0.136198287532	(98, 0.049136273711528185)
99	84,0.0943391557003	(99, 0.11257491432560655)
99	144,0.0993141180245	(99, 0.11257491432560655)
99	93,0.102338771263	(99, 0.11257491432560655)
99	109,0.108454101243	(99, 0.11257491432560655)
99	99,0.112574914326	(99, 0.11257491432560655)
99	73,0.114760596178	(99, 0.11257491432560655)
99	156,0.115206921592	(99, 0.11257491432560655)
99	128,0.115944875434	(99, 0.11257491432560655)
99	78,0.120923539455	(99, 0.11257491432560655)
99	116,0.131677148294	(99, 0.11257491432560655)
100	100,0.034313282344	(100, 0.034313282344000093)
100	77,0.0589418951834	(100, 0.034313282344000093)
100	74,0.059272875067	(100, 0.034313282344000093)
100	17,0.0672524304595	(100, 0.034313282344000093)
100	21,0.068889183197	(100, 0.034313282344000093)
100	127,0.0703073570376	(100, 0.034313282344000093)
100	37,0.0715928347707	(100, 0.034313282344000093)
100	136,0.0717609890796	(100, 0.034313282344000093)
100	90,0.0763133207839	(100, 0.034313282344000093)
100	11,0.0778765446236	(100, 0.034313282344000093)
101	73,0.108850475971	(101, 0.10887593306669636)
101	101,0.108875933067	(101, 0.10887593306669636)
101	1,0.117087961531	(101, 0.10887593306669636)
101	13,0.120869714431	(101, 0.10887593306669636)
101	29,0.127601951115	(101, 0.10887593306669636)
101	124,0.128951926509	(101, 0.10887593306669636)
101	60,0.135985837305	(101, 0.10887593306669636)
101	69,0.144046659558	(101, 0.10887593306669636)
101	77,0.146026531257	(101, 0.10887593306669636)
101	71,0.148501086578	(101, 0.10887593306669636)
102	41,0.134020903907	(102, 0.15021497108017251)
102	91,0.136816206874	(102, 0.15021497108017251)
102	114,0.14583562335	(102, 0.15021497108017251)
102	102,0.15021497108	(102, 0.15021497108017251)
102	155,0.150316672804	(102, 0.15021497108017251)
102	1,0.158166083533	(102, 0.15021497108017251)
102	101,0.164996110378	(102, 0.15021497108017251)
102	110,0.172090500611	(102, 0.15021497108017251)
102	103,0.180227382212	(102, 0.15021497108017251)
102	53,0.180633866563	(102, 0.15021497108017251)
103	103,0.109917456515	(103, 0.10991745651503911)
103	73,0.169364497792	(103, 0.10991745651503911)
103	91,0.182059176541	(103, 0.10991745651503911)
103	101,0.188838416459	(103, 0.10991745651503911)
103	93,0.214701694237	(103, 0.10991745651503911)
103	114,0.217337207655	(103, 0.10991745651503911)
103	39,0.22408474381	(103, 0.10991745651503911)
103	30,0.22676293396	(103, 0.10991745651503911)
103	51,0.228191995767	(103, 0.10991745651503911)
103	26,0.228426640189	(103, 0.10991745651503911)
104	124,0.0754160598905	(104, 0.14668025105342866)
104	93,0.103642270109	(104, 0.14668025105342866)
104	81,0.104735520451	(104, 0.14668025105342866)
104	119,0.114402421295	(104, 0.14668025105342866)
104	11,0.120871410204	(104, 0.14668025105342866)
104	73,0.121622642251	(104, 0.14668025105342866)
104	115,0.122507924637	(104, 0.14668025105342866)
104	3,0.132122029028	(104, 0.14668025105342866)
104	104,0.146680251053	(104, 0.14668025105342866)
104	37,0.149323690506	(104, 0.14668025105342866)
105	27,0.11469660586	(105, 0.1700174384266927)
105	43,0.126791001293	(105, 0.1700174384266927)
105	19,0.133096446008	(105, 0.1700174384266927)
105	24,0.136308200829	(105, 0.1700174384266927)
105	38,0.137307169591	(105, 0.1700174384266927)
105	107,0.144203046633	(105, 0.1700174384266927)
105	99,0.148227982845	(105, 0.1700174384266927)
105	50,0.163234078621	(105, 0.1700174384266927)
105	12,0.163298236082	(105, 0.1700174384266927)
105	105,0.170017438427	(105, 0.1700174384266927)
106	106,0.0836644079132	(106, 0.083664407913240507)
106	157,0.117304689211	(106, 0.083664407913240507)
106	116,0.143027524077	(106, 0.083664407913240507)
106	93,0.152543281838	(106, 0.083664407913240507)
106	165,0.153449516497	(106, 0.083664407913240507)
106	174,0.155127137549	(106, 0.083664407913240507)
106	172,0.160303789235	(106, 0.083664407913240507)
106	156,0.162622429962	(106, 0.083664407913240507)
106	54,0.165899922786	(106, 0.083664407913240507)
106	13,0.183815875023	(106, 0.083664407913240507)
107	22,0.0797791115328	(107, 0.082194717751505331)
107	107,0.0821947177515	(107, 0.082194717751505331)
107	26,0.0842016448346	(107, 0.082194717751505331)
107	139,0.0898709292236	(107, 0.082194717751505331)
107	78,0.0908096809877	(107, 0.082194717751505331)
107	121,0.0929313354634	(107, 0.082194717751505331)
107	128,0.0944500313622	(107, 0.082194717751505331)
107	76,0.102326118942	(107, 0.082194717751505331)
107	23,0.102718027417	(107, 0.082194717751505331)
107	61,0.10279037118	(107, 0.082194717751505331)
108	77,0.069349874872	(108, 0.20347005211776412)
108	172,0.0908894512895	(108, 0.20347005211776412)
108	174,0.108540919668	(108, 0.20347005211776412)
108	4,0.111828854825	(108, 0.20347005211776412)
108	40,0.11275759228	(108, 0.20347005211776412)
108	17,0.119746375728	(108, 0.20347005211776412)
108	100,0.128110088791	(108, 0.20347005211776412)
108	49,0.129250715005	(108, 0.20347005211776412)
108	69,0.133361551206	(108, 0.20347005211776412)
108	15,0.135069429475	(108, 0.20347005211776412)
109	109,0.0673445956816	(109, 0.067344595681595079)
109	159,0.0818965670925	(109, 0.067344595681595079)
109	134,0.0958016840847	(109, 0.067344595681595079)
109	146,0.104315799683	(109, 0.067344595681595079)
109	128,0.115363289173	(109, 0.067344595681595079)
109	12,0.115970644261	(109, 0.067344595681595079)
109	152,0.121492884747	(109, 0.067344595681595079)
109	84,0.122742800604	(109, 0.067344595681595079)
109	14,0.127560692703	(109, 0.067344595681595079)
109	38,0.147844630733	(109, 0.067344595681595079)
110	1,0.0742293973516	(110, 0.13418015318807372)
110	11,0.0898602340421	(110, 0.13418015318807372)
110	121,0.094340756063	(110, 0.13418015318807372)
110	68,0.0979211616378	(110, 0.13418015318807372)
110	162,0.106846383612	(110, 0.13418015318807372)
110	155,0.111325406337	(110, 0.13418015318807372)
110	26,0.113842154827	(110, 0.13418015318807372)
110	71,0.115413673428	(110, 0.13418015318807372)
110	3,0.116439130462	(110, 0.13418015318807372)
110	73,0.122550640856	(110, 0.13418015318807372)
111	73,0.0823417657724	(111, 0.28615539059029726)
111	93,0.0916637685255	(111, 0.28615539059029726)
111	124,0.0965216870026	(111, 0.28615539059029726)
111	157,0.113337332661	(111, 0.28615539059029726)
111	101,0.120144584272	(111, 0.28615539059029726)
111	13,0.133480850877	(111, 0.28615539059029726)
111	109,0.13722406892	(111, 0.28615539059029726)
111	128,0.146770329253	(111, 0.28615539059029726)
111	78,0.15172528547	(111, 0.28615539059029726)
111	116,0.152444386184	(111, 0.28615539059029726)
112	11,0.0517627936286	(112, 0.068220649193401317)
112	90,0.0556359084962	(112, 0.068220649193401317)
112	3,0.0616765489396	(112, 0.068220649193401317)
112	162,0.0670946400729	(112, 0.068220649193401317)
112	112,0.0682206491934	(112, 0.068220649193401317)
112	100,0.0714783204663	(112, 0.068220649193401317)
112	21,0.0763416430144	(112, 0.068220649193401317)
112	143,0.0813253286471	(112, 0.068220649193401317)
112	81,0.081380598223	(112, 0.068220649193401317)
112	77,0.082466145749	(112, 0.068220649193401317)
113	113,0.0701308396337	(113, 0.070130839633720049)
113	65,0.139156378702	(113, 0.070130839633720049)
113	130,0.203049857406	(113, 0.070130839633720049)
113	120,0.223371619833	(113, 0.070130839633720049)
113	44,0.227576594072	(113, 0.070130839633720049)
113	155,0.245164281742	(113, 0.070130839633720049)
113	15,0.245585276152	(113, 0.070130839633720049)
113	161,0.250684095296	(113, 0.070130839633720049)
113	53,0.253496222076	(113, 0.070130839633720049)
113	97,0.256058215651	(113, 0.070130839633720049)
114	114,0.0848069148195	(114, 0.08480691481951351)
114	73,0.0939565362705	(114, 0.08480691481951351)
114	53,0.0970009861441	(114, 0.08480691481951351)
114	124,0.110403731827	(114, 0.08480691481951351)
114	104,0.130270187968	(114, 0.08480691481951351)
114	140,0.14057066822	(114, 0.08480691481951351)
114	93,0.144111100289	(114, 0.08480691481951351)
114	13,0.145316707247	(114, 0.08480691481951351)
114	157,0.148975652532	(114, 0.08480691481951351)
114	109,0.152623987798	(114, 0.08480691481951351)
115	119,0.0828844724275	(115, 0.091892467947812251)
115	11,0.0900911297996	(115, 0.091892467947812251)
115	115,0.0918924679478	(115, 0.091892467947812251)
115	37,0.0997563394269	(115, 0.091892467947812251)
115	17,0.109926275681	(115, 0.091892467947812251)
115	136,0.113200854674	(115, 0.091892467947812251)
115	81,0.114151031389	(115, 0.091892467947812251)
115	96,0.117296902879	(115, 0.091892467947812251)
115	172,0.11920564883	(115, 0.091892467947812251)
115	3,0.12230652624	(115, 0.091892467947812251)
116	116,0.0605038473864	(116, 0.06050384738642111)
116	93,0.0684321001017	(116, 0.06050384738642111)
116	109,0.119970884327	(116, 0.06050384738642111)
116	73,0.124894692665	(116, 0.06050384738642111)
116	172,0.137843343578	(116, 0.06050384738642111)
116	144,0.139884032271	(116, 0.06050384738642111)
116	128,0.145693402076	(116, 0.06050384738642111)
116	3,0.149902074329	(116, 0.06050384738642111)
116	146,0.149963725641	(116, 0.06050384738642111)
116	131,0.15146955251	(116, 0.06050384738642111)
117	117,0.0270093007654	(117, 0.027009300765389488)
117	21,0.0592123307873	(117, 0.027009300765389488)
117	71,0.0622540583988	(117, 0.027009300765389488)
117	81,0.0690698251255	(117, 0.027009300765389488)
117	11,0.0705107719581	(117, 0.027009300765389488)
117	77,0.0762201675635	(117, 0.027009300765389488)
117	76,0.0772691292685	(117, 0.027009300765389488)
117	22,0.0773980073953	(117, 0.027009300765389488)
117	162,0.0776324086315	(117, 0.027009300765389488)
117	3,0.0793501694525	(117, 0.027009300765389488)
118	33,0.165377738414	(118, 0.26274924105376946)
118	34,0.202442279639	(118, 0.26274924105376946)
118	69,0.211544296048	(118, 0.26274924105376946)
118	130,0.225627297895	(118, 0.26274924105376946)
118	113,0.228662601717	(118, 0.26274924105376946)
118	118,0.262749241054	(118, 0.26274924105376946)
118	15,0.266166870792	(118, 0.26274924105376946)
118	4,0.276032007993	(118, 0.26274924105376946)
118	25,0.277549623623	(118, 0.26274924105376946)
118	45,0.288584607394	(118, 0.26274924105376946)
119	120,0.0802951116886	(119, 0.1027730516494675)
119	119,0.102773051649	(119, 0.1027730516494675)
119	69,0.103226854393	(119, 0.1027730516494675)
119	40,0.105074437368	(119, 0.1027730516494675)
119	17,0.107660470437	(119, 0.1027730516494675)
119	172,0.113312329513	(119, 0.1027730516494675)
119	4,0.11518550424	(119, 0.1027730516494675)
119	154,0.123878203809	(119, 0.1027730516494675)
119	97,0.125785939393	(119, 0.1027730516494675)
119	124,0.127799363044	(119, 0.1027730516494675)
120	120,0.0617707567054	(120, 0.061770756705359621)
120	65,0.0787288030056	(120, 0.061770756705359621)
120	161,0.102307192856	(120, 0.061770756705359621)
120	44,0.108242126808	(120, 0.061770756705359621)
120	155,0.113017126278	(120, 0.061770756705359621)
120	53,0.11834200802	(120, 0.061770756705359621)
120	13,0.134550725751	(120, 0.061770756705359621)
120	124,0.135395385546	(120, 0.061770756705359621)
120	97,0.139413253707	(120, 0.061770756705359621)
120	54,0.149182636383	(120, 0.061770756705359621)
121	121,0.0616395812762	(121, 0.061639581276227554)
121	22,0.0732536540731	(121, 0.061639581276227554)
121	1,0.0770352053324	(121, 0.061639581276227554)
121	78,0.0804334737907	(121, 0.061639581276227554)
121	26,0.0822332880111	(121, 0.061639581276227554)
121	73,0.0973396250666	(121, 0.061639581276227554)
121	11,0.103301183303	(121, 0.061639581276227554)
121	132,0.105347812891	(121, 0.061639581276227554)
121	128,0.107477577877	(121, 0.061639581276227554)
121	61,0.109489513982	(121, 0.061639581276227554)
122	174,0.104928803258	(122, 0.1382848949424984)
122	154,0.126217775404	(122, 0.1382848949424984)
122	122,0.138284894942	(122, 0.1382848949424984)
122	69,0.16072822982	(122, 0.1382848949424984)
122	2,0.178441161062	(122, 0.1382848949424984)
122	48,0.181671584251	(122, 0.1382848949424984)
122	4,0.185009871673	(122, 0.1382848949424984)
122	172,0.18891561664	(122, 0.1382848949424984)
122	116,0.198061284145	(122, 0.1382848949424984)
122	56,0.200746582693	(122, 0.1382848949424984)
123	123,0.0809564288938	(123, 0.080956428893810509)
123	172,0.0827716154294	(123, 0.080956428893810509)
123	81,0.113357674839	(123, 0.080956428893810509)
123	119,0.11542310249	(123, 0.080956428893810509)
123	146,0.115701612326	(123, 0.080956428893810509)
123	40,0.118329316573	(123, 0.080956428893810509)
123	90,0.123347978063	(123, 0.080956428893810509)
123	115,0.127779388367	(123, 0.080956428893810509)
123	96,0.131173686812	(123, 0.080956428893810509)
123	17,0.140730963903	(123, 0.080956428893810509)
124	124,0.105964749743	(124, 0.10596474974308102)
124	101,0.161139527814	(124, 0.10596474974308102)
124	41,0.178858422208	(124, 0.10596474974308102)
124	169,0.179959042572	(124, 0.10596474974308102)
124	73,0.18907854817	(124, 0.10596474974308102)
124	157,0.197636092331	(124, 0.10596474974308102)
124	53,0.20129650868	(124, 0.10596474974308102)
124	155,0.204253225911	(124, 0.10596474974308102)
124	140,0.209402324656	(124, 0.10596474974308102)
124	27,0.214579305633	(124, 0.10596474974308102)
125	13,0.158246273014	(125, 0.20750652434449898)
125	73,0.167899283872	(125, 0.20750652434449898)
125	68,0.181523878685	(125, 0.20750652434449898)
125	65,0.182265520059	(125, 0.20750652434449898)
125	155,0.188489713015	(125, 0.20750652434449898)
125	23,0.191825680357	(125, 0.20750652434449898)
125	61,0.193133842973	(125, 0.20750652434449898)
125	54,0.198419228805	(125, 0.20750652434449898)
125	114,0.202437612165	(125, 0.20750652434449898)
125	125,0.207506524344	(125, 0.20750652434449898)
126	81,0.0729654990286	(126, 0.083251480187263527)
126	126,0.0832514801873	(126, 0.083251480187263527)
126	121,0.088416557089	(126, 0.083251480187263527)
126	3,0.0903967598056	(126, 0.083251480187263527)
126	132,0.091185061143	(126, 0.083251480187263527)
126	12,0.0916192782477	(126, 0.083251480187263527)
126	11,0.0949762785745	(126, 0.083251480187263527)
126	151,0.0970408585624	(126, 0.083251480187263527)
126	128,0.0997853410228	(126, 0.083251480187263527)
126	119,0.0998696534764	(126, 0.083251480187263527)
127	17,0.0496062339907	(127, 0.071050281658493392)
127	74,0.0583083712381	(127, 0.071050281658493392)
127	136,0.0614549653803	(127, 0.071050281658493392)
127	100,0.0689868578963	(127, 0.071050281658493392)
127	127,0.0710502816585	(127, 0.071050281658493392)
127	77,0.0749447251046	(127, 0.071050281658493392)
127	37,0.0813412074774	(127, 0.071050281658493392)
127	59,0.0832284556358	(127, 0.071050281658493392)
127	49,0.0975871900583	(127, 0.071050281658493392)
127	172,0.112118020951	(127, 0.071050281658493392)
128	128,0.0555063094062	(128, 0.055506309406171996)
128	78,0.0788278832418	(128, 0.055506309406171996)
128	121,0.0791513199423	(128, 0.055506309406171996)
128	12,0.0821007435312	(128, 0.055506309406171996)
128	159,0.087698335241	(128, 0.055506309406171996)
128	22,0.088149419739	(128, 0.055506309406171996)
128	139,0.0902451265399	(128, 0.055506309406171996)
128	158,0.0916854226005	(128, 0.055506309406171996)
128	18,0.0926546381293	(128, 0.055506309406171996)
128	50,0.100732441048	(128, 0.055506309406171996)
129	49,0.108804747243	(129, 0.21717124020512851)
129	98,0.125009324095	(129, 0.21717124020512851)
129	77,0.155867304154	(129, 0.21717124020512851)
129	100,0.156676460799	(129, 0.21717124020512851)
129	15,0.159001928321	(129, 0.21717124020512851)
129	83,0.163421225398	(129, 0.21717124020512851)
129	59,0.164371100619	(129, 0.21717124020512851)
129	25,0.176446379967	(129, 0.21717124020512851)
129	102,0.187538387575	(129, 0.21717124020512851)
129	94,0.197386100353	(129, 0.21717124020512851)
130	130,0.160156150319	(130, 0.16015615031916614)
130	65,0.174787560128	(130, 0.16015615031916614)
130	13,0.177376417431	(130, 0.16015615031916614)
130	34,0.19221277442	(130, 0.16015615031916614)
130	53,0.198247920235	(130, 0.16015615031916614)
130	157,0.199978985968	(130, 0.16015615031916614)
130	155,0.201471422519	(130, 0.16015615031916614)
130	73,0.209645414159	(130, 0.16015615031916614)
130	91,0.210203120065	(130, 0.16015615031916614)
130	28,0.210804977664	(130, 0.16015615031916614)
131	166,0.118959418786	(131, 0.1539529613471893)
131	116,0.14200119645	(131, 0.1539529613471893)
131	72,0.153432375229	(131, 0.1539529613471893)
131	131,0.153952961347	(131, 0.1539529613471893)
131	144,0.180268784409	(131, 0.1539529613471893)
131	84,0.200694775905	(131, 0.1539529613471893)
131	156,0.212119906292	(131, 0.1539529613471893)
131	104,0.222337637738	(131, 0.1539529613471893)
131	93,0.25241565088	(131, 0.1539529613471893)
131	73,0.252686188909	(131, 0.1539529613471893)
132	132,0.0482357005479	(132, 0.048235700547945411)
132	18,0.0488571069124	(132, 0.048235700547945411)
132	22,0.0490510536603	(132, 0.048235700547945411)
132	139,0.0569179998753	(132, 0.048235700547945411)
132	158,0.0601137801069	(132, 0.048235700547945411)
132	46,0.0647298956287	(132, 0.048235700547945411)
132	76,0.0651535731024	(132, 0.048235700547945411)
132	121,0.0693594915192	(132, 0.048235700547945411)
132	147,0.0749256833124	(132, 0.048235700547945411)
132	171,0.075236852434	(132, 0.048235700547945411)
133	133,0.0623397525435	(133, 0.062339752543476408)
133	91,0.173382870498	(133, 0.062339752543476408)
133	130,0.179088596489	(133, 0.062339752543476408)
133	34,0.183662794469	(133, 0.062339752543476408)
133	103,0.223152516065	(133, 0.062339752543476408)
133	102,0.223828256389	(133, 0.062339752543476408)
133	114,0.236283087989	(133, 0.062339752543476408)
133	65,0.236998134289	(133, 0.062339752543476408)
133	53,0.245427613448	(133, 0.062339752543476408)
133	153,0.251327474691	(133, 0.062339752543476408)
134	121,0.0664260964033	(134, 0.088596452058558553)
134	128,0.0709366850825	(134, 0.088596452058558553)
134	78,0.0822165468637	(134, 0.088596452058558553)
134	134,0.0885964520586	(134, 0.088596452058558553)
134	73,0.096045509127	(134, 0.088596452058558553)
134	22,0.0994243710027	(134, 0.088596452058558553)
134	109,0.102941666925	(134, 0.088596452058558553)
134	18,0.107841806268	(134, 0.088596452058558553)
134	12,0.121958514179	(134, 0.088596452058558553)
134	88,0.123771793315	(134, 0.088596452058558553)
135	147,0.0335870924851	(135, 0.055602646308491877)
135	76,0.0453987636066	(135, 0.055602646308491877)
135	63,0.0473975270476	(135, 0.055602646308491877)
135	137,0.053894138422	(135, 0.055602646308491877)
135	135,0.0556026463085	(135, 0.055602646308491877)
135	162,0.0672181923485	(135, 0.055602646308491877)
135	171,0.0674218488598	(135, 0.055602646308491877)
135	77,0.0802983580237	(135, 0.055602646308491877)
135	23,0.0851908751873	(135, 0.055602646308491877)
135	3,0.085741910838	(135, 0.055602646308491877)
136	136,0.0966855079929	(136, 0.096685507992927189)
136	121,0.102915711993	(136, 0.096685507992927189)
136	54,0.11210894542	(136, 0.096685507992927189)
136	78,0.11471607652	(136, 0.096685507992927189)
136	126,0.116089396746	(136, 0.096685507992927189)
136	11,0.122873642109	(136, 0.096685507992927189)
136	3,0.12766277542	(136, 0.096685507992927189)
136	132,0.12878360231	(136, 0.096685507992927189)
136	151,0.131572873821	(136, 0.096685507992927189)
136	119,0.135879663212	(136, 0.096685507992927189)
137	137,0.0281977535825	(137, 0.028197753582534048)
137	63,0.0395590411822	(137, 0.028197753582534048)
137	147,0.0413821664545	(137, 0.028197753582534048)
137	3,0.0514055404665	(137, 0.028197753582534048)
137	171,0.063577973338	(137, 0.028197753582534048)
137	76,0.0654763053741	(137, 0.028197753582534048)
137	90,0.0656355006462	(137, 0.028197753582534048)
137	136,0.0731658809469	(137, 0.028197753582534048)
137	36,0.0734304697011	(137, 0.028197753582534048)
137	77,0.0800969501768	(137, 0.028197753582534048)
138	78,0.0823475096163	(138, 0.11353627645122644)
138	128,0.0858096684295	(138, 0.11353627645122644)
138	158,0.0864171865359	(138, 0.11353627645122644)
138	107,0.0908909363139	(138, 0.11353627645122644)
138	138,0.113536276451	(138, 0.11353627645122644)
138	139,0.123736446756	(138, 0.11353627645122644)
138	55,0.123834665928	(138, 0.11353627645122644)
138	22,0.126429074869	(138, 0.11353627645122644)
138	99,0.133180437052	(138, 0.11353627645122644)
138	38,0.135121265993	(138, 0.11353627645122644)
139	139,0.0210986645819	(139, 0.021098664581895455)
139	46,0.0533402818634	(139, 0.021098664581895455)
139	18,0.0696043948734	(139, 0.021098664581895455)
139	76,0.0698069612152	(139, 0.021098664581895455)
139	151,0.0713218492476	(139, 0.021098664581895455)
139	22,0.0746892360196	(139, 0.021098664581895455)
139	132,0.0800673647287	(139, 0.021098664581895455)
139	35,0.0889330255858	(139, 0.021098664581895455)
139	171,0.0894490305773	(139, 0.021098664581895455)
139	63,0.0931723529674	(139, 0.021098664581895455)
140	140,0.105359162589	(140, 0.1053591625885785)
140	93,0.121240861272	(140, 0.1053591625885785)
140	73,0.131721623855	(140, 0.1053591625885785)
140	124,0.135872435299	(140, 0.1053591625885785)
140	69,0.137182212403	(140, 0.1053591625885785)
140	116,0.154141197972	(140, 0.1053591625885785)
140	157,0.1550884841	(140, 0.1053591625885785)
140	101,0.160344170486	(140, 0.1053591625885785)
140	144,0.172578518178	(140, 0.1053591625885785)
140	104,0.173382675546	(140, 0.1053591625885785)
141	48,0.206968308385	(141, 0.2165711295173347)
141	141,0.216571129517	(141, 0.2165711295173347)
141	124,0.233151526384	(141, 0.2165711295173347)
141	4,0.246854136499	(141, 0.2165711295173347)
141	97,0.249986381065	(141, 0.2165711295173347)
141	33,0.252566661731	(141, 0.2165711295173347)
141	56,0.255378318265	(141, 0.2165711295173347)
141	120,0.255709489665	(141, 0.2165711295173347)
141	2,0.258889897359	(141, 0.2165711295173347)
141	69,0.261575779334	(141, 0.2165711295173347)
142	61,0.131759225208	(142, 0.35216740588644591)
142	12,0.14439728645	(142, 0.35216740588644591)
142	38,0.146190290619	(142, 0.35216740588644591)
142	105,0.150343772104	(142, 0.35216740588644591)
142	16,0.151958877578	(142, 0.35216740588644591)
142	23,0.152363698201	(142, 0.35216740588644591)
142	55,0.154053989678	(142, 0.35216740588644591)
142	73,0.16472039388	(142, 0.35216740588644591)
142	78,0.165644921874	(142, 0.35216740588644591)
142	24,0.177044532609	(142, 0.35216740588644591)
143	143,0.0411013938984	(143, 0.041101393898376942)
143	3,0.052632608532	(143, 0.041101393898376942)
143	112,0.057898874168	(143, 0.041101393898376942)
143	162,0.057954050121	(143, 0.041101393898376942)
143	11,0.0589999674966	(143, 0.041101393898376942)
143	90,0.0597975782704	(143, 0.041101393898376942)
143	17,0.0716710425677	(143, 0.041101393898376942)
143	137,0.0716883452814	(143, 0.041101393898376942)
143	21,0.0737042515912	(143, 0.041101393898376942)
143	63,0.0763257881957	(143, 0.041101393898376942)
144	144,0.063822678637	(144, 0.063822678637003388)
144	38,0.118685158553	(144, 0.063822678637003388)
144	14,0.137774238047	(144, 0.063822678637003388)
144	12,0.139991549407	(144, 0.063822678637003388)
144	50,0.15020867523	(144, 0.063822678637003388)
144	159,0.166523172046	(144, 0.063822678637003388)
144	109,0.175298198156	(144, 0.063822678637003388)
144	73,0.176496667409	(144, 0.063822678637003388)
144	99,0.177068902018	(144, 0.063822678637003388)
144	27,0.180837511564	(144, 0.063822678637003388)
145	128,0.0979086806508	(145, 0.10371221055570899)
145	38,0.0980359119898	(145, 0.10371221055570899)
145	78,0.0980793733227	(145, 0.10371221055570899)
145	158,0.0995031443454	(145, 0.10371221055570899)
145	55,0.103611988531	(145, 0.10371221055570899)
145	145,0.103712210556	(145, 0.10371221055570899)
145	24,0.1142943283	(145, 0.10371221055570899)
145	12,0.129678919369	(145, 0.10371221055570899)
145	14,0.133578777679	(145, 0.10371221055570899)
145	22,0.144354249293	(145, 0.10371221055570899)
146	146,0.0281923987982	(146, 0.028192398798153356)
146	159,0.0761193819671	(146, 0.028192398798153356)
146	12,0.104162387291	(146, 0.028192398798153356)
146	46,0.112353869648	(146, 0.028192398798153356)
146	137,0.11309981106	(146, 0.028192398798153356)
146	81,0.113522588307	(146, 0.028192398798153356)
146	18,0.117231431921	(146, 0.028192398798153356)
146	132,0.119069205244	(146, 0.028192398798153356)
146	3,0.127190366564	(146, 0.028192398798153356)
146	151,0.132754026247	(146, 0.028192398798153356)
147	63,0.034069396547	(147, 0.035473085690955801)
147	147,0.035473085691	(147, 0.035473085690955801)
147	76,0.0482433623672	(147, 0.035473085690955801)
147	132,0.0516302197848	(147, 0.035473085690955801)
147	3,0.0561836219981	(147, 0.035473085690955801)
147	151,0.0593174704759	(147, 0.035473085690955801)
147	18,0.0697648885713	(147, 0.035473085690955801)
147	121,0.0709671711484	(147, 0.035473085690955801)
147	137,0.0727514185899	(147, 0.035473085690955801)
147	22,0.0735767400324	(147, 0.035473085690955801)
148	148,0.0420518590073	(148, 0.042051859007320294)
148	17,0.0592353047512	(148, 0.042051859007320294)
148	143,0.0633639592638	(148, 0.042051859007320294)
148	90,0.076834806316	(148, 0.042051859007320294)
148	100,0.0810899175845	(148, 0.042051859007320294)
148	172,0.0931265275543	(148, 0.042051859007320294)
148	49,0.103393715971	(148, 0.042051859007320294)
148	112,0.10578730366	(148, 0.042051859007320294)
148	3,0.109730517329	(148, 0.042051859007320294)
148	37,0.111308832111	(148, 0.042051859007320294)
149	149,0.13266864296	(149, 0.13266864295977387)
149	32,0.23112079241	(149, 0.13266864295977387)
149	169,0.26082134624	(149, 0.13266864295977387)
149	33,0.287648009002	(149, 0.13266864295977387)
149	27,0.396673416922	(149, 0.13266864295977387)
149	165,0.406969920903	(149, 0.13266864295977387)
149	156,0.412722387711	(149, 0.13266864295977387)
149	111,0.414042824101	(149, 0.13266864295977387)
149	91,0.427389827557	(149, 0.13266864295977387)
149	131,0.438849976585	(149, 0.13266864295977387)
150	3,0.0414137790893	(150, 0.0657085361241046)
150	11,0.0492239709893	(150, 0.0657085361241046)
150	71,0.0543497808646	(150, 0.0657085361241046)
150	162,0.0595977703074	(150, 0.0657085361241046)
150	121,0.0618113699348	(150, 0.0657085361241046)
150	150,0.0657085361241	(150, 0.0657085361241046)
150	63,0.0669016544428	(150, 0.0657085361241046)
150	86,0.0712508748317	(150, 0.0657085361241046)
150	117,0.0733860963312	(150, 0.0657085361241046)
150	21,0.0754086563461	(150, 0.0657085361241046)
151	121,0.0356447913571	(151, 0.059408033909104006)
151	151,0.0594080339091	(151, 0.059408033909104006)
151	78,0.0646114851216	(151, 0.059408033909104006)
151	132,0.0687992017418	(151, 0.059408033909104006)
151	22,0.0727758958757	(151, 0.059408033909104006)
151	61,0.0767886884631	(151, 0.059408033909104006)
151	23,0.078466617801	(151, 0.059408033909104006)
151	18,0.0787863764522	(151, 0.059408033909104006)
151	26,0.0800060022067	(151, 0.059408033909104006)
151	63,0.0825383085621	(151, 0.059408033909104006)
152	152,0.0658707856851	(152, 0.065870785685096772)
152	121,0.079934756599	(152, 0.065870785685096772)
152	18,0.0922244637785	(152, 0.065870785685096772)
152	88,0.100485501729	(152, 0.065870785685096772)
152	35,0.101385072304	(152, 0.065870785685096772)
152	117,0.105992787987	(152, 0.065870785685096772)
152	139,0.107413290255	(152, 0.065870785685096772)
152	12,0.11046394326	(152, 0.065870785685096772)
152	22,0.112081786559	(152, 0.065870785685096772)
152	81,0.124771036338	(152, 0.065870785685096772)
153	133,0.0920556756994	(153, 0.163049236908132)
153	153,0.163049236908	(153, 0.163049236908132)
153	130,0.163092669731	(153, 0.163049236908132)
153	102,0.1844494592	(153, 0.163049236908132)
153	34,0.185220579368	(153, 0.163049236908132)
153	91,0.195036764638	(153, 0.163049236908132)
153	103,0.220162009907	(153, 0.163049236908132)
153	53,0.234424090077	(153, 0.163049236908132)
153	1,0.236929046621	(153, 0.163049236908132)
153	28,0.244335563337	(153, 0.163049236908132)
154	154,0.0366218436025	(154, 0.036621843602503965)
154	40,0.102962428218	(154, 0.036621843602503965)
154	174,0.103592767745	(154, 0.036621843602503965)
154	69,0.112124972087	(154, 0.036621843602503965)
154	4,0.116209589064	(154, 0.036621843602503965)
154	172,0.12087817981	(154, 0.036621843602503965)
154	2,0.138118394744	(154, 0.036621843602503965)
154	116,0.143262012703	(154, 0.036621843602503965)
154	56,0.171562818141	(154, 0.036621843602503965)
154	48,0.17376101099	(154, 0.036621843602503965)
155	71,0.0558367721446	(155, 0.094450592259349139)
155	11,0.0627590459333	(155, 0.094450592259349139)
155	162,0.0670100188699	(155, 0.094450592259349139)
155	1,0.0895502826633	(155, 0.094450592259349139)
155	3,0.0913622020816	(155, 0.094450592259349139)
155	121,0.0931024065827	(155, 0.094450592259349139)
155	155,0.0944505922593	(155, 0.094450592259349139)
155	77,0.0985464531302	(155, 0.094450592259349139)
155	117,0.100262014835	(155, 0.094450592259349139)
155	81,0.103996976054	(155, 0.094450592259349139)
156	156,0.0876069275567	(156, 0.087606927556748412)
156	73,0.0883957203942	(156, 0.087606927556748412)
156	109,0.104662169859	(156, 0.087606927556748412)
156	144,0.10729256737	(156, 0.087606927556748412)
156	93,0.141389245771	(156, 0.087606927556748412)
156	107,0.143348777979	(156, 0.087606927556748412)
156	27,0.144410404941	(156, 0.087606927556748412)
156	84,0.147839893454	(156, 0.087606927556748412)
156	50,0.147936878773	(156, 0.087606927556748412)
156	128,0.151752040252	(156, 0.087606927556748412)
157	22,0.0778310327908	(157, 0.10861992373148313)
157	12,0.0848267485592	(157, 0.10861992373148313)
157	93,0.0853100776676	(157, 0.10861992373148313)
157	73,0.0855570070186	(157, 0.10861992373148313)
157	3,0.0916359279166	(157, 0.10861992373148313)
157	128,0.0933297888953	(157, 0.10861992373148313)
157	121,0.0958967540874	(157, 0.10861992373148313)
157	126,0.0960706489781	(157, 0.10861992373148313)
157	132,0.0980562303822	(157, 0.10861992373148313)
157	78,0.0992368801863	(157, 0.10861992373148313)
158	77,0.046087813549	(158, 0.15592198117070552)
158	3,0.0678249927174	(158, 0.15592198117070552)
158	37,0.0684163415076	(158, 0.15592198117070552)
158	147,0.0743993492686	(158, 0.15592198117070552)
158	171,0.074786281844	(158, 0.15592198117070552)
158	136,0.0759159653512	(158, 0.15592198117070552)
158	76,0.0762460897972	(158, 0.15592198117070552)
158	63,0.077340671092	(158, 0.15592198117070552)
158	137,0.0816370782364	(158, 0.15592198117070552)
158	11,0.0827297864294	(158, 0.15592198117070552)
159	146,0.0412275583545	(159, 0.095840331799704234)
159	137,0.066056034703	(159, 0.095840331799704234)
159	18,0.0673748169978	(159, 0.095840331799704234)
159	46,0.0680432828319	(159, 0.095840331799704234)
159	147,0.0683915946304	(159, 0.095840331799704234)
159	36,0.0721915718133	(159, 0.095840331799704234)
159	150,0.0800564738803	(159, 0.095840331799704234)
159	63,0.0811169352428	(159, 0.095840331799704234)
159	81,0.0843296821136	(159, 0.095840331799704234)
159	132,0.0875093696528	(159, 0.095840331799704234)
160	164,0.140272557554	(160, 0.64550267677753059)
160	73,0.151082117333	(160, 0.64550267677753059)
160	27,0.152522035035	(160, 0.64550267677753059)
160	38,0.170834097501	(160, 0.64550267677753059)
160	109,0.177055296439	(160, 0.64550267677753059)
160	32,0.190205138363	(160, 0.64550267677753059)
160	12,0.201321056243	(160, 0.64550267677753059)
160	144,0.203035446537	(160, 0.64550267677753059)
160	84,0.20344975097	(160, 0.64550267677753059)
160	105,0.204959042357	(160, 0.64550267677753059)
161	161,0.0357650992794	(161, 0.035765099279360557)
161	65,0.087897421659	(161, 0.035765099279360557)
161	17,0.107780518829	(161, 0.035765099279360557)
161	155,0.11227029016	(161, 0.035765099279360557)
161	44,0.112407702952	(161, 0.035765099279360557)
161	68,0.122112193657	(161, 0.035765099279360557)
161	83,0.125155393939	(161, 0.035765099279360557)
161	13,0.130994649688	(161, 0.035765099279360557)
161	120,0.132894262793	(161, 0.035765099279360557)
161	71,0.13983879453	(161, 0.035765099279360557)
162	162,0.0505514486952	(162, 0.05055144869516625)
162	76,0.0570459536202	(162, 0.05055144869516625)
162	18,0.0577186380003	(162, 0.05055144869516625)
162	147,0.0623766641652	(162, 0.05055144869516625)
162	117,0.0649509569733	(162, 0.05055144869516625)
162	63,0.072537233876	(162, 0.05055144869516625)
162	121,0.0741334870564	(162, 0.05055144869516625)
162	88,0.0751592423113	(162, 0.05055144869516625)
162	150,0.0801538844455	(162, 0.05055144869516625)
162	11,0.0823140934344	(162, 0.05055144869516625)
163	17,0.0784837009941	(163, 0.11865078614774734)
163	172,0.0931567060421	(163, 0.11865078614774734)
163	148,0.0958907445633	(163, 0.11865078614774734)
163	40,0.0967672288363	(163, 0.11865078614774734)
163	3,0.0977893261754	(163, 0.11865078614774734)
163	100,0.0979948175803	(163, 0.11865078614774734)
163	37,0.109733097235	(163, 0.11865078614774734)
163	83,0.109790196596	(163, 0.11865078614774734)
163	143,0.111584722643	(163, 0.11865078614774734)
163	11,0.113202374572	(163, 0.11865078614774734)
164	156,0.113651826201	(164, 0.14341478930386498)
164	27,0.127195547846	(164, 0.14341478930386498)
164	73,0.139191540086	(164, 0.14341478930386498)
164	164,0.143414789304	(164, 0.14341478930386498)
164	144,0.151465581747	(164, 0.14341478930386498)
164	109,0.161757135442	(164, 0.14341478930386498)
164	32,0.166065617646	(164, 0.14341478930386498)
164	131,0.168790510456	(164, 0.14341478930386498)
164	13,0.194889719914	(164, 0.14341478930386498)
164	116,0.198339413197	(164, 0.14341478930386498)
165	93,0.0997569759262	(165, 0.16077170235295857)
165	116,0.122146258498	(165, 0.16077170235295857)
165	144,0.139103401086	(165, 0.16077170235295857)
165	157,0.142240153137	(165, 0.16077170235295857)
165	131,0.152832896843	(165, 0.16077170235295857)
165	73,0.158171966992	(165, 0.16077170235295857)
165	165,0.160771702353	(165, 0.16077170235295857)
165	156,0.174058565249	(165, 0.16077170235295857)
165	124,0.186010491469	(165, 0.16077170235295857)
165	145,0.194465767155	(165, 0.16077170235295857)
166	116,0.135023787931	(166, 0.18118455103909381)
166	124,0.152333712641	(166, 0.18118455103909381)
166	144,0.159955487653	(166, 0.18118455103909381)
166	69,0.168111048794	(166, 0.18118455103909381)
166	104,0.169564545993	(166, 0.18118455103909381)
166	140,0.176464389946	(166, 0.18118455103909381)
166	166,0.181184551039	(166, 0.18118455103909381)
166	157,0.184438337771	(166, 0.18118455103909381)
166	93,0.18460432064	(166, 0.18118455103909381)
166	13,0.194376436037	(166, 0.18118455103909381)
167	51,0.131469544039	(167, 0.22214032244775453)
167	39,0.179237156802	(167, 0.22214032244775453)
167	32,0.20110810796	(167, 0.22214032244775453)
167	27,0.202713747897	(167, 0.22214032244775453)
167	167,0.222140322448	(167, 0.22214032244775453)
167	19,0.264400594017	(167, 0.22214032244775453)
167	169,0.279486140121	(167, 0.22214032244775453)
167	138,0.301477543739	(167, 0.22214032244775453)
167	164,0.30701683881	(167, 0.22214032244775453)
167	107,0.311664562992	(167, 0.22214032244775453)
168	55,0.0900955858237	(168, 0.12315320825234835)
168	12,0.0933866490284	(168, 0.12315320825234835)
168	38,0.115106733752	(168, 0.12315320825234835)
168	18,0.119064801877	(168, 0.12315320825234835)
168	168,0.123153208252	(168, 0.12315320825234835)
168	121,0.132714385343	(168, 0.12315320825234835)
168	152,0.1349393836	(168, 0.12315320825234835)
168	151,0.135646007719	(168, 0.12315320825234835)
168	86,0.139280931634	(168, 0.12315320825234835)
168	61,0.143085709528	(168, 0.12315320825234835)
169	156,0.134278825834	(169, 0.1380237454309812)
169	169,0.138023745431	(169, 0.1380237454309812)
169	73,0.176625758566	(169, 0.1380237454309812)
169	144,0.179282198113	(169, 0.1380237454309812)
169	109,0.185616225427	(169, 0.1380237454309812)
169	27,0.185619256798	(169, 0.1380237454309812)
169	99,0.191370857896	(169, 0.1380237454309812)
169	84,0.205354621919	(169, 0.1380237454309812)
169	170,0.218626016565	(169, 0.1380237454309812)
169	33,0.220093537234	(169, 0.1380237454309812)
170	170,0.100556495233	(170, 0.10055649523293071)
170	99,0.126819448617	(170, 0.10055649523293071)
170	144,0.142423456785	(170, 0.10055649523293071)
170	27,0.146788848091	(170, 0.10055649523293071)
170	19,0.154087542552	(170, 0.10055649523293071)
170	73,0.165087588656	(170, 0.10055649523293071)
170	84,0.169978853115	(170, 0.10055649523293071)
170	109,0.171112264173	(170, 0.10055649523293071)
170	0,0.171443332777	(170, 0.10055649523293071)
170	124,0.208790849857	(170, 0.10055649523293071)
171	156,0.123514716086	(171, 0.36484310480741744)
171	27,0.132479293059	(171, 0.36484310480741744)
171	164,0.148060514139	(171, 0.36484310480741744)
171	32,0.150044548883	(171, 0.36484310480741744)
171	73,0.159533349595	(171, 0.36484310480741744)
171	107,0.16671360119	(171, 0.36484310480741744)
171	144,0.189919745225	(171, 0.36484310480741744)
171	19,0.191459612554	(171, 0.36484310480741744)
171	169,0.20470890289	(171, 0.36484310480741744)
171	99,0.206901366381	(171, 0.36484310480741744)
172	172,0.0227412871057	(172, 0.022741287105703233)
172	3,0.0568861969227	(172, 0.022741287105703233)
172	137,0.0577952374999	(172, 0.022741287105703233)
172	17,0.069876823578	(172, 0.022741287105703233)
172	77,0.0720512757735	(172, 0.022741287105703233)
172	90,0.0784282211222	(172, 0.022741287105703233)
172	81,0.0817785290383	(172, 0.022741287105703233)
172	37,0.0848792665763	(172, 0.022741287105703233)
172	136,0.0853642678462	(172, 0.022741287105703233)
172	171,0.0889141668171	(172, 0.022741287105703233)
173	158,0.119730413949	(173, 0.21115006340676984)
173	38,0.124514939196	(173, 0.21115006340676984)
173	107,0.129796786248	(173, 0.21115006340676984)
173	24,0.13981731428	(173, 0.21115006340676984)
173	27,0.146492735596	(173, 0.21115006340676984)
173	128,0.158507137894	(173, 0.21115006340676984)
173	78,0.166197404973	(173, 0.21115006340676984)
173	156,0.174819095284	(173, 0.21115006340676984)
173	61,0.17579642045	(173, 0.21115006340676984)
173	55,0.179549352627	(173, 0.21115006340676984)
174	174,0.0486713443706	(174, 0.048671344370642168)
174	15,0.0740332427366	(174, 0.048671344370642168)
174	56,0.0792908914888	(174, 0.048671344370642168)
174	120,0.0985642474439	(174, 0.048671344370642168)
174	69,0.104606947581	(174, 0.048671344370642168)
174	17,0.112644991805	(174, 0.048671344370642168)
174	2,0.118130166825	(174, 0.048671344370642168)
174	4,0.118834850401	(174, 0.048671344370642168)
174	154,0.136152932546	(174, 0.048671344370642168)
174	172,0.144629772562	(174, 0.048671344370642168)
