0	0,0.077064951536	(0, 0.077064951535977616)
0	99,0.227573383968	(0, 0.077064951535977616)
0	84,0.227592526585	(0, 0.077064951535977616)
0	38,0.238731766734	(0, 0.077064951535977616)
0	109,0.265009750983	(0, 0.077064951535977616)
0	170,0.27308860669	(0, 0.077064951535977616)
0	144,0.27406517209	(0, 0.077064951535977616)
0	14,0.276001575411	(0, 0.077064951535977616)
0	173,0.282314672698	(0, 0.077064951535977616)
0	55,0.296765617709	(0, 0.077064951535977616)
1	1,0.0799757945818	(1, 0.079975794581842868)
1	102,0.119684558125	(1, 0.079975794581842868)
1	28,0.125509927158	(1, 0.079975794581842868)
1	91,0.125588111415	(1, 0.079975794581842868)
1	103,0.12847740736	(1, 0.079975794581842868)
1	153,0.143035239139	(1, 0.079975794581842868)
1	155,0.145039230203	(1, 0.079975794581842868)
1	114,0.172025597473	(1, 0.079975794581842868)
1	41,0.175298812895	(1, 0.079975794581842868)
1	101,0.184041593743	(1, 0.079975794581842868)
2	154,0.0949063607127	(2, 0.15228441943106302)
2	4,0.113500342793	(2, 0.15228441943106302)
2	69,0.127026326063	(2, 0.15228441943106302)
2	174,0.130541115296	(2, 0.15228441943106302)
2	40,0.15050883521	(2, 0.15228441943106302)
2	2,0.152284419431	(2, 0.15228441943106302)
2	172,0.17612828154	(2, 0.15228441943106302)
2	25,0.19080711858	(2, 0.15228441943106302)
2	15,0.19308396209	(2, 0.15228441943106302)
2	56,0.200338579301	(2, 0.15228441943106302)
3	3,0.0400683535469	(3, 0.040068353546945795)
3	63,0.0611193113801	(3, 0.040068353546945795)
3	132,0.0749316402604	(3, 0.040068353546945795)
3	81,0.0767115574744	(3, 0.040068353546945795)
3	162,0.084176646921	(3, 0.040068353546945795)
3	121,0.0857503416522	(3, 0.040068353546945795)
3	11,0.0908332947798	(3, 0.040068353546945795)
3	150,0.0912863990694	(3, 0.040068353546945795)
3	147,0.0934808683002	(3, 0.040068353546945795)
3	151,0.094686388361	(3, 0.040068353546945795)
4	13,0.0738961135639	(4, 0.099117917338984951)
4	172,0.0758341228199	(4, 0.099117917338984951)
4	17,0.0891577756399	(4, 0.099117917338984951)
4	69,0.0966271414683	(4, 0.099117917338984951)
4	4,0.099117917339	(4, 0.099117917338984951)
4	40,0.101876402259	(4, 0.099117917338984951)
4	37,0.102395675593	(4, 0.099117917338984951)
4	120,0.113743328777	(4, 0.099117917338984951)
4	77,0.120923444298	(4, 0.099117917338984951)
4	161,0.122803724937	(4, 0.099117917338984951)
5	73,0.0869776348857	(5, 0.3229180987630576)
5	107,0.162486440535	(5, 0.3229180987630576)
5	93,0.166809637051	(5, 0.3229180987630576)
5	78,0.171412961075	(5, 0.3229180987630576)
5	26,0.171977161448	(5, 0.3229180987630576)
5	1,0.176140964169	(5, 0.3229180987630576)
5	158,0.179906176432	(5, 0.3229180987630576)
5	128,0.185321436649	(5, 0.3229180987630576)
5	22,0.185786085347	(5, 0.3229180987630576)
5	95,0.185876261806	(5, 0.3229180987630576)
6	139,0.0510942553971	(6, 0.07294461241928886)
6	46,0.0594579992325	(6, 0.07294461241928886)
6	6,0.0729446124193	(6, 0.07294461241928886)
6	76,0.0815636659415	(6, 0.07294461241928886)
6	22,0.0830889425929	(6, 0.07294461241928886)
6	18,0.0915672135126	(6, 0.07294461241928886)
6	171,0.0969614297589	(6, 0.07294461241928886)
6	158,0.0986300634298	(6, 0.07294461241928886)
6	35,0.0990252062279	(6, 0.07294461241928886)
6	132,0.099745963071	(6, 0.07294461241928886)
7	66,0.371254016375	(7, 0.64567633684916403)
7	51,0.53029471432	(7, 0.64567633684916403)
7	167,0.537880007305	(7, 0.64567633684916403)
7	169,0.538398232074	(7, 0.64567633684916403)
7	80,0.549836789832	(7, 0.64567633684916403)
7	32,0.551832846755	(7, 0.64567633684916403)
7	133,0.601701207349	(7, 0.64567633684916403)
7	160,0.603904603633	(7, 0.64567633684916403)
7	7,0.645676336849	(7, 0.64567633684916403)
7	149,0.649093891458	(7, 0.64567633684916403)
8	11,0.0812035729336	(8, 0.13518072737160866)
8	121,0.0993820266413	(8, 0.13518072737160866)
8	71,0.10848375905	(8, 0.13518072737160866)
8	73,0.112190682702	(8, 0.13518072737160866)
8	162,0.112915127304	(8, 0.13518072737160866)
8	1,0.116709897134	(8, 0.13518072737160866)
8	13,0.124096268508	(8, 0.13518072737160866)
8	3,0.127073594408	(8, 0.13518072737160866)
8	78,0.131263441402	(8, 0.13518072737160866)
8	155,0.133246604489	(8, 0.13518072737160866)
9	9,0.126655815453	(9, 0.12665581545276014)
9	155,0.256093081785	(9, 0.12665581545276014)
9	114,0.268316424231	(9, 0.12665581545276014)
9	53,0.321195928427	(9, 0.12665581545276014)
9	91,0.338681645721	(9, 0.12665581545276014)
9	124,0.340390874069	(9, 0.12665581545276014)
9	41,0.382312675271	(9, 0.12665581545276014)
9	65,0.410872071032	(9, 0.12665581545276014)
9	16,0.427900587728	(9, 0.12665581545276014)
9	1,0.434249754534	(9, 0.12665581545276014)
10	10,0.180990711687	(10, 0.18099071168679651)
10	47,0.223172261431	(10, 0.18099071168679651)
10	167,0.437812649445	(10, 0.18099071168679651)
10	99,0.457167141482	(10, 0.18099071168679651)
10	173,0.47288405368	(10, 0.18099071168679651)
10	84,0.504172778599	(10, 0.18099071168679651)
10	27,0.50911817716	(10, 0.18099071168679651)
10	14,0.520979188844	(10, 0.18099071168679651)
10	166,0.526802838249	(10, 0.18099071168679651)
10	19,0.534698291348	(10, 0.18099071168679651)
11	11,0.0416859533	(11, 0.041685953300009501)
11	81,0.08467173382	(11, 0.041685953300009501)
11	119,0.0919565961843	(11, 0.041685953300009501)
11	37,0.10478599566	(11, 0.041685953300009501)
11	3,0.109299863949	(11, 0.041685953300009501)
11	115,0.110269140893	(11, 0.041685953300009501)
11	96,0.11039002954	(11, 0.041685953300009501)
11	13,0.121492415529	(11, 0.041685953300009501)
11	71,0.129859984178	(11, 0.041685953300009501)
11	112,0.13551966064	(11, 0.041685953300009501)
12	22,0.0553064026595	(12, 0.059210422474526063)
12	12,0.0592104224745	(12, 0.059210422474526063)
12	121,0.0630776644025	(12, 0.059210422474526063)
12	126,0.0665277427066	(12, 0.059210422474526063)
12	76,0.068372897913	(12, 0.059210422474526063)
12	151,0.0693154095569	(12, 0.059210422474526063)
12	18,0.073754280427	(12, 0.059210422474526063)
12	86,0.0788349995895	(12, 0.059210422474526063)
12	132,0.0824614380976	(12, 0.059210422474526063)
12	78,0.0917292813754	(12, 0.059210422474526063)
13	11,0.0561724345155	(13, 0.098121253650478024)
13	172,0.0723705650538	(13, 0.098121253650478024)
13	3,0.0728190966849	(13, 0.098121253650478024)
13	162,0.0729182139985	(13, 0.098121253650478024)
13	17,0.0748146468511	(13, 0.098121253650478024)
13	81,0.0820077392362	(13, 0.098121253650478024)
13	90,0.0825332435464	(13, 0.098121253650478024)
13	143,0.0893299167137	(13, 0.098121253650478024)
13	37,0.0901831983252	(13, 0.098121253650478024)
13	71,0.0932598214079	(13, 0.098121253650478024)
14	14,0.0762685419202	(14, 0.076268541920182856)
14	72,0.0933478221586	(14, 0.076268541920182856)
14	159,0.124046811707	(14, 0.076268541920182856)
14	144,0.156648118742	(14, 0.076268541920182856)
14	145,0.162298341729	(14, 0.076268541920182856)
14	84,0.164503750767	(14, 0.076268541920182856)
14	109,0.167043781007	(14, 0.076268541920182856)
14	123,0.176041564576	(14, 0.076268541920182856)
14	12,0.186453180567	(14, 0.076268541920182856)
14	38,0.190136266204	(14, 0.076268541920182856)
15	15,0.0676587222304	(15, 0.067658722230354282)
15	17,0.0720120011625	(15, 0.067658722230354282)
15	77,0.0934625758867	(15, 0.067658722230354282)
15	49,0.09621469086	(15, 0.067658722230354282)
15	100,0.0989852407657	(15, 0.067658722230354282)
15	59,0.120718301686	(15, 0.067658722230354282)
15	172,0.121472798206	(15, 0.067658722230354282)
15	174,0.12470291568	(15, 0.067658722230354282)
15	69,0.134935616834	(15, 0.067658722230354282)
15	161,0.135501629698	(15, 0.067658722230354282)
16	16,0.117302957601	(16, 0.11730295760110625)
16	170,0.134233470071	(16, 0.11730295760110625)
16	0,0.177043478323	(16, 0.11730295760110625)
16	19,0.179276897087	(16, 0.11730295760110625)
16	144,0.202800955195	(16, 0.11730295760110625)
16	114,0.204567088466	(16, 0.11730295760110625)
16	101,0.209171058877	(16, 0.11730295760110625)
16	73,0.221600468662	(16, 0.11730295760110625)
16	27,0.224685530608	(16, 0.11730295760110625)
16	140,0.22859715333	(16, 0.11730295760110625)
17	17,0.0416340620334	(17, 0.041634062033426782)
17	172,0.0601387522722	(17, 0.041634062033426782)
17	77,0.0795656121228	(17, 0.041634062033426782)
17	100,0.0818561656635	(17, 0.041634062033426782)
17	143,0.0876028663291	(17, 0.041634062033426782)
17	90,0.0940826659275	(17, 0.041634062033426782)
17	49,0.0959309176785	(17, 0.041634062033426782)
17	136,0.0993566008092	(17, 0.041634062033426782)
17	37,0.100066647486	(17, 0.041634062033426782)
17	3,0.108442487322	(17, 0.041634062033426782)
18	18,0.0503572343769	(18, 0.050357234376870286)
18	88,0.0536399115844	(18, 0.050357234376870286)
18	22,0.063913853898	(18, 0.050357234376870286)
18	121,0.0672253131014	(18, 0.050357234376870286)
18	35,0.0708564610067	(18, 0.050357234376870286)
18	76,0.0712163774751	(18, 0.050357234376870286)
18	61,0.0726040127989	(18, 0.050357234376870286)
18	139,0.0731478561467	(18, 0.050357234376870286)
18	132,0.0772176150182	(18, 0.050357234376870286)
18	23,0.0901392785499	(18, 0.050357234376870286)
19	19,0.146315682577	(19, 0.14631568257732519)
19	43,0.161807786788	(19, 0.14631568257732519)
19	27,0.176230798571	(19, 0.14631568257732519)
19	99,0.193759389678	(19, 0.14631568257732519)
19	107,0.250967539835	(19, 0.14631568257732519)
19	32,0.254034183522	(19, 0.14631568257732519)
19	164,0.26102504983	(19, 0.14631568257732519)
19	39,0.26836776828	(19, 0.14631568257732519)
19	84,0.280821387318	(19, 0.14631568257732519)
19	144,0.295504302315	(19, 0.14631568257732519)
20	73,0.111855146467	(20, 0.13129616639595573)
20	124,0.129577436803	(20, 0.13129616639595573)
20	20,0.131296166396	(20, 0.13129616639595573)
20	93,0.136913967392	(20, 0.13129616639595573)
20	109,0.155563471556	(20, 0.13129616639595573)
20	157,0.16493254784	(20, 0.13129616639595573)
20	128,0.165320075244	(20, 0.13129616639595573)
20	89,0.165843368869	(20, 0.13129616639595573)
20	1,0.170396310639	(20, 0.13129616639595573)
20	101,0.175735897503	(20, 0.13129616639595573)
21	121,0.0588932094011	(21, 0.10941768024214435)
21	71,0.0631088886613	(21, 0.10941768024214435)
21	11,0.0680566346576	(21, 0.10941768024214435)
21	117,0.0717991577249	(21, 0.10941768024214435)
21	162,0.074415984582	(21, 0.10941768024214435)
21	22,0.0896866452842	(21, 0.10941768024214435)
21	23,0.0960963925569	(21, 0.10941768024214435)
21	86,0.0994065646494	(21, 0.10941768024214435)
21	76,0.101000293077	(21, 0.10941768024214435)
21	63,0.10620476181	(21, 0.10941768024214435)
22	22,0.0489155649607	(22, 0.048915564960680162)
22	117,0.0553634636605	(22, 0.048915564960680162)
22	139,0.0597009058808	(22, 0.048915564960680162)
22	76,0.0616402215625	(22, 0.048915564960680162)
22	132,0.0659701792197	(22, 0.048915564960680162)
22	46,0.072122457307	(22, 0.048915564960680162)
22	18,0.0810199184169	(22, 0.048915564960680162)
22	3,0.0816315299972	(22, 0.048915564960680162)
22	121,0.0829851638106	(22, 0.048915564960680162)
22	63,0.0832501498048	(22, 0.048915564960680162)
23	23,0.0344375705755	(23, 0.034437570575458057)
23	61,0.0388790911846	(23, 0.034437570575458057)
23	26,0.0991110664021	(23, 0.034437570575458057)
23	121,0.110559261699	(23, 0.034437570575458057)
23	78,0.120653215509	(23, 0.034437570575458057)
23	63,0.121778525585	(23, 0.034437570575458057)
23	162,0.126502720486	(23, 0.034437570575458057)
23	76,0.130041240602	(23, 0.034437570575458057)
23	147,0.135309863623	(23, 0.034437570575458057)
23	70,0.141644950969	(23, 0.034437570575458057)
24	24,0.0637366891617	(24, 0.063736689161743451)
24	107,0.133324470243	(24, 0.063736689161743451)
24	27,0.143886018157	(24, 0.063736689161743451)
24	61,0.165379884862	(24, 0.063736689161743451)
24	135,0.170223368264	(24, 0.063736689161743451)
24	158,0.172979565039	(24, 0.063736689161743451)
24	50,0.178044767271	(24, 0.063736689161743451)
24	73,0.18357526059	(24, 0.063736689161743451)
24	22,0.187495269162	(24, 0.063736689161743451)
24	12,0.18830729068	(24, 0.063736689161743451)
25	69,0.0622071609224	(25, 0.068251019294006829)
25	25,0.068251019294	(25, 0.068251019294006829)
25	40,0.0785087761862	(25, 0.068251019294006829)
25	4,0.100146623049	(25, 0.068251019294006829)
25	15,0.113201196643	(25, 0.068251019294006829)
25	148,0.120746910385	(25, 0.068251019294006829)
25	154,0.127869332735	(25, 0.068251019294006829)
25	79,0.156908115291	(25, 0.068251019294006829)
25	172,0.161317640886	(25, 0.068251019294006829)
25	60,0.163744153959	(25, 0.068251019294006829)
26	18,0.0506821406803	(26, 0.14177279111812974)
26	121,0.0534747390695	(26, 0.14177279111812974)
26	63,0.0573730922397	(26, 0.14177279111812974)
26	11,0.0620918898445	(26, 0.14177279111812974)
26	151,0.0620990382534	(26, 0.14177279111812974)
26	3,0.0636597543788	(26, 0.14177279111812974)
26	150,0.0685403618985	(26, 0.14177279111812974)
26	162,0.0691433081062	(26, 0.14177279111812974)
26	76,0.0710811032198	(26, 0.14177279111812974)
26	132,0.0716071403238	(26, 0.14177279111812974)
27	78,0.109897076918	(27, 0.15738385446702841)
27	170,0.125114009231	(27, 0.15738385446702841)
27	61,0.129711567237	(27, 0.15738385446702841)
27	73,0.131000727971	(27, 0.15738385446702841)
27	26,0.131769338511	(27, 0.15738385446702841)
27	101,0.137835162834	(27, 0.15738385446702841)
27	121,0.13956778794	(27, 0.15738385446702841)
27	107,0.141103391305	(27, 0.15738385446702841)
27	27,0.157383854467	(27, 0.15738385446702841)
27	19,0.1593572026	(27, 0.15738385446702841)
28	13,0.0972231780725	(28, 0.1170918971402195)
28	1,0.102939361582	(28, 0.1170918971402195)
28	28,0.11709189714	(28, 0.1170918971402195)
28	73,0.132386839148	(28, 0.1170918971402195)
28	3,0.13314807596	(28, 0.1170918971402195)
28	93,0.151585994791	(28, 0.1170918971402195)
28	53,0.152237171985	(28, 0.1170918971402195)
28	155,0.157244330814	(28, 0.1170918971402195)
28	157,0.158501210283	(28, 0.1170918971402195)
28	101,0.162341654516	(28, 0.1170918971402195)
29	29,0.0563266821481	(29, 0.05632668214807434)
29	77,0.0745632748542	(29, 0.05632668214807434)
29	71,0.0876177892064	(29, 0.05632668214807434)
29	135,0.10958762993	(29, 0.05632668214807434)
29	13,0.110147348647	(29, 0.05632668214807434)
29	11,0.110490411922	(29, 0.05632668214807434)
29	3,0.117565547668	(29, 0.05632668214807434)
29	172,0.119808309772	(29, 0.05632668214807434)
29	1,0.12116046701	(29, 0.05632668214807434)
29	76,0.121224383539	(29, 0.05632668214807434)
30	30,0.118554384906	(30, 0.11855438490608221)
30	28,0.210329206052	(30, 0.11855438490608221)
30	103,0.218462347875	(30, 0.11855438490608221)
30	91,0.230471807143	(30, 0.11855438490608221)
30	1,0.25436374854	(30, 0.11855438490608221)
30	153,0.255777510057	(30, 0.11855438490608221)
30	53,0.257655240557	(30, 0.11855438490608221)
30	102,0.273995495997	(30, 0.11855438490608221)
30	73,0.286115411319	(30, 0.11855438490608221)
30	114,0.291581382371	(30, 0.11855438490608221)
31	166,0.182849273232	(31, 0.20816600150927492)
31	31,0.208166001509	(31, 0.20816600150927492)
31	116,0.221737962514	(31, 0.20816600150927492)
31	104,0.229942975322	(31, 0.20816600150927492)
31	124,0.233384967972	(31, 0.20816600150927492)
31	69,0.235215747838	(31, 0.20816600150927492)
31	72,0.237570803084	(31, 0.20816600150927492)
31	48,0.246342562972	(31, 0.20816600150927492)
31	131,0.255321926455	(31, 0.20816600150927492)
31	123,0.26256521612	(31, 0.20816600150927492)
32	156,0.121724117362	(32, 0.15033850905895013)
32	32,0.150338509059	(32, 0.15033850905895013)
32	27,0.156114356993	(32, 0.15033850905895013)
32	73,0.176927617953	(32, 0.15033850905895013)
32	50,0.19336261147	(32, 0.15033850905895013)
32	107,0.201263938486	(32, 0.15033850905895013)
32	164,0.20472619989	(32, 0.15033850905895013)
32	131,0.223132923662	(32, 0.15033850905895013)
32	144,0.24307090093	(32, 0.15033850905895013)
32	109,0.243611163399	(32, 0.15033850905895013)
33	33,0.0983866079232	(33, 0.098386607923199823)
33	4,0.193372817789	(33, 0.098386607923199823)
33	69,0.196708792262	(33, 0.098386607923199823)
33	106,0.200698571234	(33, 0.098386607923199823)
33	116,0.20451612153	(33, 0.098386607923199823)
33	156,0.227672978848	(33, 0.098386607923199823)
33	40,0.242612515981	(33, 0.098386607923199823)
33	2,0.247856967038	(33, 0.098386607923199823)
33	28,0.251127444361	(33, 0.098386607923199823)
33	93,0.25338452484	(33, 0.098386607923199823)
34	15,0.0728734696272	(34, 0.20398338429114374)
34	17,0.0740029442892	(34, 0.20398338429114374)
34	69,0.0866515756321	(34, 0.20398338429114374)
34	172,0.0901303470132	(34, 0.20398338429114374)
34	40,0.0957797070671	(34, 0.20398338429114374)
34	120,0.106047014914	(34, 0.20398338429114374)
34	148,0.106337418521	(34, 0.20398338429114374)
34	174,0.111631701057	(34, 0.20398338429114374)
34	4,0.119045124491	(34, 0.20398338429114374)
34	83,0.119492605319	(34, 0.20398338429114374)
35	35,0.0469368321322	(35, 0.04693683213220666)
35	88,0.0742405799359	(35, 0.04693683213220666)
35	18,0.0833682535891	(35, 0.04693683213220666)
35	12,0.11459039576	(35, 0.04693683213220666)
35	22,0.116993545059	(35, 0.04693683213220666)
35	139,0.11959122001	(35, 0.04693683213220666)
35	121,0.133497402083	(35, 0.04693683213220666)
35	152,0.134994369341	(35, 0.04693683213220666)
35	158,0.135155754861	(35, 0.04693683213220666)
35	38,0.136525788478	(35, 0.04693683213220666)
36	76,0.0384374941738	(36, 0.046730717337269585)
36	147,0.0426748327114	(36, 0.046730717337269585)
36	46,0.0435856586946	(36, 0.046730717337269585)
36	36,0.0467307173373	(36, 0.046730717337269585)
36	18,0.0553125786378	(36, 0.046730717337269585)
36	63,0.0597678929328	(36, 0.046730717337269585)
36	171,0.0603859432687	(36, 0.046730717337269585)
36	88,0.0833384149707	(36, 0.046730717337269585)
36	139,0.0852153627595	(36, 0.046730717337269585)
36	132,0.0858152565782	(36, 0.046730717337269585)
37	100,0.0591322197217	(37, 0.067900333282006647)
37	37,0.067900333282	(37, 0.067900333282006647)
37	3,0.0686445908568	(37, 0.067900333282006647)
37	11,0.0717948608096	(37, 0.067900333282006647)
37	77,0.0779187541474	(37, 0.067900333282006647)
37	21,0.0872496020814	(37, 0.067900333282006647)
37	17,0.0911990566923	(37, 0.067900333282006647)
37	90,0.0974337841327	(37, 0.067900333282006647)
37	71,0.0991012755579	(37, 0.067900333282006647)
37	136,0.103754245835	(37, 0.067900333282006647)
38	38,0.0486763164946	(38, 0.04867631649455665)
38	12,0.113540936546	(38, 0.04867631649455665)
38	55,0.11656273016	(38, 0.04867631649455665)
38	14,0.135395723756	(38, 0.04867631649455665)
38	43,0.157008021012	(38, 0.04867631649455665)
38	105,0.171577782126	(38, 0.04867631649455665)
38	50,0.175060613726	(38, 0.04867631649455665)
38	107,0.175850831395	(38, 0.04867631649455665)
38	128,0.180737938934	(38, 0.04867631649455665)
38	0,0.184338294373	(38, 0.04867631649455665)
39	39,0.0999478290732	(39, 0.099947829073202363)
39	51,0.232388961197	(39, 0.099947829073202363)
39	156,0.241713502578	(39, 0.099947829073202363)
39	169,0.244071669668	(39, 0.099947829073202363)
39	101,0.25382244092	(39, 0.099947829073202363)
39	27,0.259794437533	(39, 0.099947829073202363)
39	107,0.260641882351	(39, 0.099947829073202363)
39	99,0.265765370406	(39, 0.099947829073202363)
39	95,0.26850865276	(39, 0.099947829073202363)
39	84,0.273627766445	(39, 0.099947829073202363)
40	40,0.0515377917763	(40, 0.05153779177625302)
40	69,0.0537411930451	(40, 0.05153779177625302)
40	79,0.0939931026974	(40, 0.05153779177625302)
40	4,0.0960565748658	(40, 0.05153779177625302)
40	148,0.10232507696	(40, 0.05153779177625302)
40	15,0.110332577078	(40, 0.05153779177625302)
40	25,0.111285787897	(40, 0.05153779177625302)
40	172,0.113023096792	(40, 0.05153779177625302)
40	60,0.128073634602	(40, 0.05153779177625302)
40	17,0.130921169629	(40, 0.05153779177625302)
41	41,0.0665668624441	(41, 0.066566862444115873)
41	155,0.112511771609	(41, 0.066566862444115873)
41	1,0.180184209208	(41, 0.066566862444115873)
41	20,0.180457758476	(41, 0.066566862444115873)
41	91,0.180870094425	(41, 0.066566862444115873)
41	124,0.203727745493	(41, 0.066566862444115873)
41	101,0.21744043873	(41, 0.066566862444115873)
41	102,0.230047133851	(41, 0.066566862444115873)
41	114,0.240986679165	(41, 0.066566862444115873)
41	53,0.244501344904	(41, 0.066566862444115873)
42	163,0.196071783984	(42, 0.37455747087842101)
42	53,0.247669357953	(42, 0.37455747087842101)
42	69,0.253025598139	(42, 0.37455747087842101)
42	28,0.255522566484	(42, 0.37455747087842101)
42	97,0.277778202512	(42, 0.37455747087842101)
42	44,0.291671792075	(42, 0.37455747087842101)
42	34,0.296404997396	(42, 0.37455747087842101)
42	140,0.299152984255	(42, 0.37455747087842101)
42	65,0.301120080136	(42, 0.37455747087842101)
42	118,0.302984209607	(42, 0.37455747087842101)
43	12,0.0747000436954	(43, 0.13816976718161647)
43	22,0.0787191034878	(43, 0.13816976718161647)
43	128,0.0854970256884	(43, 0.13816976718161647)
43	50,0.0943301645513	(43, 0.13816976718161647)
43	121,0.0963636817839	(43, 0.13816976718161647)
43	78,0.0986955325223	(43, 0.13816976718161647)
43	158,0.0989185634316	(43, 0.13816976718161647)
43	107,0.104850553502	(43, 0.13816976718161647)
43	61,0.105367735364	(43, 0.13816976718161647)
43	55,0.111580661825	(43, 0.13816976718161647)
44	109,0.114295629174	(44, 0.47002401177877673)
44	116,0.125684896726	(44, 0.47002401177877673)
44	93,0.146305373413	(44, 0.47002401177877673)
44	144,0.148829139014	(44, 0.47002401177877673)
44	124,0.149205288747	(44, 0.47002401177877673)
44	159,0.156071008345	(44, 0.47002401177877673)
44	84,0.166301875499	(44, 0.47002401177877673)
44	12,0.171841593968	(44, 0.47002401177877673)
44	115,0.173806195051	(44, 0.47002401177877673)
44	123,0.17760564379	(44, 0.47002401177877673)
45	45,0.171875627713	(45, 0.17187562771349851)
45	130,0.213775787847	(45, 0.17187562771349851)
45	94,0.245221881183	(45, 0.17187562771349851)
45	34,0.265354860287	(45, 0.17187562771349851)
45	133,0.302188283471	(45, 0.17187562771349851)
45	53,0.302947947334	(45, 0.17187562771349851)
45	98,0.302948851441	(45, 0.17187562771349851)
45	129,0.309216499428	(45, 0.17187562771349851)
45	25,0.324010685257	(45, 0.17187562771349851)
45	15,0.324230823717	(45, 0.17187562771349851)
46	46,0.0215664464682	(46, 0.021566446468193612)
46	36,0.0396920532926	(46, 0.021566446468193612)
46	171,0.050082988596	(46, 0.021566446468193612)
46	76,0.0562423395353	(46, 0.021566446468193612)
46	137,0.0636549977898	(46, 0.021566446468193612)
46	147,0.072540345256	(46, 0.021566446468193612)
46	63,0.0833232941778	(46, 0.021566446468193612)
46	6,0.0880993503493	(46, 0.021566446468193612)
46	139,0.088187758075	(46, 0.021566446468193612)
46	18,0.0975568807326	(46, 0.021566446468193612)
47	99,0.203449047703	(47, 0.26143817303394401)
47	10,0.232771317017	(47, 0.26143817303394401)
47	138,0.251457212635	(47, 0.26143817303394401)
47	19,0.251844951565	(47, 0.26143817303394401)
47	47,0.261438173034	(47, 0.26143817303394401)
47	27,0.26219866837	(47, 0.26143817303394401)
47	84,0.270162673529	(47, 0.26143817303394401)
47	43,0.301620739966	(47, 0.26143817303394401)
47	173,0.30965171693	(47, 0.26143817303394401)
47	0,0.318545626821	(47, 0.26143817303394401)
48	56,0.101297588608	(48, 0.12123296503637686)
48	120,0.107124919932	(48, 0.12123296503637686)
48	48,0.121232965036	(48, 0.12123296503637686)
48	69,0.124661322589	(48, 0.12123296503637686)
48	97,0.125110249944	(48, 0.12123296503637686)
48	40,0.143440235055	(48, 0.12123296503637686)
48	4,0.153287675586	(48, 0.12123296503637686)
48	124,0.161194934256	(48, 0.12123296503637686)
48	174,0.16142553236	(48, 0.12123296503637686)
48	172,0.178675180331	(48, 0.12123296503637686)
49	49,0.0816127681983	(49, 0.081612768198314048)
49	59,0.107525184462	(49, 0.081612768198314048)
49	15,0.11348013026	(49, 0.081612768198314048)
49	77,0.120005711362	(49, 0.081612768198314048)
49	172,0.12093450636	(49, 0.081612768198314048)
49	98,0.122639681591	(49, 0.081612768198314048)
49	17,0.130338463196	(49, 0.081612768198314048)
49	100,0.134844099295	(49, 0.081612768198314048)
49	83,0.156804617399	(49, 0.081612768198314048)
49	174,0.160083649305	(49, 0.081612768198314048)
50	50,0.0506682725719	(50, 0.050668272571888801)
50	107,0.119870993528	(50, 0.050668272571888801)
50	12,0.121796457841	(50, 0.050668272571888801)
50	158,0.135615584493	(50, 0.050668272571888801)
50	171,0.136528216109	(50, 0.050668272571888801)
50	76,0.151302267012	(50, 0.050668272571888801)
50	22,0.15432007793	(50, 0.050668272571888801)
50	128,0.158037308103	(50, 0.050668272571888801)
50	38,0.162150611429	(50, 0.050668272571888801)
50	46,0.171256227576	(50, 0.050668272571888801)
51	124,0.0691842014397	(51, 0.33433715510740031)
51	73,0.129608032787	(51, 0.33433715510740031)
51	157,0.13665524942	(51, 0.33433715510740031)
51	155,0.141794369163	(51, 0.33433715510740031)
51	53,0.142397984581	(51, 0.33433715510740031)
51	93,0.162818766757	(51, 0.33433715510740031)
51	20,0.175902887796	(51, 0.33433715510740031)
51	1,0.178443995099	(51, 0.33433715510740031)
51	41,0.183348587164	(51, 0.33433715510740031)
51	28,0.183390064618	(51, 0.33433715510740031)
52	53,0.116624500966	(52, 0.41948201998138229)
52	44,0.132853901603	(52, 0.41948201998138229)
52	124,0.152385927503	(52, 0.41948201998138229)
52	13,0.154508050822	(52, 0.41948201998138229)
52	155,0.157199893162	(52, 0.41948201998138229)
52	65,0.16046722702	(52, 0.41948201998138229)
52	163,0.165512356208	(52, 0.41948201998138229)
52	161,0.167049300339	(52, 0.41948201998138229)
52	119,0.182846917596	(52, 0.41948201998138229)
52	114,0.188337474949	(52, 0.41948201998138229)
53	65,0.079690180249	(53, 0.10704032918515181)
53	53,0.107040329185	(53, 0.10704032918515181)
53	155,0.124369256324	(53, 0.10704032918515181)
53	44,0.131662487145	(53, 0.10704032918515181)
53	161,0.135123517752	(53, 0.10704032918515181)
53	120,0.153223881015	(53, 0.10704032918515181)
53	163,0.165799729314	(53, 0.10704032918515181)
53	114,0.175346832453	(53, 0.10704032918515181)
53	34,0.175948487221	(53, 0.10704032918515181)
53	13,0.176249704475	(53, 0.10704032918515181)
54	136,0.0490082727129	(54, 0.087268604396180935)
54	54,0.0872686043962	(54, 0.087268604396180935)
54	162,0.0915868595186	(54, 0.087268604396180935)
54	137,0.0925518708344	(54, 0.087268604396180935)
54	3,0.0928274240378	(54, 0.087268604396180935)
54	63,0.0987891373507	(54, 0.087268604396180935)
54	147,0.103703278787	(54, 0.087268604396180935)
54	11,0.106704619159	(54, 0.087268604396180935)
54	17,0.106997097286	(54, 0.087268604396180935)
54	71,0.107393941573	(54, 0.087268604396180935)
55	12,0.0723066861633	(55, 0.093974727328971344)
55	55,0.093974727329	(55, 0.093974727328971344)
55	121,0.0982034938585	(55, 0.093974727328971344)
55	38,0.104571171635	(55, 0.093974727328971344)
55	18,0.105392670657	(55, 0.093974727328971344)
55	159,0.11052318109	(55, 0.093974727328971344)
55	128,0.114388962747	(55, 0.093974727328971344)
55	151,0.116959570284	(55, 0.093974727328971344)
55	152,0.120241434933	(55, 0.093974727328971344)
55	86,0.121377562001	(55, 0.093974727328971344)
56	56,0.0771573900729	(56, 0.077157390072850121)
56	15,0.100214784506	(56, 0.077157390072850121)
56	120,0.117018139925	(56, 0.077157390072850121)
56	174,0.147367930348	(56, 0.077157390072850121)
56	2,0.173813564733	(56, 0.077157390072850121)
56	69,0.179532980431	(56, 0.077157390072850121)
56	113,0.185882022671	(56, 0.077157390072850121)
56	17,0.207157760273	(56, 0.077157390072850121)
56	4,0.207265572312	(56, 0.077157390072850121)
56	97,0.209207114735	(56, 0.077157390072850121)
57	57,0.107536963969	(57, 0.10753696396939172)
57	122,0.275872007909	(57, 0.10753696396939172)
57	15,0.317936600809	(57, 0.10753696396939172)
57	174,0.325490338204	(57, 0.10753696396939172)
57	56,0.349535568773	(57, 0.10753696396939172)
57	59,0.389848164579	(57, 0.10753696396939172)
57	120,0.402038992749	(57, 0.10753696396939172)
57	108,0.410056652341	(57, 0.10753696396939172)
57	2,0.413184077462	(57, 0.10753696396939172)
57	113,0.457466228584	(57, 0.10753696396939172)
58	24,0.099865844557	(58, 0.40963308345227223)
58	107,0.117536746641	(58, 0.40963308345227223)
58	50,0.137426099889	(58, 0.40963308345227223)
58	27,0.140983018406	(58, 0.40963308345227223)
58	61,0.164496745933	(58, 0.40963308345227223)
58	158,0.173009030656	(58, 0.40963308345227223)
58	38,0.18538122194	(58, 0.40963308345227223)
58	43,0.187138476053	(58, 0.40963308345227223)
58	12,0.188625312927	(58, 0.40963308345227223)
58	105,0.189749981975	(58, 0.40963308345227223)
59	15,0.191729320351	(59, 0.24679990071047872)
59	83,0.20534173855	(59, 0.24679990071047872)
59	113,0.221166859852	(59, 0.24679990071047872)
59	94,0.22294279334	(59, 0.24679990071047872)
59	65,0.236189332084	(59, 0.24679990071047872)
59	120,0.239965991881	(59, 0.24679990071047872)
59	59,0.24679990071	(59, 0.24679990071047872)
59	97,0.260843303643	(59, 0.24679990071047872)
59	44,0.266912228826	(59, 0.24679990071047872)
59	161,0.268627793256	(59, 0.24679990071047872)
60	60,0.089891337972	(60, 0.08989133797200026)
60	79,0.0965848458328	(60, 0.08989133797200026)
60	69,0.102388097814	(60, 0.08989133797200026)
60	40,0.109429268087	(60, 0.08989133797200026)
60	34,0.128458624178	(60, 0.08989133797200026)
60	4,0.129337170624	(60, 0.08989133797200026)
60	25,0.137219266905	(60, 0.08989133797200026)
60	77,0.141740170441	(60, 0.08989133797200026)
60	172,0.149392948012	(60, 0.08989133797200026)
60	15,0.155351572298	(60, 0.08989133797200026)
61	61,0.0424137984917	(61, 0.042413798491732935)
61	23,0.048942999871	(61, 0.042413798491732935)
61	26,0.0806821190267	(61, 0.042413798491732935)
61	121,0.0825044268311	(61, 0.042413798491732935)
61	63,0.0841100335462	(61, 0.042413798491732935)
61	162,0.0907928835053	(61, 0.042413798491732935)
61	78,0.0938381726524	(61, 0.042413798491732935)
61	76,0.094540580278	(61, 0.042413798491732935)
61	147,0.0963338161529	(61, 0.042413798491732935)
61	22,0.111343175458	(61, 0.042413798491732935)
62	26,0.0888525308756	(62, 0.12759264949852367)
62	78,0.0920842874211	(62, 0.12759264949852367)
62	107,0.105958178631	(62, 0.12759264949852367)
62	61,0.119730083729	(62, 0.12759264949852367)
62	62,0.127592649499	(62, 0.12759264949852367)
62	73,0.128061099377	(62, 0.12759264949852367)
62	158,0.140684118077	(62, 0.12759264949852367)
62	121,0.145448010334	(62, 0.12759264949852367)
62	139,0.147706142153	(62, 0.12759264949852367)
62	22,0.153473714731	(62, 0.12759264949852367)
63	3,0.0443544182518	(63, 0.061042745047963018)
63	63,0.061042745048	(63, 0.061042745047963018)
63	11,0.0647806753685	(63, 0.061042745047963018)
63	77,0.0687153827165	(63, 0.061042745047963018)
63	162,0.0733175914895	(63, 0.061042745047963018)
63	37,0.0812565766454	(63, 0.061042745047963018)
63	121,0.0864489893381	(63, 0.061042745047963018)
63	171,0.0865155148285	(63, 0.061042745047963018)
63	147,0.086611519493	(63, 0.061042745047963018)
63	132,0.087117425723	(63, 0.061042745047963018)
64	64,0.255410474131	(64, 0.25541047413095913)
64	45,0.429052545513	(64, 0.25541047413095913)
64	118,0.440251036472	(64, 0.25541047413095913)
64	130,0.477391536529	(64, 0.25541047413095913)
64	33,0.553907437784	(64, 0.25541047413095913)
64	133,0.579394243395	(64, 0.25541047413095913)
64	34,0.631615799277	(64, 0.25541047413095913)
64	113,0.638816461645	(64, 0.25541047413095913)
64	94,0.686200116355	(64, 0.25541047413095913)
64	15,0.708900777826	(64, 0.25541047413095913)
65	65,0.0698666857981	(65, 0.069866685798100889)
65	161,0.0795724825381	(65, 0.069866685798100889)
65	83,0.091388469488	(65, 0.069866685798100889)
65	68,0.101049972327	(65, 0.069866685798100889)
65	155,0.138025915728	(65, 0.069866685798100889)
65	59,0.144920747625	(65, 0.069866685798100889)
65	1,0.152017447853	(65, 0.069866685798100889)
65	44,0.152297738768	(65, 0.069866685798100889)
65	13,0.155651716594	(65, 0.069866685798100889)
65	100,0.160072819502	(65, 0.069866685798100889)
66	66,0.283217440687	(66, 0.28321744068726074)
66	130,0.522017091175	(66, 0.28321744068726074)
66	133,0.575827109222	(66, 0.28321744068726074)
66	118,0.59896816848	(66, 0.28321744068726074)
66	140,0.630872950901	(66, 0.28321744068726074)
66	91,0.647345348954	(66, 0.28321744068726074)
66	33,0.687815758211	(66, 0.28321744068726074)
66	141,0.691298244076	(66, 0.28321744068726074)
66	169,0.746572185612	(66, 0.28321744068726074)
66	53,0.769747099007	(66, 0.28321744068726074)
67	67,0.1700378675	(67, 0.17003786749988051)
67	84,0.215108599591	(67, 0.17003786749988051)
67	169,0.22388442757	(67, 0.17003786749988051)
67	93,0.236874348712	(67, 0.17003786749988051)
67	116,0.26050117878	(67, 0.17003786749988051)
67	140,0.265262441874	(67, 0.17003786749988051)
67	28,0.278142642524	(67, 0.17003786749988051)
67	109,0.278951392571	(67, 0.17003786749988051)
67	131,0.280183727419	(67, 0.17003786749988051)
67	30,0.290028508033	(67, 0.17003786749988051)
68	68,0.0683173293257	(68, 0.068317329325718656)
68	70,0.120086184989	(68, 0.068317329325718656)
68	23,0.124310645273	(68, 0.068317329325718656)
68	61,0.127682851482	(68, 0.068317329325718656)
68	63,0.14482309447	(68, 0.068317329325718656)
68	162,0.155231110677	(68, 0.068317329325718656)
68	147,0.159536735367	(68, 0.068317329325718656)
68	26,0.16349650422	(68, 0.068317329325718656)
68	77,0.168332863758	(68, 0.068317329325718656)
68	71,0.169521236019	(68, 0.068317329325718656)
69	15,0.239809528429	(69, 0.28948724414805055)
69	122,0.271969702419	(69, 0.28948724414805055)
69	174,0.274294214903	(69, 0.28948724414805055)
69	69,0.289487244148	(69, 0.28948724414805055)
69	56,0.296802497361	(69, 0.28948724414805055)
69	154,0.299192903328	(69, 0.28948724414805055)
69	2,0.308414342555	(69, 0.28948724414805055)
69	4,0.311790365124	(69, 0.28948724414805055)
69	48,0.324289470725	(69, 0.28948724414805055)
69	25,0.327636286267	(69, 0.28948724414805055)
70	121,0.0800548242575	(70, 0.096415420281298805)
70	3,0.0843537562349	(70, 0.096415420281298805)
70	70,0.0964154202813	(70, 0.096415420281298805)
70	11,0.0974379998799	(70, 0.096415420281298805)
70	117,0.10260762533	(70, 0.096415420281298805)
70	132,0.106840708299	(70, 0.096415420281298805)
70	139,0.108260660515	(70, 0.096415420281298805)
70	77,0.10833480997	(70, 0.096415420281298805)
70	21,0.112392487292	(70, 0.096415420281298805)
70	81,0.112726303105	(70, 0.096415420281298805)
71	91,0.16572219154	(71, 0.42111037915360067)
71	133,0.178188654695	(71, 0.42111037915360067)
71	101,0.232555123394	(71, 0.42111037915360067)
71	41,0.239437017984	(71, 0.42111037915360067)
71	102,0.249278064305	(71, 0.42111037915360067)
71	155,0.257181615797	(71, 0.42111037915360067)
71	95,0.266663175797	(71, 0.42111037915360067)
71	28,0.267708858464	(71, 0.42111037915360067)
71	1,0.281340848537	(71, 0.42111037915360067)
71	103,0.286128729479	(71, 0.42111037915360067)
72	17,0.120698469418	(72, 0.74831299071391144)
72	174,0.121931705915	(72, 0.74831299071391144)
72	172,0.139142154684	(72, 0.74831299071391144)
72	148,0.143179939754	(72, 0.74831299071391144)
72	143,0.14330534588	(72, 0.74831299071391144)
72	100,0.168627426148	(72, 0.74831299071391144)
72	49,0.172394981507	(72, 0.74831299071391144)
72	77,0.176236878652	(72, 0.74831299071391144)
72	15,0.186794772573	(72, 0.74831299071391144)
72	59,0.187637108254	(72, 0.74831299071391144)
73	73,0.0714196737137	(73, 0.071419673713667989)
73	13,0.0882570817557	(73, 0.071419673713667989)
73	124,0.121139320976	(73, 0.071419673713667989)
73	157,0.126014754677	(73, 0.071419673713667989)
73	27,0.14413056715	(73, 0.071419673713667989)
73	53,0.164149511356	(73, 0.071419673713667989)
73	109,0.17090751892	(73, 0.071419673713667989)
73	93,0.172161842958	(73, 0.071419673713667989)
73	114,0.173387434286	(73, 0.071419673713667989)
73	144,0.177812383338	(73, 0.071419673713667989)
74	74,0.0544609645341	(74, 0.054460964534134119)
74	136,0.0562118269974	(74, 0.054460964534134119)
74	17,0.0621191506903	(74, 0.054460964534134119)
74	37,0.0712382959786	(74, 0.054460964534134119)
74	100,0.0716653221522	(74, 0.054460964534134119)
74	127,0.0733525224223	(74, 0.054460964534134119)
74	90,0.0786735003553	(74, 0.054460964534134119)
74	77,0.079166308631	(74, 0.054460964534134119)
74	49,0.112993912018	(74, 0.054460964534134119)
74	11,0.114305653107	(74, 0.054460964534134119)
75	167,0.451947190416	(75, 0.46225071183239069)
75	75,0.462250711832	(75, 0.46225071183239069)
75	80,0.632380081652	(75, 0.46225071183239069)
75	67,0.660852437398	(75, 0.46225071183239069)
75	47,0.675487600234	(75, 0.46225071183239069)
75	99,0.682676037638	(75, 0.46225071183239069)
75	10,0.68497669588	(75, 0.46225071183239069)
75	85,0.691050926656	(75, 0.46225071183239069)
75	166,0.705425237174	(75, 0.46225071183239069)
75	169,0.72597877457	(75, 0.46225071183239069)
76	76,0.0350197630908	(76, 0.0350197630908353)
76	147,0.0399469710168	(76, 0.0350197630908353)
76	63,0.0444279128223	(76, 0.0350197630908353)
76	137,0.0537902717152	(76, 0.0350197630908353)
76	171,0.0561148661412	(76, 0.0350197630908353)
76	46,0.0722806317154	(76, 0.0350197630908353)
76	18,0.0746019435587	(76, 0.0350197630908353)
76	22,0.0746716431633	(76, 0.0350197630908353)
76	3,0.0746995344037	(76, 0.0350197630908353)
76	36,0.0778365418589	(76, 0.0350197630908353)
77	162,0.0564240959453	(77, 0.073062274935955296)
77	63,0.0566867061052	(77, 0.073062274935955296)
77	90,0.0567591084684	(77, 0.073062274935955296)
77	11,0.0618887894016	(77, 0.073062274935955296)
77	147,0.0651636535592	(77, 0.073062274935955296)
77	136,0.0677170536282	(77, 0.073062274935955296)
77	3,0.0683906729076	(77, 0.073062274935955296)
77	77,0.073062274936	(77, 0.073062274935955296)
77	137,0.077332208498	(77, 0.073062274935955296)
77	21,0.0845041016256	(77, 0.073062274935955296)
78	151,0.0502962436099	(78, 0.090691282001740245)
78	76,0.0510118972515	(78, 0.090691282001740245)
78	63,0.0536854719248	(78, 0.090691282001740245)
78	132,0.0558915245427	(78, 0.090691282001740245)
78	22,0.0620469394017	(78, 0.090691282001740245)
78	147,0.0639261262616	(78, 0.090691282001740245)
78	18,0.0639455250018	(78, 0.090691282001740245)
78	121,0.0704557496721	(78, 0.090691282001740245)
78	61,0.079274360838	(78, 0.090691282001740245)
78	23,0.0847906705526	(78, 0.090691282001740245)
79	4,0.0572479087062	(79, 0.057714790276050781)
79	79,0.0577147902761	(79, 0.057714790276050781)
79	69,0.0644706877882	(79, 0.057714790276050781)
79	40,0.0705593350448	(79, 0.057714790276050781)
79	25,0.107355716131	(79, 0.057714790276050781)
79	56,0.12903169035	(79, 0.057714790276050781)
79	172,0.132148284039	(79, 0.057714790276050781)
79	34,0.14054082441	(79, 0.057714790276050781)
79	60,0.145455900677	(79, 0.057714790276050781)
79	15,0.146274266902	(79, 0.057714790276050781)
80	80,0.213054196384	(80, 0.21305419638443568)
80	51,0.244558901614	(80, 0.21305419638443568)
80	167,0.309303106676	(80, 0.21305419638443568)
80	32,0.400438966242	(80, 0.21305419638443568)
80	27,0.529827722064	(80, 0.21305419638443568)
80	169,0.540889697655	(80, 0.21305419638443568)
80	39,0.546323008022	(80, 0.21305419638443568)
80	58,0.548969315006	(80, 0.21305419638443568)
80	160,0.551793803538	(80, 0.21305419638443568)
80	165,0.589925254738	(80, 0.21305419638443568)
81	81,0.0541319541225	(81, 0.054131954122529816)
81	3,0.0677735777444	(81, 0.054131954122529816)
81	132,0.0728949304234	(81, 0.054131954122529816)
81	11,0.0733625448814	(81, 0.054131954122529816)
81	121,0.082822183502	(81, 0.054131954122529816)
81	22,0.0886682908242	(81, 0.054131954122529816)
81	117,0.0926933858392	(81, 0.054131954122529816)
81	151,0.0935606631651	(81, 0.054131954122529816)
81	77,0.100378243173	(81, 0.054131954122529816)
81	76,0.101265163989	(81, 0.054131954122529816)
82	24,0.148900590594	(82, 0.2747297604929983)
82	38,0.155911406409	(82, 0.2747297604929983)
82	12,0.161511560427	(82, 0.2747297604929983)
82	105,0.171394397907	(82, 0.2747297604929983)
82	27,0.178799834729	(82, 0.2747297604929983)
82	73,0.198169103947	(82, 0.2747297604929983)
82	50,0.200026702617	(82, 0.2747297604929983)
82	144,0.212032385171	(82, 0.2747297604929983)
82	107,0.213942603502	(82, 0.2747297604929983)
82	13,0.216710474138	(82, 0.2747297604929983)
83	13,0.0700026218051	(83, 0.10124474723448648)
83	155,0.0983512914491	(83, 0.10124474723448648)
83	71,0.0988914922858	(83, 0.10124474723448648)
83	83,0.101244747234	(83, 0.10124474723448648)
83	161,0.102179747431	(83, 0.10124474723448648)
83	65,0.106077827457	(83, 0.10124474723448648)
83	17,0.108399900077	(83, 0.10124474723448648)
83	11,0.114483337864	(83, 0.10124474723448648)
83	3,0.115257829652	(83, 0.10124474723448648)
83	136,0.116330874913	(83, 0.10124474723448648)
84	84,0.276884507687	(84, 0.27688450768655698)
84	67,0.281410558114	(84, 0.27688450768655698)
84	166,0.283400120511	(84, 0.27688450768655698)
84	169,0.294688236371	(84, 0.27688450768655698)
84	140,0.365853913163	(84, 0.27688450768655698)
84	99,0.373057892474	(84, 0.27688450768655698)
84	144,0.407037875648	(84, 0.27688450768655698)
84	156,0.408660436271	(84, 0.27688450768655698)
84	109,0.424887301413	(84, 0.27688450768655698)
84	149,0.426449442344	(84, 0.27688450768655698)
85	67,0.247100644097	(85, 0.3545550512472016)
85	85,0.354555051247	(85, 0.3545550512472016)
85	140,0.374416020005	(85, 0.3545550512472016)
85	166,0.420449851296	(85, 0.3545550512472016)
85	149,0.427096767652	(85, 0.3545550512472016)
85	84,0.431423012517	(85, 0.3545550512472016)
85	169,0.461382437351	(85, 0.3545550512472016)
85	144,0.516561774114	(85, 0.3545550512472016)
85	99,0.540812994052	(85, 0.3545550512472016)
85	93,0.542582782996	(85, 0.3545550512472016)
86	86,0.0543336717127	(86, 0.054333671712681164)
86	137,0.066699478385	(86, 0.054333671712681164)
86	171,0.0776840708706	(86, 0.054333671712681164)
86	76,0.0797804064476	(86, 0.054333671712681164)
86	117,0.0814543719671	(86, 0.054333671712681164)
86	162,0.0815288077695	(86, 0.054333671712681164)
86	12,0.0839918342139	(86, 0.054333671712681164)
86	11,0.0851767461346	(86, 0.054333671712681164)
86	126,0.0870911305418	(86, 0.054333671712681164)
86	3,0.0874269020394	(86, 0.054333671712681164)
87	121,0.0883195480741	(87, 0.2411253161166983)
87	1,0.0928826312973	(87, 0.2411253161166983)
87	26,0.100344541845	(87, 0.2411253161166983)
87	71,0.10471027433	(87, 0.2411253161166983)
87	78,0.104816942917	(87, 0.2411253161166983)
87	11,0.106336392563	(87, 0.2411253161166983)
87	22,0.121097090873	(87, 0.2411253161166983)
87	61,0.121552758383	(87, 0.2411253161166983)
87	23,0.122591728837	(87, 0.2411253161166983)
87	20,0.126557211644	(87, 0.2411253161166983)
88	76,0.0495897986821	(88, 0.077725545291266754)
88	171,0.0588572093516	(88, 0.077725545291266754)
88	18,0.0598591899559	(88, 0.077725545291266754)
88	147,0.0610848899291	(88, 0.077725545291266754)
88	46,0.0674717312021	(88, 0.077725545291266754)
88	117,0.0694050950481	(88, 0.077725545291266754)
88	63,0.0719549634672	(88, 0.077725545291266754)
88	22,0.0722582185904	(88, 0.077725545291266754)
88	139,0.0756418683584	(88, 0.077725545291266754)
88	88,0.0777255452913	(88, 0.077725545291266754)
89	124,0.0742590738659	(89, 0.14509495273395634)
89	155,0.0992427362154	(89, 0.14509495273395634)
89	53,0.111613218785	(89, 0.14509495273395634)
89	1,0.132252153057	(89, 0.14509495273395634)
89	73,0.134673037537	(89, 0.14509495273395634)
89	89,0.145094952734	(89, 0.14509495273395634)
89	13,0.154799247859	(89, 0.14509495273395634)
89	28,0.15731254635	(89, 0.14509495273395634)
89	120,0.157959441368	(89, 0.14509495273395634)
89	71,0.15893202137	(89, 0.14509495273395634)
90	90,0.0380119028465	(90, 0.038011902846539193)
90	11,0.0726852789525	(90, 0.038011902846539193)
90	162,0.0748562234474	(90, 0.038011902846539193)
90	96,0.0841713831819	(90, 0.038011902846539193)
90	81,0.0846413700215	(90, 0.038011902846539193)
90	137,0.0867165360603	(90, 0.038011902846539193)
90	172,0.0891615216485	(90, 0.038011902846539193)
90	136,0.0916709376516	(90, 0.038011902846539193)
90	37,0.0924551661642	(90, 0.038011902846539193)
90	17,0.0961450076287	(90, 0.038011902846539193)
91	133,0.177377557292	(91, 0.22816339691199392)
91	91,0.228163396912	(91, 0.22816339691199392)
91	130,0.353539739427	(91, 0.22816339691199392)
91	103,0.423891033234	(91, 0.22816339691199392)
91	102,0.470108035646	(91, 0.22816339691199392)
91	51,0.477212202105	(91, 0.22816339691199392)
91	66,0.484493401385	(91, 0.22816339691199392)
91	34,0.486693154881	(91, 0.22816339691199392)
91	101,0.502459860547	(91, 0.22816339691199392)
91	53,0.509764490868	(91, 0.22816339691199392)
92	78,0.0812679002938	(92, 0.21073121002129094)
92	24,0.105871257249	(92, 0.21073121002129094)
92	61,0.109465624679	(92, 0.21073121002129094)
92	128,0.111575202901	(92, 0.21073121002129094)
92	158,0.116444210353	(92, 0.21073121002129094)
92	12,0.123166471702	(92, 0.21073121002129094)
92	26,0.134201020882	(92, 0.21073121002129094)
92	22,0.143405938172	(92, 0.21073121002129094)
92	107,0.144908903998	(92, 0.21073121002129094)
92	27,0.14769662787	(92, 0.21073121002129094)
93	22,0.0607572763859	(93, 0.098073717458706272)
93	132,0.0666613976154	(93, 0.098073717458706272)
93	158,0.0837768715216	(93, 0.098073717458706272)
93	128,0.0849748283374	(93, 0.098073717458706272)
93	121,0.0873462779842	(93, 0.098073717458706272)
93	76,0.0903904562223	(93, 0.098073717458706272)
93	78,0.0953461565409	(93, 0.098073717458706272)
93	3,0.0971589296326	(93, 0.098073717458706272)
93	12,0.0974704936445	(93, 0.098073717458706272)
93	93,0.0980737174587	(93, 0.098073717458706272)
94	94,0.105859863258	(94, 0.10585986325758531)
94	83,0.195973753511	(94, 0.10585986325758531)
94	155,0.239636834052	(94, 0.10585986325758531)
94	59,0.260400699028	(94, 0.10585986325758531)
94	15,0.274435538127	(94, 0.10585986325758531)
94	120,0.293752350084	(94, 0.10585986325758531)
94	161,0.299076979575	(94, 0.10585986325758531)
94	45,0.303460444705	(94, 0.10585986325758531)
94	98,0.305923255827	(94, 0.10585986325758531)
94	65,0.31127078441	(94, 0.10585986325758531)
95	99,0.119541047394	(95, 0.2985734354872282)
95	107,0.123763148787	(95, 0.2985734354872282)
95	27,0.163148975468	(95, 0.2985734354872282)
95	43,0.16485041581	(95, 0.2985734354872282)
95	138,0.167575927465	(95, 0.2985734354872282)
95	19,0.170468444118	(95, 0.2985734354872282)
95	128,0.171202109954	(95, 0.2985734354872282)
95	78,0.177065663366	(95, 0.2985734354872282)
95	84,0.184981506119	(95, 0.2985734354872282)
95	50,0.195447057292	(95, 0.2985734354872282)
96	96,0.0627362702172	(96, 0.062736270217223625)
96	13,0.0947968618365	(96, 0.062736270217223625)
96	17,0.100423940525	(96, 0.062736270217223625)
96	162,0.101365589111	(96, 0.062736270217223625)
96	11,0.107278105213	(96, 0.062736270217223625)
96	161,0.110275227155	(96, 0.062736270217223625)
96	143,0.128314827159	(96, 0.062736270217223625)
96	112,0.133144663154	(96, 0.062736270217223625)
96	119,0.142061313313	(96, 0.062736270217223625)
96	4,0.143728113042	(96, 0.062736270217223625)
97	172,0.0692117244781	(97, 0.17459113486733482)
97	40,0.0771439308673	(97, 0.17459113486733482)
97	69,0.0800533084832	(97, 0.17459113486733482)
97	17,0.0922300465146	(97, 0.17459113486733482)
97	120,0.1026735534	(97, 0.17459113486733482)
97	4,0.114536362477	(97, 0.17459113486733482)
97	79,0.117527095529	(97, 0.17459113486733482)
97	3,0.122561883591	(97, 0.17459113486733482)
97	37,0.136088649219	(97, 0.17459113486733482)
97	11,0.136507230345	(97, 0.17459113486733482)
98	98,0.0504683824435	(98, 0.050468382443481258)
98	15,0.100470884045	(98, 0.050468382443481258)
98	40,0.101645750212	(98, 0.050468382443481258)
98	25,0.119349799533	(98, 0.050468382443481258)
98	172,0.130429791978	(98, 0.050468382443481258)
98	154,0.130888194225	(98, 0.050468382443481258)
98	49,0.142070937366	(98, 0.050468382443481258)
98	83,0.158347591829	(98, 0.050468382443481258)
98	174,0.15922038227	(98, 0.050468382443481258)
98	69,0.161898006915	(98, 0.050468382443481258)
99	144,0.102850737421	(99, 0.14315079319885091)
99	73,0.114902811213	(99, 0.14315079319885091)
99	93,0.115007756062	(99, 0.14315079319885091)
99	84,0.115852125572	(99, 0.14315079319885091)
99	109,0.126613683909	(99, 0.14315079319885091)
99	78,0.128220579473	(99, 0.14315079319885091)
99	128,0.13065592782	(99, 0.14315079319885091)
99	159,0.136468543487	(99, 0.14315079319885091)
99	116,0.139452437276	(99, 0.14315079319885091)
99	156,0.141504129035	(99, 0.14315079319885091)
100	100,0.0417950968064	(100, 0.04179509680637896)
100	74,0.068179766862	(100, 0.04179509680637896)
100	77,0.068458923507	(100, 0.04179509680637896)
100	90,0.0725454260347	(100, 0.04179509680637896)
100	21,0.0747545062197	(100, 0.04179509680637896)
100	37,0.0782718256931	(100, 0.04179509680637896)
100	17,0.0789549865383	(100, 0.04179509680637896)
100	136,0.0797416540914	(100, 0.04179509680637896)
100	11,0.0813993554766	(100, 0.04179509680637896)
100	143,0.0858328657931	(100, 0.04179509680637896)
101	73,0.122699018176	(101, 0.125186759154676)
101	101,0.125186759155	(101, 0.125186759154676)
101	13,0.13001064664	(101, 0.125186759154676)
101	1,0.130537791093	(101, 0.125186759154676)
101	69,0.134702594561	(101, 0.125186759154676)
101	60,0.137556282591	(101, 0.125186759154676)
101	124,0.139102791888	(101, 0.125186759154676)
101	29,0.160413222381	(101, 0.125186759154676)
101	102,0.164374739653	(101, 0.125186759154676)
101	53,0.166125228519	(101, 0.125186759154676)
102	91,0.152518319637	(102, 0.16715554332634044)
102	155,0.16394584253	(102, 0.16715554332634044)
102	114,0.164420974994	(102, 0.16715554332634044)
102	102,0.167155543326	(102, 0.16715554332634044)
102	101,0.172954343673	(102, 0.16715554332634044)
102	41,0.173847398479	(102, 0.16715554332634044)
102	1,0.178308974864	(102, 0.16715554332634044)
102	110,0.180614207331	(102, 0.16715554332634044)
102	53,0.197016585672	(102, 0.16715554332634044)
102	103,0.197635882179	(102, 0.16715554332634044)
103	103,0.12011498301	(103, 0.12011498301019585)
103	73,0.184808079596	(103, 0.12011498301019585)
103	101,0.204193412721	(103, 0.12011498301019585)
103	91,0.217545459693	(103, 0.12011498301019585)
103	93,0.229808037145	(103, 0.12011498301019585)
103	114,0.230730053746	(103, 0.12011498301019585)
103	26,0.241874934835	(103, 0.12011498301019585)
103	128,0.244008768058	(103, 0.12011498301019585)
103	39,0.247591694977	(103, 0.12011498301019585)
103	99,0.251735739657	(103, 0.12011498301019585)
104	124,0.0831692061737	(104, 0.16273912410480534)
104	93,0.122528962959	(104, 0.16273912410480534)
104	81,0.129031199621	(104, 0.16273912410480534)
104	119,0.130308317911	(104, 0.16273912410480534)
104	11,0.136945493125	(104, 0.16273912410480534)
104	73,0.136994608803	(104, 0.16273912410480534)
104	115,0.138339994416	(104, 0.16273912410480534)
104	3,0.156961860809	(104, 0.16273912410480534)
104	37,0.161880767271	(104, 0.16273912410480534)
104	104,0.162739124105	(104, 0.16273912410480534)
105	43,0.140151868844	(105, 0.18533979486313587)
105	27,0.147289140538	(105, 0.18533979486313587)
105	24,0.153691168923	(105, 0.18533979486313587)
105	19,0.164193117531	(105, 0.18533979486313587)
105	107,0.175427067182	(105, 0.18533979486313587)
105	105,0.185339794863	(105, 0.18533979486313587)
105	38,0.195970481834	(105, 0.18533979486313587)
105	50,0.202262935156	(105, 0.18533979486313587)
105	99,0.206101662808	(105, 0.18533979486313587)
105	12,0.218036992235	(105, 0.18533979486313587)
106	106,0.0828390284479	(106, 0.082839028447861063)
106	116,0.138982257105	(106, 0.082839028447861063)
106	157,0.139124824008	(106, 0.082839028447861063)
106	93,0.147617544901	(106, 0.082839028447861063)
106	172,0.152183522338	(106, 0.082839028447861063)
106	174,0.160315144625	(106, 0.082839028447861063)
106	13,0.169189801963	(106, 0.082839028447861063)
106	54,0.176957581383	(106, 0.082839028447861063)
106	156,0.181085845418	(106, 0.082839028447861063)
106	77,0.193364757679	(106, 0.082839028447861063)
107	22,0.101275328349	(107, 0.10942992977132661)
107	107,0.109429929771	(107, 0.10942992977132661)
107	139,0.109708245945	(107, 0.10942992977132661)
107	26,0.109822887133	(107, 0.10942992977132661)
107	76,0.117435360584	(107, 0.10942992977132661)
107	121,0.119782040661	(107, 0.10942992977132661)
107	77,0.12264536023	(107, 0.10942992977132661)
107	78,0.123306985247	(107, 0.10942992977132661)
107	1,0.128475497108	(107, 0.10942992977132661)
107	128,0.128867177462	(107, 0.10942992977132661)
108	77,0.0807908719646	(108, 0.21809681005090065)
108	172,0.1178295878	(108, 0.21809681005090065)
108	174,0.12754070481	(108, 0.21809681005090065)
108	17,0.14020555669	(108, 0.21809681005090065)
108	4,0.142231927716	(108, 0.21809681005090065)
108	100,0.142368369884	(108, 0.21809681005090065)
108	40,0.143821499647	(108, 0.21809681005090065)
108	49,0.144239047197	(108, 0.21809681005090065)
108	15,0.148110019425	(108, 0.21809681005090065)
108	37,0.160360520435	(108, 0.21809681005090065)
109	109,0.0794607333055	(109, 0.079460733305506112)
109	159,0.0836441616683	(109, 0.079460733305506112)
109	134,0.116311668004	(109, 0.079460733305506112)
109	146,0.121493361907	(109, 0.079460733305506112)
109	128,0.127611898346	(109, 0.079460733305506112)
109	12,0.129385417138	(109, 0.079460733305506112)
109	84,0.131299140833	(109, 0.079460733305506112)
109	152,0.137944770768	(109, 0.079460733305506112)
109	14,0.14265651545	(109, 0.079460733305506112)
109	38,0.145673778937	(109, 0.079460733305506112)
110	1,0.0822334442541	(110, 0.15067827704471984)
110	121,0.100412869429	(110, 0.15067827704471984)
110	11,0.105880618211	(110, 0.15067827704471984)
110	3,0.125011268175	(110, 0.15067827704471984)
110	162,0.126090908528	(110, 0.15067827704471984)
110	73,0.129712222577	(110, 0.15067827704471984)
110	26,0.130067402479	(110, 0.15067827704471984)
110	68,0.131407857197	(110, 0.15067827704471984)
110	155,0.136578361978	(110, 0.15067827704471984)
110	13,0.137239627669	(110, 0.15067827704471984)
111	73,0.0933389512832	(111, 0.36979186084625904)
111	124,0.113156737991	(111, 0.36979186084625904)
111	101,0.114789739342	(111, 0.36979186084625904)
111	93,0.124911982884	(111, 0.36979186084625904)
111	13,0.133622783533	(111, 0.36979186084625904)
111	1,0.149780752425	(111, 0.36979186084625904)
111	157,0.150194077891	(111, 0.36979186084625904)
111	78,0.154595930455	(111, 0.36979186084625904)
111	114,0.15716286935	(111, 0.36979186084625904)
111	128,0.162120208481	(111, 0.36979186084625904)
112	90,0.0601832041935	(112, 0.083253542559095103)
112	11,0.0645104484639	(112, 0.083253542559095103)
112	3,0.0728192936829	(112, 0.083253542559095103)
112	100,0.0777795726589	(112, 0.083253542559095103)
112	162,0.0819830296895	(112, 0.083253542559095103)
112	112,0.0832535425591	(112, 0.083253542559095103)
112	81,0.0900489025254	(112, 0.083253542559095103)
112	21,0.0904918353482	(112, 0.083253542559095103)
112	77,0.0910283316259	(112, 0.083253542559095103)
112	71,0.0962500528547	(112, 0.083253542559095103)
113	113,0.116959713818	(113, 0.11695971381799126)
113	65,0.148224618504	(113, 0.11695971381799126)
113	130,0.218174610319	(113, 0.11695971381799126)
113	44,0.260568214366	(113, 0.11695971381799126)
113	155,0.26094158485	(113, 0.11695971381799126)
113	53,0.271093113491	(113, 0.11695971381799126)
113	161,0.271246866477	(113, 0.11695971381799126)
113	120,0.285295678521	(113, 0.11695971381799126)
113	15,0.307662775168	(113, 0.11695971381799126)
113	97,0.315371348572	(113, 0.11695971381799126)
114	114,0.0849686597274	(114, 0.084968659727447632)
114	53,0.0979422753007	(114, 0.084968659727447632)
114	124,0.101486470504	(114, 0.084968659727447632)
114	73,0.103010478968	(114, 0.084968659727447632)
114	13,0.143345587318	(114, 0.084968659727447632)
114	157,0.156508150504	(114, 0.084968659727447632)
114	104,0.157080872915	(114, 0.084968659727447632)
114	155,0.159362474996	(114, 0.084968659727447632)
114	140,0.167733480411	(114, 0.084968659727447632)
114	93,0.176539792959	(114, 0.084968659727447632)
115	119,0.0875103360696	(115, 0.093853678364685028)
115	11,0.088858564709	(115, 0.093853678364685028)
115	115,0.0938536783647	(115, 0.093853678364685028)
115	37,0.112265537611	(115, 0.093853678364685028)
115	96,0.117645817241	(115, 0.093853678364685028)
115	81,0.12886862132	(115, 0.093853678364685028)
115	136,0.129279667069	(115, 0.093853678364685028)
115	17,0.130355351401	(115, 0.093853678364685028)
115	3,0.132204753509	(115, 0.093853678364685028)
115	90,0.14395929727	(115, 0.093853678364685028)
116	116,0.0697941455283	(116, 0.06979414552832193)
116	93,0.0713434596372	(116, 0.06979414552832193)
116	109,0.138542915145	(116, 0.06979414552832193)
116	73,0.139541173122	(116, 0.06979414552832193)
116	144,0.155543233832	(116, 0.06979414552832193)
116	159,0.165762191559	(116, 0.06979414552832193)
116	172,0.167711497133	(116, 0.06979414552832193)
116	124,0.169802169988	(116, 0.06979414552832193)
116	128,0.170200871118	(116, 0.06979414552832193)
116	131,0.172739379422	(116, 0.06979414552832193)
117	117,0.0276097469379	(117, 0.02760974693788866)
117	21,0.0710216038862	(117, 0.02760974693788866)
117	71,0.0724253208211	(117, 0.02760974693788866)
117	76,0.0856943912682	(117, 0.02760974693788866)
117	22,0.0858634325729	(117, 0.02760974693788866)
117	11,0.0899717014685	(117, 0.02760974693788866)
117	81,0.0921659729377	(117, 0.02760974693788866)
117	162,0.0924495355989	(117, 0.02760974693788866)
117	121,0.0927431989513	(117, 0.02760974693788866)
117	77,0.0953719744452	(117, 0.02760974693788866)
118	33,0.17880444081	(118, 0.28000438532550392)
118	34,0.19310502222	(118, 0.28000438532550392)
118	69,0.218392231249	(118, 0.28000438532550392)
118	113,0.247074024317	(118, 0.28000438532550392)
118	15,0.258586246799	(118, 0.28000438532550392)
118	2,0.259804621827	(118, 0.28000438532550392)
118	4,0.276875530245	(118, 0.28000438532550392)
118	118,0.280004385326	(118, 0.28000438532550392)
118	25,0.301692919854	(118, 0.28000438532550392)
118	130,0.301988079284	(118, 0.28000438532550392)
119	120,0.100537265431	(119, 0.12375495791237914)
119	172,0.112224889316	(119, 0.12375495791237914)
119	17,0.113274459188	(119, 0.12375495791237914)
119	40,0.119601407338	(119, 0.12375495791237914)
119	119,0.123754957912	(119, 0.12375495791237914)
119	154,0.125968112988	(119, 0.12375495791237914)
119	69,0.126063319259	(119, 0.12375495791237914)
119	4,0.126082951868	(119, 0.12375495791237914)
119	97,0.131350254905	(119, 0.12375495791237914)
119	13,0.13829689696	(119, 0.12375495791237914)
120	120,0.0619191474108	(120, 0.061919147410781292)
120	65,0.107215653608	(120, 0.061919147410781292)
120	161,0.124198942012	(120, 0.061919147410781292)
120	44,0.12910096336	(120, 0.061919147410781292)
120	97,0.13880659473	(120, 0.061919147410781292)
120	155,0.140794482208	(120, 0.061919147410781292)
120	53,0.148223529157	(120, 0.061919147410781292)
120	124,0.149231677176	(120, 0.061919147410781292)
120	17,0.154903398822	(120, 0.061919147410781292)
120	54,0.159503069666	(120, 0.061919147410781292)
121	121,0.0716829430483	(121, 0.071682943048270734)
121	22,0.0862898257911	(121, 0.071682943048270734)
121	78,0.0866038438713	(121, 0.071682943048270734)
121	26,0.0932614288488	(121, 0.071682943048270734)
121	1,0.0941875298902	(121, 0.071682943048270734)
121	73,0.106935050437	(121, 0.071682943048270734)
121	61,0.112094982762	(121, 0.071682943048270734)
121	128,0.117472834583	(121, 0.071682943048270734)
121	23,0.119306806293	(121, 0.071682943048270734)
121	132,0.120637651748	(121, 0.071682943048270734)
122	122,0.119325652467	(122, 0.11932565246717795)
122	174,0.126480990722	(122, 0.11932565246717795)
122	154,0.16060578519	(122, 0.11932565246717795)
122	2,0.192631127336	(122, 0.11932565246717795)
122	69,0.208428220423	(122, 0.11932565246717795)
122	48,0.220546478962	(122, 0.11932565246717795)
122	116,0.226322273538	(122, 0.11932565246717795)
122	4,0.239380278104	(122, 0.11932565246717795)
122	172,0.240036241104	(122, 0.11932565246717795)
122	56,0.245300741262	(122, 0.11932565246717795)
123	172,0.0860333261417	(123, 0.088447732902079745)
123	123,0.0884477329021	(123, 0.088447732902079745)
123	81,0.125518001413	(123, 0.088447732902079745)
123	146,0.130199715928	(123, 0.088447732902079745)
123	40,0.136968834017	(123, 0.088447732902079745)
123	119,0.139044470783	(123, 0.088447732902079745)
123	90,0.142622477302	(123, 0.088447732902079745)
123	115,0.148501907184	(123, 0.088447732902079745)
123	96,0.149668896972	(123, 0.088447732902079745)
123	137,0.157144336615	(123, 0.088447732902079745)
124	124,0.136099346813	(124, 0.13609934681325397)
124	101,0.178123813078	(124, 0.13609934681325397)
124	41,0.211012457373	(124, 0.13609934681325397)
124	169,0.216767119224	(124, 0.13609934681325397)
124	73,0.233894905622	(124, 0.13609934681325397)
124	157,0.243585639883	(124, 0.13609934681325397)
124	27,0.24408048184	(124, 0.13609934681325397)
124	155,0.244743326972	(124, 0.13609934681325397)
124	53,0.247668297451	(124, 0.13609934681325397)
124	140,0.25147310589	(124, 0.13609934681325397)
125	13,0.170057441676	(125, 0.2252016861161828)
125	73,0.198551302969	(125, 0.2252016861161828)
125	155,0.204974839604	(125, 0.2252016861161828)
125	65,0.222534709938	(125, 0.2252016861161828)
125	125,0.225201686116	(125, 0.2252016861161828)
125	54,0.226936847516	(125, 0.2252016861161828)
125	23,0.228147345788	(125, 0.2252016861161828)
125	61,0.228204410648	(125, 0.2252016861161828)
125	114,0.229168141554	(125, 0.2252016861161828)
125	29,0.230675757812	(125, 0.2252016861161828)
126	126,0.0842621791962	(126, 0.084262179196224182)
126	81,0.102399470937	(126, 0.084262179196224182)
126	121,0.102623652639	(126, 0.084262179196224182)
126	132,0.105192356259	(126, 0.084262179196224182)
126	3,0.107745993664	(126, 0.084262179196224182)
126	11,0.107983508647	(126, 0.084262179196224182)
126	12,0.110073655816	(126, 0.084262179196224182)
126	119,0.113442685083	(126, 0.084262179196224182)
126	13,0.114453048553	(126, 0.084262179196224182)
126	128,0.118133399052	(126, 0.084262179196224182)
127	17,0.0641222896468	(127, 0.074166856352491331)
127	74,0.0661303833185	(127, 0.074166856352491331)
127	136,0.0734340602405	(127, 0.074166856352491331)
127	127,0.0741668563525	(127, 0.074166856352491331)
127	100,0.0913177929302	(127, 0.074166856352491331)
127	77,0.092363231351	(127, 0.074166856352491331)
127	59,0.0981951289302	(127, 0.074166856352491331)
127	37,0.107995053112	(127, 0.074166856352491331)
127	49,0.115654677655	(127, 0.074166856352491331)
127	172,0.134411879296	(127, 0.074166856352491331)
128	128,0.0580462733775	(128, 0.058046273377517117)
128	12,0.0788516717	(128, 0.058046273377517117)
128	78,0.0877220214298	(128, 0.058046273377517117)
128	159,0.0949383239375	(128, 0.058046273377517117)
128	121,0.0949438735001	(128, 0.058046273377517117)
128	22,0.0998923958319	(128, 0.058046273377517117)
128	139,0.100384832891	(128, 0.058046273377517117)
128	18,0.104090111466	(128, 0.058046273377517117)
128	107,0.1083033147	(128, 0.058046273377517117)
128	158,0.109747569894	(128, 0.058046273377517117)
129	49,0.119741773194	(129, 0.23148868944048082)
129	98,0.121017154757	(129, 0.23148868944048082)
129	100,0.17070230598	(129, 0.23148868944048082)
129	77,0.171179537098	(129, 0.23148868944048082)
129	15,0.171651605635	(129, 0.23148868944048082)
129	59,0.177175699489	(129, 0.23148868944048082)
129	83,0.191563847513	(129, 0.23148868944048082)
129	25,0.206620237267	(129, 0.23148868944048082)
129	94,0.218906591456	(129, 0.23148868944048082)
129	129,0.23148868944	(129, 0.23148868944048082)
130	130,0.178258783706	(130, 0.17825878370573894)
130	65,0.211252009594	(130, 0.17825878370573894)
130	13,0.213045256767	(130, 0.17825878370573894)
130	34,0.218926243038	(130, 0.17825878370573894)
130	91,0.233741672041	(130, 0.17825878370573894)
130	28,0.239454435029	(130, 0.17825878370573894)
130	53,0.241077194287	(130, 0.17825878370573894)
130	155,0.249059192488	(130, 0.17825878370573894)
130	157,0.249533194983	(130, 0.17825878370573894)
130	15,0.256222216543	(130, 0.17825878370573894)
131	166,0.157378123584	(131, 0.16975831540402359)
131	116,0.158030489227	(131, 0.16975831540402359)
131	131,0.169758315404	(131, 0.16975831540402359)
131	72,0.178144567923	(131, 0.16975831540402359)
131	104,0.20528443086	(131, 0.16975831540402359)
131	144,0.224832370798	(131, 0.16975831540402359)
131	84,0.238118021676	(131, 0.16975831540402359)
131	93,0.265868527265	(131, 0.16975831540402359)
131	156,0.268068627411	(131, 0.16975831540402359)
131	165,0.29876704777	(131, 0.16975831540402359)
132	132,0.0508620572566	(132, 0.05086205725661689)
132	18,0.0594832197458	(132, 0.05086205725661689)
132	22,0.0650359665058	(132, 0.05086205725661689)
132	46,0.0691898478995	(132, 0.05086205725661689)
132	139,0.0710710292541	(132, 0.05086205725661689)
132	146,0.0739763458603	(132, 0.05086205725661689)
132	76,0.0748962250422	(132, 0.05086205725661689)
132	158,0.0763976833557	(132, 0.05086205725661689)
132	171,0.0772487276707	(132, 0.05086205725661689)
132	147,0.080906566912	(132, 0.05086205725661689)
133	133,0.0705776786026	(133, 0.070577678602623567)
133	130,0.196163813946	(133, 0.070577678602623567)
133	34,0.199755158691	(133, 0.070577678602623567)
133	91,0.20682067596	(133, 0.070577678602623567)
133	102,0.228708102806	(133, 0.070577678602623567)
133	103,0.241024662166	(133, 0.070577678602623567)
133	53,0.257950420766	(133, 0.070577678602623567)
133	114,0.258604221641	(133, 0.070577678602623567)
133	65,0.267813393586	(133, 0.070577678602623567)
133	153,0.269895315892	(133, 0.070577678602623567)
134	121,0.0765232771799	(134, 0.11516192982294261)
134	128,0.0842387547202	(134, 0.11516192982294261)
134	78,0.0899859272696	(134, 0.11516192982294261)
134	22,0.111419427301	(134, 0.11516192982294261)
134	73,0.112471086996	(134, 0.11516192982294261)
134	134,0.115161929823	(134, 0.11516192982294261)
134	18,0.116550756473	(134, 0.11516192982294261)
134	109,0.12123039623	(134, 0.11516192982294261)
134	88,0.132208131241	(134, 0.11516192982294261)
134	26,0.133564892325	(134, 0.11516192982294261)
135	147,0.0446659152914	(135, 0.071834764908191573)
135	137,0.0555904110103	(135, 0.071834764908191573)
135	63,0.0583075520192	(135, 0.071834764908191573)
135	76,0.0592746634668	(135, 0.071834764908191573)
135	162,0.0676711957978	(135, 0.071834764908191573)
135	135,0.0718347649082	(135, 0.071834764908191573)
135	77,0.0733548650882	(135, 0.071834764908191573)
135	171,0.0752355216501	(135, 0.071834764908191573)
135	117,0.0786640118768	(135, 0.071834764908191573)
135	3,0.0851182465735	(135, 0.071834764908191573)
136	136,0.0916305099581	(136, 0.091630509958085943)
136	54,0.112260803298	(136, 0.091630509958085943)
136	121,0.113201913767	(136, 0.091630509958085943)
136	11,0.114635196254	(136, 0.091630509958085943)
136	126,0.115689478497	(136, 0.091630509958085943)
136	132,0.131015900784	(136, 0.091630509958085943)
136	162,0.133106513077	(136, 0.091630509958085943)
136	151,0.133830933009	(136, 0.091630509958085943)
136	3,0.135660584173	(136, 0.091630509958085943)
136	78,0.13865980581	(136, 0.091630509958085943)
137	137,0.0333248082186	(137, 0.033324808218554859)
137	147,0.044866729599	(137, 0.033324808218554859)
137	63,0.0457362024033	(137, 0.033324808218554859)
137	171,0.069982936459	(137, 0.033324808218554859)
137	76,0.0704984830433	(137, 0.033324808218554859)
137	3,0.0711334053674	(137, 0.033324808218554859)
137	90,0.0758948427394	(137, 0.033324808218554859)
137	36,0.0825141054436	(137, 0.033324808218554859)
137	117,0.0855799062654	(137, 0.033324808218554859)
137	136,0.0930914009458	(137, 0.033324808218554859)
138	78,0.101934182427	(138, 0.1129865432111601)
138	128,0.107906475143	(138, 0.1129865432111601)
138	107,0.111934695683	(138, 0.1129865432111601)
138	138,0.112986543211	(138, 0.1129865432111601)
138	158,0.115111325206	(138, 0.1129865432111601)
138	159,0.144422695638	(138, 0.1129865432111601)
138	55,0.14603521793	(138, 0.1129865432111601)
138	99,0.154570585854	(138, 0.1129865432111601)
138	38,0.156091734428	(138, 0.1129865432111601)
138	139,0.161753907826	(138, 0.1129865432111601)
139	139,0.0269417273821	(139, 0.026941727382099826)
139	46,0.0535678471263	(139, 0.026941727382099826)
139	18,0.0685411383848	(139, 0.026941727382099826)
139	151,0.0721866466814	(139, 0.026941727382099826)
139	76,0.077218223219	(139, 0.026941727382099826)
139	22,0.0837997691232	(139, 0.026941727382099826)
139	132,0.0853122271765	(139, 0.026941727382099826)
139	146,0.0953887107076	(139, 0.026941727382099826)
139	35,0.0990314753405	(139, 0.026941727382099826)
139	171,0.0996311407027	(139, 0.026941727382099826)
140	124,0.114555510381	(140, 0.15854195052775369)
140	93,0.120286237568	(140, 0.15854195052775369)
140	69,0.121778864194	(140, 0.15854195052775369)
140	116,0.130289630442	(140, 0.15854195052775369)
140	73,0.130757726716	(140, 0.15854195052775369)
140	157,0.138941565867	(140, 0.15854195052775369)
140	104,0.143253070063	(140, 0.15854195052775369)
140	140,0.158541950528	(140, 0.15854195052775369)
140	53,0.169804189349	(140, 0.15854195052775369)
140	13,0.176724215607	(140, 0.15854195052775369)
141	141,0.209507407276	(141, 0.2095074072757305)
141	48,0.215522513818	(141, 0.2095074072757305)
141	124,0.255637071584	(141, 0.2095074072757305)
141	4,0.272820015056	(141, 0.2095074072757305)
141	56,0.279008989382	(141, 0.2095074072757305)
141	69,0.285939209392	(141, 0.2095074072757305)
141	97,0.28603442876	(141, 0.2095074072757305)
141	120,0.293652338734	(141, 0.2095074072757305)
141	33,0.29726637383	(141, 0.2095074072757305)
141	2,0.309308487973	(141, 0.2095074072757305)
142	61,0.137739897739	(142, 0.40250893218445194)
142	12,0.168438439303	(142, 0.40250893218445194)
142	38,0.171906949232	(142, 0.40250893218445194)
142	23,0.175337801259	(142, 0.40250893218445194)
142	16,0.175854897257	(142, 0.40250893218445194)
142	73,0.179126210424	(142, 0.40250893218445194)
142	105,0.179191807189	(142, 0.40250893218445194)
142	24,0.18634363912	(142, 0.40250893218445194)
142	135,0.188747912496	(142, 0.40250893218445194)
142	55,0.194123696111	(142, 0.40250893218445194)
143	143,0.0469148441582	(143, 0.046914844158188349)
143	3,0.0523571861345	(143, 0.046914844158188349)
143	112,0.0689817347237	(143, 0.046914844158188349)
143	162,0.0728520126041	(143, 0.046914844158188349)
143	11,0.0732070356108	(143, 0.046914844158188349)
143	137,0.0765705862999	(143, 0.046914844158188349)
143	90,0.0774921522593	(143, 0.046914844158188349)
143	17,0.0806742037358	(143, 0.046914844158188349)
143	136,0.0893571254165	(143, 0.046914844158188349)
143	150,0.0920834310354	(143, 0.046914844158188349)
144	144,0.0794790281677	(144, 0.079479028167674728)
144	14,0.146810688322	(144, 0.079479028167674728)
144	12,0.147750341946	(144, 0.079479028167674728)
144	38,0.152549546608	(144, 0.079479028167674728)
144	116,0.185217019875	(144, 0.079479028167674728)
144	159,0.188313306816	(144, 0.079479028167674728)
144	50,0.189415723099	(144, 0.079479028167674728)
144	145,0.197104736888	(144, 0.079479028167674728)
144	73,0.20360667846	(144, 0.079479028167674728)
144	156,0.206797267987	(144, 0.079479028167674728)
145	78,0.111876591424	(145, 0.11631156975937119)
145	158,0.112018228082	(145, 0.11631156975937119)
145	128,0.112376858815	(145, 0.11631156975937119)
145	145,0.116311569759	(145, 0.11631156975937119)
145	38,0.117207158923	(145, 0.11631156975937119)
145	24,0.125244629835	(145, 0.11631156975937119)
145	55,0.126192101405	(145, 0.11631156975937119)
145	12,0.147220258997	(145, 0.11631156975937119)
145	22,0.160971949534	(145, 0.11631156975937119)
145	14,0.162942554382	(145, 0.11631156975937119)
146	146,0.0366216923126	(146, 0.036621692312553744)
146	159,0.0891385896585	(146, 0.036621692312553744)
146	12,0.116657000921	(146, 0.036621692312553744)
146	137,0.134268968946	(146, 0.036621692312553744)
146	81,0.138727275385	(146, 0.036621692312553744)
146	46,0.140023383504	(146, 0.036621692312553744)
146	132,0.142901135703	(146, 0.036621692312553744)
146	18,0.147255575215	(146, 0.036621692312553744)
146	172,0.147961223076	(146, 0.036621692312553744)
146	123,0.151967803748	(146, 0.036621692312553744)
147	63,0.0420336782468	(147, 0.045993833958650518)
147	76,0.0447361877756	(147, 0.045993833958650518)
147	147,0.0459938339587	(147, 0.045993833958650518)
147	132,0.0595256508762	(147, 0.045993833958650518)
147	151,0.0606454511042	(147, 0.045993833958650518)
147	18,0.0622670746879	(147, 0.045993833958650518)
147	22,0.0683177331781	(147, 0.045993833958650518)
147	126,0.0690838344996	(147, 0.045993833958650518)
147	121,0.0705924103224	(147, 0.045993833958650518)
147	3,0.0784383713905	(147, 0.045993833958650518)
148	148,0.0488190633319	(148, 0.048819063331883933)
148	17,0.0611812192161	(148, 0.048819063331883933)
148	143,0.0709847531202	(148, 0.048819063331883933)
148	100,0.0884506693115	(148, 0.048819063331883933)
148	90,0.0950954820627	(148, 0.048819063331883933)
148	112,0.118091317123	(148, 0.048819063331883933)
148	172,0.118410096377	(148, 0.048819063331883933)
148	49,0.119415062169	(148, 0.048819063331883933)
148	3,0.133492590984	(148, 0.048819063331883933)
148	37,0.137398311059	(148, 0.048819063331883933)
149	149,0.158787036908	(149, 0.15878703690795887)
149	32,0.253351053925	(149, 0.15878703690795887)
149	169,0.317481786228	(149, 0.15878703690795887)
149	33,0.325210815594	(149, 0.15878703690795887)
149	27,0.461967221314	(149, 0.15878703690795887)
149	111,0.465680075057	(149, 0.15878703690795887)
149	165,0.466621135257	(149, 0.15878703690795887)
149	156,0.480238504877	(149, 0.15878703690795887)
149	91,0.50053893093	(149, 0.15878703690795887)
149	45,0.501200190173	(149, 0.15878703690795887)
150	3,0.0406105104372	(150, 0.07286124704411745)
150	11,0.059880880993	(150, 0.07286124704411745)
150	162,0.0641036118125	(150, 0.07286124704411745)
150	121,0.0681414540097	(150, 0.07286124704411745)
150	71,0.071647027927	(150, 0.07286124704411745)
150	150,0.0728612470441	(150, 0.07286124704411745)
150	63,0.0753235363433	(150, 0.07286124704411745)
150	86,0.0759715362605	(150, 0.07286124704411745)
150	76,0.0833684609996	(150, 0.07286124704411745)
150	117,0.0886128297197	(150, 0.07286124704411745)
151	121,0.0382959995043	(151, 0.067845313841453356)
151	132,0.0660637321079	(151, 0.067845313841453356)
151	151,0.0678453138415	(151, 0.067845313841453356)
151	22,0.0704539221642	(151, 0.067845313841453356)
151	78,0.0742969263781	(151, 0.067845313841453356)
151	61,0.0818696343997	(151, 0.067845313841453356)
151	18,0.0823893938741	(151, 0.067845313841453356)
151	76,0.0839423878058	(151, 0.067845313841453356)
151	23,0.0849628582875	(151, 0.067845313841453356)
151	63,0.0873499744393	(151, 0.067845313841453356)
152	152,0.0817517037879	(152, 0.081751703787914048)
152	121,0.0900390516596	(152, 0.081751703787914048)
152	18,0.103162311561	(152, 0.081751703787914048)
152	139,0.11882336766	(152, 0.081751703787914048)
152	117,0.120736484827	(152, 0.081751703787914048)
152	12,0.124815144506	(152, 0.081751703787914048)
152	35,0.126405874087	(152, 0.081751703787914048)
152	88,0.127168380989	(152, 0.081751703787914048)
152	22,0.12898042206	(152, 0.081751703787914048)
152	81,0.136622978672	(152, 0.081751703787914048)
153	133,0.111872172725	(153, 0.18789392608112179)
153	153,0.187893926081	(153, 0.18789392608112179)
153	130,0.197985947258	(153, 0.18789392608112179)
153	91,0.211940018401	(153, 0.18789392608112179)
153	34,0.215399381507	(153, 0.18789392608112179)
153	102,0.220543090941	(153, 0.18789392608112179)
153	103,0.249943767934	(153, 0.18789392608112179)
153	95,0.272828521469	(153, 0.18789392608112179)
153	1,0.284350502169	(153, 0.18789392608112179)
153	28,0.289266539455	(153, 0.18789392608112179)
154	154,0.0361880878274	(154, 0.036188087827393023)
154	40,0.0952326680846	(154, 0.036188087827393023)
154	172,0.119376034502	(154, 0.036188087827393023)
154	69,0.130783769357	(154, 0.036188087827393023)
154	4,0.13188091942	(154, 0.036188087827393023)
154	174,0.132400640778	(154, 0.036188087827393023)
154	116,0.160420274994	(154, 0.036188087827393023)
154	48,0.190968039167	(154, 0.036188087827393023)
154	2,0.192297494228	(154, 0.036188087827393023)
154	56,0.192434166469	(154, 0.036188087827393023)
155	11,0.0815103391298	(155, 0.11209397522691242)
155	71,0.0886019350153	(155, 0.11209397522691242)
155	162,0.0923361343012	(155, 0.11209397522691242)
155	121,0.0943305410291	(155, 0.11209397522691242)
155	1,0.0970556863185	(155, 0.11209397522691242)
155	155,0.112093975227	(155, 0.11209397522691242)
155	73,0.114394206628	(155, 0.11209397522691242)
155	81,0.117841767784	(155, 0.11209397522691242)
155	117,0.118863297095	(155, 0.11209397522691242)
155	3,0.121074410633	(155, 0.11209397522691242)
156	73,0.101361236282	(156, 0.10667694109116309)
156	156,0.106676941091	(156, 0.10667694109116309)
156	144,0.125402323811	(156, 0.10667694109116309)
156	109,0.125679835035	(156, 0.10667694109116309)
156	107,0.140217889963	(156, 0.10667694109116309)
156	128,0.162004912771	(156, 0.10667694109116309)
156	27,0.162051879935	(156, 0.10667694109116309)
156	50,0.165377020028	(156, 0.10667694109116309)
156	38,0.169150245367	(156, 0.10667694109116309)
156	159,0.184874358963	(156, 0.10667694109116309)
157	22,0.0799353451141	(157, 0.13653695725621193)
157	126,0.088745488764	(157, 0.13653695725621193)
157	12,0.0952503645052	(157, 0.13653695725621193)
157	121,0.0986548559551	(157, 0.13653695725621193)
157	132,0.100849487905	(157, 0.13653695725621193)
157	3,0.10157060507	(157, 0.13653695725621193)
157	78,0.104218848688	(157, 0.13653695725621193)
157	73,0.104455071683	(157, 0.13653695725621193)
157	76,0.104910578832	(157, 0.13653695725621193)
157	128,0.107741047522	(157, 0.13653695725621193)
158	77,0.0527453019497	(158, 0.17685537939868579)
158	3,0.0675854256793	(158, 0.17685537939868579)
158	37,0.0789755398395	(158, 0.17685537939868579)
158	171,0.0810281574018	(158, 0.17685537939868579)
158	136,0.0830408676358	(158, 0.17685537939868579)
158	63,0.0833909904888	(158, 0.17685537939868579)
158	76,0.0835367969235	(158, 0.17685537939868579)
158	11,0.0858884399369	(158, 0.17685537939868579)
158	147,0.0878602704758	(158, 0.17685537939868579)
158	137,0.0925704533356	(158, 0.17685537939868579)
159	146,0.0451308973986	(159, 0.10506414965719371)
159	137,0.0779426038794	(159, 0.10506414965719371)
159	46,0.0846376284936	(159, 0.10506414965719371)
159	18,0.0873781239575	(159, 0.10506414965719371)
159	36,0.0912938758287	(159, 0.10506414965719371)
159	147,0.0923104997346	(159, 0.10506414965719371)
159	81,0.0936751787472	(159, 0.10506414965719371)
159	150,0.0939007385207	(159, 0.10506414965719371)
159	3,0.101603686599	(159, 0.10506414965719371)
159	63,0.102940488141	(159, 0.10506414965719371)
160	164,0.154550052222	(160, 0.68200260727292084)
160	27,0.168047915199	(160, 0.68200260727292084)
160	32,0.198654821779	(160, 0.68200260727292084)
160	73,0.199036609461	(160, 0.68200260727292084)
160	43,0.205016351638	(160, 0.68200260727292084)
160	38,0.214739939477	(160, 0.68200260727292084)
160	107,0.218574016719	(160, 0.68200260727292084)
160	105,0.225177623851	(160, 0.68200260727292084)
160	50,0.237916398059	(160, 0.68200260727292084)
160	24,0.240436378224	(160, 0.68200260727292084)
161	161,0.0399482860574	(161, 0.039948286057371801)
161	65,0.0932822508904	(161, 0.039948286057371801)
161	44,0.122538706056	(161, 0.039948286057371801)
161	17,0.122678911059	(161, 0.039948286057371801)
161	83,0.12852548244	(161, 0.039948286057371801)
161	68,0.131718985155	(161, 0.039948286057371801)
161	155,0.137506860006	(161, 0.039948286057371801)
161	13,0.149959734035	(161, 0.039948286057371801)
161	100,0.155542122524	(161, 0.039948286057371801)
161	120,0.159591847667	(161, 0.039948286057371801)
162	162,0.053924348702	(162, 0.053924348701976058)
162	117,0.0671945554001	(162, 0.053924348701976058)
162	76,0.0681102983893	(162, 0.053924348701976058)
162	18,0.0750290592248	(162, 0.053924348701976058)
162	147,0.0767846604784	(162, 0.053924348701976058)
162	88,0.0831080565027	(162, 0.053924348701976058)
162	63,0.0876309576224	(162, 0.053924348701976058)
162	90,0.0877504407954	(162, 0.053924348701976058)
162	150,0.0892970620008	(162, 0.053924348701976058)
162	121,0.0926081241738	(162, 0.053924348701976058)
163	17,0.0914201701968	(163, 0.13646807846549411)
163	172,0.101030308903	(163, 0.13646807846549411)
163	3,0.103888611681	(163, 0.13646807846549411)
163	40,0.110097955249	(163, 0.13646807846549411)
163	100,0.111141341057	(163, 0.13646807846549411)
163	148,0.116831072871	(163, 0.13646807846549411)
163	11,0.117880725848	(163, 0.13646807846549411)
163	37,0.120924780879	(163, 0.13646807846549411)
163	143,0.124914452782	(163, 0.13646807846549411)
163	83,0.130353390778	(163, 0.13646807846549411)
164	156,0.126994464	(164, 0.15576370485367325)
164	27,0.128015209818	(164, 0.15576370485367325)
164	164,0.155763704854	(164, 0.15576370485367325)
164	32,0.164540665533	(164, 0.15576370485367325)
164	73,0.169504544804	(164, 0.15576370485367325)
164	144,0.171313573872	(164, 0.15576370485367325)
164	131,0.194677325993	(164, 0.15576370485367325)
164	109,0.2084938901	(164, 0.15576370485367325)
164	107,0.21509327983	(164, 0.15576370485367325)
164	84,0.233677667038	(164, 0.15576370485367325)
165	93,0.118591428502	(165, 0.1689126691468083)
165	116,0.153212317057	(165, 0.1689126691468083)
165	157,0.16729351986	(165, 0.1689126691468083)
165	165,0.168912669147	(165, 0.1689126691468083)
165	144,0.173472873947	(165, 0.1689126691468083)
165	131,0.180898151094	(165, 0.1689126691468083)
165	73,0.181716059034	(165, 0.1689126691468083)
165	156,0.204237007967	(165, 0.1689126691468083)
165	124,0.210422534034	(165, 0.1689126691468083)
165	27,0.223645036354	(165, 0.1689126691468083)
166	116,0.153840819002	(166, 0.2106247370297083)
166	124,0.172943084094	(166, 0.2106247370297083)
166	144,0.182403535161	(166, 0.2106247370297083)
166	69,0.18824314149	(166, 0.2106247370297083)
166	104,0.198824911991	(166, 0.2106247370297083)
166	140,0.204743627256	(166, 0.2106247370297083)
166	166,0.21062473703	(166, 0.2106247370297083)
166	13,0.210787730047	(166, 0.2106247370297083)
166	157,0.211005732553	(166, 0.2106247370297083)
166	123,0.217539444411	(166, 0.2106247370297083)
167	51,0.18005006797	(167, 0.24544362165559488)
167	39,0.206721283168	(167, 0.24544362165559488)
167	167,0.245443621656	(167, 0.24544362165559488)
167	27,0.27663807283	(167, 0.24544362165559488)
167	19,0.288143356108	(167, 0.24544362165559488)
167	32,0.29167641988	(167, 0.24544362165559488)
167	138,0.339832467139	(167, 0.24544362165559488)
167	169,0.343221239138	(167, 0.24544362165559488)
167	164,0.361931825256	(167, 0.24544362165559488)
167	107,0.369154210222	(167, 0.24544362165559488)
168	12,0.105447021217	(168, 0.12597822138681181)
168	86,0.12015493428	(168, 0.12597822138681181)
168	55,0.124797394365	(168, 0.12597822138681181)
168	168,0.125978221387	(168, 0.12597822138681181)
168	152,0.130893957426	(168, 0.12597822138681181)
168	121,0.133440660097	(168, 0.12597822138681181)
168	18,0.134159251655	(168, 0.12597822138681181)
168	38,0.140653579874	(168, 0.12597822138681181)
168	151,0.142312851805	(168, 0.12597822138681181)
168	134,0.155038460844	(168, 0.12597822138681181)
169	156,0.146053071177	(169, 0.1464266282438221)
169	169,0.146426628244	(169, 0.1464266282438221)
169	73,0.168433644585	(169, 0.1464266282438221)
169	144,0.171909112199	(169, 0.1464266282438221)
169	27,0.177562505987	(169, 0.1464266282438221)
169	99,0.177587155413	(169, 0.1464266282438221)
169	109,0.182763060881	(169, 0.1464266282438221)
169	84,0.192636190967	(169, 0.1464266282438221)
169	170,0.219137487842	(169, 0.1464266282438221)
169	124,0.22916894558	(169, 0.1464266282438221)
170	170,0.103913926812	(170, 0.10391392681242803)
170	99,0.135232825973	(170, 0.10391392681242803)
170	144,0.179761450939	(170, 0.10391392681242803)
170	27,0.180840993869	(170, 0.10391392681242803)
170	19,0.184046155284	(170, 0.10391392681242803)
170	73,0.199006113714	(170, 0.10391392681242803)
170	84,0.208383739243	(170, 0.10391392681242803)
170	0,0.212022585981	(170, 0.10391392681242803)
170	109,0.213791761699	(170, 0.10391392681242803)
170	114,0.221786567269	(170, 0.10391392681242803)
171	156,0.139095502089	(171, 0.40843608589532149)
171	27,0.157037035505	(171, 0.40843608589532149)
171	73,0.168876875984	(171, 0.40843608589532149)
171	164,0.176418555516	(171, 0.40843608589532149)
171	32,0.177593579876	(171, 0.40843608589532149)
171	107,0.19737865945	(171, 0.40843608589532149)
171	102,0.218727555095	(171, 0.40843608589532149)
171	51,0.225954792051	(171, 0.40843608589532149)
171	95,0.231715308241	(171, 0.40843608589532149)
171	19,0.231976165326	(171, 0.40843608589532149)
172	172,0.026545875831	(172, 0.026545875830997542)
172	3,0.0657722324157	(172, 0.026545875830997542)
172	137,0.0679939089842	(172, 0.026545875830997542)
172	17,0.077141578902	(172, 0.026545875830997542)
172	77,0.0895571080102	(172, 0.026545875830997542)
172	90,0.0956844800378	(172, 0.026545875830997542)
172	37,0.0960495282127	(172, 0.026545875830997542)
172	136,0.100018889404	(172, 0.026545875830997542)
172	81,0.10194718273	(172, 0.026545875830997542)
172	171,0.102793492654	(172, 0.026545875830997542)
173	107,0.131181496848	(173, 0.2331974725679539)
173	158,0.134702613277	(173, 0.2331974725679539)
173	38,0.154212464602	(173, 0.2331974725679539)
173	27,0.1589844924	(173, 0.2331974725679539)
173	24,0.164054454709	(173, 0.2331974725679539)
173	78,0.183178928335	(173, 0.2331974725679539)
173	61,0.186793746879	(173, 0.2331974725679539)
173	128,0.189769740758	(173, 0.2331974725679539)
173	87,0.199679097358	(173, 0.2331974725679539)
173	156,0.203364461647	(173, 0.2331974725679539)
174	174,0.0559686420097	(174, 0.055968642009690858)
174	15,0.0875882479119	(174, 0.055968642009690858)
174	56,0.104248829014	(174, 0.055968642009690858)
174	69,0.123766129252	(174, 0.055968642009690858)
174	17,0.125739884516	(174, 0.055968642009690858)
174	120,0.131982156389	(174, 0.055968642009690858)
174	4,0.136130049539	(174, 0.055968642009690858)
174	2,0.148452243833	(174, 0.055968642009690858)
174	172,0.152265267579	(174, 0.055968642009690858)
174	154,0.157418410521	(174, 0.055968642009690858)
