0	0,1.17780046136e-40	(0, 1.1778004613601211e-40)
0	38,2.46066175753e-40	(0, 1.1778004613601211e-40)
0	84,3.08827473045e-40	(0, 1.1778004613601211e-40)
0	99,3.19574053541e-40	(0, 1.1778004613601211e-40)
0	55,3.34037381971e-40	(0, 1.1778004613601211e-40)
0	109,3.37278289157e-40	(0, 1.1778004613601211e-40)
0	173,3.37815568514e-40	(0, 1.1778004613601211e-40)
0	78,3.4714561086e-40	(0, 1.1778004613601211e-40)
0	170,3.58155007995e-40	(0, 1.1778004613601211e-40)
0	43,3.6362690354e-40	(0, 1.1778004613601211e-40)
1	1,8.00505077433e-41	(1, 8.0050507743283058e-41)
1	102,1.48253164319e-40	(1, 8.0050507743283058e-41)
1	103,1.53985551997e-40	(1, 8.0050507743283058e-41)
1	153,1.72310939592e-40	(1, 8.0050507743283058e-41)
1	28,1.72530351655e-40	(1, 8.0050507743283058e-41)
1	155,1.86674024932e-40	(1, 8.0050507743283058e-41)
1	83,1.94986381721e-40	(1, 8.0050507743283058e-41)
1	91,2.02266939284e-40	(1, 8.0050507743283058e-41)
1	41,2.05500193495e-40	(1, 8.0050507743283058e-41)
1	114,2.09801800602e-40	(1, 8.0050507743283058e-41)
2	4,1.09800902372e-40	(2, 1.7211571161630784e-40)
2	154,1.15968363398e-40	(2, 1.7211571161630784e-40)
2	69,1.40495257317e-40	(2, 1.7211571161630784e-40)
2	174,1.49227677609e-40	(2, 1.7211571161630784e-40)
2	40,1.6735166507e-40	(2, 1.7211571161630784e-40)
2	2,1.72115711616e-40	(2, 1.7211571161630784e-40)
2	172,1.89455779511e-40	(2, 1.7211571161630784e-40)
2	25,2.15954750188e-40	(2, 1.7211571161630784e-40)
2	116,2.35574684768e-40	(2, 1.7211571161630784e-40)
2	15,2.47565698106e-40	(2, 1.7211571161630784e-40)
3	3,4.59760334051e-41	(3, 4.5976033405139065e-41)
3	63,7.62940070094e-41	(3, 4.5976033405139065e-41)
3	162,8.19319522469e-41	(3, 4.5976033405139065e-41)
3	81,8.25375092518e-41	(3, 4.5976033405139065e-41)
3	150,8.91798946739e-41	(3, 4.5976033405139065e-41)
3	137,1.00160018953e-40	(3, 4.5976033405139065e-41)
3	11,1.00654640027e-40	(3, 4.5976033405139065e-41)
3	146,1.01220470293e-40	(3, 4.5976033405139065e-41)
3	86,1.03127361581e-40	(3, 4.5976033405139065e-41)
3	117,1.03696620541e-40	(3, 4.5976033405139065e-41)
4	172,7.57276222493e-41	(4, 1.2039508338277853e-40)
4	17,8.51347572171e-41	(4, 1.2039508338277853e-40)
4	37,9.12998946351e-41	(4, 1.2039508338277853e-40)
4	40,1.08726476229e-40	(4, 1.2039508338277853e-40)
4	13,1.1240178579e-40	(4, 1.2039508338277853e-40)
4	120,1.20041733127e-40	(4, 1.2039508338277853e-40)
4	4,1.20395083383e-40	(4, 1.2039508338277853e-40)
4	69,1.24429796259e-40	(4, 1.2039508338277853e-40)
4	77,1.26289261656e-40	(4, 1.2039508338277853e-40)
4	11,1.3198262332e-40	(4, 1.2039508338277853e-40)
5	73,9.79492193033e-41	(5, 3.8156493390536013e-40)
5	107,1.90770763387e-40	(5, 3.8156493390536013e-40)
5	93,1.99784103583e-40	(5, 3.8156493390536013e-40)
5	26,2.07667121472e-40	(5, 3.8156493390536013e-40)
5	1,2.08761702719e-40	(5, 3.8156493390536013e-40)
5	95,2.11562967386e-40	(5, 3.8156493390536013e-40)
5	124,2.13330135611e-40	(5, 3.8156493390536013e-40)
5	78,2.16872345437e-40	(5, 3.8156493390536013e-40)
5	158,2.22416059608e-40	(5, 3.8156493390536013e-40)
5	156,2.23836331791e-40	(5, 3.8156493390536013e-40)
6	139,6.00959238945e-41	(6, 6.7140679091895622e-41)
6	46,6.04368112244e-41	(6, 6.7140679091895622e-41)
6	6,6.71406790919e-41	(6, 6.7140679091895622e-41)
6	76,9.75473636373e-41	(6, 6.7140679091895622e-41)
6	171,1.0805637948e-40	(6, 6.7140679091895622e-41)
6	18,1.10173038239e-40	(6, 6.7140679091895622e-41)
6	22,1.10439537313e-40	(6, 6.7140679091895622e-41)
6	35,1.20306829089e-40	(6, 6.7140679091895622e-41)
6	158,1.22646920067e-40	(6, 6.7140679091895622e-41)
6	132,1.27332070868e-40	(6, 6.7140679091895622e-41)
7	66,4.90840936239e-40	(7, 7.19286358015314e-40)
7	167,6.92595295202e-40	(7, 7.19286358015314e-40)
7	160,6.99402333457e-40	(7, 7.19286358015314e-40)
7	80,7.12974217702e-40	(7, 7.19286358015314e-40)
7	7,7.19286358015e-40	(7, 7.19286358015314e-40)
7	51,7.19655294521e-40	(7, 7.19286358015314e-40)
7	32,7.25668706077e-40	(7, 7.19286358015314e-40)
7	169,7.42803844213e-40	(7, 7.19286358015314e-40)
7	133,7.58817619528e-40	(7, 7.19286358015314e-40)
7	149,8.3791258257e-40	(7, 7.19286358015314e-40)
8	11,8.52940525418e-41	(8, 1.5279286239255282e-40)
8	162,1.12259745322e-40	(8, 1.5279286239255282e-40)
8	121,1.17998624675e-40	(8, 1.5279286239255282e-40)
8	3,1.31172994376e-40	(8, 1.5279286239255282e-40)
8	71,1.32428765947e-40	(8, 1.5279286239255282e-40)
8	73,1.36493253372e-40	(8, 1.5279286239255282e-40)
8	1,1.40323843423e-40	(8, 1.5279286239255282e-40)
8	18,1.44482743331e-40	(8, 1.5279286239255282e-40)
8	70,1.5063988849e-40	(8, 1.5279286239255282e-40)
8	8,1.52792862393e-40	(8, 1.5279286239255282e-40)
9	9,1.13009346901e-40	(9, 1.1300934690069016e-40)
9	155,3.0370309363e-40	(9, 1.1300934690069016e-40)
9	114,3.41980716198e-40	(9, 1.1300934690069016e-40)
9	53,3.55382404623e-40	(9, 1.1300934690069016e-40)
9	91,4.00320540325e-40	(9, 1.1300934690069016e-40)
9	124,4.23827312412e-40	(9, 1.1300934690069016e-40)
9	41,4.64227807871e-40	(9, 1.1300934690069016e-40)
9	1,4.98634474542e-40	(9, 1.1300934690069016e-40)
9	28,5.02836441027e-40	(9, 1.1300934690069016e-40)
9	170,5.09413947141e-40	(9, 1.1300934690069016e-40)
10	10,1.96858824679e-40	(10, 1.9685882467875446e-40)
10	47,3.19219959707e-40	(10, 1.9685882467875446e-40)
10	167,4.61641023118e-40	(10, 1.9685882467875446e-40)
10	166,5.1916932508e-40	(10, 1.9685882467875446e-40)
10	84,5.30498238837e-40	(10, 1.9685882467875446e-40)
10	99,5.4827923885e-40	(10, 1.9685882467875446e-40)
10	173,5.68151380008e-40	(10, 1.9685882467875446e-40)
10	72,5.78698010858e-40	(10, 1.9685882467875446e-40)
10	138,6.01278675833e-40	(10, 1.9685882467875446e-40)
10	19,6.26636460216e-40	(10, 1.9685882467875446e-40)
11	11,4.87975956977e-41	(11, 4.8797595697662042e-41)
11	119,9.46826712633e-41	(11, 4.8797595697662042e-41)
11	81,1.10751016581e-40	(11, 4.8797595697662042e-41)
11	3,1.20754932e-40	(11, 4.8797595697662042e-41)
11	115,1.21099648086e-40	(11, 4.8797595697662042e-41)
11	37,1.31241712637e-40	(11, 4.8797595697662042e-41)
11	96,1.35478988438e-40	(11, 4.8797595697662042e-41)
11	13,1.51624963171e-40	(11, 4.8797595697662042e-41)
11	71,1.66099701812e-40	(11, 4.8797595697662042e-41)
11	1,1.66621156926e-40	(11, 4.8797595697662042e-41)
12	12,5.71987145931e-41	(12, 5.7198714593082471e-41)
12	22,7.4342718471e-41	(12, 5.7198714593082471e-41)
12	151,7.86932723927e-41	(12, 5.7198714593082471e-41)
12	121,7.96443151566e-41	(12, 5.7198714593082471e-41)
12	86,8.17240906809e-41	(12, 5.7198714593082471e-41)
12	126,8.3141821706e-41	(12, 5.7198714593082471e-41)
12	76,8.39102257663e-41	(12, 5.7198714593082471e-41)
12	18,9.40046957152e-41	(12, 5.7198714593082471e-41)
12	146,9.60736375324e-41	(12, 5.7198714593082471e-41)
12	3,9.88220593783e-41	(12, 5.7198714593082471e-41)
13	11,8.32219327954e-41	(13, 1.0671527626797345e-40)
13	172,8.45531864801e-41	(13, 1.0671527626797345e-40)
13	81,9.76074342963e-41	(13, 1.0671527626797345e-40)
13	13,1.06715276268e-40	(13, 1.0671527626797345e-40)
13	17,1.0672569748e-40	(13, 1.0671527626797345e-40)
13	77,1.13562761052e-40	(13, 1.0671527626797345e-40)
13	162,1.14492047415e-40	(13, 1.0671527626797345e-40)
13	71,1.16440363809e-40	(13, 1.0671527626797345e-40)
13	90,1.1929930678e-40	(13, 1.0671527626797345e-40)
13	3,1.20430607132e-40	(13, 1.0671527626797345e-40)
14	14,9.84220575827e-41	(14, 9.8422057582650636e-41)
14	72,1.09954356561e-40	(14, 9.8422057582650636e-41)
14	159,1.45685877102e-40	(14, 9.8422057582650636e-41)
14	144,1.70838524953e-40	(14, 9.8422057582650636e-41)
14	84,2.11147659778e-40	(14, 9.8422057582650636e-41)
14	109,2.14447893876e-40	(14, 9.8422057582650636e-41)
14	145,2.16483700015e-40	(14, 9.8422057582650636e-41)
14	38,2.22106868779e-40	(14, 9.8422057582650636e-41)
14	116,2.23944444282e-40	(14, 9.8422057582650636e-41)
14	123,2.30763543201e-40	(14, 9.8422057582650636e-41)
15	15,4.92962624654e-41	(15, 4.929626246544443e-41)
15	56,1.08532539113e-40	(15, 4.929626246544443e-41)
15	17,1.09544667659e-40	(15, 4.929626246544443e-41)
15	120,1.24559824003e-40	(15, 4.929626246544443e-41)
15	69,1.29959812111e-40	(15, 4.929626246544443e-41)
15	148,1.43201185952e-40	(15, 4.929626246544443e-41)
15	174,1.46764896454e-40	(15, 4.929626246544443e-41)
15	4,1.67596194425e-40	(15, 4.929626246544443e-41)
15	34,1.68095566744e-40	(15, 4.929626246544443e-41)
15	161,1.71521716926e-40	(15, 4.929626246544443e-41)
16	16,1.16998006093e-40	(16, 1.1699800609292292e-40)
16	170,1.88636197244e-40	(16, 1.1699800609292292e-40)
16	19,2.13711415805e-40	(16, 1.1699800609292292e-40)
16	0,2.18678900151e-40	(16, 1.1699800609292292e-40)
16	114,2.38626453753e-40	(16, 1.1699800609292292e-40)
16	27,2.487355366e-40	(16, 1.1699800609292292e-40)
16	101,2.49727246223e-40	(16, 1.1699800609292292e-40)
16	140,2.49983052295e-40	(16, 1.1699800609292292e-40)
16	164,2.79237179716e-40	(16, 1.1699800609292292e-40)
16	144,2.79589533206e-40	(16, 1.1699800609292292e-40)
17	17,4.44427222776e-41	(17, 4.4442722277583061e-41)
17	172,6.08828216912e-41	(17, 4.4442722277583061e-41)
17	77,9.05833505965e-41	(17, 4.4442722277583061e-41)
17	100,9.48661186477e-41	(17, 4.4442722277583061e-41)
17	90,9.62271460799e-41	(17, 4.4442722277583061e-41)
17	143,9.65765063751e-41	(17, 4.4442722277583061e-41)
17	37,1.03228073006e-40	(17, 4.4442722277583061e-41)
17	3,1.07368607282e-40	(17, 4.4442722277583061e-41)
17	136,1.17346709214e-40	(17, 4.4442722277583061e-41)
17	148,1.23459600236e-40	(17, 4.4442722277583061e-41)
18	88,4.82365797929e-41	(18, 5.886538573589947e-41)
18	18,5.88653857359e-41	(18, 5.886538573589947e-41)
18	35,6.88226180515e-41	(18, 5.886538573589947e-41)
18	22,7.77594869106e-41	(18, 5.886538573589947e-41)
18	76,8.37635051516e-41	(18, 5.886538573589947e-41)
18	139,8.49693048699e-41	(18, 5.886538573589947e-41)
18	121,9.05749187648e-41	(18, 5.886538573589947e-41)
18	61,9.11405276486e-41	(18, 5.886538573589947e-41)
18	132,9.25997148939e-41	(18, 5.886538573589947e-41)
18	147,1.04290151867e-40	(18, 5.886538573589947e-41)
19	19,1.51548231795e-40	(19, 1.5154823179531587e-40)
19	27,1.87854317963e-40	(19, 1.5154823179531587e-40)
19	43,2.08854419282e-40	(19, 1.5154823179531587e-40)
19	99,2.31075029744e-40	(19, 1.5154823179531587e-40)
19	32,2.76956629119e-40	(19, 1.5154823179531587e-40)
19	164,2.8229532821e-40	(19, 1.5154823179531587e-40)
19	58,3.11584390003e-40	(19, 1.5154823179531587e-40)
19	39,3.26124019941e-40	(19, 1.5154823179531587e-40)
19	107,3.30295330713e-40	(19, 1.5154823179531587e-40)
19	84,3.46464989863e-40	(19, 1.5154823179531587e-40)
20	73,1.14769588801e-40	(20, 1.3024868378697014e-40)
20	20,1.30248683787e-40	(20, 1.3024868378697014e-40)
20	124,1.45443101398e-40	(20, 1.3024868378697014e-40)
20	1,1.72570224243e-40	(20, 1.3024868378697014e-40)
20	157,1.72945123502e-40	(20, 1.3024868378697014e-40)
20	109,1.79255568948e-40	(20, 1.3024868378697014e-40)
20	128,1.81766227851e-40	(20, 1.3024868378697014e-40)
20	93,1.84351893659e-40	(20, 1.3024868378697014e-40)
20	41,1.85170060606e-40	(20, 1.3024868378697014e-40)
20	101,1.85355930241e-40	(20, 1.3024868378697014e-40)
21	121,5.66687699753e-41	(21, 1.4617479938394396e-40)
21	22,8.09830860154e-41	(21, 1.4617479938394396e-40)
21	23,8.24696927073e-41	(21, 1.4617479938394396e-40)
21	71,8.9421324107e-41	(21, 1.4617479938394396e-40)
21	61,9.35968695948e-41	(21, 1.4617479938394396e-40)
21	117,9.58324198756e-41	(21, 1.4617479938394396e-40)
21	11,9.67273337655e-41	(21, 1.4617479938394396e-40)
21	162,9.71640824138e-41	(21, 1.4617479938394396e-40)
21	76,1.05212198034e-40	(21, 1.4617479938394396e-40)
21	132,1.22154530058e-40	(21, 1.4617479938394396e-40)
22	22,6.3564964337e-41	(22, 6.35649643369735e-41)
22	117,6.49987063116e-41	(22, 6.35649643369735e-41)
22	139,7.06214607411e-41	(22, 6.35649643369735e-41)
22	76,7.20590936778e-41	(22, 6.35649643369735e-41)
22	46,7.9536225228e-41	(22, 6.35649643369735e-41)
22	132,7.98382740171e-41	(22, 6.35649643369735e-41)
22	3,8.85918152501e-41	(22, 6.35649643369735e-41)
22	171,9.03995634651e-41	(22, 6.35649643369735e-41)
22	137,9.4584504587e-41	(22, 6.35649643369735e-41)
22	63,9.70010132483e-41	(22, 6.35649643369735e-41)
23	23,7.80543911266e-41	(23, 7.8054391126593269e-41)
23	61,7.92393349663e-41	(23, 7.8054391126593269e-41)
23	26,1.42263724825e-40	(23, 7.8054391126593269e-41)
23	70,1.54107211539e-40	(23, 7.8054391126593269e-41)
23	121,1.81144679327e-40	(23, 7.8054391126593269e-41)
23	63,1.84758261873e-40	(23, 7.8054391126593269e-41)
23	68,1.89429628853e-40	(23, 7.8054391126593269e-41)
23	147,1.91707792994e-40	(23, 7.8054391126593269e-41)
23	78,2.04146502726e-40	(23, 7.8054391126593269e-41)
23	76,2.07292737469e-40	(23, 7.8054391126593269e-41)
24	24,5.52273190385e-41	(24, 5.522731903850821e-41)
24	107,1.62814802041e-40	(24, 5.522731903850821e-41)
24	27,1.65807207298e-40	(24, 5.522731903850821e-41)
24	61,1.82018018305e-40	(24, 5.522731903850821e-41)
24	158,1.97646470163e-40	(24, 5.522731903850821e-41)
24	135,2.00250480538e-40	(24, 5.522731903850821e-41)
24	22,2.06914175436e-40	(24, 5.522731903850821e-41)
24	73,2.08300849675e-40	(24, 5.522731903850821e-41)
24	50,2.14334206599e-40	(24, 5.522731903850821e-41)
24	12,2.14742795842e-40	(24, 5.522731903850821e-41)
25	15,7.85008663247e-41	(25, 8.0153913025067879e-41)
25	25,8.01539130251e-41	(25, 8.0153913025067879e-41)
25	40,8.12520764508e-41	(25, 8.0153913025067879e-41)
25	69,8.24714684061e-41	(25, 8.0153913025067879e-41)
25	4,1.13660660165e-40	(25, 8.0153913025067879e-41)
25	148,1.23904544062e-40	(25, 8.0153913025067879e-41)
25	79,1.43017602938e-40	(25, 8.0153913025067879e-41)
25	172,1.56596224561e-40	(25, 8.0153913025067879e-41)
25	56,1.59771606939e-40	(25, 8.0153913025067879e-41)
25	17,1.60534180833e-40	(25, 8.0153913025067879e-41)
26	76,5.65562429292e-41	(26, 1.0336932612458865e-40)
26	22,5.83761376758e-41	(26, 1.0336932612458865e-40)
26	121,6.24544739763e-41	(26, 1.0336932612458865e-40)
26	23,6.4585188717e-41	(26, 1.0336932612458865e-40)
26	61,6.86180052702e-41	(26, 1.0336932612458865e-40)
26	63,8.47343013207e-41	(26, 1.0336932612458865e-40)
26	132,8.81288008853e-41	(26, 1.0336932612458865e-40)
26	18,9.11496079964e-41	(26, 1.0336932612458865e-40)
26	126,9.27518033417e-41	(26, 1.0336932612458865e-40)
26	78,9.40285252461e-41	(26, 1.0336932612458865e-40)
27	78,1.18283885747e-40	(27, 1.8175273543642975e-40)
27	121,1.44875663847e-40	(27, 1.8175273543642975e-40)
27	61,1.48360117022e-40	(27, 1.8175273543642975e-40)
27	170,1.48407729149e-40	(27, 1.8175273543642975e-40)
27	128,1.55540386808e-40	(27, 1.8175273543642975e-40)
27	26,1.57885212343e-40	(27, 1.8175273543642975e-40)
27	73,1.59872386092e-40	(27, 1.8175273543642975e-40)
27	107,1.61490558566e-40	(27, 1.8175273543642975e-40)
27	101,1.65234603793e-40	(27, 1.8175273543642975e-40)
27	19,1.77232072866e-40	(27, 1.8175273543642975e-40)
28	13,1.14916183167e-40	(28, 1.3377136596880238e-40)
28	1,1.19414663145e-40	(28, 1.3377136596880238e-40)
28	28,1.33771365969e-40	(28, 1.3377136596880238e-40)
28	3,1.50988754764e-40	(28, 1.3377136596880238e-40)
28	73,1.56741739531e-40	(28, 1.3377136596880238e-40)
28	65,1.79657060154e-40	(28, 1.3377136596880238e-40)
28	114,1.80959363548e-40	(28, 1.3377136596880238e-40)
28	157,1.83348567409e-40	(28, 1.3377136596880238e-40)
28	155,1.83958452821e-40	(28, 1.3377136596880238e-40)
28	93,1.85849101273e-40	(28, 1.3377136596880238e-40)
29	29,6.12911770748e-41	(29, 6.1291177074836837e-41)
29	77,8.2394681604e-41	(29, 6.1291177074836837e-41)
29	71,1.16805171844e-40	(29, 6.1291177074836837e-41)
29	135,1.20160756593e-40	(29, 6.1291177074836837e-41)
29	13,1.25124785641e-40	(29, 6.1291177074836837e-41)
29	1,1.39322628873e-40	(29, 6.1291177074836837e-41)
29	73,1.41992622311e-40	(29, 6.1291177074836837e-41)
29	3,1.42005338856e-40	(29, 6.1291177074836837e-41)
29	76,1.43641278295e-40	(29, 6.1291177074836837e-41)
29	172,1.45522481016e-40	(29, 6.1291177074836837e-41)
30	30,1.62879356719e-40	(30, 1.6287935671936172e-40)
30	28,2.07027410825e-40	(30, 1.6287935671936172e-40)
30	53,2.44395116095e-40	(30, 1.6287935671936172e-40)
30	91,2.52551458736e-40	(30, 1.6287935671936172e-40)
30	51,2.71208866822e-40	(30, 1.6287935671936172e-40)
30	103,2.78027492634e-40	(30, 1.6287935671936172e-40)
30	124,3.15449977022e-40	(30, 1.6287935671936172e-40)
30	1,3.23015990283e-40	(30, 1.6287935671936172e-40)
30	73,3.26861089054e-40	(30, 1.6287935671936172e-40)
30	114,3.35124091928e-40	(30, 1.6287935671936172e-40)
31	31,2.19711062056e-40	(31, 2.1971106205586948e-40)
31	166,2.32920872346e-40	(31, 2.1971106205586948e-40)
31	116,2.50170453601e-40	(31, 2.1971106205586948e-40)
31	72,2.5253996743e-40	(31, 2.1971106205586948e-40)
31	69,2.60686125273e-40	(31, 2.1971106205586948e-40)
31	48,2.8719113946e-40	(31, 2.1971106205586948e-40)
31	123,2.87601342908e-40	(31, 2.1971106205586948e-40)
31	131,2.88981620409e-40	(31, 2.1971106205586948e-40)
31	124,2.9644558191e-40	(31, 2.1971106205586948e-40)
31	104,3.00075913624e-40	(31, 2.1971106205586948e-40)
32	32,1.39310200065e-40	(32, 1.3931020006453314e-40)
32	156,1.54358302841e-40	(32, 1.3931020006453314e-40)
32	27,1.6584054103e-40	(32, 1.3931020006453314e-40)
32	73,2.47257535486e-40	(32, 1.3931020006453314e-40)
32	131,2.5123311665e-40	(32, 1.3931020006453314e-40)
32	50,2.6015517217e-40	(32, 1.3931020006453314e-40)
32	164,2.63819527682e-40	(32, 1.3931020006453314e-40)
32	107,2.80188972256e-40	(32, 1.3931020006453314e-40)
32	165,2.87578504055e-40	(32, 1.3931020006453314e-40)
32	144,3.22891850062e-40	(32, 1.3931020006453314e-40)
33	33,9.47888371377e-41	(33, 9.4788837137729489e-41)
33	4,1.84379442832e-40	(33, 9.4788837137729489e-41)
33	69,2.16793438951e-40	(33, 9.4788837137729489e-41)
33	106,2.34437706489e-40	(33, 9.4788837137729489e-41)
33	116,2.4254519549e-40	(33, 9.4788837137729489e-41)
33	40,2.60539665104e-40	(33, 9.4788837137729489e-41)
33	2,2.69877150799e-40	(33, 9.4788837137729489e-41)
33	28,2.70291185488e-40	(33, 9.4788837137729489e-41)
33	13,2.90345208425e-40	(33, 9.4788837137729489e-41)
33	124,2.96429890158e-40	(33, 9.4788837137729489e-41)
34	15,7.26547230745e-41	(34, 2.1915068840308663e-40)
34	17,1.02453252227e-40	(34, 2.1915068840308663e-40)
34	69,1.03345404098e-40	(34, 2.1915068840308663e-40)
34	120,1.0947326686e-40	(34, 2.1915068840308663e-40)
34	40,1.19907462914e-40	(34, 2.1915068840308663e-40)
34	148,1.20457968885e-40	(34, 2.1915068840308663e-40)
34	83,1.25685250455e-40	(34, 2.1915068840308663e-40)
34	174,1.29115344886e-40	(34, 2.1915068840308663e-40)
34	4,1.31989445652e-40	(34, 2.1915068840308663e-40)
34	172,1.32417533663e-40	(34, 2.1915068840308663e-40)
35	35,5.40692591783e-41	(35, 5.4069259178267769e-41)
35	88,8.10076739164e-41	(35, 5.4069259178267769e-41)
35	18,1.02015044739e-40	(35, 5.4069259178267769e-41)
35	38,1.39551678545e-40	(35, 5.4069259178267769e-41)
35	22,1.40398305086e-40	(35, 5.4069259178267769e-41)
35	12,1.42823049765e-40	(35, 5.4069259178267769e-41)
35	121,1.48431496427e-40	(35, 5.4069259178267769e-41)
35	139,1.5329109025e-40	(35, 5.4069259178267769e-41)
35	61,1.56072700132e-40	(35, 5.4069259178267769e-41)
35	152,1.57428705744e-40	(35, 5.4069259178267769e-41)
36	76,4.80651178967e-41	(36, 5.4600293814846678e-41)
36	147,4.91121153846e-41	(36, 5.4600293814846678e-41)
36	36,5.46002938148e-41	(36, 5.4600293814846678e-41)
36	46,5.84857236925e-41	(36, 5.4600293814846678e-41)
36	18,6.39016092299e-41	(36, 5.4600293814846678e-41)
36	63,6.79314911343e-41	(36, 5.4600293814846678e-41)
36	171,7.15944603685e-41	(36, 5.4600293814846678e-41)
36	88,9.75088268222e-41	(36, 5.4600293814846678e-41)
36	132,1.003896132e-40	(36, 5.4600293814846678e-41)
36	150,1.01397067372e-40	(36, 5.4600293814846678e-41)
37	3,4.92398307087e-41	(37, 7.7042734623526105e-41)
37	77,6.04843280673e-41	(37, 7.7042734623526105e-41)
37	100,7.22761468369e-41	(37, 7.7042734623526105e-41)
37	37,7.70427346235e-41	(37, 7.7042734623526105e-41)
37	172,8.72048961022e-41	(37, 7.7042734623526105e-41)
37	17,8.77285911265e-41	(37, 7.7042734623526105e-41)
37	11,9.0365539578e-41	(37, 7.7042734623526105e-41)
37	136,9.88750483404e-41	(37, 7.7042734623526105e-41)
37	90,1.09546040523e-40	(37, 7.7042734623526105e-41)
37	143,1.15233442674e-40	(37, 7.7042734623526105e-41)
38	38,4.35714693397e-41	(38, 4.3571469339698085e-41)
38	14,1.10910573336e-40	(38, 4.3571469339698085e-41)
38	12,1.18833509059e-40	(38, 4.3571469339698085e-41)
38	55,1.40235252031e-40	(38, 4.3571469339698085e-41)
38	159,1.86440213093e-40	(38, 4.3571469339698085e-41)
38	50,1.8698409601e-40	(38, 4.3571469339698085e-41)
38	128,1.99950603114e-40	(38, 4.3571469339698085e-41)
38	43,2.02040258693e-40	(38, 4.3571469339698085e-41)
38	105,2.04989573839e-40	(38, 4.3571469339698085e-41)
38	144,2.09436585031e-40	(38, 4.3571469339698085e-41)
39	39,1.19530758925e-40	(39, 1.1953075892522919e-40)
39	99,2.52648842676e-40	(39, 1.1953075892522919e-40)
39	51,2.55766554218e-40	(39, 1.1953075892522919e-40)
39	27,2.65266342863e-40	(39, 1.1953075892522919e-40)
39	169,2.66703964358e-40	(39, 1.1953075892522919e-40)
39	84,2.74672765084e-40	(39, 1.1953075892522919e-40)
39	156,2.82288755007e-40	(39, 1.1953075892522919e-40)
39	138,2.99475773656e-40	(39, 1.1953075892522919e-40)
39	101,3.06202037407e-40	(39, 1.1953075892522919e-40)
39	19,3.08840682414e-40	(39, 1.1953075892522919e-40)
40	40,5.95436899084e-41	(40, 5.9543689908434895e-41)
40	172,1.13668891858e-40	(40, 5.9543689908434895e-41)
40	69,1.14560363239e-40	(40, 5.9543689908434895e-41)
40	4,1.14735518064e-40	(40, 5.9543689908434895e-41)
40	79,1.17997257842e-40	(40, 5.9543689908434895e-41)
40	148,1.21722961356e-40	(40, 5.9543689908434895e-41)
40	25,1.3480452963e-40	(40, 5.9543689908434895e-41)
40	77,1.5027157549e-40	(40, 5.9543689908434895e-41)
40	60,1.50717947561e-40	(40, 5.9543689908434895e-41)
40	15,1.57100645086e-40	(40, 5.9543689908434895e-41)
41	41,9.65733798963e-41	(41, 9.6573379896256867e-41)
41	155,1.53548133163e-40	(41, 9.6573379896256867e-41)
41	91,2.07051892251e-40	(41, 9.6573379896256867e-41)
41	1,2.08837267648e-40	(41, 9.6573379896256867e-41)
41	20,2.20302203148e-40	(41, 9.6573379896256867e-41)
41	124,2.51512310048e-40	(41, 9.6573379896256867e-41)
41	102,2.66394983659e-40	(41, 9.6573379896256867e-41)
41	28,2.7638382728e-40	(41, 9.6573379896256867e-41)
41	101,2.87251287832e-40	(41, 9.6573379896256867e-41)
41	53,3.0399993896e-40	(41, 9.6573379896256867e-41)
42	163,2.26494540944e-40	(42, 4.4365513953138655e-40)
42	53,2.98480628874e-40	(42, 4.4365513953138655e-40)
42	28,3.00064084735e-40	(42, 4.4365513953138655e-40)
42	69,3.0204861094e-40	(42, 4.4365513953138655e-40)
42	97,3.03850158177e-40	(42, 4.4365513953138655e-40)
42	140,3.17353793775e-40	(42, 4.4365513953138655e-40)
42	65,3.22355501788e-40	(42, 4.4365513953138655e-40)
42	44,3.26668380124e-40	(42, 4.4365513953138655e-40)
42	34,3.4300481028e-40	(42, 4.4365513953138655e-40)
42	120,3.57089129263e-40	(42, 4.4365513953138655e-40)
43	22,8.00955395988e-41	(43, 1.6187160416875055e-40)
43	12,9.5346513548e-41	(43, 1.6187160416875055e-40)
43	128,9.67890733366e-41	(43, 1.6187160416875055e-40)
43	78,9.94367115817e-41	(43, 1.6187160416875055e-40)
43	121,1.00147033386e-40	(43, 1.6187160416875055e-40)
43	158,1.02747515237e-40	(43, 1.6187160416875055e-40)
43	61,1.03680338664e-40	(43, 1.6187160416875055e-40)
43	50,1.0949670749e-40	(43, 1.6187160416875055e-40)
43	107,1.14091672529e-40	(43, 1.6187160416875055e-40)
43	23,1.19137094262e-40	(43, 1.6187160416875055e-40)
44	116,1.20433196047e-40	(44, 4.2558100040480658e-40)
44	124,1.30505115186e-40	(44, 4.2558100040480658e-40)
44	109,1.34142265158e-40	(44, 4.2558100040480658e-40)
44	93,1.57457996893e-40	(44, 4.2558100040480658e-40)
44	73,1.62267232481e-40	(44, 4.2558100040480658e-40)
44	123,1.72967446175e-40	(44, 4.2558100040480658e-40)
44	172,1.94485448617e-40	(44, 4.2558100040480658e-40)
44	144,2.07015466034e-40	(44, 4.2558100040480658e-40)
44	54,2.07715255292e-40	(44, 4.2558100040480658e-40)
44	115,2.09047319224e-40	(44, 4.2558100040480658e-40)
45	45,2.28747942306e-40	(45, 2.2874794230626119e-40)
45	130,2.36555662404e-40	(45, 2.2874794230626119e-40)
45	133,3.03856333673e-40	(45, 2.2874794230626119e-40)
45	113,3.86767692425e-40	(45, 2.2874794230626119e-40)
45	129,3.91246807849e-40	(45, 2.2874794230626119e-40)
45	34,3.92894029503e-40	(45, 2.2874794230626119e-40)
45	118,4.04499604422e-40	(45, 2.2874794230626119e-40)
45	94,4.07235756854e-40	(45, 2.2874794230626119e-40)
45	53,4.25571368169e-40	(45, 2.2874794230626119e-40)
45	91,4.68555481183e-40	(45, 2.2874794230626119e-40)
46	46,2.77004041273e-41	(46, 2.7700404127254613e-41)
46	36,4.83867955391e-41	(46, 2.7700404127254613e-41)
46	171,6.02765012299e-41	(46, 2.7700404127254613e-41)
46	137,6.36596266001e-41	(46, 2.7700404127254613e-41)
46	76,8.02464047026e-41	(46, 2.7700404127254613e-41)
46	6,9.14211900372e-41	(46, 2.7700404127254613e-41)
46	147,9.44806707352e-41	(46, 2.7700404127254613e-41)
46	63,1.06822772297e-40	(46, 2.7700404127254613e-41)
46	139,1.07401797541e-40	(46, 2.7700404127254613e-41)
46	146,1.15476409399e-40	(46, 2.7700404127254613e-41)
47	47,1.76857346937e-40	(47, 1.7685734693731303e-40)
47	10,2.5598242453e-40	(47, 1.7685734693731303e-40)
47	99,3.04034971454e-40	(47, 1.7685734693731303e-40)
47	19,3.48568317565e-40	(47, 1.7685734693731303e-40)
47	43,3.60404233897e-40	(47, 1.7685734693731303e-40)
47	27,3.67656166547e-40	(47, 1.7685734693731303e-40)
47	173,3.88164056643e-40	(47, 1.7685734693731303e-40)
47	58,3.91180675942e-40	(47, 1.7685734693731303e-40)
47	167,3.95145579104e-40	(47, 1.7685734693731303e-40)
47	138,3.97877409637e-40	(47, 1.7685734693731303e-40)
48	56,9.88060726318e-41	(48, 1.20307253725527e-40)
48	48,1.20307253726e-40	(48, 1.20307253725527e-40)
48	120,1.2337432122e-40	(48, 1.20307253725527e-40)
48	69,1.2550878545e-40	(48, 1.20307253725527e-40)
48	40,1.43979972176e-40	(48, 1.20307253725527e-40)
48	4,1.54593967351e-40	(48, 1.20307253725527e-40)
48	97,1.57751078606e-40	(48, 1.20307253725527e-40)
48	174,1.75128507834e-40	(48, 1.20307253725527e-40)
48	124,1.87946965332e-40	(48, 1.20307253725527e-40)
48	154,1.89372829919e-40	(48, 1.20307253725527e-40)
49	49,8.50736849755e-41	(49, 8.5073684975502994e-41)
49	59,9.75425314058e-41	(49, 8.5073684975502994e-41)
49	15,1.19122876907e-40	(49, 8.5073684975502994e-41)
49	17,1.3393581181e-40	(49, 8.5073684975502994e-41)
49	98,1.39145870106e-40	(49, 8.5073684975502994e-41)
49	100,1.42946936258e-40	(49, 8.5073684975502994e-41)
49	77,1.46051688869e-40	(49, 8.5073684975502994e-41)
49	172,1.60580544031e-40	(49, 8.5073684975502994e-41)
49	174,1.6722319656e-40	(49, 8.5073684975502994e-41)
49	83,1.72960471052e-40	(49, 8.5073684975502994e-41)
50	50,5.30200098524e-41	(50, 5.3020009852351635e-41)
50	12,1.29575581002e-40	(50, 5.3020009852351635e-41)
50	107,1.47782696445e-40	(50, 5.3020009852351635e-41)
50	171,1.50441276332e-40	(50, 5.3020009852351635e-41)
50	158,1.68361985918e-40	(50, 5.3020009852351635e-41)
50	38,1.72364784865e-40	(50, 5.3020009852351635e-41)
50	76,1.75601533898e-40	(50, 5.3020009852351635e-41)
50	22,1.78671682125e-40	(50, 5.3020009852351635e-41)
50	128,1.81708655687e-40	(50, 5.3020009852351635e-41)
50	46,1.93569864944e-40	(50, 5.3020009852351635e-41)
51	124,5.97506103094e-41	(51, 4.0524430758467727e-40)
51	155,1.38425444791e-40	(51, 4.0524430758467727e-40)
51	73,1.39177143045e-40	(51, 4.0524430758467727e-40)
51	53,1.55683264102e-40	(51, 4.0524430758467727e-40)
51	157,1.63905627806e-40	(51, 4.0524430758467727e-40)
51	28,1.79050328919e-40	(51, 4.0524430758467727e-40)
51	93,1.96266764467e-40	(51, 4.0524430758467727e-40)
51	116,1.99219684097e-40	(51, 4.0524430758467727e-40)
51	41,2.0747764989e-40	(51, 4.0524430758467727e-40)
51	1,2.1022514371e-40	(51, 4.0524430758467727e-40)
52	44,1.37374066031e-40	(52, 6.3530599741445968e-40)
52	13,1.53872527411e-40	(52, 6.3530599741445968e-40)
52	53,1.56468209235e-40	(52, 6.3530599741445968e-40)
52	161,1.58970381168e-40	(52, 6.3530599741445968e-40)
52	11,1.60300691555e-40	(52, 6.3530599741445968e-40)
52	163,1.61098036362e-40	(52, 6.3530599741445968e-40)
52	155,1.84117475851e-40	(52, 6.3530599741445968e-40)
52	114,1.85656852869e-40	(52, 6.3530599741445968e-40)
52	65,1.86604940608e-40	(52, 6.3530599741445968e-40)
52	124,1.91644024403e-40	(52, 6.3530599741445968e-40)
53	65,7.95079721351e-41	(53, 1.4948783960452235e-40)
53	161,1.30471575879e-40	(53, 1.4948783960452235e-40)
53	120,1.39245814404e-40	(53, 1.4948783960452235e-40)
53	44,1.39325194333e-40	(53, 1.4948783960452235e-40)
53	53,1.49487839605e-40	(53, 1.4948783960452235e-40)
53	155,1.51660445662e-40	(53, 1.4948783960452235e-40)
53	34,1.69764155025e-40	(53, 1.4948783960452235e-40)
53	163,1.7897113057e-40	(53, 1.4948783960452235e-40)
53	113,1.95485935446e-40	(53, 1.4948783960452235e-40)
53	83,1.95607972546e-40	(53, 1.4948783960452235e-40)
54	136,5.94734664776e-41	(54, 8.1575305324772608e-41)
54	54,8.15753053248e-41	(54, 8.1575305324772608e-41)
54	3,9.46353168121e-41	(54, 8.1575305324772608e-41)
54	137,9.55222104398e-41	(54, 8.1575305324772608e-41)
54	37,1.10162357415e-40	(54, 8.1575305324772608e-41)
54	147,1.10770659977e-40	(54, 8.1575305324772608e-41)
54	77,1.12082166657e-40	(54, 8.1575305324772608e-41)
54	63,1.13145520585e-40	(54, 8.1575305324772608e-41)
54	162,1.17357396137e-40	(54, 8.1575305324772608e-41)
54	11,1.20125942522e-40	(54, 8.1575305324772608e-41)
55	12,7.26078366004e-41	(55, 1.0624325462429932e-40)
55	38,9.21719146304e-41	(55, 1.0624325462429932e-40)
55	159,9.704743121e-41	(55, 1.0624325462429932e-40)
55	55,1.06243254624e-40	(55, 1.0624325462429932e-40)
55	128,1.30572671375e-40	(55, 1.0624325462429932e-40)
55	152,1.32681344761e-40	(55, 1.0624325462429932e-40)
55	18,1.41937338285e-40	(55, 1.0624325462429932e-40)
55	121,1.42247066144e-40	(55, 1.0624325462429932e-40)
55	146,1.4315365362e-40	(55, 1.0624325462429932e-40)
55	134,1.46143404305e-40	(55, 1.0624325462429932e-40)
56	56,6.50987634118e-41	(56, 6.5098763411768102e-41)
56	120,1.09402887247e-40	(56, 6.5098763411768102e-41)
56	15,1.11955700496e-40	(56, 6.5098763411768102e-41)
56	69,1.64877093467e-40	(56, 6.5098763411768102e-41)
56	174,1.74114688019e-40	(56, 6.5098763411768102e-41)
56	2,1.86087098021e-40	(56, 6.5098763411768102e-41)
56	48,1.88146357199e-40	(56, 6.5098763411768102e-41)
56	4,1.96637343814e-40	(56, 6.5098763411768102e-41)
56	113,2.06260835927e-40	(56, 6.5098763411768102e-41)
56	34,2.18164651018e-40	(56, 6.5098763411768102e-41)
57	57,1.25501315544e-40	(57, 1.2550131554442103e-40)
57	122,2.98207997267e-40	(57, 1.2550131554442103e-40)
57	174,3.46504623252e-40	(57, 1.2550131554442103e-40)
57	15,3.55808831128e-40	(57, 1.2550131554442103e-40)
57	56,3.7743277891e-40	(57, 1.2550131554442103e-40)
57	113,3.97451301943e-40	(57, 1.2550131554442103e-40)
57	120,4.12493725098e-40	(57, 1.2550131554442103e-40)
57	2,4.35139710453e-40	(57, 1.2550131554442103e-40)
57	108,4.40967011863e-40	(57, 1.2550131554442103e-40)
57	59,4.43358965668e-40	(57, 1.2550131554442103e-40)
58	24,1.16414329679e-40	(58, 4.212074258142989e-40)
58	107,1.49133355494e-40	(58, 4.212074258142989e-40)
58	27,1.52260624452e-40	(58, 4.212074258142989e-40)
58	50,1.72963689411e-40	(58, 4.212074258142989e-40)
58	43,2.1332978008e-40	(58, 4.212074258142989e-40)
58	61,2.21300931369e-40	(58, 4.212074258142989e-40)
58	158,2.26238458458e-40	(58, 4.212074258142989e-40)
58	38,2.31019953635e-40	(58, 4.212074258142989e-40)
58	105,2.32376371146e-40	(58, 4.212074258142989e-40)
58	12,2.3849330507e-40	(58, 4.212074258142989e-40)
59	15,1.75154258534e-40	(59, 2.4830105810006534e-40)
59	83,1.9004788299e-40	(59, 2.4830105810006534e-40)
59	65,2.20084064935e-40	(59, 2.4830105810006534e-40)
59	94,2.23753100818e-40	(59, 2.4830105810006534e-40)
59	120,2.23812239799e-40	(59, 2.4830105810006534e-40)
59	113,2.3502997257e-40	(59, 2.4830105810006534e-40)
59	59,2.483010581e-40	(59, 2.4830105810006534e-40)
59	44,2.51308402561e-40	(59, 2.4830105810006534e-40)
59	34,2.53255733772e-40	(59, 2.4830105810006534e-40)
59	161,2.54080398985e-40	(59, 2.4830105810006534e-40)
60	60,8.63575788387e-41	(60, 8.6357578838667012e-41)
60	69,1.00489984033e-40	(60, 8.6357578838667012e-41)
60	40,1.10691740134e-40	(60, 8.6357578838667012e-41)
60	79,1.44659459188e-40	(60, 8.6357578838667012e-41)
60	34,1.60315696954e-40	(60, 8.6357578838667012e-41)
60	15,1.60402502258e-40	(60, 8.6357578838667012e-41)
60	25,1.65246732779e-40	(60, 8.6357578838667012e-41)
60	4,1.66922248467e-40	(60, 8.6357578838667012e-41)
60	56,2.06335600916e-40	(60, 8.6357578838667012e-41)
60	172,2.10232536951e-40	(60, 8.6357578838667012e-41)
61	61,5.95539976219e-41	(61, 5.9553997621934585e-41)
61	23,7.42704138964e-41	(61, 5.9553997621934585e-41)
61	26,7.77135060291e-41	(61, 5.9553997621934585e-41)
61	162,1.08597119303e-40	(61, 5.9553997621934585e-41)
61	121,1.13123962978e-40	(61, 5.9553997621934585e-41)
61	68,1.29286391626e-40	(61, 5.9553997621934585e-41)
61	70,1.31533844875e-40	(61, 5.9553997621934585e-41)
61	63,1.33894610641e-40	(61, 5.9553997621934585e-41)
61	135,1.3569617114e-40	(61, 5.9553997621934585e-41)
61	76,1.39098503954e-40	(61, 5.9553997621934585e-41)
62	26,1.01578096108e-40	(62, 1.3645161351550887e-40)
62	78,1.02559802415e-40	(62, 1.3645161351550887e-40)
62	73,1.1377221892e-40	(62, 1.3645161351550887e-40)
62	61,1.21206199809e-40	(62, 1.3645161351550887e-40)
62	107,1.24138273359e-40	(62, 1.3645161351550887e-40)
62	62,1.36451613516e-40	(62, 1.3645161351550887e-40)
62	121,1.49207364866e-40	(62, 1.3645161351550887e-40)
62	22,1.51753374574e-40	(62, 1.3645161351550887e-40)
62	158,1.5431484714e-40	(62, 1.3645161351550887e-40)
62	23,1.60164169673e-40	(62, 1.3645161351550887e-40)
63	3,6.28914297463e-41	(63, 8.6441344730194836e-41)
63	77,7.17499754164e-41	(63, 8.6441344730194836e-41)
63	63,8.64413447302e-41	(63, 8.6441344730194836e-41)
63	11,9.40211473581e-41	(63, 8.6441344730194836e-41)
63	162,9.68072180287e-41	(63, 8.6441344730194836e-41)
63	37,1.02158878434e-40	(63, 8.6441344730194836e-41)
63	147,1.11230547178e-40	(63, 8.6441344730194836e-41)
63	76,1.12473487463e-40	(63, 8.6441344730194836e-41)
63	171,1.13187173398e-40	(63, 8.6441344730194836e-41)
63	132,1.16229296822e-40	(63, 8.6441344730194836e-41)
64	64,2.68418571869e-40	(64, 2.6841857186851204e-40)
64	45,5.06167487309e-40	(64, 2.6841857186851204e-40)
64	118,5.14202895361e-40	(64, 2.6841857186851204e-40)
64	130,5.35752120237e-40	(64, 2.6841857186851204e-40)
64	33,6.24421245664e-40	(64, 2.6841857186851204e-40)
64	133,6.47712056354e-40	(64, 2.6841857186851204e-40)
64	113,7.27312473621e-40	(64, 2.6841857186851204e-40)
64	34,7.44794433606e-40	(64, 2.6841857186851204e-40)
64	94,8.12528748488e-40	(64, 2.6841857186851204e-40)
64	91,8.48517689905e-40	(64, 2.6841857186851204e-40)
65	65,7.93782653756e-41	(65, 7.9378265375580898e-41)
65	161,8.41498169194e-41	(65, 7.9378265375580898e-41)
65	68,1.16202008781e-40	(65, 7.9378265375580898e-41)
65	83,1.20674748802e-40	(65, 7.9378265375580898e-41)
65	59,1.50674386436e-40	(65, 7.9378265375580898e-41)
65	155,1.63710833298e-40	(65, 7.9378265375580898e-41)
65	44,1.70702352594e-40	(65, 7.9378265375580898e-41)
65	13,1.83057626344e-40	(65, 7.9378265375580898e-41)
65	17,1.87723929858e-40	(65, 7.9378265375580898e-41)
65	120,1.89704305243e-40	(65, 7.9378265375580898e-41)
66	66,3.00899657646e-40	(66, 3.0089965764591917e-40)
66	130,5.9280825995e-40	(66, 3.0089965764591917e-40)
66	133,6.64175068652e-40	(66, 3.0089965764591917e-40)
66	118,7.16188201989e-40	(66, 3.0089965764591917e-40)
66	140,7.32865588749e-40	(66, 3.0089965764591917e-40)
66	91,7.80709564395e-40	(66, 3.0089965764591917e-40)
66	33,7.91325882424e-40	(66, 3.0089965764591917e-40)
66	141,8.12403342005e-40	(66, 3.0089965764591917e-40)
66	169,8.63617565388e-40	(66, 3.0089965764591917e-40)
66	149,9.18593735092e-40	(66, 3.0089965764591917e-40)
67	67,2.09055803175e-40	(67, 2.0905580317519087e-40)
67	169,2.64458189033e-40	(67, 2.0905580317519087e-40)
67	149,2.6547188834e-40	(67, 2.0905580317519087e-40)
67	84,2.6790740125e-40	(67, 2.0905580317519087e-40)
67	93,2.68042243567e-40	(67, 2.0905580317519087e-40)
67	116,2.91211455822e-40	(67, 2.0905580317519087e-40)
67	28,2.9827885558e-40	(67, 2.0905580317519087e-40)
67	140,3.04457942035e-40	(67, 2.0905580317519087e-40)
67	30,3.05144089919e-40	(67, 2.0905580317519087e-40)
67	156,3.18927695554e-40	(67, 2.0905580317519087e-40)
68	68,7.22347556936e-41	(68, 7.2234755693576702e-41)
68	23,1.23736491008e-40	(68, 7.2234755693576702e-41)
68	61,1.2685511419e-40	(68, 7.2234755693576702e-41)
68	26,1.58550364766e-40	(68, 7.2234755693576702e-41)
68	70,1.6387406539e-40	(68, 7.2234755693576702e-41)
68	135,1.84754644077e-40	(68, 7.2234755693576702e-41)
68	63,1.90355371251e-40	(68, 7.2234755693576702e-41)
68	162,1.96543447285e-40	(68, 7.2234755693576702e-41)
68	77,2.00518392302e-40	(68, 7.2234755693576702e-41)
68	71,2.00675981081e-40	(68, 7.2234755693576702e-41)
69	15,2.81635890936e-40	(69, 3.3925463737236774e-40)
69	56,3.34153095622e-40	(69, 3.3925463737236774e-40)
69	154,3.36185004386e-40	(69, 3.3925463737236774e-40)
69	69,3.39254637372e-40	(69, 3.3925463737236774e-40)
69	174,3.42340419112e-40	(69, 3.3925463737236774e-40)
69	48,3.47880664115e-40	(69, 3.3925463737236774e-40)
69	113,3.64549373918e-40	(69, 3.3925463737236774e-40)
69	122,3.74267071559e-40	(69, 3.3925463737236774e-40)
69	25,3.80927737943e-40	(69, 3.3925463737236774e-40)
69	4,3.85373302473e-40	(69, 3.3925463737236774e-40)
70	3,9.54324594116e-41	(70, 1.2528334765892776e-40)
70	121,1.01525327453e-40	(70, 1.2528334765892776e-40)
70	77,1.03158302419e-40	(70, 1.2528334765892776e-40)
70	117,1.08847810514e-40	(70, 1.2528334765892776e-40)
70	11,1.14687334019e-40	(70, 1.2528334765892776e-40)
70	162,1.21546606902e-40	(70, 1.2528334765892776e-40)
70	81,1.22596956148e-40	(70, 1.2528334765892776e-40)
70	70,1.25283347659e-40	(70, 1.2528334765892776e-40)
70	21,1.26681930789e-40	(70, 1.2528334765892776e-40)
70	71,1.26834648599e-40	(70, 1.2528334765892776e-40)
71	91,1.56632123226e-40	(71, 4.9941039262306049e-40)
71	133,2.53840411175e-40	(71, 4.9941039262306049e-40)
71	41,2.71410286033e-40	(71, 4.9941039262306049e-40)
71	101,2.72706429738e-40	(71, 4.9941039262306049e-40)
71	155,2.82597007583e-40	(71, 4.9941039262306049e-40)
71	28,2.85646329638e-40	(71, 4.9941039262306049e-40)
71	102,3.07253744574e-40	(71, 4.9941039262306049e-40)
71	1,3.22953355468e-40	(71, 4.9941039262306049e-40)
71	53,3.23571655545e-40	(71, 4.9941039262306049e-40)
71	124,3.2753745541e-40	(71, 4.9941039262306049e-40)
72	174,1.31428746382e-40	(72, 8.5715289915961736e-40)
72	17,1.37309082281e-40	(72, 8.5715289915961736e-40)
72	172,1.43647402187e-40	(72, 8.5715289915961736e-40)
72	148,1.61925140511e-40	(72, 8.5715289915961736e-40)
72	143,1.62959127178e-40	(72, 8.5715289915961736e-40)
72	100,1.77455683774e-40	(72, 8.5715289915961736e-40)
72	77,1.83129007289e-40	(72, 8.5715289915961736e-40)
72	49,1.8573129819e-40	(72, 8.5715289915961736e-40)
72	59,1.8928104478e-40	(72, 8.5715289915961736e-40)
72	171,2.04131979594e-40	(72, 8.5715289915961736e-40)
73	73,8.74826114797e-41	(73, 8.7482611479717718e-41)
73	157,1.2114343168e-40	(73, 8.7482611479717718e-41)
73	13,1.43978834762e-40	(73, 8.7482611479717718e-41)
73	124,1.62965981051e-40	(73, 8.7482611479717718e-41)
73	53,1.69766615571e-40	(73, 8.7482611479717718e-41)
73	27,1.70924315541e-40	(73, 8.7482611479717718e-41)
73	93,1.81302384487e-40	(73, 8.7482611479717718e-41)
73	116,1.98997976133e-40	(73, 8.7482611479717718e-41)
73	114,2.0769804848e-40	(73, 8.7482611479717718e-41)
73	156,2.18579471597e-40	(73, 8.7482611479717718e-41)
74	17,5.75254285007e-41	(74, 6.2895097394911775e-41)
74	74,6.28950973949e-41	(74, 6.2895097394911775e-41)
74	136,6.63019758364e-41	(74, 6.2895097394911775e-41)
74	100,7.26119441127e-41	(74, 6.2895097394911775e-41)
74	77,8.69433346411e-41	(74, 6.2895097394911775e-41)
74	37,9.17285580952e-41	(74, 6.2895097394911775e-41)
74	90,1.02773111365e-40	(74, 6.2895097394911775e-41)
74	127,1.03674487221e-40	(74, 6.2895097394911775e-41)
74	49,1.07949286077e-40	(74, 6.2895097394911775e-41)
74	59,1.20277524135e-40	(74, 6.2895097394911775e-41)
75	75,4.03252738118e-40	(75, 4.0325273811842134e-40)
75	167,5.68199204692e-40	(75, 4.0325273811842134e-40)
75	80,7.39853284483e-40	(75, 4.0325273811842134e-40)
75	47,8.23154912178e-40	(75, 4.0325273811842134e-40)
75	85,8.60816763815e-40	(75, 4.0325273811842134e-40)
75	10,9.07111183651e-40	(75, 4.0325273811842134e-40)
75	99,9.52223034031e-40	(75, 4.0325273811842134e-40)
75	166,9.58673800041e-40	(75, 4.0325273811842134e-40)
75	67,9.7046406368e-40	(75, 4.0325273811842134e-40)
75	169,1.00011840493e-39	(75, 4.0325273811842134e-40)
76	76,3.91688052673e-41	(76, 3.9168805267304667e-41)
76	63,5.78436155762e-41	(76, 3.9168805267304667e-41)
76	147,5.91012629821e-41	(76, 3.9168805267304667e-41)
76	137,6.09727983135e-41	(76, 3.9168805267304667e-41)
76	171,6.61058883428e-41	(76, 3.9168805267304667e-41)
76	22,7.12522454794e-41	(76, 3.9168805267304667e-41)
76	3,7.76817335166e-41	(76, 3.9168805267304667e-41)
76	18,7.86685052311e-41	(76, 3.9168805267304667e-41)
76	126,8.17970408715e-41	(76, 3.9168805267304667e-41)
76	132,8.66192221013e-41	(76, 3.9168805267304667e-41)
77	162,5.97475241179e-41	(77, 6.8618332683975907e-41)
77	3,6.65059558929e-41	(77, 6.8618332683975907e-41)
77	136,6.80758805933e-41	(77, 6.8618332683975907e-41)
77	77,6.8618332684e-41	(77, 6.8618332683975907e-41)
77	90,7.05500514406e-41	(77, 6.8618332683975907e-41)
77	11,7.15420625275e-41	(77, 6.8618332683975907e-41)
77	63,7.18272323479e-41	(77, 6.8618332683975907e-41)
77	147,7.33824018907e-41	(77, 6.8618332683975907e-41)
77	137,7.44540740532e-41	(77, 6.8618332683975907e-41)
77	171,8.90318816222e-41	(77, 6.8618332683975907e-41)
78	151,5.21300631319e-41	(78, 9.3697726832956106e-41)
78	63,5.8646057292e-41	(78, 9.3697726832956106e-41)
78	76,5.96767984929e-41	(78, 9.3697726832956106e-41)
78	22,7.03866718771e-41	(78, 9.3697726832956106e-41)
78	18,7.34671481112e-41	(78, 9.3697726832956106e-41)
78	132,7.43017526864e-41	(78, 9.3697726832956106e-41)
78	121,7.76853657891e-41	(78, 9.3697726832956106e-41)
78	147,8.10450225692e-41	(78, 9.3697726832956106e-41)
78	23,8.15393751374e-41	(78, 9.3697726832956106e-41)
78	61,8.61356373861e-41	(78, 9.3697726832956106e-41)
79	79,6.52744044695e-41	(79, 6.527440446953463e-41)
79	4,8.98575759302e-41	(79, 6.527440446953463e-41)
79	69,1.05124028579e-40	(79, 6.527440446953463e-41)
79	56,1.05952481298e-40	(79, 6.527440446953463e-41)
79	34,1.1156149039e-40	(79, 6.527440446953463e-41)
79	15,1.42430642716e-40	(79, 6.527440446953463e-41)
79	40,1.45750578447e-40	(79, 6.527440446953463e-41)
79	25,1.53132991277e-40	(79, 6.527440446953463e-41)
79	17,1.75663202995e-40	(79, 6.527440446953463e-41)
79	120,1.82407833424e-40	(79, 6.527440446953463e-41)
80	80,2.42427082188e-40	(80, 2.4242708218767143e-40)
80	51,3.22978772245e-40	(80, 2.4242708218767143e-40)
80	167,3.58985906304e-40	(80, 2.4242708218767143e-40)
80	32,4.78015191452e-40	(80, 2.4242708218767143e-40)
80	169,6.3919401285e-40	(80, 2.4242708218767143e-40)
80	160,6.92933183333e-40	(80, 2.4242708218767143e-40)
80	39,7.0178445024e-40	(80, 2.4242708218767143e-40)
80	165,7.07821091916e-40	(80, 2.4242708218767143e-40)
80	149,7.12545998957e-40	(80, 2.4242708218767143e-40)
80	27,7.13224006176e-40	(80, 2.4242708218767143e-40)
81	3,9.02383135974e-41	(81, 9.1579841518720518e-41)
81	81,9.15798415187e-41	(81, 9.1579841518720518e-41)
81	77,9.64688989227e-41	(81, 9.1579841518720518e-41)
81	132,9.71273593782e-41	(81, 9.1579841518720518e-41)
81	12,1.01821439772e-40	(81, 9.1579841518720518e-41)
81	121,1.02819816936e-40	(81, 9.1579841518720518e-41)
81	22,1.10395617621e-40	(81, 9.1579841518720518e-41)
81	11,1.10856101032e-40	(81, 9.1579841518720518e-41)
81	76,1.12171831802e-40	(81, 9.1579841518720518e-41)
81	126,1.14560438739e-40	(81, 9.1579841518720518e-41)
82	27,1.8792686433e-40	(82, 2.8533742103496379e-40)
82	13,1.88968914232e-40	(82, 2.8533742103496379e-40)
82	73,1.94369241949e-40	(82, 2.8533742103496379e-40)
82	164,2.23161603317e-40	(82, 2.8533742103496379e-40)
82	12,2.40378754208e-40	(82, 2.8533742103496379e-40)
82	24,2.44031241326e-40	(82, 2.8533742103496379e-40)
82	101,2.4546498647e-40	(82, 2.8533742103496379e-40)
82	144,2.45882052428e-40	(82, 2.8533742103496379e-40)
82	107,2.49812816471e-40	(82, 2.8533742103496379e-40)
82	105,2.50967563669e-40	(82, 2.8533742103496379e-40)
83	13,6.7635644754e-41	(83, 1.2523270442912736e-40)
83	155,1.06289748638e-40	(83, 1.2523270442912736e-40)
83	71,1.08256273538e-40	(83, 1.2523270442912736e-40)
83	83,1.25232704429e-40	(83, 1.2523270442912736e-40)
83	161,1.26154588962e-40	(83, 1.2523270442912736e-40)
83	11,1.30195450631e-40	(83, 1.2523270442912736e-40)
83	65,1.31525813861e-40	(83, 1.2523270442912736e-40)
83	17,1.33872387905e-40	(83, 1.2523270442912736e-40)
83	1,1.34744384774e-40	(83, 1.2523270442912736e-40)
83	120,1.37161430353e-40	(83, 1.2523270442912736e-40)
84	166,3.14762931493e-40	(84, 3.6742150383221976e-40)
84	67,3.38759699411e-40	(84, 3.6742150383221976e-40)
84	84,3.67421503832e-40	(84, 3.6742150383221976e-40)
84	169,3.78519305929e-40	(84, 3.6742150383221976e-40)
84	140,4.24640721853e-40	(84, 3.6742150383221976e-40)
84	149,4.76375522366e-40	(84, 3.6742150383221976e-40)
84	99,4.98553053132e-40	(84, 3.6742150383221976e-40)
84	144,5.32307623397e-40	(84, 3.6742150383221976e-40)
84	72,5.34268224823e-40	(84, 3.6742150383221976e-40)
84	109,5.36295449813e-40	(84, 3.6742150383221976e-40)
85	67,2.83192934524e-40	(85, 3.3340296036891763e-40)
85	85,3.33402960369e-40	(85, 3.3340296036891763e-40)
85	140,4.58749447215e-40	(85, 3.3340296036891763e-40)
85	166,4.62830908298e-40	(85, 3.3340296036891763e-40)
85	149,5.21610456871e-40	(85, 3.3340296036891763e-40)
85	84,5.43160242438e-40	(85, 3.3340296036891763e-40)
85	169,5.81138217999e-40	(85, 3.3340296036891763e-40)
85	144,6.16813632244e-40	(85, 3.3340296036891763e-40)
85	99,6.51753147512e-40	(85, 3.3340296036891763e-40)
85	72,6.84411318623e-40	(85, 3.3340296036891763e-40)
86	86,5.56356953629e-41	(86, 5.563569536288995e-41)
86	137,6.54512862571e-41	(86, 5.563569536288995e-41)
86	11,8.68180843679e-41	(86, 5.563569536288995e-41)
86	150,8.71668045671e-41	(86, 5.563569536288995e-41)
86	117,8.74755823335e-41	(86, 5.563569536288995e-41)
86	3,8.86638724407e-41	(86, 5.563569536288995e-41)
86	126,8.95413575319e-41	(86, 5.563569536288995e-41)
86	171,9.11344731334e-41	(86, 5.563569536288995e-41)
86	162,9.30821029883e-41	(86, 5.563569536288995e-41)
86	76,9.52465206718e-41	(86, 5.563569536288995e-41)
87	1,1.03876863311e-40	(87, 2.716087662483906e-40)
87	26,1.13038808431e-40	(87, 2.716087662483906e-40)
87	121,1.16508121679e-40	(87, 2.716087662483906e-40)
87	78,1.1916069414e-40	(87, 2.716087662483906e-40)
87	11,1.32077301133e-40	(87, 2.716087662483906e-40)
87	155,1.37000460242e-40	(87, 2.716087662483906e-40)
87	71,1.37026144625e-40	(87, 2.716087662483906e-40)
87	61,1.43000199034e-40	(87, 2.716087662483906e-40)
87	23,1.45578088697e-40	(87, 2.716087662483906e-40)
87	41,1.49686917958e-40	(87, 2.716087662483906e-40)
88	147,5.47751628107e-41	(88, 6.6664472499169399e-41)
88	76,5.66788502754e-41	(88, 6.6664472499169399e-41)
88	46,5.94932497386e-41	(88, 6.6664472499169399e-41)
88	18,6.31447140941e-41	(88, 6.6664472499169399e-41)
88	88,6.66644724992e-41	(88, 6.6664472499169399e-41)
88	139,6.97591469133e-41	(88, 6.6664472499169399e-41)
88	35,7.07385176954e-41	(88, 6.6664472499169399e-41)
88	63,7.30448064771e-41	(88, 6.6664472499169399e-41)
88	171,7.75745348502e-41	(88, 6.6664472499169399e-41)
88	22,7.79212782024e-41	(88, 6.6664472499169399e-41)
89	124,7.79773604556e-41	(89, 1.4030649540486979e-40)
89	155,9.95402258969e-41	(89, 1.4030649540486979e-40)
89	1,1.29509935307e-40	(89, 1.4030649540486979e-40)
89	89,1.40306495405e-40	(89, 1.4030649540486979e-40)
89	13,1.42200834977e-40	(89, 1.4030649540486979e-40)
89	53,1.43200841068e-40	(89, 1.4030649540486979e-40)
89	71,1.43889801481e-40	(89, 1.4030649540486979e-40)
89	73,1.4437829511e-40	(89, 1.4030649540486979e-40)
89	20,1.46287110746e-40	(89, 1.4030649540486979e-40)
89	157,1.62063725928e-40	(89, 1.4030649540486979e-40)
90	90,4.25723845172e-41	(90, 4.2572384517198298e-41)
90	137,8.52813191419e-41	(90, 4.2572384517198298e-41)
90	162,9.01317424652e-41	(90, 4.2572384517198298e-41)
90	11,9.93198229769e-41	(90, 4.2572384517198298e-41)
90	172,1.00794024842e-40	(90, 4.2572384517198298e-41)
90	147,1.02428536298e-40	(90, 4.2572384517198298e-41)
90	81,1.03208527232e-40	(90, 4.2572384517198298e-41)
90	136,1.10377877509e-40	(90, 4.2572384517198298e-41)
90	96,1.108512525e-40	(90, 4.2572384517198298e-41)
90	37,1.13737959504e-40	(90, 4.2572384517198298e-41)
91	133,1.82751149147e-40	(91, 2.6445519982052411e-40)
91	91,2.64455199821e-40	(91, 2.6445519982052411e-40)
91	130,4.06027138277e-40	(91, 2.6445519982052411e-40)
91	103,4.66659947253e-40	(91, 2.6445519982052411e-40)
91	66,4.93209959568e-40	(91, 2.6445519982052411e-40)
91	34,5.26910060291e-40	(91, 2.6445519982052411e-40)
91	51,5.41917789928e-40	(91, 2.6445519982052411e-40)
91	53,5.63033660485e-40	(91, 2.6445519982052411e-40)
91	101,5.74995800959e-40	(91, 2.6445519982052411e-40)
91	102,5.75891389712e-40	(91, 2.6445519982052411e-40)
92	78,9.23433901376e-41	(92, 2.1068950119415645e-40)
92	128,1.23726555617e-40	(92, 2.1068950119415645e-40)
92	61,1.26952635197e-40	(92, 2.1068950119415645e-40)
92	24,1.26975483768e-40	(92, 2.1068950119415645e-40)
92	12,1.34100090225e-40	(92, 2.1068950119415645e-40)
92	158,1.4601794901e-40	(92, 2.1068950119415645e-40)
92	26,1.5401129373e-40	(92, 2.1068950119415645e-40)
92	107,1.70520131315e-40	(92, 2.1068950119415645e-40)
92	22,1.70557945561e-40	(92, 2.1068950119415645e-40)
92	27,1.71657627161e-40	(92, 2.1068950119415645e-40)
93	22,7.61549658223e-41	(93, 1.1109289654627098e-40)
93	132,8.24487836198e-41	(93, 1.1109289654627098e-40)
93	128,9.0613350071e-41	(93, 1.1109289654627098e-40)
93	158,9.71935439362e-41	(93, 1.1109289654627098e-40)
93	93,1.11092896546e-40	(93, 1.1109289654627098e-40)
93	12,1.11154801606e-40	(93, 1.1109289654627098e-40)
93	121,1.13735080348e-40	(93, 1.1109289654627098e-40)
93	3,1.14468283048e-40	(93, 1.1109289654627098e-40)
93	146,1.15733428568e-40	(93, 1.1109289654627098e-40)
93	78,1.17539456412e-40	(93, 1.1109289654627098e-40)
94	94,9.2171839179e-41	(94, 9.217183917897089e-41)
94	83,2.28845831126e-40	(94, 9.217183917897089e-41)
94	15,2.66505388231e-40	(94, 9.217183917897089e-41)
94	155,2.77866019291e-40	(94, 9.217183917897089e-41)
94	45,2.81107182722e-40	(94, 9.217183917897089e-41)
94	120,3.12747444456e-40	(94, 9.217183917897089e-41)
94	59,3.20339067908e-40	(94, 9.217183917897089e-41)
94	98,3.27489972083e-40	(94, 9.217183917897089e-41)
94	161,3.44072972991e-40	(94, 9.217183917897089e-41)
94	65,3.46058530919e-40	(94, 9.217183917897089e-41)
95	107,1.24492821668e-40	(95, 3.3918936043942481e-40)
95	99,1.42852151254e-40	(95, 3.3918936043942481e-40)
95	43,1.6374016059e-40	(95, 3.3918936043942481e-40)
95	19,1.67307033407e-40	(95, 3.3918936043942481e-40)
95	138,1.68110368389e-40	(95, 3.3918936043942481e-40)
95	27,1.82030321234e-40	(95, 3.3918936043942481e-40)
95	128,1.94678396311e-40	(95, 3.3918936043942481e-40)
95	78,1.95678768639e-40	(95, 3.3918936043942481e-40)
95	50,2.14446260739e-40	(95, 3.3918936043942481e-40)
95	39,2.19946219105e-40	(95, 3.3918936043942481e-40)
96	96,5.30082751949e-41	(96, 5.3008275194906118e-41)
96	13,1.08213421497e-40	(96, 5.3008275194906118e-41)
96	162,1.13571154613e-40	(96, 5.3008275194906118e-41)
96	11,1.20919147984e-40	(96, 5.3008275194906118e-41)
96	17,1.32504902813e-40	(96, 5.3008275194906118e-41)
96	119,1.34257782089e-40	(96, 5.3008275194906118e-41)
96	143,1.3949340575e-40	(96, 5.3008275194906118e-41)
96	112,1.44124254382e-40	(96, 5.3008275194906118e-41)
96	86,1.54928960575e-40	(96, 5.3008275194906118e-41)
96	161,1.5592423119e-40	(96, 5.3008275194906118e-41)
97	40,7.96961950259e-41	(97, 2.2290131418978558e-40)
97	69,8.88971083525e-41	(97, 2.2290131418978558e-40)
97	172,9.40318237974e-41	(97, 2.2290131418978558e-40)
97	17,9.61426218216e-41	(97, 2.2290131418978558e-40)
97	120,1.08524016509e-40	(97, 2.2290131418978558e-40)
97	79,1.12739947668e-40	(97, 2.2290131418978558e-40)
97	4,1.18448459686e-40	(97, 2.2290131418978558e-40)
97	3,1.51031428309e-40	(97, 2.2290131418978558e-40)
97	11,1.52176061457e-40	(97, 2.2290131418978558e-40)
97	90,1.53786563838e-40	(97, 2.2290131418978558e-40)
98	98,4.33229817707e-41	(98, 4.3322981770725406e-41)
98	40,1.17917470165e-40	(98, 4.3322981770725406e-41)
98	15,1.24275875223e-40	(98, 4.3322981770725406e-41)
98	25,1.45511997675e-40	(98, 4.3322981770725406e-41)
98	172,1.470124039e-40	(98, 4.3322981770725406e-41)
98	154,1.53290036919e-40	(98, 4.3322981770725406e-41)
98	49,1.59668459806e-40	(98, 4.3322981770725406e-41)
98	174,1.8075667107e-40	(98, 4.3322981770725406e-41)
98	83,1.91975316451e-40	(98, 4.3322981770725406e-41)
98	100,1.96318473522e-40	(98, 4.3322981770725406e-41)
99	144,1.23049036591e-40	(99, 1.6680274303343192e-40)
99	84,1.25141316443e-40	(99, 1.6680274303343192e-40)
99	93,1.25864794853e-40	(99, 1.6680274303343192e-40)
99	159,1.50611543035e-40	(99, 1.6680274303343192e-40)
99	109,1.52390941075e-40	(99, 1.6680274303343192e-40)
99	128,1.57653071435e-40	(99, 1.6680274303343192e-40)
99	73,1.60090396476e-40	(99, 1.6680274303343192e-40)
99	78,1.64453307577e-40	(99, 1.6680274303343192e-40)
99	116,1.66633331228e-40	(99, 1.6680274303343192e-40)
99	99,1.66802743033e-40	(99, 1.6680274303343192e-40)
100	100,6.7048215759e-41	(100, 6.7048215759029444e-41)
100	90,7.46071691816e-41	(100, 6.7048215759029444e-41)
100	21,7.72867873563e-41	(100, 6.7048215759029444e-41)
100	74,8.42081512441e-41	(100, 6.7048215759029444e-41)
100	127,9.59398277239e-41	(100, 6.7048215759029444e-41)
100	11,1.01254611333e-40	(100, 6.7048215759029444e-41)
100	143,1.06188259205e-40	(100, 6.7048215759029444e-41)
100	37,1.06425384421e-40	(100, 6.7048215759029444e-41)
100	17,1.09187086076e-40	(100, 6.7048215759029444e-41)
100	77,1.09657284091e-40	(100, 6.7048215759029444e-41)
101	101,1.33594692986e-40	(101, 1.3359469298636666e-40)
101	73,1.40894885102e-40	(101, 1.3359469298636666e-40)
101	13,1.55509929466e-40	(101, 1.3359469298636666e-40)
101	1,1.59045829887e-40	(101, 1.3359469298636666e-40)
101	29,1.64712930274e-40	(101, 1.3359469298636666e-40)
101	60,1.72745167158e-40	(101, 1.3359469298636666e-40)
101	124,1.74982385218e-40	(101, 1.3359469298636666e-40)
101	102,1.86435820299e-40	(101, 1.3359469298636666e-40)
101	69,1.97114197434e-40	(101, 1.3359469298636666e-40)
101	77,1.99530457619e-40	(101, 1.3359469298636666e-40)
102	91,1.53204562352e-40	(102, 1.9146170185185576e-40)
102	114,1.80151513939e-40	(102, 1.9146170185185576e-40)
102	41,1.85909653943e-40	(102, 1.9146170185185576e-40)
102	102,1.91461701852e-40	(102, 1.9146170185185576e-40)
102	155,1.96627290884e-40	(102, 1.9146170185185576e-40)
102	101,2.0241677972e-40	(102, 1.9146170185185576e-40)
102	103,2.12832203378e-40	(102, 1.9146170185185576e-40)
102	1,2.19852916085e-40	(102, 1.9146170185185576e-40)
102	53,2.23164038181e-40	(102, 1.9146170185185576e-40)
102	110,2.3049271771e-40	(102, 1.9146170185185576e-40)
103	103,1.23532490502e-40	(103, 1.2353249050165927e-40)
103	73,2.16451033127e-40	(103, 1.2353249050165927e-40)
103	91,2.5431290136e-40	(103, 1.2353249050165927e-40)
103	101,2.54359777503e-40	(103, 1.2353249050165927e-40)
103	51,2.58455215598e-40	(103, 1.2353249050165927e-40)
103	114,2.62295881353e-40	(103, 1.2353249050165927e-40)
103	26,2.68079474991e-40	(103, 1.2353249050165927e-40)
103	39,2.7916636534e-40	(103, 1.2353249050165927e-40)
103	1,2.80505225945e-40	(103, 1.2353249050165927e-40)
103	30,2.8633765094e-40	(103, 1.2353249050165927e-40)
104	124,9.10191930088e-41	(104, 1.7332543718469353e-40)
104	119,1.21432540841e-40	(104, 1.7332543718469353e-40)
104	93,1.2550514753e-40	(104, 1.7332543718469353e-40)
104	81,1.45653673661e-40	(104, 1.7332543718469353e-40)
104	115,1.49358579243e-40	(104, 1.7332543718469353e-40)
104	73,1.58135709379e-40	(104, 1.7332543718469353e-40)
104	11,1.60658147326e-40	(104, 1.7332543718469353e-40)
104	116,1.71572333884e-40	(104, 1.7332543718469353e-40)
104	104,1.73325437185e-40	(104, 1.7332543718469353e-40)
104	13,1.7350324297e-40	(104, 1.7332543718469353e-40)
105	24,1.53386337807e-40	(105, 2.0764074604647912e-40)
105	27,1.79195184569e-40	(105, 2.0764074604647912e-40)
105	105,2.07640746046e-40	(105, 2.0764074604647912e-40)
105	43,2.09590953866e-40	(105, 2.0764074604647912e-40)
105	19,2.4237385671e-40	(105, 2.0764074604647912e-40)
105	107,2.44193813411e-40	(105, 2.0764074604647912e-40)
105	38,2.45693154325e-40	(105, 2.0764074604647912e-40)
105	12,2.66903251577e-40	(105, 2.0764074604647912e-40)
105	50,2.69577764415e-40	(105, 2.0764074604647912e-40)
105	61,2.79769054363e-40	(105, 2.0764074604647912e-40)
106	106,6.87170014625e-41	(106, 6.8717001462544068e-41)
106	174,1.36718095836e-40	(106, 6.8717001462544068e-41)
106	116,1.90201974e-40	(106, 6.8717001462544068e-41)
106	172,2.06218996151e-40	(106, 6.8717001462544068e-41)
106	13,2.06668123276e-40	(106, 6.8717001462544068e-41)
106	2,2.18069428496e-40	(106, 6.8717001462544068e-41)
106	54,2.20147224362e-40	(106, 6.8717001462544068e-41)
106	157,2.20687660731e-40	(106, 6.8717001462544068e-41)
106	3,2.3455333217e-40	(106, 6.8717001462544068e-41)
106	4,2.36245964219e-40	(106, 6.8717001462544068e-41)
107	107,9.71414170517e-41	(107, 9.7141417051719049e-41)
107	26,1.0247414726e-40	(107, 9.7141417051719049e-41)
107	22,1.22374499447e-40	(107, 9.7141417051719049e-41)
107	61,1.2697855265e-40	(107, 9.7141417051719049e-41)
107	1,1.30352970585e-40	(107, 9.7141417051719049e-41)
107	78,1.38769566552e-40	(107, 9.7141417051719049e-41)
107	139,1.40009835039e-40	(107, 9.7141417051719049e-41)
107	73,1.40579970721e-40	(107, 9.7141417051719049e-41)
107	23,1.50673904291e-40	(107, 9.7141417051719049e-41)
107	76,1.50844130905e-40	(107, 9.7141417051719049e-41)
108	77,9.27780097254e-41	(108, 2.4122190475916843e-40)
108	174,1.42281430127e-40	(108, 2.4122190475916843e-40)
108	172,1.51459542346e-40	(108, 2.4122190475916843e-40)
108	4,1.58475343694e-40	(108, 2.4122190475916843e-40)
108	171,1.59539965558e-40	(108, 2.4122190475916843e-40)
108	106,1.64400382209e-40	(108, 2.4122190475916843e-40)
108	49,1.64418189632e-40	(108, 2.4122190475916843e-40)
108	37,1.70792714272e-40	(108, 2.4122190475916843e-40)
108	17,1.7205959931e-40	(108, 2.4122190475916843e-40)
108	100,1.73057334952e-40	(108, 2.4122190475916843e-40)
109	109,7.92805952813e-41	(109, 7.9280595281282854e-41)
109	159,9.93075445832e-41	(109, 7.9280595281282854e-41)
109	134,1.13127051687e-40	(109, 7.9280595281282854e-41)
109	128,1.28164624077e-40	(109, 7.9280595281282854e-41)
109	12,1.45054064762e-40	(109, 7.9280595281282854e-41)
109	146,1.45080731971e-40	(109, 7.9280595281282854e-41)
109	152,1.5217196458e-40	(109, 7.9280595281282854e-41)
109	84,1.52560836901e-40	(109, 7.9280595281282854e-41)
109	38,1.59044879902e-40	(109, 7.9280595281282854e-41)
109	14,1.64299583904e-40	(109, 7.9280595281282854e-41)
110	1,8.07997143242e-41	(110, 1.7126050553549788e-40)
110	11,9.69727722673e-41	(110, 1.7126050553549788e-40)
110	121,1.0775227447e-40	(110, 1.7126050553549788e-40)
110	71,1.32457694747e-40	(110, 1.7126050553549788e-40)
110	162,1.35378741742e-40	(110, 1.7126050553549788e-40)
110	3,1.36535989139e-40	(110, 1.7126050553549788e-40)
110	155,1.42351686926e-40	(110, 1.7126050553549788e-40)
110	68,1.47072797409e-40	(110, 1.7126050553549788e-40)
110	26,1.54487483313e-40	(110, 1.7126050553549788e-40)
110	70,1.57905032066e-40	(110, 1.7126050553549788e-40)
111	73,1.02081480696e-40	(111, 3.3904262686489239e-40)
111	157,1.08987919836e-40	(111, 3.3904262686489239e-40)
111	124,1.10559542443e-40	(111, 3.3904262686489239e-40)
111	13,1.33710663303e-40	(111, 3.3904262686489239e-40)
111	93,1.45450703452e-40	(111, 3.3904262686489239e-40)
111	101,1.5388575707e-40	(111, 3.3904262686489239e-40)
111	114,1.69779960983e-40	(111, 3.3904262686489239e-40)
111	53,1.92722157804e-40	(111, 3.3904262686489239e-40)
111	1,1.95079318794e-40	(111, 3.3904262686489239e-40)
111	41,1.96936081509e-40	(111, 3.3904262686489239e-40)
112	90,6.52417919509e-41	(112, 9.7709517733292358e-41)
112	11,6.72316700286e-41	(112, 9.7709517733292358e-41)
112	3,7.79175321019e-41	(112, 9.7709517733292358e-41)
112	100,8.02549357545e-41	(112, 9.7709517733292358e-41)
112	21,8.85217982914e-41	(112, 9.7709517733292358e-41)
112	77,9.47292488394e-41	(112, 9.7709517733292358e-41)
112	162,9.5208431337e-41	(112, 9.7709517733292358e-41)
112	112,9.77095177333e-41	(112, 9.7709517733292358e-41)
112	71,1.01427936241e-40	(112, 9.7709517733292358e-41)
112	81,1.06931212168e-40	(112, 9.7709517733292358e-41)
113	113,9.77215250923e-41	(113, 9.7721525092288618e-41)
113	65,2.06263112058e-40	(113, 9.7721525092288618e-41)
113	130,2.64330206866e-40	(113, 9.7721525092288618e-41)
113	44,2.96602370238e-40	(113, 9.7721525092288618e-41)
113	97,2.97814266432e-40	(113, 9.7721525092288618e-41)
113	120,3.22483003337e-40	(113, 9.7721525092288618e-41)
113	15,3.33849255282e-40	(113, 9.7721525092288618e-41)
113	53,3.38037856e-40	(113, 9.7721525092288618e-41)
113	161,3.66137812707e-40	(113, 9.7721525092288618e-41)
113	57,3.8014136645e-40	(113, 9.7721525092288618e-41)
114	114,1.26403002898e-40	(114, 1.2640300289788255e-40)
114	73,1.34102961456e-40	(114, 1.2640300289788255e-40)
114	124,1.40309101027e-40	(114, 1.2640300289788255e-40)
114	53,1.58549113292e-40	(114, 1.2640300289788255e-40)
114	140,1.68121662303e-40	(114, 1.2640300289788255e-40)
114	170,1.80832742366e-40	(114, 1.2640300289788255e-40)
114	144,1.8214087273e-40	(114, 1.2640300289788255e-40)
114	104,1.83358753769e-40	(114, 1.2640300289788255e-40)
114	93,1.88155203671e-40	(114, 1.2640300289788255e-40)
114	101,1.91054903613e-40	(114, 1.2640300289788255e-40)
115	115,9.22462052679e-41	(115, 9.2246205267941233e-41)
115	11,1.00244623183e-40	(115, 9.2246205267941233e-41)
115	119,1.03485482482e-40	(115, 9.2246205267941233e-41)
115	96,1.39013244341e-40	(115, 9.2246205267941233e-41)
115	81,1.45056535597e-40	(115, 9.2246205267941233e-41)
115	37,1.48175886761e-40	(115, 9.2246205267941233e-41)
115	90,1.67261566702e-40	(115, 9.2246205267941233e-41)
115	124,1.67638719589e-40	(115, 9.2246205267941233e-41)
115	17,1.70381992123e-40	(115, 9.2246205267941233e-41)
115	3,1.72203746874e-40	(115, 9.2246205267941233e-41)
116	116,6.50676036542e-41	(116, 6.5067603654234227e-41)
116	93,8.92651043699e-41	(116, 6.5067603654234227e-41)
116	144,1.73635649272e-40	(116, 6.5067603654234227e-41)
116	156,1.77439471618e-40	(116, 6.5067603654234227e-41)
116	73,1.86103637605e-40	(116, 6.5067603654234227e-41)
116	109,1.9609032835e-40	(116, 6.5067603654234227e-41)
116	106,2.0423454957e-40	(116, 6.5067603654234227e-41)
116	128,2.04606881727e-40	(116, 6.5067603654234227e-41)
116	131,2.0724789939e-40	(116, 6.5067603654234227e-41)
116	172,2.13605838362e-40	(116, 6.5067603654234227e-41)
117	117,3.02057968003e-41	(117, 3.020579680030703e-41)
117	21,7.21142372339e-41	(117, 3.020579680030703e-41)
117	71,7.68086646354e-41	(117, 3.020579680030703e-41)
117	77,9.73386090813e-41	(117, 3.020579680030703e-41)
117	11,9.99713225144e-41	(117, 3.020579680030703e-41)
117	81,1.00021646581e-40	(117, 3.020579680030703e-41)
117	76,1.0857110965e-40	(117, 3.020579680030703e-41)
117	162,1.09078179237e-40	(117, 3.020579680030703e-41)
117	121,1.13371398107e-40	(117, 3.020579680030703e-41)
117	22,1.17036071412e-40	(117, 3.020579680030703e-41)
118	33,1.8541761521e-40	(118, 2.4548463602590951e-40)
118	118,2.45484636026e-40	(118, 2.4548463602590951e-40)
118	113,2.81907365475e-40	(118, 2.4548463602590951e-40)
118	34,2.93979636184e-40	(118, 2.4548463602590951e-40)
118	130,3.00789061122e-40	(118, 2.4548463602590951e-40)
118	45,3.05334713808e-40	(118, 2.4548463602590951e-40)
118	15,3.60006068287e-40	(118, 2.4548463602590951e-40)
118	69,3.72469502225e-40	(118, 2.4548463602590951e-40)
118	141,3.80546796276e-40	(118, 2.4548463602590951e-40)
118	65,3.82123601302e-40	(118, 2.4548463602590951e-40)
119	120,1.1102883243e-40	(119, 1.8645536631567326e-40)
119	124,1.32762925354e-40	(119, 1.8645536631567326e-40)
119	97,1.34580575878e-40	(119, 1.8645536631567326e-40)
119	69,1.42222171989e-40	(119, 1.8645536631567326e-40)
119	40,1.48890827349e-40	(119, 1.8645536631567326e-40)
119	172,1.58070333932e-40	(119, 1.8645536631567326e-40)
119	17,1.58662389122e-40	(119, 1.8645536631567326e-40)
119	4,1.58873402234e-40	(119, 1.8645536631567326e-40)
119	13,1.63812268627e-40	(119, 1.8645536631567326e-40)
119	163,1.64324952376e-40	(119, 1.8645536631567326e-40)
120	155,1.05647071743e-40	(120, 1.1922561704291087e-40)
120	65,1.11830918912e-40	(120, 1.1922561704291087e-40)
120	120,1.19225617043e-40	(120, 1.1922561704291087e-40)
120	124,1.29671932454e-40	(120, 1.1922561704291087e-40)
120	53,1.32219813259e-40	(120, 1.1922561704291087e-40)
120	161,1.39510914088e-40	(120, 1.1922561704291087e-40)
120	44,1.45114305466e-40	(120, 1.1922561704291087e-40)
120	13,1.48741005072e-40	(120, 1.1922561704291087e-40)
120	114,1.95980075896e-40	(120, 1.1922561704291087e-40)
120	73,1.9902811631e-40	(120, 1.1922561704291087e-40)
121	121,9.0924850676e-41	(121, 9.0924850675997428e-41)
121	1,9.54176142827e-41	(121, 9.0924850675997428e-41)
121	22,9.86081871587e-41	(121, 9.0924850675997428e-41)
121	26,1.0126611477e-40	(121, 9.0924850675997428e-41)
121	78,1.17869586055e-40	(121, 9.0924850675997428e-41)
121	61,1.27759197532e-40	(121, 9.0924850675997428e-41)
121	23,1.29804190744e-40	(121, 9.0924850675997428e-41)
121	11,1.33889881402e-40	(121, 9.0924850675997428e-41)
121	132,1.43512675731e-40	(121, 9.0924850675997428e-41)
121	73,1.4521564175e-40	(121, 9.0924850675997428e-41)
122	174,1.29813393239e-40	(122, 1.4489833934951335e-40)
122	122,1.4489833935e-40	(122, 1.4489833934951335e-40)
122	154,1.52665742424e-40	(122, 1.4489833934951335e-40)
122	2,2.15715968468e-40	(122, 1.4489833934951335e-40)
122	4,2.52394942246e-40	(122, 1.4489833934951335e-40)
122	69,2.54786509403e-40	(122, 1.4489833934951335e-40)
122	172,2.56513926185e-40	(122, 1.4489833934951335e-40)
122	116,2.67359199363e-40	(122, 1.4489833934951335e-40)
122	56,2.77462444193e-40	(122, 1.4489833934951335e-40)
122	40,2.90717712813e-40	(122, 1.4489833934951335e-40)
123	123,9.56786332981e-41	(123, 9.5678633298095031e-41)
123	172,9.75329148371e-41	(123, 9.5678633298095031e-41)
123	81,1.34948882702e-40	(123, 9.5678633298095031e-41)
123	146,1.38506870958e-40	(123, 9.5678633298095031e-41)
123	40,1.44860718419e-40	(123, 9.5678633298095031e-41)
123	119,1.52389171746e-40	(123, 9.5678633298095031e-41)
123	115,1.67267856421e-40	(123, 9.5678633298095031e-41)
123	90,1.69117624994e-40	(123, 9.5678633298095031e-41)
123	137,1.73482108715e-40	(123, 9.5678633298095031e-41)
123	96,1.78843866062e-40	(123, 9.5678633298095031e-41)
124	124,1.34165971757e-40	(124, 1.3416597175708048e-40)
124	101,1.92508210573e-40	(124, 1.3416597175708048e-40)
124	41,2.30279250935e-40	(124, 1.3416597175708048e-40)
124	157,2.58379047205e-40	(124, 1.3416597175708048e-40)
124	140,2.62594372419e-40	(124, 1.3416597175708048e-40)
124	91,2.66996136342e-40	(124, 1.3416597175708048e-40)
124	73,2.68603005635e-40	(124, 1.3416597175708048e-40)
124	155,2.68694253009e-40	(124, 1.3416597175708048e-40)
124	169,2.72482064501e-40	(124, 1.3416597175708048e-40)
124	53,2.7912161868e-40	(124, 1.3416597175708048e-40)
125	13,1.66075414309e-40	(125, 2.8744468472683229e-40)
125	73,1.99089534509e-40	(125, 2.8744468472683229e-40)
125	114,2.00987659719e-40	(125, 2.8744468472683229e-40)
125	155,2.13741084283e-40	(125, 2.8744468472683229e-40)
125	65,2.28398148368e-40	(125, 2.8744468472683229e-40)
125	41,2.58294473989e-40	(125, 2.8744468472683229e-40)
125	161,2.6070237562e-40	(125, 2.8744468472683229e-40)
125	68,2.61504777376e-40	(125, 2.8744468472683229e-40)
125	16,2.62187216203e-40	(125, 2.8744468472683229e-40)
125	20,2.65131771047e-40	(125, 2.8744468472683229e-40)
126	126,9.97608689012e-41	(126, 9.9760868901242928e-41)
126	132,1.01959767591e-40	(126, 9.9760868901242928e-41)
126	121,1.02005369871e-40	(126, 9.9760868901242928e-41)
126	81,1.0658454706e-40	(126, 9.9760868901242928e-41)
126	3,1.07058777241e-40	(126, 9.9760868901242928e-41)
126	128,1.11934867205e-40	(126, 9.9760868901242928e-41)
126	78,1.22325426552e-40	(126, 9.9760868901242928e-41)
126	22,1.22332316219e-40	(126, 9.9760868901242928e-41)
126	151,1.25439196787e-40	(126, 9.9760868901242928e-41)
126	11,1.26462477351e-40	(126, 9.9760868901242928e-41)
127	17,6.18997709175e-41	(127, 9.8064395304958813e-41)
127	136,7.66815032656e-41	(127, 9.8064395304958813e-41)
127	74,7.97252992037e-41	(127, 9.8064395304958813e-41)
127	100,8.17226599136e-41	(127, 9.8064395304958813e-41)
127	59,8.64442567094e-41	(127, 9.8064395304958813e-41)
127	127,9.8064395305e-41	(127, 9.8064395304958813e-41)
127	77,1.04228449965e-40	(127, 9.8064395304958813e-41)
127	37,1.08728111154e-40	(127, 9.8064395304958813e-41)
127	49,1.11795098233e-40	(127, 9.8064395304958813e-41)
127	172,1.53745474351e-40	(127, 9.8064395304958813e-41)
128	128,5.68962132516e-41	(128, 5.6896213251582448e-41)
128	78,1.01212657111e-40	(128, 5.6896213251582448e-41)
128	12,1.09365010212e-40	(128, 5.6896213251582448e-41)
128	121,1.10445466091e-40	(128, 5.6896213251582448e-41)
128	22,1.15409767071e-40	(128, 5.6896213251582448e-41)
128	158,1.26041806743e-40	(128, 5.6896213251582448e-41)
128	159,1.31222053753e-40	(128, 5.6896213251582448e-41)
128	139,1.35619652545e-40	(128, 5.6896213251582448e-41)
128	132,1.36922694212e-40	(128, 5.6896213251582448e-41)
128	55,1.41280268422e-40	(128, 5.6896213251582448e-41)
129	98,1.46998265007e-40	(129, 2.1358705792091214e-40)
129	49,1.69875038314e-40	(129, 2.1358705792091214e-40)
129	129,2.13587057921e-40	(129, 2.1358705792091214e-40)
129	94,2.17990812358e-40	(129, 2.1358705792091214e-40)
129	83,2.30784528047e-40	(129, 2.1358705792091214e-40)
129	59,2.34406979706e-40	(129, 2.1358705792091214e-40)
129	100,2.35552839381e-40	(129, 2.1358705792091214e-40)
129	15,2.40124226409e-40	(129, 2.1358705792091214e-40)
129	77,2.51165094881e-40	(129, 2.1358705792091214e-40)
129	25,2.6179840751e-40	(129, 2.1358705792091214e-40)
130	65,1.97828185762e-40	(130, 2.0081764321109998e-40)
130	130,2.00817643211e-40	(130, 2.0081764321109998e-40)
130	13,2.10091607963e-40	(130, 2.0081764321109998e-40)
130	53,2.20151689035e-40	(130, 2.0081764321109998e-40)
130	157,2.3061165419e-40	(130, 2.0081764321109998e-40)
130	28,2.35490052888e-40	(130, 2.0081764321109998e-40)
130	34,2.43971897686e-40	(130, 2.0081764321109998e-40)
130	73,2.4681566895e-40	(130, 2.0081764321109998e-40)
130	155,2.47962130776e-40	(130, 2.0081764321109998e-40)
130	1,2.48334050556e-40	(130, 2.0081764321109998e-40)
131	116,1.75424958771e-40	(131, 2.1261893024926231e-40)
131	166,2.00868083176e-40	(131, 2.1261893024926231e-40)
131	131,2.12618930249e-40	(131, 2.1261893024926231e-40)
131	104,2.40943047387e-40	(131, 2.1261893024926231e-40)
131	72,2.50480830758e-40	(131, 2.1261893024926231e-40)
131	144,2.57813666106e-40	(131, 2.1261893024926231e-40)
131	156,2.9160316506e-40	(131, 2.1261893024926231e-40)
131	93,3.14461315974e-40	(131, 2.1261893024926231e-40)
131	84,3.18683072257e-40	(131, 2.1261893024926231e-40)
131	165,3.29479610213e-40	(131, 2.1261893024926231e-40)
132	18,5.7458602132e-41	(132, 5.8688424729743659e-41)
132	132,5.86884247297e-41	(132, 5.8688424729743659e-41)
132	22,6.98616681584e-41	(132, 5.8688424729743659e-41)
132	139,7.23123239587e-41	(132, 5.8688424729743659e-41)
132	46,7.2616019656e-41	(132, 5.8688424729743659e-41)
132	76,7.45754580358e-41	(132, 5.8688424729743659e-41)
132	171,8.45393986528e-41	(132, 5.8688424729743659e-41)
132	146,8.61824097559e-41	(132, 5.8688424729743659e-41)
132	147,8.71392097619e-41	(132, 5.8688424729743659e-41)
132	158,8.74805863918e-41	(132, 5.8688424729743659e-41)
133	133,1.07794590077e-40	(133, 1.0779459007661218e-40)
133	34,1.6365172791e-40	(133, 1.0779459007661218e-40)
133	91,1.9545302148e-40	(133, 1.0779459007661218e-40)
133	130,2.40381927697e-40	(133, 1.0779459007661218e-40)
133	103,2.41133064774e-40	(133, 1.0779459007661218e-40)
133	153,2.50894504074e-40	(133, 1.0779459007661218e-40)
133	65,2.58632517093e-40	(133, 1.0779459007661218e-40)
133	102,2.58845389287e-40	(133, 1.0779459007661218e-40)
133	110,2.64933047893e-40	(133, 1.0779459007661218e-40)
133	53,2.69197900436e-40	(133, 1.0779459007661218e-40)
134	121,6.08847119742e-41	(134, 1.2743401369458055e-40)
134	78,8.51603422537e-41	(134, 1.2743401369458055e-40)
134	128,8.90488458635e-41	(134, 1.2743401369458055e-40)
134	18,1.13229727381e-40	(134, 1.2743401369458055e-40)
134	22,1.13701409009e-40	(134, 1.2743401369458055e-40)
134	134,1.27434013695e-40	(134, 1.2743401369458055e-40)
134	73,1.30002505564e-40	(134, 1.2743401369458055e-40)
134	26,1.38883943343e-40	(134, 1.2743401369458055e-40)
134	61,1.39111571669e-40	(134, 1.2743401369458055e-40)
134	151,1.39264214231e-40	(134, 1.2743401369458055e-40)
135	147,5.43170265685e-41	(135, 6.831957102124096e-41)
135	135,6.83195710212e-41	(135, 6.831957102124096e-41)
135	137,7.31600993791e-41	(135, 6.831957102124096e-41)
135	162,7.41820012061e-41	(135, 6.831957102124096e-41)
135	76,7.90138480652e-41	(135, 6.831957102124096e-41)
135	63,8.02300206628e-41	(135, 6.831957102124096e-41)
135	117,9.49234086053e-41	(135, 6.831957102124096e-41)
135	77,1.01466147414e-40	(135, 6.831957102124096e-41)
135	11,1.05795418533e-40	(135, 6.831957102124096e-41)
135	90,1.07411527914e-40	(135, 6.831957102124096e-41)
136	136,1.22676230372e-40	(136, 1.2267623037230176e-40)
136	121,1.23440600419e-40	(136, 1.2267623037230176e-40)
136	126,1.27563338182e-40	(136, 1.2267623037230176e-40)
136	78,1.32824657348e-40	(136, 1.2267623037230176e-40)
136	23,1.38227738499e-40	(136, 1.2267623037230176e-40)
136	54,1.39233187852e-40	(136, 1.2267623037230176e-40)
136	61,1.48412982599e-40	(136, 1.2267623037230176e-40)
136	162,1.50576319942e-40	(136, 1.2267623037230176e-40)
136	11,1.56872531865e-40	(136, 1.2267623037230176e-40)
136	13,1.63762533587e-40	(136, 1.2267623037230176e-40)
137	137,3.73644019034e-41	(137, 3.7364401903411057e-41)
137	147,4.22758661426e-41	(137, 3.7364401903411057e-41)
137	63,5.02568251019e-41	(137, 3.7364401903411057e-41)
137	76,7.67921116814e-41	(137, 3.7364401903411057e-41)
137	90,7.82469729638e-41	(137, 3.7364401903411057e-41)
137	3,7.85969563158e-41	(137, 3.7364401903411057e-41)
137	171,7.89997710175e-41	(137, 3.7364401903411057e-41)
137	117,8.57029294708e-41	(137, 3.7364401903411057e-41)
137	77,8.98355904019e-41	(137, 3.7364401903411057e-41)
137	36,9.28627946089e-41	(137, 3.7364401903411057e-41)
138	78,9.96212143974e-41	(138, 1.243802801368603e-40)
138	128,1.05566038975e-40	(138, 1.243802801368603e-40)
138	138,1.24380280137e-40	(138, 1.243802801368603e-40)
138	158,1.25957267758e-40	(138, 1.243802801368603e-40)
138	107,1.41462069807e-40	(138, 1.243802801368603e-40)
138	55,1.50206004034e-40	(138, 1.243802801368603e-40)
138	38,1.64785662066e-40	(138, 1.243802801368603e-40)
138	99,1.65118627686e-40	(138, 1.243802801368603e-40)
138	159,1.66580550669e-40	(138, 1.243802801368603e-40)
138	22,1.81514910364e-40	(138, 1.243802801368603e-40)
139	139,2.03787702656e-41	(139, 2.0378770265614002e-41)
139	46,6.71808728556e-41	(139, 2.0378770265614002e-41)
139	76,8.79169839429e-41	(139, 2.0378770265614002e-41)
139	22,9.69014205306e-41	(139, 2.0378770265614002e-41)
139	18,1.0251550605e-40	(139, 2.0378770265614002e-41)
139	171,1.06269427601e-40	(139, 2.0378770265614002e-41)
139	88,1.10155971965e-40	(139, 2.0378770265614002e-41)
139	132,1.10836971418e-40	(139, 2.0378770265614002e-41)
139	35,1.11298595343e-40	(139, 2.0378770265614002e-41)
139	6,1.11562052152e-40	(139, 2.0378770265614002e-41)
140	140,1.30819037815e-40	(140, 1.3081903781479641e-40)
140	93,1.45136986135e-40	(140, 1.3081903781479641e-40)
140	124,1.49415866485e-40	(140, 1.3081903781479641e-40)
140	73,1.63664240932e-40	(140, 1.3081903781479641e-40)
140	101,1.71832663441e-40	(140, 1.3081903781479641e-40)
140	157,1.78442531075e-40	(140, 1.3081903781479641e-40)
140	69,1.87861171908e-40	(140, 1.3081903781479641e-40)
140	116,2.03308554105e-40	(140, 1.3081903781479641e-40)
140	13,2.04546560247e-40	(140, 1.3081903781479641e-40)
140	114,2.10030491026e-40	(140, 1.3081903781479641e-40)
141	124,2.82182425479e-40	(141, 2.9765747932329326e-40)
141	141,2.97657479323e-40	(141, 2.9765747932329326e-40)
141	33,3.25998027608e-40	(141, 2.9765747932329326e-40)
141	155,3.33990956042e-40	(141, 2.9765747932329326e-40)
141	53,3.6262350913e-40	(141, 2.9765747932329326e-40)
141	4,3.74807129505e-40	(141, 2.9765747932329326e-40)
141	97,3.83066378283e-40	(141, 2.9765747932329326e-40)
141	2,3.8488360012e-40	(141, 2.9765747932329326e-40)
141	48,3.8513177833e-40	(141, 2.9765747932329326e-40)
141	120,4.062847117e-40	(141, 2.9765747932329326e-40)
142	61,1.62558252774e-40	(142, 4.5520060374495388e-40)
142	78,1.86209900518e-40	(142, 4.5520060374495388e-40)
142	38,1.93727183359e-40	(142, 4.5520060374495388e-40)
142	23,1.9518719161e-40	(142, 4.5520060374495388e-40)
142	12,2.02558835358e-40	(142, 4.5520060374495388e-40)
142	16,2.06860002206e-40	(142, 4.5520060374495388e-40)
142	55,2.0771028949e-40	(142, 4.5520060374495388e-40)
142	170,2.13115222139e-40	(142, 4.5520060374495388e-40)
142	73,2.17461119366e-40	(142, 4.5520060374495388e-40)
142	128,2.22806059917e-40	(142, 4.5520060374495388e-40)
143	143,6.968046285e-41	(143, 6.9680462850010273e-41)
143	150,7.87309385916e-41	(143, 6.9680462850010273e-41)
143	137,8.36577419872e-41	(143, 6.9680462850010273e-41)
143	3,8.5186789515e-41	(143, 6.9680462850010273e-41)
143	90,8.72533644315e-41	(143, 6.9680462850010273e-41)
143	112,8.82150638691e-41	(143, 6.9680462850010273e-41)
143	162,8.96187048285e-41	(143, 6.9680462850010273e-41)
143	63,9.02660980301e-41	(143, 6.9680462850010273e-41)
143	21,9.52771090432e-41	(143, 6.9680462850010273e-41)
143	11,9.72318488604e-41	(143, 6.9680462850010273e-41)
144	144,1.11316722301e-40	(144, 1.113167223006897e-40)
144	12,1.63067802653e-40	(144, 1.113167223006897e-40)
144	38,1.64051190565e-40	(144, 1.113167223006897e-40)
144	14,1.80686001553e-40	(144, 1.113167223006897e-40)
144	145,1.88876441724e-40	(144, 1.113167223006897e-40)
144	123,2.05121958325e-40	(144, 1.113167223006897e-40)
144	50,2.06654069092e-40	(144, 1.113167223006897e-40)
144	159,2.13995017782e-40	(144, 1.113167223006897e-40)
144	73,2.21587788431e-40	(144, 1.113167223006897e-40)
144	24,2.32165002244e-40	(144, 1.113167223006897e-40)
145	158,1.30318214615e-40	(145, 1.3172229509469195e-40)
145	128,1.30909968424e-40	(145, 1.3172229509469195e-40)
145	78,1.31688146935e-40	(145, 1.3172229509469195e-40)
145	145,1.31722295095e-40	(145, 1.3172229509469195e-40)
145	38,1.37060520557e-40	(145, 1.3172229509469195e-40)
145	24,1.47956035384e-40	(145, 1.3172229509469195e-40)
145	55,1.66170142667e-40	(145, 1.3172229509469195e-40)
145	12,1.7273922914e-40	(145, 1.3172229509469195e-40)
145	99,1.84810984746e-40	(145, 1.3172229509469195e-40)
145	14,1.86146758054e-40	(145, 1.3172229509469195e-40)
146	146,4.62317939963e-41	(146, 4.6231793996276236e-41)
146	159,1.00986037122e-40	(146, 4.6231793996276236e-41)
146	81,1.59738239603e-40	(146, 4.6231793996276236e-41)
146	12,1.64548422142e-40	(146, 4.6231793996276236e-41)
146	3,1.69803682741e-40	(146, 4.6231793996276236e-41)
146	132,1.71051319808e-40	(146, 4.6231793996276236e-41)
146	123,1.74093714391e-40	(146, 4.6231793996276236e-41)
146	18,1.75064246742e-40	(146, 4.6231793996276236e-41)
146	137,1.75280532723e-40	(146, 4.6231793996276236e-41)
146	46,1.7575548739e-40	(146, 4.6231793996276236e-41)
147	147,3.99543058503e-41	(147, 3.9954305850278208e-41)
147	76,4.00674847585e-41	(147, 3.9954305850278208e-41)
147	63,4.84699886313e-41	(147, 3.9954305850278208e-41)
147	132,7.60695779022e-41	(147, 3.9954305850278208e-41)
147	23,8.19505249094e-41	(147, 3.9954305850278208e-41)
147	61,8.32984211125e-41	(147, 3.9954305850278208e-41)
147	151,8.43632064765e-41	(147, 3.9954305850278208e-41)
147	171,8.50976667341e-41	(147, 3.9954305850278208e-41)
147	18,8.65807930386e-41	(147, 3.9954305850278208e-41)
147	22,8.86697800808e-41	(147, 3.9954305850278208e-41)
148	148,6.01196160976e-41	(148, 6.0119616097568229e-41)
148	17,6.44053160853e-41	(148, 6.0119616097568229e-41)
148	143,8.08409526019e-41	(148, 6.0119616097568229e-41)
148	100,8.77502685925e-41	(148, 6.0119616097568229e-41)
148	90,9.89660301546e-41	(148, 6.0119616097568229e-41)
148	49,1.23942735039e-40	(148, 6.0119616097568229e-41)
148	172,1.35694519107e-40	(148, 6.0119616097568229e-41)
148	112,1.37281308135e-40	(148, 6.0119616097568229e-41)
148	37,1.49118934189e-40	(148, 6.0119616097568229e-41)
148	11,1.53396944604e-40	(148, 6.0119616097568229e-41)
149	149,1.39629224548e-40	(149, 1.3962922454764449e-40)
149	32,2.82050581221e-40	(149, 1.3962922454764449e-40)
149	169,3.07071365878e-40	(149, 1.3962922454764449e-40)
149	33,3.20234865957e-40	(149, 1.3962922454764449e-40)
149	165,4.73390316351e-40	(149, 1.3962922454764449e-40)
149	156,4.73416758001e-40	(149, 1.3962922454764449e-40)
149	111,4.97559028082e-40	(149, 1.3962922454764449e-40)
149	27,5.05340143947e-40	(149, 1.3962922454764449e-40)
149	51,5.09488347218e-40	(149, 1.3962922454764449e-40)
149	131,5.16979741622e-40	(149, 1.3962922454764449e-40)
150	3,4.75160462043e-41	(150, 8.9012614693155801e-41)
150	11,5.664793641e-41	(150, 8.9012614693155801e-41)
150	121,7.02426781186e-41	(150, 8.9012614693155801e-41)
150	162,7.13950368145e-41	(150, 8.9012614693155801e-41)
150	71,7.4669334573e-41	(150, 8.9012614693155801e-41)
150	150,8.90126146932e-41	(150, 8.9012614693155801e-41)
150	86,9.01054077745e-41	(150, 8.9012614693155801e-41)
150	63,9.49685350478e-41	(150, 8.9012614693155801e-41)
150	143,1.02295245413e-40	(150, 8.9012614693155801e-41)
150	126,1.02326603757e-40	(150, 8.9012614693155801e-41)
151	121,4.11286846313e-41	(151, 8.8524987562068969e-41)
151	78,6.644255003e-41	(151, 8.8524987562068969e-41)
151	61,7.12737541279e-41	(151, 8.8524987562068969e-41)
151	22,7.81313343172e-41	(151, 8.8524987562068969e-41)
151	132,8.58538788803e-41	(151, 8.8524987562068969e-41)
151	151,8.85249875621e-41	(151, 8.8524987562068969e-41)
151	23,9.19590289399e-41	(151, 8.8524987562068969e-41)
151	26,9.35529019529e-41	(151, 8.8524987562068969e-41)
151	76,1.0880328756e-40	(151, 8.8524987562068969e-41)
151	18,1.1491960839e-40	(151, 8.8524987562068969e-41)
152	152,8.13485426278e-41	(152, 8.1348542627769705e-41)
152	121,9.62191119097e-41	(152, 8.1348542627769705e-41)
152	18,1.06721725312e-40	(152, 8.1348542627769705e-41)
152	88,1.15154705299e-40	(152, 8.1348542627769705e-41)
152	117,1.16734377645e-40	(152, 8.1348542627769705e-41)
152	35,1.2197168423e-40	(152, 8.1348542627769705e-41)
152	12,1.22230474052e-40	(152, 8.1348542627769705e-41)
152	22,1.30489787432e-40	(152, 8.1348542627769705e-41)
152	139,1.36601701884e-40	(152, 8.1348542627769705e-41)
152	81,1.48631624693e-40	(152, 8.1348542627769705e-41)
153	133,1.45778707925e-40	(153, 2.1102619465345358e-40)
153	153,2.11026194653e-40	(153, 2.1102619465345358e-40)
153	91,2.27267113045e-40	(153, 2.1102619465345358e-40)
153	34,2.3862023418e-40	(153, 2.1102619465345358e-40)
153	130,2.49495862994e-40	(153, 2.1102619465345358e-40)
153	102,2.9328190159e-40	(153, 2.1102619465345358e-40)
153	103,3.05877558693e-40	(153, 2.1102619465345358e-40)
153	28,3.30510897428e-40	(153, 2.1102619465345358e-40)
153	30,3.42699476835e-40	(153, 2.1102619465345358e-40)
153	110,3.5945497382e-40	(153, 2.1102619465345358e-40)
154	154,4.57346511584e-41	(154, 4.5734651158367717e-41)
154	172,1.16217513605e-40	(154, 4.5734651158367717e-41)
154	40,1.28497764552e-40	(154, 4.5734651158367717e-41)
154	174,1.44248383862e-40	(154, 4.5734651158367717e-41)
154	4,1.85484067598e-40	(154, 4.5734651158367717e-41)
154	69,1.85913329712e-40	(154, 4.5734651158367717e-41)
154	116,2.00960749656e-40	(154, 4.5734651158367717e-41)
154	17,2.14785604905e-40	(154, 4.5734651158367717e-41)
154	54,2.19727437513e-40	(154, 4.5734651158367717e-41)
154	56,2.30096069287e-40	(154, 4.5734651158367717e-41)
155	11,7.24860511044e-41	(155, 1.3856764739958151e-40)
155	71,9.45284318261e-41	(155, 1.3856764739958151e-40)
155	162,1.02598660898e-40	(155, 1.3856764739958151e-40)
155	1,1.25830062994e-40	(155, 1.3856764739958151e-40)
155	117,1.29029987458e-40	(155, 1.3856764739958151e-40)
155	121,1.32020061904e-40	(155, 1.3856764739958151e-40)
155	70,1.34575078222e-40	(155, 1.3856764739958151e-40)
155	155,1.385676474e-40	(155, 1.3856764739958151e-40)
155	81,1.45268012708e-40	(155, 1.3856764739958151e-40)
155	21,1.45805989131e-40	(155, 1.3856764739958151e-40)
156	156,1.08276437134e-40	(156, 1.08276437134454e-40)
156	73,1.211059468e-40	(156, 1.08276437134454e-40)
156	144,1.3284880849e-40	(156, 1.08276437134454e-40)
156	109,1.48687700391e-40	(156, 1.08276437134454e-40)
156	50,1.69506927442e-40	(156, 1.08276437134454e-40)
156	93,1.88982670652e-40	(156, 1.08276437134454e-40)
156	116,1.95258171325e-40	(156, 1.08276437134454e-40)
156	131,1.97069833494e-40	(156, 1.08276437134454e-40)
156	157,1.99041491579e-40	(156, 1.08276437134454e-40)
156	128,2.00659916246e-40	(156, 1.08276437134454e-40)
157	73,9.61668258192e-41	(157, 1.3362136717280328e-40)
157	22,1.02967075044e-40	(157, 1.3362136717280328e-40)
157	121,1.15919318266e-40	(157, 1.3362136717280328e-40)
157	3,1.18638476989e-40	(157, 1.3362136717280328e-40)
157	132,1.22719528657e-40	(157, 1.3362136717280328e-40)
157	128,1.26413968704e-40	(157, 1.3362136717280328e-40)
157	78,1.26480292564e-40	(157, 1.3362136717280328e-40)
157	126,1.27427507778e-40	(157, 1.3362136717280328e-40)
157	93,1.27444342905e-40	(157, 1.3362136717280328e-40)
157	12,1.30199226814e-40	(157, 1.3362136717280328e-40)
158	77,5.64113820484e-41	(158, 1.6738486690464622e-40)
158	3,7.23282110955e-41	(158, 1.6738486690464622e-40)
158	171,8.35082117289e-41	(158, 1.6738486690464622e-40)
158	76,8.40023836385e-41	(158, 1.6738486690464622e-40)
158	63,8.46058252158e-41	(158, 1.6738486690464622e-40)
158	147,8.74370456773e-41	(158, 1.6738486690464622e-40)
158	37,9.16954938799e-41	(158, 1.6738486690464622e-40)
158	136,9.40649723e-41	(158, 1.6738486690464622e-40)
158	137,9.61769681752e-41	(158, 1.6738486690464622e-40)
158	132,9.92952990731e-41	(158, 1.6738486690464622e-40)
159	146,5.25039303179e-41	(159, 1.1232932576864209e-40)
159	18,1.01516798245e-40	(159, 1.1232932576864209e-40)
159	81,1.06565561629e-40	(159, 1.1232932576864209e-40)
159	46,1.09210126711e-40	(159, 1.1232932576864209e-40)
159	137,1.11679073164e-40	(159, 1.1232932576864209e-40)
159	159,1.12329325769e-40	(159, 1.1232932576864209e-40)
159	150,1.21250414092e-40	(159, 1.1232932576864209e-40)
159	151,1.25532203416e-40	(159, 1.1232932576864209e-40)
159	36,1.27529039914e-40	(159, 1.1232932576864209e-40)
159	117,1.27826643699e-40	(159, 1.1232932576864209e-40)
160	164,1.48657910181e-40	(160, 7.7872370872721304e-40)
160	27,1.85114195537e-40	(160, 7.7872370872721304e-40)
160	32,2.20345964411e-40	(160, 7.7872370872721304e-40)
160	73,2.25975346257e-40	(160, 7.7872370872721304e-40)
160	109,2.6358496397e-40	(160, 7.7872370872721304e-40)
160	41,2.65746301949e-40	(160, 7.7872370872721304e-40)
160	107,2.66984715681e-40	(160, 7.7872370872721304e-40)
160	43,2.7176215736e-40	(160, 7.7872370872721304e-40)
160	101,2.80667168939e-40	(160, 7.7872370872721304e-40)
160	38,2.85954363477e-40	(160, 7.7872370872721304e-40)
161	161,4.36051409516e-41	(161, 4.3605140951612378e-41)
161	65,1.11240924496e-40	(161, 4.3605140951612378e-41)
161	68,1.33973975701e-40	(161, 4.3605140951612378e-41)
161	44,1.37737439643e-40	(161, 4.3605140951612378e-41)
161	83,1.41007745049e-40	(161, 4.3605140951612378e-41)
161	17,1.53943264548e-40	(161, 4.3605140951612378e-41)
161	155,1.56566010761e-40	(161, 4.3605140951612378e-41)
161	13,1.7755388093e-40	(161, 4.3605140951612378e-41)
161	100,1.78660759806e-40	(161, 4.3605140951612378e-41)
161	1,1.84021042304e-40	(161, 4.3605140951612378e-41)
162	162,5.9811394471e-41	(162, 5.9811394470964677e-41)
162	117,7.10144158003e-41	(162, 5.9811394470964677e-41)
162	90,8.70636552984e-41	(162, 5.9811394470964677e-41)
162	88,9.19245959268e-41	(162, 5.9811394470964677e-41)
162	18,9.33707309143e-41	(162, 5.9811394470964677e-41)
162	147,9.86361501924e-41	(162, 5.9811394470964677e-41)
162	77,9.9100166294e-41	(162, 5.9811394470964677e-41)
162	150,1.01177776031e-40	(162, 5.9811394470964677e-41)
162	76,1.01264494131e-40	(162, 5.9811394470964677e-41)
162	11,1.01690474726e-40	(162, 5.9811394470964677e-41)
163	17,1.13303529215e-40	(163, 1.1863132363085317e-40)
163	163,1.18631323631e-40	(163, 1.1863132363085317e-40)
163	172,1.25064117392e-40	(163, 1.1863132363085317e-40)
163	148,1.33481347267e-40	(163, 1.1863132363085317e-40)
163	40,1.33752591754e-40	(163, 1.1863132363085317e-40)
163	100,1.3596573824e-40	(163, 1.1863132363085317e-40)
163	37,1.37919292066e-40	(163, 1.1863132363085317e-40)
163	3,1.40540962805e-40	(163, 1.1863132363085317e-40)
163	11,1.55303557531e-40	(163, 1.1863132363085317e-40)
163	143,1.58973274123e-40	(163, 1.1863132363085317e-40)
164	27,1.51965982681e-40	(164, 1.7711842000513839e-40)
164	156,1.52073718122e-40	(164, 1.7711842000513839e-40)
164	164,1.77118420005e-40	(164, 1.7711842000513839e-40)
164	32,1.91432245984e-40	(164, 1.7711842000513839e-40)
164	73,2.01896616427e-40	(164, 1.7711842000513839e-40)
164	144,2.14349551315e-40	(164, 1.7711842000513839e-40)
164	107,2.27178791057e-40	(164, 1.7711842000513839e-40)
164	50,2.35058911876e-40	(164, 1.7711842000513839e-40)
164	109,2.58130680062e-40	(164, 1.7711842000513839e-40)
164	131,2.59989989067e-40	(164, 1.7711842000513839e-40)
165	93,1.46010348136e-40	(165, 1.5971652195705594e-40)
165	165,1.59716521957e-40	(165, 1.5971652195705594e-40)
165	116,1.63746346492e-40	(165, 1.5971652195705594e-40)
165	157,1.6477526697e-40	(165, 1.5971652195705594e-40)
165	144,1.84503444163e-40	(165, 1.5971652195705594e-40)
165	73,1.94236111997e-40	(165, 1.5971652195705594e-40)
165	156,2.12910987878e-40	(165, 1.5971652195705594e-40)
165	131,2.13149043411e-40	(165, 1.5971652195705594e-40)
165	124,2.21964209699e-40	(165, 1.5971652195705594e-40)
165	27,2.47202663523e-40	(165, 1.5971652195705594e-40)
166	116,1.48284835416e-40	(166, 2.2762425422381829e-40)
166	124,1.79031199431e-40	(166, 2.2762425422381829e-40)
166	69,1.85354635412e-40	(166, 2.2762425422381829e-40)
166	144,1.90135469753e-40	(166, 2.2762425422381829e-40)
166	140,2.13802945208e-40	(166, 2.2762425422381829e-40)
166	104,2.19568704309e-40	(166, 2.2762425422381829e-40)
166	166,2.27624254224e-40	(166, 2.2762425422381829e-40)
166	93,2.33114699422e-40	(166, 2.2762425422381829e-40)
166	157,2.33931788347e-40	(166, 2.2762425422381829e-40)
166	123,2.3682021081e-40	(166, 2.2762425422381829e-40)
167	39,2.57111980188e-40	(167, 3.0559567456278632e-40)
167	51,2.58866982955e-40	(167, 3.0559567456278632e-40)
167	27,2.68167751053e-40	(167, 3.0559567456278632e-40)
167	19,2.86099822004e-40	(167, 3.0559567456278632e-40)
167	138,2.97790613712e-40	(167, 3.0559567456278632e-40)
167	167,3.05595674563e-40	(167, 3.0559567456278632e-40)
167	32,3.43307931049e-40	(167, 3.0559567456278632e-40)
167	164,3.55514023906e-40	(167, 3.0559567456278632e-40)
167	107,3.94435075339e-40	(167, 3.0559567456278632e-40)
167	99,4.07150818475e-40	(167, 3.0559567456278632e-40)
168	55,1.21052800757e-40	(168, 2.059308163020748e-40)
168	38,1.52068205099e-40	(168, 2.059308163020748e-40)
168	12,1.58549024006e-40	(168, 2.059308163020748e-40)
168	121,1.70052994151e-40	(168, 2.059308163020748e-40)
168	18,1.71374245032e-40	(168, 2.059308163020748e-40)
168	152,1.81931867206e-40	(168, 2.059308163020748e-40)
168	61,1.97379981758e-40	(168, 2.059308163020748e-40)
168	151,1.99212976271e-40	(168, 2.059308163020748e-40)
168	78,1.99431757482e-40	(168, 2.059308163020748e-40)
168	128,2.01317022302e-40	(168, 2.059308163020748e-40)
169	169,1.64376195525e-40	(169, 1.6437619552548723e-40)
169	27,1.96570334055e-40	(169, 1.6437619552548723e-40)
169	99,2.1176356537e-40	(169, 1.6437619552548723e-40)
169	156,2.24345096752e-40	(169, 1.6437619552548723e-40)
169	73,2.26553320364e-40	(169, 1.6437619552548723e-40)
169	41,2.39898615969e-40	(169, 1.6437619552548723e-40)
169	170,2.44909799079e-40	(169, 1.6437619552548723e-40)
169	28,2.60862052457e-40	(169, 1.6437619552548723e-40)
169	19,2.67809484804e-40	(169, 1.6437619552548723e-40)
169	109,2.72472236852e-40	(169, 1.6437619552548723e-40)
170	170,7.57653294797e-41	(170, 7.5765329479654262e-41)
170	99,1.68404272516e-40	(170, 7.5765329479654262e-41)
170	19,2.05817573055e-40	(170, 7.5765329479654262e-41)
170	27,2.19322765207e-40	(170, 7.5765329479654262e-41)
170	144,2.62555757455e-40	(170, 7.5765329479654262e-41)
170	0,2.63785336048e-40	(170, 7.5765329479654262e-41)
170	73,2.75895319218e-40	(170, 7.5765329479654262e-41)
170	114,2.84816451999e-40	(170, 7.5765329479654262e-41)
170	138,2.85086531073e-40	(170, 7.5765329479654262e-41)
170	78,3.04348581873e-40	(170, 7.5765329479654262e-41)
171	27,1.31665938149e-40	(171, 4.8229835764237834e-40)
171	156,1.56055285417e-40	(171, 4.8229835764237834e-40)
171	32,1.76548786913e-40	(171, 4.8229835764237834e-40)
171	107,2.03369102629e-40	(171, 4.8229835764237834e-40)
171	73,2.07727909667e-40	(171, 4.8229835764237834e-40)
171	164,2.23904048768e-40	(171, 4.8229835764237834e-40)
171	19,2.32720948482e-40	(171, 4.8229835764237834e-40)
171	51,2.43012016243e-40	(171, 4.8229835764237834e-40)
171	39,2.43633182951e-40	(171, 4.8229835764237834e-40)
171	99,2.48763006684e-40	(171, 4.8229835764237834e-40)
172	172,3.80944021275e-41	(172, 3.809440212747702e-41)
172	137,8.33550652187e-41	(172, 3.809440212747702e-41)
172	77,8.7724064279e-41	(172, 3.809440212747702e-41)
172	90,9.44889321707e-41	(172, 3.809440212747702e-41)
172	3,9.49878063212e-41	(172, 3.809440212747702e-41)
172	81,1.01718119259e-40	(172, 3.809440212747702e-41)
172	147,1.11972365549e-40	(172, 3.809440212747702e-41)
172	171,1.1222529806e-40	(172, 3.809440212747702e-41)
172	37,1.12367209219e-40	(172, 3.809440212747702e-41)
172	17,1.26459449541e-40	(172, 3.809440212747702e-41)
173	107,1.35232496384e-40	(173, 2.4619506420844298e-40)
173	158,1.55103231732e-40	(173, 2.4619506420844298e-40)
173	38,1.58896644445e-40	(173, 2.4619506420844298e-40)
173	24,1.74640846799e-40	(173, 2.4619506420844298e-40)
173	27,1.78074800463e-40	(173, 2.4619506420844298e-40)
173	61,1.90503258763e-40	(173, 2.4619506420844298e-40)
173	78,1.91860905238e-40	(173, 2.4619506420844298e-40)
173	128,2.13374367417e-40	(173, 2.4619506420844298e-40)
173	138,2.18253251422e-40	(173, 2.4619506420844298e-40)
173	87,2.24729873078e-40	(173, 2.4619506420844298e-40)
174	174,7.37916284742e-41	(174, 7.3791628474200289e-41)
174	56,9.71670621981e-41	(174, 7.3791628474200289e-41)
174	15,1.20554800744e-40	(174, 7.3791628474200289e-41)
174	17,1.26712083012e-40	(174, 7.3791628474200289e-41)
174	120,1.29546724696e-40	(174, 7.3791628474200289e-41)
174	4,1.61783351503e-40	(174, 7.3791628474200289e-41)
174	2,1.67869282135e-40	(174, 7.3791628474200289e-41)
174	69,1.84267593118e-40	(174, 7.3791628474200289e-41)
174	154,1.85467731698e-40	(174, 7.3791628474200289e-41)
174	172,1.88791261155e-40	(174, 7.3791628474200289e-41)
