0	0,0.000682293264828	(0, 0.00068229326482789057)
0	99,0.00169387882642	(0, 0.00068229326482789057)
0	38,0.00172655136303	(0, 0.00068229326482789057)
0	170,0.00173968363317	(0, 0.00068229326482789057)
0	84,0.00188844304149	(0, 0.00068229326482789057)
0	109,0.00197354638191	(0, 0.00068229326482789057)
0	144,0.0019754985039	(0, 0.00068229326482789057)
0	78,0.00201261183808	(0, 0.00068229326482789057)
0	128,0.00217559230112	(0, 0.00068229326482789057)
0	173,0.00217667073742	(0, 0.00068229326482789057)
1	1,0.000566156701223	(1, 0.00056615670122304117)
1	103,0.000812232477393	(1, 0.00056615670122304117)
1	102,0.00104705465008	(1, 0.00056615670122304117)
1	28,0.00112842258448	(1, 0.00056615670122304117)
1	91,0.00115133770384	(1, 0.00056615670122304117)
1	114,0.00117675817438	(1, 0.00056615670122304117)
1	153,0.00121797012227	(1, 0.00056615670122304117)
1	155,0.00127898475757	(1, 0.00056615670122304117)
1	41,0.00133351511712	(1, 0.00056615670122304117)
1	26,0.00134902597656	(1, 0.00056615670122304117)
2	154,0.000575941931493	(2, 0.0012867892555842163)
2	4,0.000807085307941	(2, 0.0012867892555842163)
2	69,0.000948559226136	(2, 0.0012867892555842163)
2	40,0.000979428661329	(2, 0.0012867892555842163)
2	174,0.00102696447038	(2, 0.0012867892555842163)
2	172,0.00111042278567	(2, 0.0012867892555842163)
2	2,0.00128678925558	(2, 0.0012867892555842163)
2	25,0.00150395253024	(2, 0.0012867892555842163)
2	116,0.00154495545141	(2, 0.0012867892555842163)
2	48,0.00157317128642	(2, 0.0012867892555842163)
3	3,0.000305162493798	(3, 0.00030516249379823542)
3	63,0.000383353448508	(3, 0.00030516249379823542)
3	132,0.000529444083993	(3, 0.00030516249379823542)
3	81,0.000537270099736	(3, 0.00030516249379823542)
3	121,0.000573555349236	(3, 0.00030516249379823542)
3	147,0.000590680728335	(3, 0.00030516249379823542)
3	162,0.000606322812936	(3, 0.00030516249379823542)
3	11,0.000609274079764	(3, 0.00030516249379823542)
3	76,0.000636034919862	(3, 0.00030516249379823542)
3	151,0.000668315446017	(3, 0.00030516249379823542)
4	172,0.000456441704671	(4, 0.00081572989368589607)
4	17,0.000625938295111	(4, 0.00081572989368589607)
4	40,0.000666002635263	(4, 0.00081572989368589607)
4	37,0.000712340373016	(4, 0.00081572989368589607)
4	77,0.000778502659554	(4, 0.00081572989368589607)
4	69,0.000779895892766	(4, 0.00081572989368589607)
4	13,0.000797593072455	(4, 0.00081572989368589607)
4	4,0.000815729893686	(4, 0.00081572989368589607)
4	3,0.000822115384111	(4, 0.00081572989368589607)
4	11,0.00092271286392	(4, 0.00081572989368589607)
5	73,0.000443369017293	(5, 0.0026289236603270812)
5	128,0.00103243334941	(5, 0.0026289236603270812)
5	78,0.0011410308522	(5, 0.0026289236603270812)
5	124,0.00114458579647	(5, 0.0026289236603270812)
5	93,0.00116204918016	(5, 0.0026289236603270812)
5	22,0.00117872699971	(5, 0.0026289236603270812)
5	26,0.00126144477095	(5, 0.0026289236603270812)
5	158,0.00126860476823	(5, 0.0026289236603270812)
5	107,0.001278941859	(5, 0.0026289236603270812)
5	121,0.00129437216832	(5, 0.0026289236603270812)
6	139,0.000404477447978	(6, 0.00051621292148900625)
6	46,0.000440958180176	(6, 0.00051621292148900625)
6	6,0.000516212921489	(6, 0.00051621292148900625)
6	76,0.000564374524071	(6, 0.00051621292148900625)
6	171,0.000681588927294	(6, 0.00051621292148900625)
6	18,0.000688906383446	(6, 0.00051621292148900625)
6	35,0.000709036089214	(6, 0.00051621292148900625)
6	158,0.000733792644114	(6, 0.00051621292148900625)
6	22,0.00075025198932	(6, 0.00051621292148900625)
6	132,0.000773060638515	(6, 0.00051621292148900625)
7	66,0.00292480774443	(7, 0.0055898368437772433)
7	167,0.00368986439719	(7, 0.0055898368437772433)
7	80,0.00396646971717	(7, 0.0055898368437772433)
7	51,0.00412768746947	(7, 0.0055898368437772433)
7	32,0.00413581488597	(7, 0.0055898368437772433)
7	169,0.00447066429045	(7, 0.0055898368437772433)
7	149,0.00480717530248	(7, 0.0055898368437772433)
7	133,0.00500144951577	(7, 0.0055898368437772433)
7	160,0.00510314128545	(7, 0.0055898368437772433)
7	7,0.00558983684378	(7, 0.0055898368437772433)
8	11,0.00065012283435	(8, 0.0010551592955557946)
8	121,0.000749050868395	(8, 0.0010551592955557946)
8	73,0.000837619115389	(8, 0.0010551592955557946)
8	162,0.000959479922078	(8, 0.0010551592955557946)
8	18,0.000974782407473	(8, 0.0010551592955557946)
8	71,0.000981370107802	(8, 0.0010551592955557946)
8	81,0.000992475040435	(8, 0.0010551592955557946)
8	151,0.00105295687344	(8, 0.0010551592955557946)
8	8,0.00105515929556	(8, 0.0010551592955557946)
8	78,0.00105709669881	(8, 0.0010551592955557946)
9	9,0.00094880783103	(9, 0.00094880783102975345)
9	155,0.00188266500458	(9, 0.00094880783102975345)
9	114,0.00216909450578	(9, 0.00094880783102975345)
9	124,0.00253054269526	(9, 0.00094880783102975345)
9	53,0.00256288618769	(9, 0.00094880783102975345)
9	91,0.00258546662268	(9, 0.00094880783102975345)
9	65,0.00281590157435	(9, 0.00094880783102975345)
9	41,0.0029325456734	(9, 0.00094880783102975345)
9	28,0.00328444891336	(9, 0.00094880783102975345)
9	1,0.00345262173038	(9, 0.00094880783102975345)
10	10,0.0014549280367	(10, 0.0014549280366951379)
10	47,0.00248399676531	(10, 0.0014549280366951379)
10	167,0.00274939966592	(10, 0.0014549280366951379)
10	84,0.00284432843561	(10, 0.0014549280366951379)
10	72,0.00313601494206	(10, 0.0014549280366951379)
10	99,0.00323018260045	(10, 0.0014549280366951379)
10	166,0.00338529051021	(10, 0.0014549280366951379)
10	14,0.003566002813	(10, 0.0014549280366951379)
10	173,0.0036037550324	(10, 0.0014549280366951379)
10	27,0.00365150285291	(10, 0.0014549280366951379)
11	11,0.000416081016556	(11, 0.00041608101655586703)
11	119,0.000573087247577	(11, 0.00041608101655586703)
11	81,0.000632364550653	(11, 0.00041608101655586703)
11	3,0.000810892840697	(11, 0.00041608101655586703)
11	115,0.000820935943616	(11, 0.00041608101655586703)
11	96,0.000872064860685	(11, 0.00041608101655586703)
11	37,0.000887175521215	(11, 0.00041608101655586703)
11	143,0.00103157928942	(11, 0.00041608101655586703)
11	124,0.0010520909738	(11, 0.00041608101655586703)
11	86,0.00106268380779	(11, 0.00041608101655586703)
12	22,0.000349063675397	(12, 0.00052669783820301743)
12	121,0.000451030176638	(12, 0.00052669783820301743)
12	126,0.000497991483273	(12, 0.00052669783820301743)
12	12,0.000526697838203	(12, 0.00052669783820301743)
12	76,0.000530274144095	(12, 0.00052669783820301743)
12	151,0.000559786432077	(12, 0.00052669783820301743)
12	78,0.000582767713753	(12, 0.00052669783820301743)
12	18,0.000585029130323	(12, 0.00052669783820301743)
12	158,0.000614241563944	(12, 0.00052669783820301743)
12	128,0.000622317516721	(12, 0.00052669783820301743)
13	11,0.000465591336532	(13, 0.00082216958689410253)
13	162,0.00050767170311	(13, 0.00082216958689410253)
13	3,0.000514703487971	(13, 0.00082216958689410253)
13	172,0.000551106517458	(13, 0.00082216958689410253)
13	37,0.000600730932289	(13, 0.00082216958689410253)
13	90,0.000611940907966	(13, 0.00082216958689410253)
13	77,0.000620515433177	(13, 0.00082216958689410253)
13	17,0.000624650700276	(13, 0.00082216958689410253)
13	81,0.00062469088693	(13, 0.00082216958689410253)
13	136,0.000628966017951	(13, 0.00082216958689410253)
14	14,0.000565419177354	(14, 0.00056541917735446711)
14	72,0.000877041826949	(14, 0.00056541917735446711)
14	159,0.000983944477072	(14, 0.00056541917735446711)
14	144,0.0010061571865	(14, 0.00056541917735446711)
14	145,0.001022042126	(14, 0.00056541917735446711)
14	109,0.00109714013837	(14, 0.00056541917735446711)
14	12,0.00117019422266	(14, 0.00056541917735446711)
14	38,0.00117947564721	(14, 0.00056541917735446711)
14	84,0.00119625833254	(14, 0.00056541917735446711)
14	123,0.00140827549149	(14, 0.00056541917735446711)
15	17,0.000466467774317	(15, 0.00048510935650385666)
15	15,0.000485109356504	(15, 0.00048510935650385666)
15	172,0.000735786397362	(15, 0.00048510935650385666)
15	77,0.000757466975449	(15, 0.00048510935650385666)
15	4,0.00076089008796	(15, 0.00048510935650385666)
15	69,0.00079720844313	(15, 0.00048510935650385666)
15	174,0.000823565647798	(15, 0.00048510935650385666)
15	100,0.000856200464374	(15, 0.00048510935650385666)
15	40,0.000870049460678	(15, 0.00048510935650385666)
15	161,0.000894971680606	(15, 0.00048510935650385666)
16	16,0.000911409067921	(16, 0.00091140906792073464)
16	170,0.00119493538309	(16, 0.00091140906792073464)
16	140,0.00133313167899	(16, 0.00091140906792073464)
16	0,0.00146998610165	(16, 0.00091140906792073464)
16	134,0.00150729183423	(16, 0.00091140906792073464)
16	109,0.00152901670734	(16, 0.00091140906792073464)
16	114,0.00153164631185	(16, 0.00091140906792073464)
16	101,0.00159687153815	(16, 0.00091140906792073464)
16	144,0.00164707492737	(16, 0.00091140906792073464)
16	19,0.00165979099484	(16, 0.00091140906792073464)
17	17,0.000254765016918	(17, 0.00025476501691841226)
17	172,0.000472704559594	(17, 0.00025476501691841226)
17	77,0.000667393026736	(17, 0.00025476501691841226)
17	143,0.000672437559914	(17, 0.00025476501691841226)
17	100,0.000677139751836	(17, 0.00025476501691841226)
17	37,0.000712943161103	(17, 0.00025476501691841226)
17	136,0.000757552176631	(17, 0.00025476501691841226)
17	90,0.000776114428825	(17, 0.00025476501691841226)
17	49,0.000810287376873	(17, 0.00025476501691841226)
17	148,0.000880762607083	(17, 0.00025476501691841226)
18	18,0.000356705532476	(18, 0.00035670553247563717)
18	121,0.00041808275707	(18, 0.00035670553247563717)
18	22,0.00052618572691	(18, 0.00035670553247563717)
18	88,0.000530231651665	(18, 0.00035670553247563717)
18	139,0.000549153312518	(18, 0.00035670553247563717)
18	76,0.000565302737671	(18, 0.00035670553247563717)
18	35,0.000576077860003	(18, 0.00035670553247563717)
18	151,0.000590302619232	(18, 0.00035670553247563717)
18	132,0.000608150575229	(18, 0.00035670553247563717)
18	61,0.000619470381371	(18, 0.00035670553247563717)
19	19,0.00122765271326	(19, 0.0012276527132576809)
19	27,0.00126990315333	(19, 0.0012276527132576809)
19	43,0.00135312491948	(19, 0.0012276527132576809)
19	32,0.00147517784878	(19, 0.0012276527132576809)
19	99,0.0016260572816	(19, 0.0012276527132576809)
19	164,0.0017695336815	(19, 0.0012276527132576809)
19	107,0.00187644556005	(19, 0.0012276527132576809)
19	39,0.00203861375936	(19, 0.0012276527132576809)
19	101,0.00207739700746	(19, 0.0012276527132576809)
19	84,0.0021629691047	(19, 0.0012276527132576809)
20	73,0.000775123266249	(20, 0.00094891271565218855)
20	124,0.000789869233316	(20, 0.00094891271565218855)
20	20,0.000948912715652	(20, 0.00094891271565218855)
20	93,0.00112138516278	(20, 0.00094891271565218855)
20	1,0.00116358132739	(20, 0.00094891271565218855)
20	128,0.00124893138778	(20, 0.00094891271565218855)
20	89,0.00125374136208	(20, 0.00094891271565218855)
20	157,0.00138314469892	(20, 0.00094891271565218855)
20	101,0.00139354086335	(20, 0.00094891271565218855)
20	109,0.00141039582965	(20, 0.00094891271565218855)
21	71,0.000395380626883	(21, 0.00075941837336846037)
21	162,0.000496303389572	(21, 0.00075941837336846037)
21	11,0.000533585746947	(21, 0.00075941837336846037)
21	117,0.000564917366418	(21, 0.00075941837336846037)
21	121,0.000583482074822	(21, 0.00075941837336846037)
21	21,0.000759418373368	(21, 0.00075941837336846037)
21	23,0.000770442352407	(21, 0.00075941837336846037)
21	76,0.000792997404427	(21, 0.00075941837336846037)
21	1,0.000810562265407	(21, 0.00075941837336846037)
21	135,0.000819595855302	(21, 0.00075941837336846037)
22	139,0.00044641147258	(22, 0.00054137387180864572)
22	46,0.00044985597001	(22, 0.00054137387180864572)
22	76,0.000478969890091	(22, 0.00054137387180864572)
22	117,0.000517290591758	(22, 0.00054137387180864572)
22	22,0.000541373871809	(22, 0.00054137387180864572)
22	18,0.000561047234596	(22, 0.00054137387180864572)
22	3,0.000584400820344	(22, 0.00054137387180864572)
22	132,0.000587980392788	(22, 0.00054137387180864572)
22	63,0.000628188747327	(22, 0.00054137387180864572)
22	121,0.000655955110557	(22, 0.00054137387180864572)
23	23,0.000353516944021	(23, 0.00035351694402095598)
23	61,0.000451229254216	(23, 0.00035351694402095598)
23	121,0.000765547642783	(23, 0.00035351694402095598)
23	63,0.000805804041448	(23, 0.00035351694402095598)
23	162,0.000809128271101	(23, 0.00035351694402095598)
23	76,0.000837832833149	(23, 0.00035351694402095598)
23	147,0.00085584031374	(23, 0.00035351694402095598)
23	135,0.0009112796978	(23, 0.00035351694402095598)
23	71,0.000943776957533	(23, 0.00035351694402095598)
23	26,0.000947155010506	(23, 0.00035351694402095598)
24	24,0.000555255986629	(24, 0.00055525598662934056)
24	107,0.000918106614581	(24, 0.00055525598662934056)
24	61,0.001013917833	(24, 0.00055525598662934056)
24	27,0.00102303713167	(24, 0.00055525598662934056)
24	158,0.00116645666108	(24, 0.00055525598662934056)
24	135,0.00120666469737	(24, 0.00055525598662934056)
24	23,0.00120769815544	(24, 0.00055525598662934056)
24	12,0.00121965539752	(24, 0.00055525598662934056)
24	73,0.00128381383773	(24, 0.00055525598662934056)
24	76,0.0012864614335	(24, 0.00055525598662934056)
25	69,0.000450695466256	(25, 0.00056533291341121211)
25	25,0.000565332913411	(25, 0.00056533291341121211)
25	40,0.000621128459635	(25, 0.00056533291341121211)
25	148,0.000687952958443	(25, 0.00056533291341121211)
25	4,0.000761347530498	(25, 0.00056533291341121211)
25	15,0.000802588875165	(25, 0.00056533291341121211)
25	79,0.00105344154601	(25, 0.00056533291341121211)
25	17,0.00114132722728	(25, 0.00056533291341121211)
25	172,0.0011530192458	(25, 0.00056533291341121211)
25	154,0.00117971405385	(25, 0.00056533291341121211)
26	63,0.000391679138326	(26, 0.0010091749726358467)
26	18,0.000425991288979	(26, 0.0010091749726358467)
26	121,0.000447678300784	(26, 0.0010091749726358467)
26	76,0.000451711631057	(26, 0.0010091749726358467)
26	147,0.000492076914394	(26, 0.0010091749726358467)
26	11,0.000496959644993	(26, 0.0010091749726358467)
26	162,0.00050017703158	(26, 0.0010091749726358467)
26	117,0.000520262505743	(26, 0.0010091749726358467)
26	151,0.000542155697322	(26, 0.0010091749726358467)
26	3,0.000554097100813	(26, 0.0010091749726358467)
27	61,0.000960217807916	(27, 0.0010477498567251181)
27	73,0.00101478255863	(27, 0.0010477498567251181)
27	78,0.00104498177287	(27, 0.0010477498567251181)
27	27,0.00104774985673	(27, 0.0010477498567251181)
27	26,0.00115126847581	(27, 0.0010477498567251181)
27	121,0.00115227709037	(27, 0.0010477498567251181)
27	23,0.001181355855	(27, 0.0010477498567251181)
27	107,0.00120118903533	(27, 0.0010477498567251181)
27	101,0.00125126391658	(27, 0.0010477498567251181)
27	170,0.00125739169231	(27, 0.0010477498567251181)
28	1,0.000905796198567	(28, 0.001062967529119702)
28	73,0.00095152628669	(28, 0.001062967529119702)
28	13,0.000976517632475	(28, 0.001062967529119702)
28	28,0.00106296752912	(28, 0.001062967529119702)
28	124,0.0010678502402	(28, 0.001062967529119702)
28	157,0.00107532915423	(28, 0.001062967529119702)
28	3,0.00112749142661	(28, 0.001062967529119702)
28	83,0.00118895910484	(28, 0.001062967529119702)
28	53,0.00121114889514	(28, 0.001062967529119702)
28	93,0.00123077163947	(28, 0.001062967529119702)
29	29,0.000543353466678	(29, 0.00054335346667811727)
29	135,0.000710481241157	(29, 0.00054335346667811727)
29	77,0.000743376743682	(29, 0.00054335346667811727)
29	71,0.000765535451035	(29, 0.00054335346667811727)
29	73,0.000914977559415	(29, 0.00054335346667811727)
29	76,0.000939008758453	(29, 0.00054335346667811727)
29	22,0.000977754098922	(29, 0.00054335346667811727)
29	137,0.00101656046885	(29, 0.00054335346667811727)
29	13,0.00101996386691	(29, 0.00054335346667811727)
29	11,0.00102045894414	(29, 0.00054335346667811727)
30	30,0.00124716766822	(30, 0.0012471676682186488)
30	91,0.00156776318192	(30, 0.0012471676682186488)
30	103,0.00160683396256	(30, 0.0012471676682186488)
30	28,0.00184815832146	(30, 0.0012471676682186488)
30	1,0.0019964807296	(30, 0.0012471676682186488)
30	53,0.00201849249873	(30, 0.0012471676682186488)
30	153,0.0020776611973	(30, 0.0012471676682186488)
30	133,0.00210813017029	(30, 0.0012471676682186488)
30	102,0.00213169411565	(30, 0.0012471676682186488)
30	51,0.00213645587632	(30, 0.0012471676682186488)
31	166,0.000987826065487	(31, 0.0016058683400079388)
31	72,0.00148267304078	(31, 0.0016058683400079388)
31	31,0.00160586834001	(31, 0.0016058683400079388)
31	116,0.00177970343005	(31, 0.0016058683400079388)
31	144,0.00189241919382	(31, 0.0016058683400079388)
31	124,0.00196066681239	(31, 0.0016058683400079388)
31	131,0.00203498198829	(31, 0.0016058683400079388)
31	104,0.00210360969055	(31, 0.0016058683400079388)
31	69,0.00220728995925	(31, 0.0016058683400079388)
31	123,0.00225767517746	(31, 0.0016058683400079388)
32	156,0.0010700180977	(32, 0.0014587858800348043)
32	73,0.00119399965257	(32, 0.0014587858800348043)
32	27,0.00134335686819	(32, 0.0014587858800348043)
32	107,0.00139184280235	(32, 0.0014587858800348043)
32	50,0.00144433365173	(32, 0.0014587858800348043)
32	32,0.00145878588003	(32, 0.0014587858800348043)
32	12,0.00159853322961	(32, 0.0014587858800348043)
32	144,0.00164264945347	(32, 0.0014587858800348043)
32	131,0.0016469049947	(32, 0.0014587858800348043)
32	109,0.00165914126726	(32, 0.0014587858800348043)
33	33,0.0011166048258	(33, 0.0011166048257979422)
33	69,0.00125527801191	(33, 0.0011166048257979422)
33	28,0.00144489630669	(33, 0.0011166048257979422)
33	40,0.00146566683176	(33, 0.0011166048257979422)
33	4,0.00154328425789	(33, 0.0011166048257979422)
33	116,0.00156052993117	(33, 0.0011166048257979422)
33	30,0.00156989771021	(33, 0.0011166048257979422)
33	73,0.00158124342502	(33, 0.0011166048257979422)
33	93,0.00159966536543	(33, 0.0011166048257979422)
33	124,0.00172823485479	(33, 0.0011166048257979422)
34	17,0.000580955323343	(34, 0.0014999552088594797)
34	15,0.000687884663016	(34, 0.0014999552088594797)
34	40,0.00075260411025	(34, 0.0014999552088594797)
34	69,0.000765893836284	(34, 0.0014999552088594797)
34	172,0.000771993937157	(34, 0.0014999552088594797)
34	83,0.000783564509746	(34, 0.0014999552088594797)
34	4,0.000841725508522	(34, 0.0014999552088594797)
34	148,0.000848297062215	(34, 0.0014999552088594797)
34	120,0.00086253322431	(34, 0.0014999552088594797)
34	161,0.000907599542827	(34, 0.0014999552088594797)
35	35,0.000396236899826	(35, 0.00039623689982637872)
35	88,0.000655579604126	(35, 0.00039623689982637872)
35	18,0.000716348078943	(35, 0.00039623689982637872)
35	12,0.000800777147628	(35, 0.00039623689982637872)
35	139,0.000844108417522	(35, 0.00039623689982637872)
35	38,0.000879919537493	(35, 0.00039623689982637872)
35	22,0.000912250770004	(35, 0.00039623689982637872)
35	128,0.000915412503715	(35, 0.00039623689982637872)
35	158,0.000916407425707	(35, 0.00039623689982637872)
35	152,0.000932912312053	(35, 0.00039623689982637872)
36	76,0.000272166055056	(36, 0.00030440169079990609)
36	46,0.0002881957072	(36, 0.00030440169079990609)
36	147,0.000292716606064	(36, 0.00030440169079990609)
36	36,0.0003044016908	(36, 0.00030440169079990609)
36	18,0.000420485953974	(36, 0.00030440169079990609)
36	63,0.000428281529121	(36, 0.00030440169079990609)
36	171,0.000437096505317	(36, 0.00030440169079990609)
36	137,0.00059467086158	(36, 0.00030440169079990609)
36	139,0.000680749110235	(36, 0.00030440169079990609)
36	22,0.000691238123936	(36, 0.00030440169079990609)
37	37,0.000469086167198	(37, 0.00046908616719753681)
37	11,0.000570652962745	(37, 0.00046908616719753681)
37	3,0.000598527666157	(37, 0.00046908616719753681)
37	100,0.00060048672955	(37, 0.00046908616719753681)
37	77,0.000646117131424	(37, 0.00046908616719753681)
37	90,0.000694979348155	(37, 0.00046908616719753681)
37	17,0.000772276322657	(37, 0.00046908616719753681)
37	143,0.000788137479131	(37, 0.00046908616719753681)
37	21,0.000822181287826	(37, 0.00046908616719753681)
37	136,0.000903176087485	(37, 0.00046908616719753681)
38	38,0.000449376054216	(38, 0.00044937605421583633)
38	55,0.000805862856708	(38, 0.00044937605421583633)
38	12,0.000850025526262	(38, 0.00044937605421583633)
38	14,0.000917048899345	(38, 0.00044937605421583633)
38	43,0.00116266649775	(38, 0.00044937605421583633)
38	50,0.00129554571157	(38, 0.00044937605421583633)
38	128,0.00131373373592	(38, 0.00044937605421583633)
38	105,0.00133334691613	(38, 0.00044937605421583633)
38	0,0.00133389575616	(38, 0.00044937605421583633)
38	159,0.00137186476688	(38, 0.00044937605421583633)
39	39,0.00121362868458	(39, 0.0012136286845771409)
39	156,0.00145942200267	(39, 0.0012136286845771409)
39	84,0.00151306794207	(39, 0.0012136286845771409)
39	99,0.00183554671285	(39, 0.0012136286845771409)
39	138,0.00184143198708	(39, 0.0012136286845771409)
39	51,0.00197413582152	(39, 0.0012136286845771409)
39	93,0.00198518841567	(39, 0.0012136286845771409)
39	27,0.00199858524798	(39, 0.0012136286845771409)
39	67,0.00201631506446	(39, 0.0012136286845771409)
39	107,0.0020178674403	(39, 0.0012136286845771409)
40	40,0.000314500653708	(40, 0.00031450065370801318)
40	69,0.000531157281115	(40, 0.00031450065370801318)
40	4,0.00069928109198	(40, 0.00031450065370801318)
40	79,0.000715434128516	(40, 0.00031450065370801318)
40	172,0.000718106141781	(40, 0.00031450065370801318)
40	15,0.0007392872185	(40, 0.00031450065370801318)
40	25,0.00074101906089	(40, 0.00031450065370801318)
40	148,0.000791368006336	(40, 0.00031450065370801318)
40	17,0.000792239740326	(40, 0.00031450065370801318)
40	77,0.000941046485064	(40, 0.00031450065370801318)
41	41,0.000619140760298	(41, 0.00061914076029816135)
41	155,0.00117473862461	(41, 0.00061914076029816135)
41	1,0.00124647128184	(41, 0.00061914076029816135)
41	20,0.00145956127278	(41, 0.00061914076029816135)
41	103,0.00165617044159	(41, 0.00061914076029816135)
41	102,0.00172162618142	(41, 0.00061914076029816135)
41	29,0.00181457051043	(41, 0.00061914076029816135)
41	114,0.00182202828233	(41, 0.00061914076029816135)
41	68,0.00186634542792	(41, 0.00061914076029816135)
41	91,0.00187097944464	(41, 0.00061914076029816135)
42	69,0.00148344787416	(42, 0.0038954883555106304)
42	163,0.00172541045139	(42, 0.0038954883555106304)
42	28,0.00198698221915	(42, 0.0038954883555106304)
42	34,0.00199090005344	(42, 0.0038954883555106304)
42	53,0.0020195149505	(42, 0.0038954883555106304)
42	4,0.00218003406064	(42, 0.0038954883555106304)
42	118,0.00218867217833	(42, 0.0038954883555106304)
42	25,0.00220306101471	(42, 0.0038954883555106304)
42	40,0.00221650431297	(42, 0.0038954883555106304)
42	140,0.00227746076352	(42, 0.0038954883555106304)
43	12,0.000545779489934	(43, 0.0011287416084176292)
43	22,0.000578837882211	(43, 0.0011287416084176292)
43	121,0.000636441460167	(43, 0.0011287416084176292)
43	61,0.00066495001644	(43, 0.0011287416084176292)
43	128,0.000707435069988	(43, 0.0011287416084176292)
43	18,0.000725384285986	(43, 0.0011287416084176292)
43	78,0.000728212010076	(43, 0.0011287416084176292)
43	158,0.000748854050089	(43, 0.0011287416084176292)
43	107,0.000749534701178	(43, 0.0011287416084176292)
43	76,0.000751311171657	(43, 0.0011287416084176292)
44	124,0.000722714241889	(44, 0.0029256738977468358)
44	109,0.000964994344589	(44, 0.0029256738977468358)
44	73,0.000967449797888	(44, 0.0029256738977468358)
44	116,0.00103735886954	(44, 0.0029256738977468358)
44	93,0.00108665408347	(44, 0.0029256738977468358)
44	144,0.00119277593142	(44, 0.0029256738977468358)
44	84,0.00136681364536	(44, 0.0029256738977468358)
44	123,0.00138460452617	(44, 0.0029256738977468358)
44	159,0.00139319758201	(44, 0.0029256738977468358)
44	12,0.00143639352571	(44, 0.0029256738977468358)
45	45,0.00119195526754	(45, 0.0011919552675356555)
45	130,0.00163179474024	(45, 0.0011919552675356555)
45	94,0.00201381416234	(45, 0.0011919552675356555)
45	129,0.00218457741107	(45, 0.0011919552675356555)
45	133,0.0022418165916	(45, 0.0011919552675356555)
45	98,0.00228532665205	(45, 0.0011919552675356555)
45	53,0.00228925101496	(45, 0.0011919552675356555)
45	83,0.0023184768986	(45, 0.0011919552675356555)
45	91,0.0023372986429	(45, 0.0011919552675356555)
45	15,0.00239134635907	(45, 0.0011919552675356555)
46	46,0.000230699873825	(46, 0.00023069987382452558)
46	36,0.000339029467572	(46, 0.00023069987382452558)
46	171,0.000397303717416	(46, 0.00023069987382452558)
46	137,0.000429059721866	(46, 0.00023069987382452558)
46	76,0.000432641109894	(46, 0.00023069987382452558)
46	147,0.000566893918445	(46, 0.00023069987382452558)
46	63,0.000604020390844	(46, 0.00023069987382452558)
46	18,0.000640215449514	(46, 0.00023069987382452558)
46	139,0.000665838699651	(46, 0.00023069987382452558)
46	146,0.000673395555608	(46, 0.00023069987382452558)
47	99,0.00158106566019	(47, 0.0022033729841868304)
47	27,0.00163873745933	(47, 0.0022033729841868304)
47	43,0.00189692992437	(47, 0.0022033729841868304)
47	19,0.00196441133538	(47, 0.0022033729841868304)
47	10,0.00197789112669	(47, 0.0022033729841868304)
47	84,0.00214154886097	(47, 0.0022033729841868304)
47	47,0.00220337298419	(47, 0.0022033729841868304)
47	167,0.00232412082302	(47, 0.0022033729841868304)
47	138,0.00236130927136	(47, 0.0022033729841868304)
47	0,0.00242585581404	(47, 0.0022033729841868304)
48	48,0.000831884670834	(48, 0.00083188467083396994)
48	69,0.000853673221838	(48, 0.00083188467083396994)
48	120,0.000924874558476	(48, 0.00083188467083396994)
48	97,0.000946532436589	(48, 0.00083188467083396994)
48	56,0.000960949062401	(48, 0.00083188467083396994)
48	40,0.00100742997194	(48, 0.00083188467083396994)
48	154,0.0012055847826	(48, 0.00083188467083396994)
48	174,0.00120716053301	(48, 0.00083188467083396994)
48	124,0.0012641018009	(48, 0.00083188467083396994)
48	4,0.00127960547648	(48, 0.00083188467083396994)
49	49,0.000599286039456	(49, 0.00059928603945597634)
49	59,0.000777052770597	(49, 0.00059928603945597634)
49	77,0.000888311465986	(49, 0.00059928603945597634)
49	100,0.000893021752634	(49, 0.00059928603945597634)
49	98,0.000918332502793	(49, 0.00059928603945597634)
49	15,0.000928767746285	(49, 0.00059928603945597634)
49	172,0.000966706119506	(49, 0.00059928603945597634)
49	17,0.00102233952301	(49, 0.00059928603945597634)
49	83,0.00116403888372	(49, 0.00059928603945597634)
49	37,0.00116912435734	(49, 0.00059928603945597634)
50	50,0.00043792104064	(50, 0.00043792104063968744)
50	12,0.000738455921346	(50, 0.00043792104063968744)
50	107,0.000987097856078	(50, 0.00043792104063968744)
50	128,0.00100243311092	(50, 0.00043792104063968744)
50	22,0.00104561859256	(50, 0.00043792104063968744)
50	35,0.00107289578442	(50, 0.00043792104063968744)
50	76,0.00109567531153	(50, 0.00043792104063968744)
50	46,0.00109977002287	(50, 0.00043792104063968744)
50	159,0.00110872097453	(50, 0.00043792104063968744)
50	158,0.00113393254593	(50, 0.00043792104063968744)
51	124,0.000600205294347	(51, 0.0029035884103762385)
51	73,0.00081791275786	(51, 0.0029035884103762385)
51	93,0.000982052341582	(51, 0.0029035884103762385)
51	155,0.00100660538282	(51, 0.0029035884103762385)
51	53,0.00115384924561	(51, 0.0029035884103762385)
51	157,0.00118519932699	(51, 0.0029035884103762385)
51	28,0.00120585431968	(51, 0.0029035884103762385)
51	116,0.00120692512213	(51, 0.0029035884103762385)
51	1,0.00134939991426	(51, 0.0029035884103762385)
51	120,0.00137776332798	(51, 0.0029035884103762385)
52	53,0.00103225570059	(52, 0.0029935215095360235)
52	44,0.00124896425632	(52, 0.0029935215095360235)
52	124,0.00139890233696	(52, 0.0029935215095360235)
52	155,0.00141340768948	(52, 0.0029935215095360235)
52	163,0.00141845794479	(52, 0.0029935215095360235)
52	4,0.0014932414814	(52, 0.0029935215095360235)
52	65,0.00153658849816	(52, 0.0029935215095360235)
52	161,0.0016356961047	(52, 0.0029935215095360235)
52	13,0.00164431767482	(52, 0.0029935215095360235)
52	97,0.00165723909426	(52, 0.0029935215095360235)
53	65,0.000556604100945	(53, 0.00076861547762295524)
53	53,0.000768615477623	(53, 0.00076861547762295524)
53	155,0.000820869735003	(53, 0.00076861547762295524)
53	44,0.000970934828912	(53, 0.00076861547762295524)
53	161,0.00102156999482	(53, 0.00076861547762295524)
53	120,0.0011330325614	(53, 0.00076861547762295524)
53	163,0.00119295992499	(53, 0.00076861547762295524)
53	114,0.00126375658414	(53, 0.00076861547762295524)
53	124,0.00131478008278	(53, 0.00076861547762295524)
53	83,0.00136592113322	(53, 0.00076861547762295524)
54	136,0.000478962375134	(54, 0.00083665384107766403)
54	162,0.000661043944165	(54, 0.00083665384107766403)
54	11,0.000780134781607	(54, 0.00083665384107766403)
54	90,0.000821681147765	(54, 0.00083665384107766403)
54	63,0.000830229917016	(54, 0.00083665384107766403)
54	54,0.000836653841078	(54, 0.00083665384107766403)
54	147,0.000841936010705	(54, 0.00083665384107766403)
54	3,0.000889381412645	(54, 0.00083665384107766403)
54	71,0.000923946418552	(54, 0.00083665384107766403)
54	137,0.000926603364765	(54, 0.00083665384107766403)
55	12,0.000504452362489	(55, 0.00091503196803362306)
55	159,0.000612513687509	(55, 0.00091503196803362306)
55	152,0.000648783423061	(55, 0.00091503196803362306)
55	134,0.000817155925728	(55, 0.00091503196803362306)
55	121,0.000838444629891	(55, 0.00091503196803362306)
55	18,0.0008661158705	(55, 0.00091503196803362306)
55	86,0.000869767558252	(55, 0.00091503196803362306)
55	55,0.000915031968034	(55, 0.00091503196803362306)
55	128,0.000921834980574	(55, 0.00091503196803362306)
55	146,0.000978752308326	(55, 0.00091503196803362306)
56	56,0.000506763813264	(56, 0.00050676381326409769)
56	15,0.000757899530822	(56, 0.00050676381326409769)
56	120,0.0008522932775	(56, 0.00050676381326409769)
56	69,0.00114812824572	(56, 0.00050676381326409769)
56	174,0.00119965661063	(56, 0.00050676381326409769)
56	113,0.0012051642495	(56, 0.00050676381326409769)
56	48,0.00132190129069	(56, 0.00050676381326409769)
56	2,0.00133687089275	(56, 0.00050676381326409769)
56	4,0.00135094335535	(56, 0.00050676381326409769)
56	17,0.00141665983496	(56, 0.00050676381326409769)
57	15,0.00148594213204	(57, 0.0016056804880327322)
57	57,0.00160568048803	(57, 0.0016056804880327322)
57	56,0.00169735295198	(57, 0.0016056804880327322)
57	122,0.00172381187625	(57, 0.0016056804880327322)
57	174,0.0018447878381	(57, 0.0016056804880327322)
57	113,0.00199508689356	(57, 0.0016056804880327322)
57	120,0.0021871462881	(57, 0.0016056804880327322)
57	2,0.00229597968893	(57, 0.0016056804880327322)
57	154,0.00264926036166	(57, 0.0016056804880327322)
57	59,0.00278156504854	(57, 0.0016056804880327322)
58	27,0.000757458111939	(58, 0.0030092025783393221)
58	24,0.000799000843026	(58, 0.0030092025783393221)
58	107,0.00095095831864	(58, 0.0030092025783393221)
58	50,0.00112222871687	(58, 0.0030092025783393221)
58	158,0.00136535150992	(58, 0.0030092025783393221)
58	43,0.00137376174537	(58, 0.0030092025783393221)
58	61,0.00140983866889	(58, 0.0030092025783393221)
58	38,0.00151303901371	(58, 0.0030092025783393221)
58	12,0.00153993340721	(58, 0.0030092025783393221)
58	128,0.00158214046995	(58, 0.0030092025783393221)
59	15,0.00162448187142	(59, 0.0018663918662868797)
59	83,0.00163924470982	(59, 0.0018663918662868797)
59	113,0.00164090881319	(59, 0.0018663918662868797)
59	65,0.00169790568087	(59, 0.0018663918662868797)
59	94,0.00186587166045	(59, 0.0018663918662868797)
59	59,0.00186639186629	(59, 0.0018663918662868797)
59	130,0.00195017633096	(59, 0.0018663918662868797)
59	44,0.00207127426861	(59, 0.0018663918662868797)
59	161,0.00208459113131	(59, 0.0018663918662868797)
59	120,0.00213899286775	(59, 0.0018663918662868797)
60	40,0.000585935045786	(60, 0.00070160330323201943)
60	69,0.000655368884126	(60, 0.00070160330323201943)
60	60,0.000701603303232	(60, 0.00070160330323201943)
60	79,0.000825170956395	(60, 0.00070160330323201943)
60	15,0.000886661431766	(60, 0.00070160330323201943)
60	4,0.000914271310557	(60, 0.00070160330323201943)
60	25,0.000932996482579	(60, 0.00070160330323201943)
60	172,0.000978235767309	(60, 0.00070160330323201943)
60	77,0.00104125234414	(60, 0.00070160330323201943)
60	100,0.00105405537854	(60, 0.00070160330323201943)
61	61,0.000592403192996	(61, 0.00059240319299557398)
61	23,0.00060706138156	(61, 0.00059240319299557398)
61	71,0.000625251216337	(61, 0.00059240319299557398)
61	121,0.000628692485535	(61, 0.00059240319299557398)
61	162,0.000633294662724	(61, 0.00059240319299557398)
61	63,0.000698687439437	(61, 0.00059240319299557398)
61	76,0.000724026567862	(61, 0.00059240319299557398)
61	77,0.000744513299858	(61, 0.00059240319299557398)
61	147,0.000759076413035	(61, 0.00059240319299557398)
61	22,0.000808629552966	(61, 0.00059240319299557398)
62	78,0.00067208790406	(62, 0.001080079136246917)
62	26,0.000805454433494	(62, 0.001080079136246917)
62	73,0.000880815209283	(62, 0.001080079136246917)
62	61,0.000949785809534	(62, 0.001080079136246917)
62	121,0.000980347137393	(62, 0.001080079136246917)
62	107,0.000993315462861	(62, 0.001080079136246917)
62	158,0.00103077937905	(62, 0.001080079136246917)
62	62,0.00108007913625	(62, 0.001080079136246917)
62	128,0.00111454492391	(62, 0.001080079136246917)
62	22,0.00112403172728	(62, 0.001080079136246917)
63	3,0.000321226656819	(63, 0.00053744639817801185)
63	11,0.000495495222969	(63, 0.00053744639817801185)
63	77,0.000511974305307	(63, 0.00053744639817801185)
63	162,0.000533234516015	(63, 0.00053744639817801185)
63	63,0.000537446398178	(63, 0.00053744639817801185)
63	37,0.000606126850606	(63, 0.00053744639817801185)
63	81,0.000631794178731	(63, 0.00053744639817801185)
63	136,0.000634486744446	(63, 0.00053744639817801185)
63	71,0.000654237150085	(63, 0.00053744639817801185)
63	147,0.000669300052523	(63, 0.00053744639817801185)
64	64,0.00225025883174	(64, 0.0022502588317444405)
64	45,0.00294838360654	(64, 0.0022502588317444405)
64	118,0.00328827713208	(64, 0.0022502588317444405)
64	130,0.00354124289965	(64, 0.0022502588317444405)
64	133,0.00394509941862	(64, 0.0022502588317444405)
64	33,0.00409744704252	(64, 0.0022502588317444405)
64	113,0.00479736960097	(64, 0.0022502588317444405)
64	34,0.00480998152356	(64, 0.0022502588317444405)
64	94,0.00499144567547	(64, 0.0022502588317444405)
64	15,0.00556767534068	(64, 0.0022502588317444405)
65	161,0.00062329991549	(65, 0.00065661930690416191)
65	65,0.000656619306904	(65, 0.00065661930690416191)
65	83,0.000688262981485	(65, 0.00065661930690416191)
65	68,0.000902524599365	(65, 0.00065661930690416191)
65	59,0.000950408313029	(65, 0.00065661930690416191)
65	100,0.000998592640969	(65, 0.00065661930690416191)
65	17,0.00105598476123	(65, 0.00065661930690416191)
65	155,0.00106017894778	(65, 0.00065661930690416191)
65	120,0.00107507684978	(65, 0.00065661930690416191)
65	71,0.00111703967816	(65, 0.00065661930690416191)
66	66,0.0019318422837	(66, 0.0019318422836968278)
66	130,0.0038480085595	(66, 0.0019318422836968278)
66	133,0.00430808115121	(66, 0.0019318422836968278)
66	140,0.0045427446531	(66, 0.0019318422836968278)
66	118,0.00491559680947	(66, 0.0019318422836968278)
66	91,0.00499249037676	(66, 0.0019318422836968278)
66	33,0.00525464947017	(66, 0.0019318422836968278)
66	141,0.0055923656117	(66, 0.0019318422836968278)
66	114,0.00600207011178	(66, 0.0019318422836968278)
66	53,0.00601412635649	(66, 0.0019318422836968278)
67	84,0.00149434084301	(67, 0.001584695700542389)
67	67,0.00158469570054	(67, 0.001584695700542389)
67	93,0.00168359748399	(67, 0.001584695700542389)
67	169,0.00172974697926	(67, 0.001584695700542389)
67	30,0.00193859077637	(67, 0.001584695700542389)
67	140,0.00193983291021	(67, 0.001584695700542389)
67	28,0.00197155681757	(67, 0.001584695700542389)
67	156,0.00198886627348	(67, 0.001584695700542389)
67	109,0.00202022878574	(67, 0.001584695700542389)
67	124,0.00211729810778	(67, 0.001584695700542389)
68	68,0.00069117297509	(68, 0.00069117297509016767)
68	23,0.000836535337679	(68, 0.00069117297509016767)
68	70,0.000850230146714	(68, 0.00069117297509016767)
68	63,0.000875012388749	(68, 0.00069117297509016767)
68	61,0.00087717438827	(68, 0.00069117297509016767)
68	147,0.000953921759981	(68, 0.00069117297509016767)
68	162,0.00104787151988	(68, 0.00069117297509016767)
68	77,0.00110614396831	(68, 0.00069117297509016767)
68	135,0.00110726870859	(68, 0.00069117297509016767)
68	71,0.00110933419042	(68, 0.00069117297509016767)
69	15,0.00248752193422	(69, 0.0025428573373184062)
69	33,0.00250724719427	(69, 0.0025428573373184062)
69	122,0.00253278181168	(69, 0.0025428573373184062)
69	69,0.00254285733732	(69, 0.0025428573373184062)
69	48,0.00270261066319	(69, 0.0025428573373184062)
69	154,0.00277296740009	(69, 0.0025428573373184062)
69	56,0.00277364932808	(69, 0.0025428573373184062)
69	174,0.00280056028715	(69, 0.0025428573373184062)
69	25,0.00280849045511	(69, 0.0025428573373184062)
69	4,0.00291703062595	(69, 0.0025428573373184062)
70	121,0.000495663462974	(70, 0.00068695401355559473)
70	70,0.000686954013556	(70, 0.00068695401355559473)
70	3,0.000689653748729	(70, 0.00068695401355559473)
70	132,0.000690864697925	(70, 0.00068695401355559473)
70	22,0.000767102791315	(70, 0.00068695401355559473)
70	139,0.000782950897857	(70, 0.00068695401355559473)
70	88,0.000802677883805	(70, 0.00068695401355559473)
70	63,0.000817076728652	(70, 0.00068695401355559473)
70	117,0.000827283065508	(70, 0.00068695401355559473)
70	26,0.000867003031589	(70, 0.00068695401355559473)
71	91,0.00123796509123	(71, 0.0037698302780578741)
71	133,0.00149487922809	(71, 0.0037698302780578741)
71	101,0.00212792466418	(71, 0.0037698302780578741)
71	41,0.00218984515809	(71, 0.0037698302780578741)
71	102,0.00233781802456	(71, 0.0037698302780578741)
71	155,0.00234312472263	(71, 0.0037698302780578741)
71	103,0.00241468264291	(71, 0.0037698302780578741)
71	32,0.00242772895447	(71, 0.0037698302780578741)
71	124,0.00257052920501	(71, 0.0037698302780578741)
71	1,0.00263364361214	(71, 0.0037698302780578741)
72	17,0.000772353390449	(72, 0.0056205212115200262)
72	148,0.000863875521501	(72, 0.0056205212115200262)
72	172,0.000908247227706	(72, 0.0056205212115200262)
72	143,0.00092395786405	(72, 0.0056205212115200262)
72	174,0.00105141890138	(72, 0.0056205212115200262)
72	100,0.00108170198074	(72, 0.0056205212115200262)
72	40,0.00116803942006	(72, 0.0056205212115200262)
72	37,0.00120630669952	(72, 0.0056205212115200262)
72	77,0.00121020466707	(72, 0.0056205212115200262)
72	49,0.0012543721385	(72, 0.0056205212115200262)
73	73,0.000627773267686	(73, 0.00062777326768645111)
73	124,0.000865467815624	(73, 0.00062777326768645111)
73	13,0.00091626626029	(73, 0.00062777326768645111)
73	157,0.000987899847299	(73, 0.00062777326768645111)
73	27,0.00125448747256	(73, 0.00062777326768645111)
73	41,0.00130966445351	(73, 0.00062777326768645111)
73	155,0.0013444349648	(73, 0.00062777326768645111)
73	114,0.00136973144561	(73, 0.00062777326768645111)
73	53,0.0013775679605	(73, 0.00062777326768645111)
73	1,0.00146861530685	(73, 0.00062777326768645111)
74	17,0.000337116675423	(74, 0.00045145307570425763)
74	74,0.000451453075704	(74, 0.00045145307570425763)
74	136,0.000458760423504	(74, 0.00045145307570425763)
74	100,0.00047883637483	(74, 0.00045145307570425763)
74	37,0.000526433589205	(74, 0.00045145307570425763)
74	77,0.000538209376826	(74, 0.00045145307570425763)
74	90,0.000548559693814	(74, 0.00045145307570425763)
74	127,0.00061264923065	(74, 0.00045145307570425763)
74	11,0.000794287485602	(74, 0.00045145307570425763)
74	172,0.000811527666993	(74, 0.00045145307570425763)
75	167,0.0024859033536	(75, 0.0032039676428052607)
75	75,0.00320396764281	(75, 0.0032039676428052607)
75	80,0.00422565691894	(75, 0.0032039676428052607)
75	47,0.0044107801422	(75, 0.0032039676428052607)
75	10,0.00494460574441	(75, 0.0032039676428052607)
75	99,0.00544537263384	(75, 0.0032039676428052607)
75	84,0.00551760446017	(75, 0.0032039676428052607)
75	67,0.00557220747686	(75, 0.0032039676428052607)
75	169,0.00561094571421	(75, 0.0032039676428052607)
75	58,0.00568476949303	(75, 0.0032039676428052607)
76	137,0.000291942571644	(76, 0.0003059380072642097)
76	76,0.000305938007264	(76, 0.0003059380072642097)
76	147,0.000372756101558	(76, 0.0003059380072642097)
76	171,0.000401478489872	(76, 0.0003059380072642097)
76	63,0.000432385582443	(76, 0.0003059380072642097)
76	3,0.000464309507925	(76, 0.0003059380072642097)
76	126,0.000548853311515	(76, 0.0003059380072642097)
76	46,0.000576145798832	(76, 0.0003059380072642097)
76	22,0.000655631841366	(76, 0.0003059380072642097)
76	36,0.000659905161603	(76, 0.0003059380072642097)
77	63,0.000399756332087	(77, 0.00050488632819261541)
77	162,0.000413315828628	(77, 0.00050488632819261541)
77	147,0.000422140963024	(77, 0.00050488632819261541)
77	90,0.000478746133122	(77, 0.00050488632819261541)
77	137,0.000484725564304	(77, 0.00050488632819261541)
77	3,0.000485524956316	(77, 0.00050488632819261541)
77	136,0.000500256966369	(77, 0.00050488632819261541)
77	77,0.000504886328193	(77, 0.00050488632819261541)
77	11,0.000513449350543	(77, 0.00050488632819261541)
77	171,0.000588536970991	(77, 0.00050488632819261541)
78	151,0.000363450043843	(78, 0.00074655400258564445)
78	76,0.000395478109427	(78, 0.00074655400258564445)
78	22,0.000402018767467	(78, 0.00074655400258564445)
78	63,0.000407946034614	(78, 0.00074655400258564445)
78	18,0.000423185611309	(78, 0.00074655400258564445)
78	132,0.000458518831734	(78, 0.00074655400258564445)
78	121,0.000460928664905	(78, 0.00074655400258564445)
78	147,0.000478511210721	(78, 0.00074655400258564445)
78	126,0.000623189584401	(78, 0.00074655400258564445)
78	146,0.000626131478758	(78, 0.00074655400258564445)
79	69,0.000390540546154	(79, 0.00048291819354797131)
79	4,0.000410959013653	(79, 0.00048291819354797131)
79	79,0.000482918193548	(79, 0.00048291819354797131)
79	40,0.000515789464416	(79, 0.00048291819354797131)
79	148,0.000910187713183	(79, 0.00048291819354797131)
79	25,0.000916503751435	(79, 0.00048291819354797131)
79	172,0.00103272990968	(79, 0.00048291819354797131)
79	56,0.00108414880635	(79, 0.00048291819354797131)
79	17,0.0010848694308	(79, 0.00048291819354797131)
79	34,0.00120041571858	(79, 0.00048291819354797131)
80	80,0.00131538319833	(80, 0.0013153831983295533)
80	51,0.00231069688504	(80, 0.0013153831983295533)
80	167,0.0025231132556	(80, 0.0013153831983295533)
80	32,0.00316687924421	(80, 0.0013153831983295533)
80	169,0.00444954241032	(80, 0.0013153831983295533)
80	39,0.00450425262018	(80, 0.0013153831983295533)
80	165,0.00453357395418	(80, 0.0013153831983295533)
80	149,0.00468304249698	(80, 0.0013153831983295533)
80	27,0.0046902352391	(80, 0.0013153831983295533)
80	58,0.00496530922186	(80, 0.0013153831983295533)
81	81,0.000446835752829	(81, 0.00044683575282871048)
81	3,0.000540759558869	(81, 0.00044683575282871048)
81	11,0.000637924411497	(81, 0.00044683575282871048)
81	132,0.000666772041544	(81, 0.00044683575282871048)
81	121,0.000702855894701	(81, 0.00044683575282871048)
81	77,0.000721825112638	(81, 0.00044683575282871048)
81	18,0.000756283196258	(81, 0.00044683575282871048)
81	22,0.000763106574903	(81, 0.00044683575282871048)
81	117,0.000770373607079	(81, 0.00044683575282871048)
81	151,0.00077787910083	(81, 0.00044683575282871048)
82	12,0.00110848617249	(82, 0.0021591065146683869)
82	38,0.0011594698116	(82, 0.0021591065146683869)
82	27,0.00118221739285	(82, 0.0021591065146683869)
82	24,0.00124034264145	(82, 0.0021591065146683869)
82	73,0.00127261875437	(82, 0.0021591065146683869)
82	61,0.00140004963625	(82, 0.0021591065146683869)
82	50,0.00140378345659	(82, 0.0021591065146683869)
82	105,0.00140978461472	(82, 0.0021591065146683869)
82	107,0.00143581551069	(82, 0.0021591065146683869)
82	13,0.00150776473809	(82, 0.0021591065146683869)
83	13,0.000627168544397	(83, 0.0009220830181762271)
83	155,0.000694793873849	(83, 0.0009220830181762271)
83	11,0.000752922946709	(83, 0.0009220830181762271)
83	161,0.000776503259913	(83, 0.0009220830181762271)
83	71,0.000776703768563	(83, 0.0009220830181762271)
83	65,0.000836225093785	(83, 0.0009220830181762271)
83	17,0.000921692384789	(83, 0.0009220830181762271)
83	83,0.000922083018176	(83, 0.0009220830181762271)
83	136,0.000923351630606	(83, 0.0009220830181762271)
83	1,0.000927306065821	(83, 0.0009220830181762271)
84	84,0.00224540643171	(84, 0.0022454064317055317)
84	67,0.00229948031498	(84, 0.0022454064317055317)
84	169,0.00245669565362	(84, 0.0022454064317055317)
84	99,0.0024753672345	(84, 0.0022454064317055317)
84	166,0.00252354948551	(84, 0.0022454064317055317)
84	140,0.00285034796748	(84, 0.0022454064317055317)
84	156,0.00295651053346	(84, 0.0022454064317055317)
84	138,0.0030341611547	(84, 0.0022454064317055317)
84	144,0.00305413820184	(84, 0.0022454064317055317)
84	19,0.00311787054053	(84, 0.0022454064317055317)
85	67,0.00157714476114	(85, 0.0038530919401169868)
85	149,0.00275005186731	(85, 0.0038530919401169868)
85	140,0.00294257555242	(85, 0.0038530919401169868)
85	169,0.0031378437957	(85, 0.0038530919401169868)
85	84,0.00316436181927	(85, 0.0038530919401169868)
85	166,0.00340281705196	(85, 0.0038530919401169868)
85	72,0.00382297595792	(85, 0.0038530919401169868)
85	85,0.00385309194012	(85, 0.0038530919401169868)
85	144,0.00386489290677	(85, 0.0038530919401169868)
85	93,0.00391454245543	(85, 0.0038530919401169868)
86	137,0.000436021022871	(86, 0.00044197533506731146)
86	86,0.000441975335067	(86, 0.00044197533506731146)
86	76,0.000497906299274	(86, 0.00044197533506731146)
86	147,0.000547403735441	(86, 0.00044197533506731146)
86	18,0.000549213688296	(86, 0.00044197533506731146)
86	171,0.000550157904056	(86, 0.00044197533506731146)
86	162,0.00055387510283	(86, 0.00044197533506731146)
86	117,0.000587609546733	(86, 0.00044197533506731146)
86	63,0.000611115171825	(86, 0.00044197533506731146)
86	150,0.000625188461901	(86, 0.00044197533506731146)
87	71,0.000736473491412	(87, 0.001958739803668297)
87	1,0.000745890799618	(87, 0.001958739803668297)
87	121,0.000818561594151	(87, 0.001958739803668297)
87	11,0.00085066451543	(87, 0.001958739803668297)
87	20,0.000852291807263	(87, 0.001958739803668297)
87	89,0.000908971149852	(87, 0.001958739803668297)
87	26,0.000915491304462	(87, 0.001958739803668297)
87	61,0.000974252762662	(87, 0.001958739803668297)
87	23,0.000976813577221	(87, 0.001958739803668297)
87	155,0.00098697473031	(87, 0.001958739803668297)
88	18,0.000358818046106	(88, 0.00051634493816862901)
88	147,0.000379212171009	(88, 0.00051634493816862901)
88	76,0.000382997979209	(88, 0.00051634493816862901)
88	63,0.000416338730258	(88, 0.00051634493816862901)
88	88,0.000516344938169	(88, 0.00051634493816862901)
88	46,0.000551270805495	(88, 0.00051634493816862901)
88	171,0.000570888556156	(88, 0.00051634493816862901)
88	139,0.000577335233394	(88, 0.00051634493816862901)
88	117,0.000595680298166	(88, 0.00051634493816862901)
88	35,0.000601056619856	(88, 0.00051634493816862901)
89	124,0.000765350087162	(89, 0.0010447363507412018)
89	155,0.000958284336231	(89, 0.0010447363507412018)
89	73,0.000987675132086	(89, 0.0010447363507412018)
89	1,0.00100885837436	(89, 0.0010447363507412018)
89	11,0.00103157755462	(89, 0.0010447363507412018)
89	89,0.00104473635074	(89, 0.0010447363507412018)
89	71,0.00107341355559	(89, 0.0010447363507412018)
89	53,0.00112051517098	(89, 0.0010447363507412018)
89	114,0.00121146794821	(89, 0.0010447363507412018)
89	81,0.00125851107983	(89, 0.0010447363507412018)
90	90,0.000387968114483	(90, 0.00038796811448287753)
90	11,0.000477374571585	(90, 0.00038796811448287753)
90	162,0.000534933147514	(90, 0.00038796811448287753)
90	81,0.000575987729902	(90, 0.00038796811448287753)
90	96,0.000576295945963	(90, 0.00038796811448287753)
90	137,0.00059266231873	(90, 0.00038796811448287753)
90	3,0.000673004714717	(90, 0.00038796811448287753)
90	172,0.000693177267298	(90, 0.00038796811448287753)
90	37,0.000703328896906	(90, 0.00038796811448287753)
90	136,0.000708967375708	(90, 0.00038796811448287753)
91	133,0.00126551241868	(91, 0.0018387961915222999)
91	91,0.00183879619152	(91, 0.0018387961915222999)
91	130,0.00258193362124	(91, 0.0018387961915222999)
91	103,0.00318983559142	(91, 0.0018387961915222999)
91	102,0.00334729998096	(91, 0.0018387961915222999)
91	51,0.00337745231832	(91, 0.0018387961915222999)
91	34,0.0035841769064	(91, 0.0018387961915222999)
91	66,0.0036861247634	(91, 0.0018387961915222999)
91	53,0.00373790408776	(91, 0.0018387961915222999)
91	155,0.00376255698022	(91, 0.0018387961915222999)
92	78,0.000662973259503	(92, 0.0017530734385338715)
92	24,0.000668028623864	(92, 0.0017530734385338715)
92	61,0.000742921082745	(92, 0.0017530734385338715)
92	128,0.000824706327219	(92, 0.0017530734385338715)
92	158,0.000842694914204	(92, 0.0017530734385338715)
92	12,0.0008529000716	(92, 0.0017530734385338715)
92	22,0.00100167172367	(92, 0.0017530734385338715)
92	145,0.00110568867797	(92, 0.0017530734385338715)
92	38,0.00111642405048	(92, 0.0017530734385338715)
92	23,0.0011338044734	(92, 0.0017530734385338715)
93	22,0.000496433913659	(93, 0.00078905228273305197)
93	128,0.000548825646392	(93, 0.00078905228273305197)
93	158,0.000621239001107	(93, 0.00078905228273305197)
93	12,0.000665325280525	(93, 0.00078905228273305197)
93	132,0.000665928159701	(93, 0.00078905228273305197)
93	121,0.000709443919981	(93, 0.00078905228273305197)
93	78,0.000736766525349	(93, 0.00078905228273305197)
93	76,0.000772279927455	(93, 0.00078905228273305197)
93	126,0.000773754412889	(93, 0.00078905228273305197)
93	93,0.000789052282733	(93, 0.00078905228273305197)
94	83,0.00118043674056	(94, 0.001303097756458888)
94	155,0.00127257029877	(94, 0.001303097756458888)
94	94,0.00130309775646	(94, 0.001303097756458888)
94	59,0.00158769435724	(94, 0.001303097756458888)
94	65,0.00159367837885	(94, 0.001303097756458888)
94	161,0.00164083860859	(94, 0.001303097756458888)
94	15,0.00175410281329	(94, 0.001303097756458888)
94	1,0.0019347506461	(94, 0.001303097756458888)
94	120,0.00199479701038	(94, 0.001303097756458888)
94	91,0.00212499881034	(94, 0.001303097756458888)
95	107,0.000825009218053	(95, 0.0019618566238527604)
95	43,0.001082814427	(95, 0.0019618566238527604)
95	128,0.00114663625252	(95, 0.0019618566238527604)
95	99,0.00115066868917	(95, 0.0019618566238527604)
95	19,0.00117550238925	(95, 0.0019618566238527604)
95	27,0.00121136716279	(95, 0.0019618566238527604)
95	78,0.00125505537866	(95, 0.0019618566238527604)
95	39,0.00144742774885	(95, 0.0019618566238527604)
95	26,0.00148405377389	(95, 0.0019618566238527604)
95	50,0.00154901124731	(95, 0.0019618566238527604)
96	96,0.000370692939965	(96, 0.00037069293996518191)
96	162,0.000804900579761	(96, 0.00037069293996518191)
96	11,0.000918085326639	(96, 0.00037069293996518191)
96	112,0.00094360257199	(96, 0.00037069293996518191)
96	90,0.00102820261338	(96, 0.00037069293996518191)
96	119,0.00103344202902	(96, 0.00037069293996518191)
96	17,0.00105397202818	(96, 0.00037069293996518191)
96	143,0.00112986953563	(96, 0.00037069293996518191)
96	13,0.00114574470835	(96, 0.00037069293996518191)
96	161,0.00118223141324	(96, 0.00037069293996518191)
97	172,0.00064535999384	(97, 0.0012626086289988078)
97	40,0.000703351542436	(97, 0.0012626086289988078)
97	17,0.000744568446915	(97, 0.0012626086289988078)
97	69,0.000850768065047	(97, 0.0012626086289988078)
97	3,0.000923664145067	(97, 0.0012626086289988078)
97	120,0.000938331850611	(97, 0.0012626086289988078)
97	37,0.000955111262748	(97, 0.0012626086289988078)
97	4,0.0010448060983	(97, 0.0012626086289988078)
97	90,0.00107499521938	(97, 0.0012626086289988078)
97	79,0.00108912235568	(97, 0.0012626086289988078)
98	98,0.000542735932062	(98, 0.00054273593206159677)
98	15,0.000848226977471	(98, 0.00054273593206159677)
98	49,0.000877812432304	(98, 0.00054273593206159677)
98	40,0.000896938731429	(98, 0.00054273593206159677)
98	172,0.000931352906417	(98, 0.00054273593206159677)
98	25,0.000971490040893	(98, 0.00054273593206159677)
98	154,0.00111067986244	(98, 0.00054273593206159677)
98	100,0.00120674603544	(98, 0.00054273593206159677)
98	17,0.00121697219747	(98, 0.00054273593206159677)
98	4,0.00122001600003	(98, 0.00054273593206159677)
99	128,0.000824273504792	(99, 0.0010900025755573549)
99	144,0.000865063327836	(99, 0.0010900025755573549)
99	156,0.000895647409028	(99, 0.0010900025755573549)
99	73,0.000910537419291	(99, 0.0010900025755573549)
99	84,0.000920337822243	(99, 0.0010900025755573549)
99	93,0.00101037114347	(99, 0.0010900025755573549)
99	109,0.001052304292	(99, 0.0010900025755573549)
99	78,0.00106302795496	(99, 0.0010900025755573549)
99	12,0.00108230018423	(99, 0.0010900025755573549)
99	99,0.00109000257556	(99, 0.0010900025755573549)
100	100,0.000381748941752	(100, 0.00038174894175162471)
100	77,0.000468113506307	(100, 0.00038174894175162471)
100	74,0.000507638478525	(100, 0.00038174894175162471)
100	37,0.000521113470652	(100, 0.00038174894175162471)
100	21,0.000539626923393	(100, 0.00038174894175162471)
100	136,0.000541387523774	(100, 0.00038174894175162471)
100	90,0.000542387547809	(100, 0.00038174894175162471)
100	11,0.000549762848945	(100, 0.00038174894175162471)
100	63,0.000628780676162	(100, 0.00038174894175162471)
100	127,0.000665544716605	(100, 0.00038174894175162471)
101	73,0.000891269325166	(101, 0.00098393960542044563)
101	124,0.00090872446042	(101, 0.00098393960542044563)
101	1,0.000932183309211	(101, 0.00098393960542044563)
101	101,0.00098393960542	(101, 0.00098393960542044563)
101	13,0.00103810363374	(101, 0.00098393960542044563)
101	81,0.00108306123891	(101, 0.00098393960542044563)
101	29,0.00113660333826	(101, 0.00098393960542044563)
101	71,0.00114555156514	(101, 0.00098393960542044563)
101	69,0.00115616426398	(101, 0.00098393960542044563)
101	60,0.00117939683709	(101, 0.00098393960542044563)
102	91,0.00127496570518	(102, 0.0015401695595496469)
102	114,0.00141615147597	(102, 0.0015401695595496469)
102	41,0.00143228289454	(102, 0.0015401695595496469)
102	102,0.00154016955955	(102, 0.0015401695595496469)
102	155,0.00158722759996	(102, 0.0015401695595496469)
102	110,0.00162612689529	(102, 0.0015401695595496469)
102	101,0.00164846708335	(102, 0.0015401695595496469)
102	1,0.00165841524321	(102, 0.0015401695595496469)
102	103,0.00170801375199	(102, 0.0015401695595496469)
102	16,0.00193001146459	(102, 0.0015401695595496469)
103	103,0.00104944766536	(103, 0.001049447665357335)
103	51,0.00156254357675	(103, 0.001049447665357335)
103	39,0.00157052869366	(103, 0.001049447665357335)
103	91,0.00160531249762	(103, 0.001049447665357335)
103	73,0.00168255478896	(103, 0.001049447665357335)
103	95,0.00191238278514	(103, 0.001049447665357335)
103	101,0.00194360940499	(103, 0.001049447665357335)
103	1,0.00203524053585	(103, 0.001049447665357335)
103	30,0.00204466610009	(103, 0.001049447665357335)
103	93,0.00204972793895	(103, 0.001049447665357335)
104	124,0.000680444400023	(104, 0.0012531251716690062)
104	81,0.000820754752581	(104, 0.0012531251716690062)
104	93,0.000828835378744	(104, 0.0012531251716690062)
104	11,0.000992567761104	(104, 0.0012531251716690062)
104	3,0.00100743792379	(104, 0.0012531251716690062)
104	73,0.00103616077709	(104, 0.0012531251716690062)
104	119,0.00106744602383	(104, 0.0012531251716690062)
104	40,0.00119058285004	(104, 0.0012531251716690062)
104	172,0.00121319853213	(104, 0.0012531251716690062)
104	37,0.00121533185453	(104, 0.0012531251716690062)
105	27,0.000945821067897	(105, 0.0015683504840373983)
105	43,0.000973227661342	(105, 0.0015683504840373983)
105	19,0.00111445724348	(105, 0.0015683504840373983)
105	50,0.00113770782918	(105, 0.0015683504840373983)
105	38,0.00114155467191	(105, 0.0015683504840373983)
105	99,0.00119971152048	(105, 0.0015683504840373983)
105	24,0.00120444629096	(105, 0.0015683504840373983)
105	107,0.00126438929628	(105, 0.0015683504840373983)
105	144,0.00131759684244	(105, 0.0015683504840373983)
105	12,0.00135030097236	(105, 0.0015683504840373983)
106	106,0.000750356744898	(106, 0.00075035674489811821)
106	172,0.00099548381898	(106, 0.00075035674489811821)
106	157,0.00105362986984	(106, 0.00075035674489811821)
106	116,0.00109741018035	(106, 0.00075035674489811821)
106	93,0.00122165253515	(106, 0.00075035674489811821)
106	13,0.0012645935601	(106, 0.00075035674489811821)
106	174,0.00134355712081	(106, 0.00075035674489811821)
106	54,0.00135181296131	(106, 0.00075035674489811821)
106	73,0.00136010861959	(106, 0.00075035674489811821)
106	156,0.00137489187947	(106, 0.00075035674489811821)
107	77,0.000711477275851	(107, 0.0008846679780557333)
107	1,0.000742794343936	(107, 0.0008846679780557333)
107	76,0.00080814510138	(107, 0.0008846679780557333)
107	3,0.00081090280997	(107, 0.0008846679780557333)
107	121,0.000812930337967	(107, 0.0008846679780557333)
107	26,0.000816503532425	(107, 0.0008846679780557333)
107	107,0.000884667978056	(107, 0.0008846679780557333)
107	22,0.000897352572368	(107, 0.0008846679780557333)
107	61,0.000939237234868	(107, 0.0008846679780557333)
107	73,0.000954544115353	(107, 0.0008846679780557333)
108	77,0.000578773440828	(108, 0.0017904752139263492)
108	172,0.000792516262645	(108, 0.0017904752139263492)
108	174,0.000955557846122	(108, 0.0017904752139263492)
108	40,0.000975558333718	(108, 0.0017904752139263492)
108	4,0.00101735341411	(108, 0.0017904752139263492)
108	171,0.00105586335602	(108, 0.0017904752139263492)
108	37,0.00106478294832	(108, 0.0017904752139263492)
108	17,0.00108372991431	(108, 0.0017904752139263492)
108	100,0.00110271502957	(108, 0.0017904752139263492)
108	49,0.00111385088497	(108, 0.0017904752139263492)
109	109,0.000642285195288	(109, 0.00064228519528840712)
109	159,0.000728443224076	(109, 0.00064228519528840712)
109	12,0.000762752535126	(109, 0.00064228519528840712)
109	134,0.000818115712474	(109, 0.00064228519528840712)
109	128,0.000825155736046	(109, 0.00064228519528840712)
109	152,0.000996015680969	(109, 0.00064228519528840712)
109	84,0.00104999270627	(109, 0.00064228519528840712)
109	146,0.00105564500856	(109, 0.00064228519528840712)
109	14,0.00114415745502	(109, 0.00064228519528840712)
109	50,0.00117422352762	(109, 0.00064228519528840712)
110	1,0.000636395334279	(110, 0.0012930983077965152)
110	121,0.000786818023902	(110, 0.0012930983077965152)
110	11,0.000856587845048	(110, 0.0012930983077965152)
110	68,0.000859044856615	(110, 0.0012930983077965152)
110	26,0.000932402367376	(110, 0.0012930983077965152)
110	162,0.000938484523888	(110, 0.0012930983077965152)
110	3,0.00102290015904	(110, 0.0012930983077965152)
110	61,0.00104160022119	(110, 0.0012930983077965152)
110	71,0.00108572908271	(110, 0.0012930983077965152)
110	23,0.00108831568506	(110, 0.0012930983077965152)
111	93,0.000781453186391	(111, 0.0023297146677128014)
111	73,0.000798136447229	(111, 0.0023297146677128014)
111	124,0.000869546641399	(111, 0.0023297146677128014)
111	157,0.000970754413824	(111, 0.0023297146677128014)
111	101,0.00099472984306	(111, 0.0023297146677128014)
111	13,0.00111766447736	(111, 0.0023297146677128014)
111	128,0.00126391263779	(111, 0.0023297146677128014)
111	116,0.00131255754929	(111, 0.0023297146677128014)
111	109,0.00136890777317	(111, 0.0023297146677128014)
111	78,0.0014153777696	(111, 0.0023297146677128014)
112	11,0.000407248140291	(112, 0.00065143657541913435)
112	90,0.000457109108973	(112, 0.00065143657541913435)
112	3,0.000537323995735	(112, 0.00065143657541913435)
112	162,0.000556527827209	(112, 0.00065143657541913435)
112	81,0.000579972089267	(112, 0.00065143657541913435)
112	21,0.000620631843456	(112, 0.00065143657541913435)
112	112,0.000651436575419	(112, 0.00065143657541913435)
112	100,0.000659469749529	(112, 0.00065143657541913435)
112	117,0.00068690985979	(112, 0.00065143657541913435)
112	77,0.000698792838602	(112, 0.00065143657541913435)
113	113,0.000530610116472	(113, 0.00053061011647249575)
113	65,0.00109516097129	(113, 0.00053061011647249575)
113	120,0.00143824513581	(113, 0.00053061011647249575)
113	130,0.00163009658803	(113, 0.00053061011647249575)
113	15,0.00178517624153	(113, 0.00053061011647249575)
113	97,0.0018416197376	(113, 0.00053061011647249575)
113	44,0.00185846508248	(113, 0.00053061011647249575)
113	155,0.00196571950864	(113, 0.00053061011647249575)
113	161,0.00196644538605	(113, 0.00053061011647249575)
113	53,0.00198339138743	(113, 0.00053061011647249575)
114	53,0.000730678516631	(114, 0.00084141288506631845)
114	73,0.000763146271183	(114, 0.00084141288506631845)
114	124,0.00078936609478	(114, 0.00084141288506631845)
114	114,0.000841412885066	(114, 0.00084141288506631845)
114	155,0.00111045250625	(114, 0.00084141288506631845)
114	104,0.00112666973661	(114, 0.00084141288506631845)
114	13,0.00113728840914	(114, 0.00084141288506631845)
114	109,0.00126960339828	(114, 0.00084141288506631845)
114	157,0.00128190331259	(114, 0.00084141288506631845)
114	140,0.00132462626292	(114, 0.00084141288506631845)
115	119,0.000682096600101	(115, 0.00096640818009424093)
115	11,0.000793061063259	(115, 0.00096640818009424093)
115	37,0.000862678025712	(115, 0.00096640818009424093)
115	17,0.000927875726481	(115, 0.00096640818009424093)
115	136,0.000928480997045	(115, 0.00096640818009424093)
115	115,0.000966408180094	(115, 0.00096640818009424093)
115	81,0.000990179872654	(115, 0.00096640818009424093)
115	172,0.000994512881632	(115, 0.00096640818009424093)
115	96,0.000994657460311	(115, 0.00096640818009424093)
115	3,0.00102622553796	(115, 0.00096640818009424093)
116	93,0.000665325439838	(116, 0.00071325043600001952)
116	116,0.000713250436	(116, 0.00071325043600001952)
116	73,0.000810731005985	(116, 0.00071325043600001952)
116	124,0.00108158602174	(116, 0.00071325043600001952)
116	144,0.00109380203296	(116, 0.00071325043600001952)
116	172,0.00111036669708	(116, 0.00071325043600001952)
116	128,0.00112268569664	(116, 0.00071325043600001952)
116	109,0.0011259192832	(116, 0.00071325043600001952)
116	156,0.00119281560424	(116, 0.00071325043600001952)
116	159,0.00121344518362	(116, 0.00071325043600001952)
117	117,0.000313226872308	(117, 0.00031322687230844022)
117	21,0.000466977055625	(117, 0.00031322687230844022)
117	162,0.000583168897713	(117, 0.00031322687230844022)
117	71,0.000589032833171	(117, 0.00031322687230844022)
117	76,0.000647845704608	(117, 0.00031322687230844022)
117	11,0.000650592876651	(117, 0.00031322687230844022)
117	63,0.000653470798418	(117, 0.00031322687230844022)
117	121,0.000702298745499	(117, 0.00031322687230844022)
117	77,0.000745274003695	(117, 0.00031322687230844022)
117	168,0.000776246561547	(117, 0.00031322687230844022)
118	34,0.00119653398156	(118, 0.0014159902553642139)
118	118,0.00141599025536	(118, 0.0014159902553642139)
118	33,0.0015588257808	(118, 0.0014159902553642139)
118	130,0.00170174485362	(118, 0.0014159902553642139)
118	113,0.00173937157419	(118, 0.0014159902553642139)
118	69,0.00186605494916	(118, 0.0014159902553642139)
118	15,0.00205175532908	(118, 0.0014159902553642139)
118	65,0.00214233344988	(118, 0.0014159902553642139)
118	133,0.00216432250873	(118, 0.0014159902553642139)
118	4,0.00217157922142	(118, 0.0014159902553642139)
119	120,0.000883872107668	(119, 0.00092409509555456339)
119	119,0.000924095095555	(119, 0.00092409509555456339)
119	17,0.00110023568794	(119, 0.00092409509555456339)
119	69,0.00115313464131	(119, 0.00092409509555456339)
119	96,0.00116774400811	(119, 0.00092409509555456339)
119	123,0.00118536754758	(119, 0.00092409509555456339)
119	172,0.00119802709991	(119, 0.00092409509555456339)
119	40,0.00123452074482	(119, 0.00092409509555456339)
119	13,0.00124849698823	(119, 0.00092409509555456339)
119	154,0.00129067708399	(119, 0.00092409509555456339)
120	120,0.000742722639133	(120, 0.00074272263913255181)
120	65,0.000758342108484	(120, 0.00074272263913255181)
120	161,0.000845367771317	(120, 0.00074272263913255181)
120	44,0.000913094618728	(120, 0.00074272263913255181)
120	54,0.00113190513089	(120, 0.00074272263913255181)
120	68,0.00119311698099	(120, 0.00074272263913255181)
120	17,0.00119957261257	(120, 0.00074272263913255181)
120	136,0.00123761809758	(120, 0.00074272263913255181)
120	53,0.00125176419715	(120, 0.00074272263913255181)
120	155,0.00127996095093	(120, 0.00074272263913255181)
121	121,0.000577857452229	(121, 0.00057785745222902472)
121	1,0.000620987797538	(121, 0.00057785745222902472)
121	22,0.000701354921825	(121, 0.00057785745222902472)
121	78,0.000714036348273	(121, 0.00057785745222902472)
121	26,0.000740472213585	(121, 0.00057785745222902472)
121	73,0.000786359874835	(121, 0.00057785745222902472)
121	128,0.000897867419576	(121, 0.00057785745222902472)
121	61,0.000931183843333	(121, 0.00057785745222902472)
121	132,0.000943050565933	(121, 0.00057785745222902472)
121	158,0.000988815344859	(121, 0.00057785745222902472)
122	174,0.00100117231747	(122, 0.001454097771740333)
122	154,0.00110330155722	(122, 0.001454097771740333)
122	69,0.00118691204174	(122, 0.001454097771740333)
122	172,0.00134985617665	(122, 0.001454097771740333)
122	116,0.00137608377153	(122, 0.001454097771740333)
122	48,0.00142375990529	(122, 0.001454097771740333)
122	122,0.00145409777174	(122, 0.001454097771740333)
122	4,0.00145431797222	(122, 0.001454097771740333)
122	40,0.00155009761256	(122, 0.001454097771740333)
122	2,0.00157230439193	(122, 0.001454097771740333)
123	172,0.000683261580148	(123, 0.00082891297677658313)
123	123,0.000828912976777	(123, 0.00082891297677658313)
123	119,0.000909336951334	(123, 0.00082891297677658313)
123	81,0.000921314917578	(123, 0.00082891297677658313)
123	40,0.00104656484769	(123, 0.00082891297677658313)
123	146,0.00106187859429	(123, 0.00082891297677658313)
123	37,0.00107394921247	(123, 0.00082891297677658313)
123	115,0.00108406958242	(123, 0.00082891297677658313)
123	96,0.00108675103093	(123, 0.00082891297677658313)
123	90,0.00109558349513	(123, 0.00082891297677658313)
124	124,0.00105787146294	(124, 0.0010578714629364441)
124	101,0.00131509413735	(124, 0.0010578714629364441)
124	73,0.00161714229687	(124, 0.0010578714629364441)
124	41,0.00164185284388	(124, 0.0010578714629364441)
124	27,0.00167515478263	(124, 0.0010578714629364441)
124	155,0.00190198931428	(124, 0.0010578714629364441)
124	169,0.00190608162473	(124, 0.0010578714629364441)
124	91,0.00195065070301	(124, 0.0010578714629364441)
124	157,0.00195922052502	(124, 0.0010578714629364441)
124	140,0.00197506931637	(124, 0.0010578714629364441)
125	68,0.00135271758424	(125, 0.0017851431344892013)
125	73,0.00152363301375	(125, 0.0017851431344892013)
125	65,0.00159146436032	(125, 0.0017851431344892013)
125	155,0.00161321321799	(125, 0.0017851431344892013)
125	13,0.00168463144187	(125, 0.0017851431344892013)
125	61,0.00173742873447	(125, 0.0017851431344892013)
125	23,0.00173863666328	(125, 0.0017851431344892013)
125	71,0.00177110444079	(125, 0.0017851431344892013)
125	41,0.00177300258135	(125, 0.0017851431344892013)
125	125,0.00178514313449	(125, 0.0017851431344892013)
126	126,0.000605241727687	(126, 0.00060524172768654282)
126	3,0.000633750119586	(126, 0.00060524172768654282)
126	121,0.000710536432545	(126, 0.00060524172768654282)
126	81,0.000747259013372	(126, 0.00060524172768654282)
126	132,0.000759645600225	(126, 0.00060524172768654282)
126	11,0.000784485066937	(126, 0.00060524172768654282)
126	12,0.000808130042034	(126, 0.00060524172768654282)
126	22,0.000820525867644	(126, 0.00060524172768654282)
126	137,0.000849176451117	(126, 0.00060524172768654282)
126	78,0.00086696547997	(126, 0.00060524172768654282)
127	17,0.00034428128981	(127, 0.00061805883335357451)
127	136,0.000557819026953	(127, 0.00061805883335357451)
127	100,0.000566193012658	(127, 0.00061805883335357451)
127	74,0.000583019218183	(127, 0.00061805883335357451)
127	77,0.000607454648868	(127, 0.00061805883335357451)
127	127,0.000618058833354	(127, 0.00061805883335357451)
127	37,0.000622567066968	(127, 0.00061805883335357451)
127	59,0.000715787348269	(127, 0.00061805883335357451)
127	49,0.000801179204208	(127, 0.00061805883335357451)
127	172,0.000833903281816	(127, 0.00061805883335357451)
128	128,0.000433329349288	(128, 0.00043332934928801457)
128	78,0.000664320064202	(128, 0.00043332934928801457)
128	12,0.00066834368135	(128, 0.00043332934928801457)
128	159,0.000691310862908	(128, 0.00043332934928801457)
128	121,0.000718543901286	(128, 0.00043332934928801457)
128	22,0.000758182585941	(128, 0.00043332934928801457)
128	139,0.000817821709877	(128, 0.00043332934928801457)
128	158,0.00084313010453	(128, 0.00043332934928801457)
128	18,0.000849117662009	(128, 0.00043332934928801457)
128	55,0.000878172135812	(128, 0.00043332934928801457)
129	49,0.00111263713596	(129, 0.0024373014446006035)
129	98,0.00133444656491	(129, 0.0024373014446006035)
129	15,0.00145556481578	(129, 0.0024373014446006035)
129	77,0.00152636576471	(129, 0.0024373014446006035)
129	100,0.0015704936716	(129, 0.0024373014446006035)
129	59,0.00159101376976	(129, 0.0024373014446006035)
129	25,0.00170671734546	(129, 0.0024373014446006035)
129	83,0.00177415119436	(129, 0.0024373014446006035)
129	94,0.00184197181972	(129, 0.0024373014446006035)
129	102,0.0018874507894	(129, 0.0024373014446006035)
130	130,0.00145167993591	(130, 0.0014516799359090074)
130	65,0.00156061153462	(130, 0.0014516799359090074)
130	13,0.0015625322202	(130, 0.0014516799359090074)
130	69,0.00161022367173	(130, 0.0014516799359090074)
130	34,0.00163440894214	(130, 0.0014516799359090074)
130	28,0.00164185108619	(130, 0.0014516799359090074)
130	15,0.00169260520318	(130, 0.0014516799359090074)
130	157,0.00174084642529	(130, 0.0014516799359090074)
130	53,0.00174158801444	(130, 0.0014516799359090074)
130	33,0.001753239629	(130, 0.0014516799359090074)
131	116,0.00110601327545	(131, 0.001151455198262542)
131	131,0.00115145519826	(131, 0.001151455198262542)
131	166,0.00126582379074	(131, 0.001151455198262542)
131	72,0.00144049848064	(131, 0.001151455198262542)
131	156,0.00148510154214	(131, 0.001151455198262542)
131	144,0.00156968406017	(131, 0.001151455198262542)
131	104,0.00181457108013	(131, 0.001151455198262542)
131	84,0.00181861854024	(131, 0.001151455198262542)
131	165,0.00182122216369	(131, 0.001151455198262542)
131	73,0.00190425346393	(131, 0.001151455198262542)
132	22,0.000375802816418	(132, 0.00037775894903435957)
132	132,0.000377758949034	(132, 0.00037775894903435957)
132	18,0.00038484771726	(132, 0.00037775894903435957)
132	76,0.000442573386392	(132, 0.00037775894903435957)
132	158,0.000481170960929	(132, 0.00037775894903435957)
132	147,0.000519546235576	(132, 0.00037775894903435957)
132	139,0.000525776089381	(132, 0.00037775894903435957)
132	121,0.000555328230427	(132, 0.00037775894903435957)
132	46,0.000557964547284	(132, 0.00037775894903435957)
132	171,0.000605618625535	(132, 0.00037775894903435957)
133	133,0.000669297320721	(133, 0.00066929732072090449)
133	91,0.00133033126283	(133, 0.00066929732072090449)
133	34,0.0015354698111	(133, 0.00066929732072090449)
133	130,0.00160157133504	(133, 0.00066929732072090449)
133	102,0.0017363514078	(133, 0.00066929732072090449)
133	53,0.00193161585351	(133, 0.00066929732072090449)
133	28,0.00198415819583	(133, 0.00066929732072090449)
133	103,0.00199360337735	(133, 0.00066929732072090449)
133	153,0.00206704781556	(133, 0.00066929732072090449)
133	155,0.00209075069122	(133, 0.00066929732072090449)
134	121,0.000446532632375	(134, 0.00092664382205909039)
134	128,0.00057198210461	(134, 0.00092664382205909039)
134	78,0.000595193064796	(134, 0.00092664382205909039)
134	18,0.000673707194888	(134, 0.00092664382205909039)
134	22,0.000787085395979	(134, 0.00092664382205909039)
134	12,0.000799767736545	(134, 0.00092664382205909039)
134	61,0.000869554568833	(134, 0.00092664382205909039)
134	88,0.000922805981035	(134, 0.00092664382205909039)
134	134,0.000926643822059	(134, 0.00092664382205909039)
134	26,0.000932278725282	(134, 0.00092664382205909039)
135	147,0.000330224784381	(135, 0.00056729839492268943)
135	76,0.000394408849469	(135, 0.00056729839492268943)
135	137,0.000418799107665	(135, 0.00056729839492268943)
135	63,0.0004435537799	(135, 0.00056729839492268943)
135	162,0.000484909145711	(135, 0.00056729839492268943)
135	135,0.000567298394923	(135, 0.00056729839492268943)
135	117,0.000590763379204	(135, 0.00056729839492268943)
135	171,0.000596625939569	(135, 0.00056729839492268943)
135	77,0.000606848155354	(135, 0.00056729839492268943)
135	90,0.000670492743553	(135, 0.00056729839492268943)
136	119,0.000858416275071	(136, 0.00089373344977922002)
136	121,0.000862931535255	(136, 0.00089373344977922002)
136	136,0.000893733449779	(136, 0.00089373344977922002)
136	3,0.000903699113403	(136, 0.00089373344977922002)
136	11,0.000905403257599	(136, 0.00089373344977922002)
136	162,0.000955183727713	(136, 0.00089373344977922002)
136	151,0.00101379035161	(136, 0.00089373344977922002)
136	54,0.00106262440514	(136, 0.00089373344977922002)
136	132,0.00106589696153	(136, 0.00089373344977922002)
136	126,0.00109265133098	(136, 0.00089373344977922002)
137	137,0.000251967537223	(137, 0.00025196753722255065)
137	63,0.000305548838223	(137, 0.00025196753722255065)
137	147,0.000340783922145	(137, 0.00025196753722255065)
137	171,0.000465426810158	(137, 0.00025196753722255065)
137	76,0.000494373477649	(137, 0.00025196753722255065)
137	3,0.000511318109123	(137, 0.00025196753722255065)
137	36,0.000588307029878	(137, 0.00025196753722255065)
137	136,0.000631020110893	(137, 0.00025196753722255065)
137	90,0.000647048649308	(137, 0.00025196753722255065)
137	126,0.00065069049603	(137, 0.00025196753722255065)
138	128,0.00070205431625	(138, 0.001049973287378498)
138	158,0.000719365845841	(138, 0.001049973287378498)
138	78,0.000747433166285	(138, 0.001049973287378498)
138	107,0.000844154946968	(138, 0.001049973287378498)
138	138,0.00104997328738	(138, 0.001049973287378498)
138	55,0.00107392228808	(138, 0.001049973287378498)
138	22,0.00110083705208	(138, 0.001049973287378498)
138	38,0.00114928015709	(138, 0.001049973287378498)
138	139,0.00114989431304	(138, 0.001049973287378498)
138	159,0.00116199493624	(138, 0.001049973287378498)
139	139,0.000208604526498	(139, 0.00020860452649814883)
139	46,0.000480403507262	(139, 0.00020860452649814883)
139	18,0.000503644596071	(139, 0.00020860452649814883)
139	76,0.000506909786059	(139, 0.00020860452649814883)
139	132,0.00056810151089	(139, 0.00020860452649814883)
139	151,0.000569190484091	(139, 0.00020860452649814883)
139	22,0.000590794083294	(139, 0.00020860452649814883)
139	121,0.000647191406715	(139, 0.00020860452649814883)
139	35,0.000686938905903	(139, 0.00020860452649814883)
139	158,0.000711476264926	(139, 0.00020860452649814883)
140	69,0.00093546386879	(140, 0.0011439132487091721)
140	140,0.00114391324871	(140, 0.0011439132487091721)
140	93,0.00124418881115	(140, 0.0011439132487091721)
140	124,0.00130984260567	(140, 0.0011439132487091721)
140	116,0.00133949766191	(140, 0.0011439132487091721)
140	104,0.00135090377835	(140, 0.0011439132487091721)
140	40,0.00138907201074	(140, 0.0011439132487091721)
140	157,0.00143173524934	(140, 0.0011439132487091721)
140	73,0.00152014521681	(140, 0.0011439132487091721)
140	131,0.00166385805806	(140, 0.0011439132487091721)
141	48,0.00189527019739	(141, 0.0018980070510189303)
141	141,0.00189800705102	(141, 0.0018980070510189303)
141	124,0.00193838357695	(141, 0.0018980070510189303)
141	33,0.00231979008044	(141, 0.0018980070510189303)
141	4,0.00233635940811	(141, 0.0018980070510189303)
141	69,0.00238932295521	(141, 0.0018980070510189303)
141	97,0.00240319382622	(141, 0.0018980070510189303)
141	2,0.00242727002203	(141, 0.0018980070510189303)
141	120,0.00243822175421	(141, 0.0018980070510189303)
141	155,0.00254820125678	(141, 0.0018980070510189303)
142	38,0.00101332795533	(142, 0.0034178208849781756)
142	61,0.00111216193396	(142, 0.0034178208849781756)
142	12,0.00117038730122	(142, 0.0034178208849781756)
142	55,0.001236697718	(142, 0.0034178208849781756)
142	73,0.00128472794607	(142, 0.0034178208849781756)
142	16,0.00137475342318	(142, 0.0034178208849781756)
142	23,0.00143834248079	(142, 0.0034178208849781756)
142	105,0.00153058972508	(142, 0.0034178208849781756)
142	24,0.00155414749198	(142, 0.0034178208849781756)
142	78,0.001575569914	(142, 0.0034178208849781756)
143	90,0.000438896492795	(143, 0.00047026820941150575)
143	143,0.000470268209412	(143, 0.00047026820941150575)
143	162,0.00049296654097	(143, 0.00047026820941150575)
143	11,0.00049715497916	(143, 0.00047026820941150575)
143	112,0.000512605478358	(143, 0.00047026820941150575)
143	3,0.000567633732961	(143, 0.00047026820941150575)
143	63,0.00059157185464	(143, 0.00047026820941150575)
143	137,0.000592357906833	(143, 0.00047026820941150575)
143	21,0.000666415807902	(143, 0.00047026820941150575)
143	100,0.000707657616296	(143, 0.00047026820941150575)
144	144,0.000453468471916	(144, 0.00045346847191605745)
144	14,0.00110979632431	(144, 0.00045346847191605745)
144	38,0.00124311636894	(144, 0.00045346847191605745)
144	12,0.00124834033608	(144, 0.00045346847191605745)
144	109,0.00129464578304	(144, 0.00045346847191605745)
144	116,0.00136404367133	(144, 0.00045346847191605745)
144	145,0.001375302471	(144, 0.00045346847191605745)
144	159,0.00142634121436	(144, 0.00045346847191605745)
144	123,0.00148129721183	(144, 0.00045346847191605745)
144	84,0.00149158738807	(144, 0.00045346847191605745)
145	38,0.000798094509803	(145, 0.00082015350074429792)
145	128,0.000806145966905	(145, 0.00082015350074429792)
145	78,0.000807975150185	(145, 0.00082015350074429792)
145	145,0.000820153500744	(145, 0.00082015350074429792)
145	158,0.000836919008655	(145, 0.00082015350074429792)
145	12,0.000897470436437	(145, 0.00082015350074429792)
145	24,0.00091847521316	(145, 0.00082015350074429792)
145	55,0.000923884462744	(145, 0.00082015350074429792)
145	14,0.00106951067719	(145, 0.00082015350074429792)
145	61,0.00117846411879	(145, 0.00082015350074429792)
146	146,0.000363352633453	(146, 0.00036335263345293448)
146	12,0.000703634366015	(146, 0.00036335263345293448)
146	137,0.000795327226967	(146, 0.00036335263345293448)
146	132,0.000823793243546	(146, 0.00036335263345293448)
146	159,0.000823842197719	(146, 0.00036335263345293448)
146	18,0.000827329345981	(146, 0.00036335263345293448)
146	46,0.000849530357729	(146, 0.00036335263345293448)
146	126,0.000866474204067	(146, 0.00036335263345293448)
146	151,0.000949870905249	(146, 0.00036335263345293448)
146	22,0.000961382748596	(146, 0.00036335263345293448)
147	76,0.000282760089319	(147, 0.00030231676557294636)
147	147,0.000302316765573	(147, 0.00030231676557294636)
147	63,0.000335587355012	(147, 0.00030231676557294636)
147	23,0.00049336074745	(147, 0.00030231676557294636)
147	18,0.000515559826797	(147, 0.00030231676557294636)
147	22,0.000540817925802	(147, 0.00030231676557294636)
147	61,0.000579395340375	(147, 0.00030231676557294636)
147	132,0.000584531330776	(147, 0.00030231676557294636)
147	121,0.00060334882184	(147, 0.00030231676557294636)
147	171,0.000627356668898	(147, 0.00030231676557294636)
148	148,0.000382106458413	(148, 0.00038210645841280587)
148	17,0.000458365049978	(148, 0.00038210645841280587)
148	143,0.000569611055102	(148, 0.00038210645841280587)
148	100,0.000601579309902	(148, 0.00038210645841280587)
148	90,0.000688033807478	(148, 0.00038210645841280587)
148	172,0.000888486344084	(148, 0.00038210645841280587)
148	49,0.000889581745327	(148, 0.00038210645841280587)
148	37,0.000893234905822	(148, 0.00038210645841280587)
148	40,0.000966386180376	(148, 0.00038210645841280587)
148	3,0.000997930848841	(148, 0.00038210645841280587)
149	149,0.00128489986412	(149, 0.0012848998641189085)
149	32,0.00194375539728	(149, 0.0012848998641189085)
149	169,0.00233926690362	(149, 0.0012848998641189085)
149	33,0.0026999811999	(149, 0.0012848998641189085)
149	45,0.00364721601284	(149, 0.0012848998641189085)
149	27,0.00367717041637	(149, 0.0012848998641189085)
149	111,0.00370637044684	(149, 0.0012848998641189085)
149	156,0.00376330344419	(149, 0.0012848998641189085)
149	165,0.00377624083842	(149, 0.0012848998641189085)
149	91,0.00384440247417	(149, 0.0012848998641189085)
150	3,0.000393178095872	(150, 0.00065093669803504802)
150	11,0.000402798023474	(150, 0.00065093669803504802)
150	121,0.000465564982118	(150, 0.00065093669803504802)
150	63,0.000479917483357	(150, 0.00065093669803504802)
150	162,0.000494137281678	(150, 0.00065093669803504802)
150	76,0.000567393372223	(150, 0.00065093669803504802)
150	71,0.000572800057784	(150, 0.00065093669803504802)
150	21,0.000608247439739	(150, 0.00065093669803504802)
150	117,0.000613564134728	(150, 0.00065093669803504802)
150	132,0.000639452684098	(150, 0.00065093669803504802)
151	121,0.000354298436384	(151, 0.00054462113689382463)
151	151,0.000544621136894	(151, 0.00054462113689382463)
151	132,0.000559356353165	(151, 0.00054462113689382463)
151	3,0.00062362047603	(151, 0.00054462113689382463)
151	63,0.000641543611854	(151, 0.00054462113689382463)
151	70,0.00070059342435	(151, 0.00054462113689382463)
151	162,0.000708961890751	(151, 0.00054462113689382463)
151	81,0.000734400562884	(151, 0.00054462113689382463)
151	78,0.000741684303783	(151, 0.00054462113689382463)
151	22,0.000770731041164	(151, 0.00054462113689382463)
152	152,0.000600408560292	(152, 0.00060040856029156843)
152	35,0.000688013317314	(152, 0.00060040856029156843)
152	121,0.000722331402385	(152, 0.00060040856029156843)
152	139,0.000744531094711	(152, 0.00060040856029156843)
152	88,0.000796029679409	(152, 0.00060040856029156843)
152	128,0.000806029632392	(152, 0.00060040856029156843)
152	18,0.000811775892592	(152, 0.00060040856029156843)
152	22,0.000897733909623	(152, 0.00060040856029156843)
152	12,0.000900948028107	(152, 0.00060040856029156843)
152	159,0.0009293754718	(152, 0.00060040856029156843)
153	133,0.000943167151893	(153, 0.0015180004259345058)
153	91,0.00140305097453	(153, 0.0015180004259345058)
153	103,0.0014903537024	(153, 0.0015180004259345058)
153	130,0.00149350060883	(153, 0.0015180004259345058)
153	153,0.00151800042593	(153, 0.0015180004259345058)
153	34,0.00155540853947	(153, 0.0015180004259345058)
153	102,0.00161785369436	(153, 0.0015180004259345058)
153	1,0.00185002035698	(153, 0.0015180004259345058)
153	28,0.00195399900314	(153, 0.0015180004259345058)
153	95,0.00201585844383	(153, 0.0015180004259345058)
154	154,0.000334268613368	(154, 0.00033426861336768334)
154	174,0.000777773383133	(154, 0.00033426861336768334)
154	40,0.000795921856221	(154, 0.00033426861336768334)
154	172,0.000948588172683	(154, 0.00033426861336768334)
154	69,0.000997498150371	(154, 0.00033426861336768334)
154	4,0.00108363029849	(154, 0.00033426861336768334)
154	56,0.00124894493091	(154, 0.00033426861336768334)
154	2,0.00128107381022	(154, 0.00033426861336768334)
154	48,0.00135821295974	(154, 0.00033426861336768334)
154	15,0.00135853527471	(154, 0.00033426861336768334)
155	11,0.000445057769876	(155, 0.0009749233091872196)
155	71,0.00045637541636	(155, 0.0009749233091872196)
155	162,0.000479205696341	(155, 0.0009749233091872196)
155	121,0.000580504896982	(155, 0.0009749233091872196)
155	1,0.000737977454348	(155, 0.0009749233091872196)
155	117,0.000746840422315	(155, 0.0009749233091872196)
155	77,0.000839360449092	(155, 0.0009749233091872196)
155	3,0.000854760030435	(155, 0.0009749233091872196)
155	86,0.000920150389331	(155, 0.0009749233091872196)
155	81,0.000934376485058	(155, 0.0009749233091872196)
156	156,0.000714012050002	(156, 0.00071401205000220353)
156	73,0.000803583112936	(156, 0.00071401205000220353)
156	144,0.000808026044415	(156, 0.00071401205000220353)
156	109,0.0010014828515	(156, 0.00071401205000220353)
156	84,0.00114053616875	(156, 0.00071401205000220353)
156	27,0.00118008400626	(156, 0.00071401205000220353)
156	93,0.00122648154334	(156, 0.00071401205000220353)
156	107,0.00123579536841	(156, 0.00071401205000220353)
156	116,0.00124270662827	(156, 0.00071401205000220353)
156	99,0.00125492620908	(156, 0.00071401205000220353)
157	12,0.000660083073953	(157, 0.0010333877838693052)
157	128,0.000724004241432	(157, 0.0010333877838693052)
157	93,0.000750631200257	(157, 0.0010333877838693052)
157	73,0.000798886024347	(157, 0.0010333877838693052)
157	22,0.000815093779527	(157, 0.0010333877838693052)
157	81,0.000816146229342	(157, 0.0010333877838693052)
157	126,0.000834918561242	(157, 0.0010333877838693052)
157	121,0.000892413268489	(157, 0.0010333877838693052)
157	3,0.000931992016262	(157, 0.0010333877838693052)
157	78,0.000939660227856	(157, 0.0010333877838693052)
158	3,0.000436952791054	(158, 0.0014151057627881753)
158	77,0.000443614679635	(158, 0.0014151057627881753)
158	137,0.000559827825501	(158, 0.0014151057627881753)
158	63,0.000608097070286	(158, 0.0014151057627881753)
158	11,0.000628310979769	(158, 0.0014151057627881753)
158	76,0.00064333161082	(158, 0.0014151057627881753)
158	37,0.000648254165628	(158, 0.0014151057627881753)
158	147,0.000655086530788	(158, 0.0014151057627881753)
158	171,0.000676297400343	(158, 0.0014151057627881753)
158	117,0.000687221807917	(158, 0.0014151057627881753)
159	146,0.00041534849233	(159, 0.0010071191801375495)
159	137,0.000543634996905	(159, 0.0010071191801375495)
159	36,0.00064434248136	(159, 0.0010071191801375495)
159	81,0.000648884935634	(159, 0.0010071191801375495)
159	147,0.000650173152279	(159, 0.0010071191801375495)
159	46,0.000663463538713	(159, 0.0010071191801375495)
159	90,0.000667873459791	(159, 0.0010071191801375495)
159	63,0.000694282967068	(159, 0.0010071191801375495)
159	18,0.000696315710782	(159, 0.0010071191801375495)
159	3,0.000760010847987	(159, 0.0010071191801375495)
160	27,0.00117164134326	(160, 0.0056712229126111031)
160	164,0.00130861750877	(160, 0.0056712229126111031)
160	73,0.00133381224366	(160, 0.0056712229126111031)
160	38,0.00137164244247	(160, 0.0056712229126111031)
160	24,0.00141121643782	(160, 0.0056712229126111031)
160	107,0.00144707376163	(160, 0.0056712229126111031)
160	105,0.00145373388565	(160, 0.0056712229126111031)
160	43,0.00149562286546	(160, 0.0056712229126111031)
160	12,0.00154273936665	(160, 0.0056712229126111031)
160	50,0.00158159109507	(160, 0.0056712229126111031)
161	161,0.000318736051605	(161, 0.00031873605160546314)
161	65,0.000816605533471	(161, 0.00031873605160546314)
161	17,0.000868142776458	(161, 0.00031873605160546314)
161	155,0.000883256496818	(161, 0.00031873605160546314)
161	44,0.00102417441771	(161, 0.00031873605160546314)
161	77,0.00105198616366	(161, 0.00031873605160546314)
161	120,0.00109002689063	(161, 0.00031873605160546314)
161	13,0.00109123265905	(161, 0.00031873605160546314)
161	100,0.00109779888961	(161, 0.00031873605160546314)
161	83,0.00110195757668	(161, 0.00031873605160546314)
162	162,0.000417941840378	(162, 0.00041794184037776793)
162	117,0.000479672300527	(162, 0.00041794184037776793)
162	12,0.000601181832672	(162, 0.00041794184037776793)
162	18,0.000603494200049	(162, 0.00041794184037776793)
162	86,0.000610135491721	(162, 0.00041794184037776793)
162	137,0.000630379488089	(162, 0.00041794184037776793)
162	90,0.000631779042096	(162, 0.00041794184037776793)
162	76,0.000645051205344	(162, 0.00041794184037776793)
162	11,0.000672135151428	(162, 0.00041794184037776793)
162	81,0.000684430085939	(162, 0.00041794184037776793)
163	148,0.000668906427538	(163, 0.0011636699660575139)
163	17,0.000683719075057	(163, 0.0011636699660575139)
163	100,0.000710488741168	(163, 0.0011636699660575139)
163	40,0.000793668954547	(163, 0.0011636699660575139)
163	172,0.000824728432719	(163, 0.0011636699660575139)
163	143,0.000855008677693	(163, 0.0011636699660575139)
163	37,0.000864544090336	(163, 0.0011636699660575139)
163	83,0.000870402918524	(163, 0.0011636699660575139)
163	3,0.000932531630186	(163, 0.0011636699660575139)
163	11,0.000985658914656	(163, 0.0011636699660575139)
164	73,0.000927160816398	(164, 0.0014493483938311769)
164	156,0.0010445601993	(164, 0.0014493483938311769)
164	27,0.0011850225158	(164, 0.0014493483938311769)
164	131,0.00133348960352	(164, 0.0014493483938311769)
164	109,0.00139570394279	(164, 0.0014493483938311769)
164	164,0.00144934839383	(164, 0.0014493483938311769)
164	32,0.00148742583658	(164, 0.0014493483938311769)
164	144,0.00149223081758	(164, 0.0014493483938311769)
164	107,0.00164130479045	(164, 0.0014493483938311769)
164	13,0.00172439372932	(164, 0.0014493483938311769)
165	93,0.00107097071991	(165, 0.0013558083199439626)
165	27,0.00131730966603	(165, 0.0013558083199439626)
165	156,0.00132288273728	(165, 0.0013558083199439626)
165	165,0.00135580831994	(165, 0.0013558083199439626)
165	73,0.00135774230953	(165, 0.0013558083199439626)
165	144,0.00136289566463	(165, 0.0013558083199439626)
165	116,0.00140565941042	(165, 0.0013558083199439626)
165	157,0.00150465396042	(165, 0.0013558083199439626)
165	131,0.00151398343854	(165, 0.0013558083199439626)
165	24,0.00162752702071	(165, 0.0013558083199439626)
166	144,0.00115183158379	(166, 0.0013627268813556301)
166	116,0.00118677497078	(166, 0.0013627268813556301)
166	166,0.00136272688136	(166, 0.0013627268813556301)
166	140,0.00147559683652	(166, 0.0013627268813556301)
166	157,0.00148169842899	(166, 0.0013627268813556301)
166	124,0.0014901532531	(166, 0.0013627268813556301)
166	13,0.0015238731512	(166, 0.0013627268813556301)
166	93,0.00153580490453	(166, 0.0013627268813556301)
166	104,0.00162708756497	(166, 0.0013627268813556301)
166	69,0.00163466893518	(166, 0.0013627268813556301)
167	51,0.00138528991014	(167, 0.0018674869445546162)
167	39,0.00175801652411	(167, 0.0018674869445546162)
167	32,0.00179566760528	(167, 0.0018674869445546162)
167	27,0.00180796861419	(167, 0.0018674869445546162)
167	167,0.00186748694455	(167, 0.0018674869445546162)
167	19,0.00216458765939	(167, 0.0018674869445546162)
167	138,0.00229981565525	(167, 0.0018674869445546162)
167	169,0.00232921064825	(167, 0.0018674869445546162)
167	84,0.00234991101169	(167, 0.0018674869445546162)
167	156,0.00243368428588	(167, 0.0018674869445546162)
168	12,0.000675069739306	(168, 0.000954336453170836)
168	18,0.000835200995822	(168, 0.000954336453170836)
168	55,0.00084077057142	(168, 0.000954336453170836)
168	121,0.000885398976346	(168, 0.000954336453170836)
168	152,0.000931418009804	(168, 0.000954336453170836)
168	86,0.000935265226922	(168, 0.000954336453170836)
168	168,0.000954336453171	(168, 0.000954336453170836)
168	151,0.00102740664613	(168, 0.000954336453170836)
168	38,0.00106841825828	(168, 0.000954336453170836)
168	128,0.00111997925118	(168, 0.000954336453170836)
169	156,0.000939329250302	(169, 0.0017377230523570742)
169	73,0.00106278903704	(169, 0.0017377230523570742)
169	27,0.0012260639619	(169, 0.0017377230523570742)
169	109,0.001380268794	(169, 0.0017377230523570742)
169	84,0.00144248776953	(169, 0.0017377230523570742)
169	99,0.00145164525799	(169, 0.0017377230523570742)
169	19,0.00146317495276	(169, 0.0017377230523570742)
169	144,0.00150325214791	(169, 0.0017377230523570742)
169	138,0.00156435252366	(169, 0.0017377230523570742)
169	170,0.00166321899016	(169, 0.0017377230523570742)
170	170,0.0011349258704	(170, 0.0011349258704044939)
170	99,0.00132570128661	(170, 0.0011349258704044939)
170	144,0.00133596525514	(170, 0.0011349258704044939)
170	109,0.00137004257201	(170, 0.0011349258704044939)
170	84,0.001374915521	(170, 0.0011349258704044939)
170	27,0.00140301040179	(170, 0.0011349258704044939)
170	73,0.00143360334473	(170, 0.0011349258704044939)
170	124,0.00154687477988	(170, 0.0011349258704044939)
170	0,0.00155366209962	(170, 0.0011349258704044939)
170	19,0.0015954945665	(170, 0.0011349258704044939)
171	27,0.000790154788202	(171, 0.0032743865521310056)
171	73,0.00111529928549	(171, 0.0032743865521310056)
171	156,0.00114497154419	(171, 0.0032743865521310056)
171	32,0.00130495097673	(171, 0.0032743865521310056)
171	19,0.00132029490939	(171, 0.0032743865521310056)
171	107,0.00132233021486	(171, 0.0032743865521310056)
171	144,0.00149518551019	(171, 0.0032743865521310056)
171	164,0.0015140278523	(171, 0.0032743865521310056)
171	99,0.00155862955084	(171, 0.0032743865521310056)
171	51,0.00162475299869	(171, 0.0032743865521310056)
172	172,0.000344455288834	(172, 0.00034445528883439983)
172	3,0.0004170000287	(172, 0.00034445528883439983)
172	137,0.000444340012483	(172, 0.00034445528883439983)
172	37,0.000601567222512	(172, 0.00034445528883439983)
172	17,0.000623285813064	(172, 0.00034445528883439983)
172	77,0.000625638911026	(172, 0.00034445528883439983)
172	90,0.000628328614687	(172, 0.00034445528883439983)
172	81,0.000637407311066	(172, 0.00034445528883439983)
172	171,0.0006746032773	(172, 0.00034445528883439983)
172	136,0.000692756827264	(172, 0.00034445528883439983)
173	107,0.000909706511452	(173, 0.0020283149128347568)
173	158,0.000942992822466	(173, 0.0020283149128347568)
173	38,0.00110227018101	(173, 0.0020283149128347568)
173	128,0.00110605454386	(173, 0.0020283149128347568)
173	24,0.00116387595187	(173, 0.0020283149128347568)
173	27,0.00117673329377	(173, 0.0020283149128347568)
173	78,0.00130798899189	(173, 0.0020283149128347568)
173	156,0.00133331648316	(173, 0.0020283149128347568)
173	61,0.00145055524585	(173, 0.0020283149128347568)
173	12,0.00145730050841	(173, 0.0020283149128347568)
174	174,0.000537190388948	(174, 0.00053719038894812382)
174	15,0.000664367492087	(174, 0.00053719038894812382)
174	56,0.00072239905792	(174, 0.00053719038894812382)
174	69,0.00082617370111	(174, 0.00053719038894812382)
174	4,0.000938905657656	(174, 0.00053719038894812382)
174	17,0.000969715897332	(174, 0.00053719038894812382)
174	154,0.000974596944319	(174, 0.00053719038894812382)
174	120,0.000994738709387	(174, 0.00053719038894812382)
174	2,0.00101645102198	(174, 0.00053719038894812382)
174	40,0.00109792136382	(174, 0.00053719038894812382)
