0	0,0.0130927570247	(0, 0.013092757024731111)
0	99,0.028687649461	(0, 0.013092757024731111)
0	84,0.0308532758937	(0, 0.013092757024731111)
0	38,0.0312093670705	(0, 0.013092757024731111)
0	170,0.0364988265271	(0, 0.013092757024731111)
0	173,0.0365166125659	(0, 0.013092757024731111)
0	78,0.0369751128378	(0, 0.013092757024731111)
0	109,0.0372496080232	(0, 0.013092757024731111)
0	138,0.0380337051775	(0, 0.013092757024731111)
0	144,0.0389167162477	(0, 0.013092757024731111)
1	1,0.0109659823296	(1, 0.010965982329590486)
1	103,0.0179791049497	(1, 0.010965982329590486)
1	102,0.0182684429224	(1, 0.010965982329590486)
1	28,0.0189624207666	(1, 0.010965982329590486)
1	91,0.020342968691	(1, 0.010965982329590486)
1	155,0.0206531871984	(1, 0.010965982329590486)
1	153,0.0219635171639	(1, 0.010965982329590486)
1	114,0.0233194443638	(1, 0.010965982329590486)
1	53,0.0236326173448	(1, 0.010965982329590486)
1	41,0.0241880448242	(1, 0.010965982329590486)
2	4,0.0121899009092	(2, 0.021684239355696008)
2	154,0.0137529474794	(2, 0.021684239355696008)
2	174,0.0168053885811	(2, 0.021684239355696008)
2	69,0.0170905876408	(2, 0.021684239355696008)
2	40,0.0186557408592	(2, 0.021684239355696008)
2	172,0.0203430079395	(2, 0.021684239355696008)
2	2,0.0216842393557	(2, 0.021684239355696008)
2	25,0.0241661018628	(2, 0.021684239355696008)
2	148,0.0263829520555	(2, 0.021684239355696008)
2	17,0.026693516791	(2, 0.021684239355696008)
3	3,0.00454004111762	(3, 0.0045400411176199544)
3	63,0.00840100153782	(3, 0.0045400411176199544)
3	132,0.0103554081729	(3, 0.0045400411176199544)
3	81,0.0107451391076	(3, 0.0045400411176199544)
3	121,0.0116003475749	(3, 0.0045400411176199544)
3	162,0.0116688275525	(3, 0.0045400411176199544)
3	11,0.0122557008336	(3, 0.0045400411176199544)
3	147,0.0125444657583	(3, 0.0045400411176199544)
3	150,0.0126086450089	(3, 0.0045400411176199544)
3	151,0.0129772318977	(3, 0.0045400411176199544)
4	172,0.0089500681826	(4, 0.015466612164299124)
4	17,0.0118587105221	(4, 0.015466612164299124)
4	40,0.0126750988964	(4, 0.015466612164299124)
4	69,0.013004775391	(4, 0.015466612164299124)
4	37,0.0141592615974	(4, 0.015466612164299124)
4	13,0.0144962538748	(4, 0.015466612164299124)
4	120,0.0153597208152	(4, 0.015466612164299124)
4	4,0.0154666121643	(4, 0.015466612164299124)
4	77,0.0155010308754	(4, 0.015466612164299124)
4	174,0.0161852501217	(4, 0.015466612164299124)
5	73,0.00892248985123	(5, 0.047430162903757407)
5	93,0.0217132162439	(5, 0.047430162903757407)
5	78,0.0219484627375	(5, 0.047430162903757407)
5	107,0.0222407028757	(5, 0.047430162903757407)
5	26,0.0222527901214	(5, 0.047430162903757407)
5	158,0.0237128015655	(5, 0.047430162903757407)
5	128,0.0238115358047	(5, 0.047430162903757407)
5	124,0.0243979649797	(5, 0.047430162903757407)
5	121,0.0245204466604	(5, 0.047430162903757407)
5	22,0.0250904310559	(5, 0.047430162903757407)
6	139,0.00701747629045	(6, 0.010364796307633404)
6	46,0.00810232293781	(6, 0.010364796307633404)
6	6,0.0103647963076	(6, 0.010364796307633404)
6	76,0.0118271553536	(6, 0.010364796307633404)
6	22,0.0120766846898	(6, 0.010364796307633404)
6	18,0.0135869091695	(6, 0.010364796307633404)
6	158,0.0139171908384	(6, 0.010364796307633404)
6	171,0.0141082170291	(6, 0.010364796307633404)
6	132,0.0145629543998	(6, 0.010364796307633404)
6	35,0.0155996309996	(6, 0.010364796307633404)
7	66,0.0530855485558	(7, 0.092379664814715642)
7	167,0.0664296093208	(7, 0.092379664814715642)
7	80,0.0723288096736	(7, 0.092379664814715642)
7	51,0.073562163702	(7, 0.092379664814715642)
7	32,0.0761009144487	(7, 0.092379664814715642)
7	169,0.0775901984833	(7, 0.092379664814715642)
7	160,0.0838943428343	(7, 0.092379664814715642)
7	133,0.0913941556676	(7, 0.092379664814715642)
7	149,0.091507467984	(7, 0.092379664814715642)
7	7,0.0923796648147	(7, 0.092379664814715642)
8	121,0.0133675713744	(8, 0.016079404446776246)
8	11,0.0137630132861	(8, 0.016079404446776246)
8	162,0.0157416428082	(8, 0.016079404446776246)
8	73,0.0159085686586	(8, 0.016079404446776246)
8	8,0.0160794044468	(8, 0.016079404446776246)
8	78,0.0171637146309	(8, 0.016079404446776246)
8	3,0.0175366430711	(8, 0.016079404446776246)
8	71,0.0180177674528	(8, 0.016079404446776246)
8	18,0.0181649731926	(8, 0.016079404446776246)
8	151,0.0183528271142	(8, 0.016079404446776246)
9	9,0.0232187212563	(9, 0.023218721256271745)
9	155,0.0411201252972	(9, 0.023218721256271745)
9	114,0.0421180401234	(9, 0.023218721256271745)
9	53,0.0475097517605	(9, 0.023218721256271745)
9	124,0.0476218731126	(9, 0.023218721256271745)
9	91,0.048746100564	(9, 0.023218721256271745)
9	28,0.0582166850233	(9, 0.023218721256271745)
9	65,0.059712906106	(9, 0.023218721256271745)
9	41,0.0600028805413	(9, 0.023218721256271745)
9	140,0.0646856527597	(9, 0.023218721256271745)
10	10,0.0277649812757	(10, 0.027764981275706854)
10	47,0.0373444503454	(10, 0.027764981275706854)
10	167,0.0626461252838	(10, 0.027764981275706854)
10	99,0.0651769421333	(10, 0.027764981275706854)
10	84,0.0686877311354	(10, 0.027764981275706854)
10	173,0.0704175597805	(10, 0.027764981275706854)
10	27,0.0740041223783	(10, 0.027764981275706854)
10	19,0.0747049282318	(10, 0.027764981275706854)
10	14,0.0750911673829	(10, 0.027764981275706854)
10	138,0.0752603380094	(10, 0.027764981275706854)
11	11,0.00588191469791	(11, 0.0058819146979080215)
11	81,0.011385842607	(11, 0.0058819146979080215)
11	119,0.0127033835969	(11, 0.0058819146979080215)
11	37,0.0147103190927	(11, 0.0058819146979080215)
11	3,0.0147850183891	(11, 0.0058819146979080215)
11	115,0.0150200459791	(11, 0.0058819146979080215)
11	96,0.0164898866198	(11, 0.0058819146979080215)
11	71,0.0184696876738	(11, 0.0058819146979080215)
11	112,0.019140852779	(11, 0.0058819146979080215)
11	121,0.0193184850096	(11, 0.0058819146979080215)
12	22,0.00804395466305	(12, 0.01041822653989905)
12	121,0.00809019519327	(12, 0.01041822653989905)
12	151,0.00889036482609	(12, 0.01041822653989905)
12	76,0.00966218612315	(12, 0.01041822653989905)
12	18,0.00977651555664	(12, 0.01041822653989905)
12	132,0.00988849095658	(12, 0.01041822653989905)
12	12,0.0104182265399	(12, 0.01041822653989905)
12	126,0.011001968282	(12, 0.01041822653989905)
12	78,0.011614533269	(12, 0.01041822653989905)
12	63,0.0120190144841	(12, 0.01041822653989905)
13	17,0.00910659798965	(13, 0.014518208875764018)
13	172,0.00931360300084	(13, 0.014518208875764018)
13	11,0.0093954542536	(13, 0.014518208875764018)
13	3,0.0106822008713	(13, 0.014518208875764018)
13	37,0.0109858481006	(13, 0.014518208875764018)
13	162,0.010991675602	(13, 0.014518208875764018)
13	90,0.0113800666943	(13, 0.014518208875764018)
13	136,0.0116407472658	(13, 0.014518208875764018)
13	77,0.012218077108	(13, 0.014518208875764018)
13	81,0.0126967514732	(13, 0.014518208875764018)
14	14,0.0125185752739	(14, 0.012518575273861101)
14	72,0.0154617495896	(14, 0.012518575273861101)
14	159,0.0163699048665	(14, 0.012518575273861101)
14	123,0.02199557855	(14, 0.012518575273861101)
14	144,0.022396606849	(14, 0.012518575273861101)
14	145,0.0226339293559	(14, 0.012518575273861101)
14	109,0.0231897491085	(14, 0.012518575273861101)
14	84,0.0236802758197	(14, 0.012518575273861101)
14	12,0.0253316105136	(14, 0.012518575273861101)
14	38,0.0254007890626	(14, 0.012518575273861101)
15	17,0.00829361477384	(15, 0.0085732587685627172)
15	15,0.00857325876856	(15, 0.0085732587685627172)
15	77,0.0140209783019	(15, 0.0085732587685627172)
15	100,0.0140649499663	(15, 0.0085732587685627172)
15	174,0.0146357823651	(15, 0.0085732587685627172)
15	172,0.0147961792127	(15, 0.0085732587685627172)
15	49,0.0155009816071	(15, 0.0085732587685627172)
15	69,0.0172363616456	(15, 0.0085732587685627172)
15	59,0.0174203087964	(15, 0.0085732587685627172)
15	161,0.0183612560677	(15, 0.0085732587685627172)
16	16,0.0171020200485	(16, 0.017102020048491307)
16	170,0.0188765321723	(16, 0.017102020048491307)
16	19,0.0250570306042	(16, 0.017102020048491307)
16	0,0.0258276188422	(16, 0.017102020048491307)
16	114,0.0289079946175	(16, 0.017102020048491307)
16	144,0.0291365635226	(16, 0.017102020048491307)
16	140,0.0308884010706	(16, 0.017102020048491307)
16	101,0.0312195548226	(16, 0.017102020048491307)
16	73,0.0315489291977	(16, 0.017102020048491307)
16	27,0.031850206449	(16, 0.017102020048491307)
17	17,0.00549338182791	(17, 0.0054933818279100984)
17	172,0.00949901951538	(17, 0.0054933818279100984)
17	100,0.0119822944025	(17, 0.0054933818279100984)
17	143,0.0124832674435	(17, 0.0054933818279100984)
17	77,0.0127008180167	(17, 0.0054933818279100984)
17	49,0.0128822531594	(17, 0.0054933818279100984)
17	37,0.0146499366787	(17, 0.0054933818279100984)
17	136,0.0150274711114	(17, 0.0054933818279100984)
17	90,0.0150864249968	(17, 0.0054933818279100984)
17	148,0.0165224266207	(17, 0.0054933818279100984)
18	18,0.00673682688458	(18, 0.0067368268845836203)
18	121,0.00920107473053	(18, 0.0067368268845836203)
18	88,0.00931662167347	(18, 0.0067368268845836203)
18	139,0.0100079143076	(18, 0.0067368268845836203)
18	22,0.0100910339246	(18, 0.0067368268845836203)
18	76,0.0101764600929	(18, 0.0067368268845836203)
18	35,0.0108632221791	(18, 0.0067368268845836203)
18	61,0.0110934106558	(18, 0.0067368268845836203)
18	132,0.0112004162943	(18, 0.0067368268845836203)
18	151,0.0121673086971	(18, 0.0067368268845836203)
19	19,0.0208346269163	(19, 0.020834626916254435)
19	27,0.0231864512369	(19, 0.020834626916254435)
19	43,0.0259831041977	(19, 0.020834626916254435)
19	99,0.0296094332302	(19, 0.020834626916254435)
19	32,0.0353901132386	(19, 0.020834626916254435)
19	164,0.0355438784119	(19, 0.020834626916254435)
19	107,0.0363957797307	(19, 0.020834626916254435)
19	39,0.0392667320323	(19, 0.020834626916254435)
19	170,0.0410927158167	(19, 0.020834626916254435)
19	144,0.0427177869089	(19, 0.020834626916254435)
20	73,0.0162067498128	(20, 0.01804717756263171)
20	20,0.0180471775626	(20, 0.01804717756263171)
20	124,0.0201273105391	(20, 0.01804717756263171)
20	1,0.0209378454614	(20, 0.01804717756263171)
20	93,0.0220413211085	(20, 0.01804717756263171)
20	89,0.0225128828516	(20, 0.01804717756263171)
20	78,0.0228942353669	(20, 0.01804717756263171)
20	26,0.0234245572085	(20, 0.01804717756263171)
20	128,0.0234987748833	(20, 0.01804717756263171)
20	109,0.0247497120968	(20, 0.01804717756263171)
21	71,0.00750790474801	(21, 0.014983879027545513)
21	11,0.00934540482299	(21, 0.014983879027545513)
21	121,0.00955845449732	(21, 0.014983879027545513)
21	117,0.0107691580463	(21, 0.014983879027545513)
21	162,0.0110063652285	(21, 0.014983879027545513)
21	22,0.0142877794827	(21, 0.014983879027545513)
21	23,0.0145944459874	(21, 0.014983879027545513)
21	1,0.0146656326905	(21, 0.014983879027545513)
21	21,0.0149838790275	(21, 0.014983879027545513)
21	76,0.0152505759383	(21, 0.014983879027545513)
22	22,0.00780256632464	(22, 0.0078025663246354352)
22	139,0.00840508257592	(22, 0.0078025663246354352)
22	117,0.0084879428732	(22, 0.0078025663246354352)
22	76,0.010166839217	(22, 0.0078025663246354352)
22	132,0.0102101200218	(22, 0.0078025663246354352)
22	3,0.0108428653366	(22, 0.0078025663246354352)
22	46,0.0108714573758	(22, 0.0078025663246354352)
22	18,0.0118149240086	(22, 0.0078025663246354352)
22	81,0.0119024103792	(22, 0.0078025663246354352)
22	121,0.0119474253645	(22, 0.0078025663246354352)
23	23,0.00572434902361	(23, 0.0057243490236055855)
23	61,0.00616874601903	(23, 0.0057243490236055855)
23	26,0.0143072962093	(23, 0.0057243490236055855)
23	121,0.0150409687849	(23, 0.0057243490236055855)
23	63,0.0162229732345	(23, 0.0057243490236055855)
23	162,0.0164059318364	(23, 0.0057243490236055855)
23	78,0.017780196237	(23, 0.0057243490236055855)
23	147,0.0178478236865	(23, 0.0057243490236055855)
23	76,0.0184194972853	(23, 0.0057243490236055855)
23	70,0.0187196428957	(23, 0.0057243490236055855)
24	24,0.00977294633571	(24, 0.0097729463357124468)
24	107,0.0194159524854	(24, 0.0097729463357124468)
24	27,0.0203604281607	(24, 0.0097729463357124468)
24	158,0.0225111589369	(24, 0.0097729463357124468)
24	50,0.0232149705177	(24, 0.0097729463357124468)
24	61,0.0237564107768	(24, 0.0097729463357124468)
24	73,0.0244575754137	(24, 0.0097729463357124468)
24	12,0.0250141959886	(24, 0.0097729463357124468)
24	22,0.0253067924894	(24, 0.0097729463357124468)
24	128,0.0254829997372	(24, 0.0097729463357124468)
25	69,0.00730206031257	(25, 0.010115640151975422)
25	25,0.010115640152	(25, 0.010115640151975422)
25	40,0.0106457608998	(25, 0.010115640151975422)
25	4,0.0128302417995	(25, 0.010115640151975422)
25	15,0.0150036091813	(25, 0.010115640151975422)
25	148,0.015736665131	(25, 0.010115640151975422)
25	79,0.0186973756334	(25, 0.010115640151975422)
25	154,0.0198246430886	(25, 0.010115640151975422)
25	17,0.0212633653561	(25, 0.010115640151975422)
25	172,0.0214653676736	(25, 0.010115640151975422)
26	121,0.00813098762667	(26, 0.018066113859554176)
26	18,0.00815447524701	(26, 0.018066113859554176)
26	63,0.00870892864731	(26, 0.018066113859554176)
26	76,0.00919132032777	(26, 0.018066113859554176)
26	151,0.00979778126752	(26, 0.018066113859554176)
26	117,0.00984904504481	(26, 0.018066113859554176)
26	22,0.0101347968249	(26, 0.018066113859554176)
26	132,0.010194870705	(26, 0.018066113859554176)
26	3,0.0102230999919	(26, 0.018066113859554176)
26	147,0.0104034729899	(26, 0.018066113859554176)
27	78,0.0169368562454	(27, 0.020200416803298565)
27	61,0.0174212523966	(27, 0.020200416803298565)
27	73,0.0186150887421	(27, 0.020200416803298565)
27	170,0.0189714916768	(27, 0.020200416803298565)
27	26,0.0192553951937	(27, 0.020200416803298565)
27	121,0.0196555720436	(27, 0.020200416803298565)
27	27,0.0202004168033	(27, 0.020200416803298565)
27	19,0.0217147565773	(27, 0.020200416803298565)
27	23,0.0228951947702	(27, 0.020200416803298565)
27	107,0.0230734715231	(27, 0.020200416803298565)
28	13,0.0150901571445	(28, 0.018082530854613293)
28	1,0.0153354858937	(28, 0.018082530854613293)
28	3,0.0168846103319	(28, 0.018082530854613293)
28	73,0.0175612178853	(28, 0.018082530854613293)
28	28,0.0180825308546	(28, 0.018082530854613293)
28	83,0.0213420425813	(28, 0.018082530854613293)
28	53,0.0218306322406	(28, 0.018082530854613293)
28	155,0.0218980902648	(28, 0.018082530854613293)
28	93,0.0219932464318	(28, 0.018082530854613293)
28	124,0.0228333160027	(28, 0.018082530854613293)
29	29,0.00836751232996	(29, 0.0083675123299604744)
29	77,0.0109187046591	(29, 0.0083675123299604744)
29	71,0.0141828784809	(29, 0.0083675123299604744)
29	13,0.016131073897	(29, 0.0083675123299604744)
29	135,0.0164229944112	(29, 0.0083675123299604744)
29	11,0.0167340947462	(29, 0.0083675123299604744)
29	3,0.0171504146687	(29, 0.0083675123299604744)
29	73,0.0175257897282	(29, 0.0083675123299604744)
29	76,0.017822907864	(29, 0.0083675123299604744)
29	172,0.018557323256	(29, 0.0083675123299604744)
30	30,0.0230201078026	(30, 0.023020107802567892)
30	103,0.030927515557	(30, 0.023020107802567892)
30	91,0.0315142548505	(30, 0.023020107802567892)
30	153,0.0334225533593	(30, 0.023020107802567892)
30	28,0.0339556271688	(30, 0.023020107802567892)
30	1,0.0350337998577	(30, 0.023020107802567892)
30	95,0.0368982011244	(30, 0.023020107802567892)
30	102,0.0369328642472	(30, 0.023020107802567892)
30	133,0.0396318773601	(30, 0.023020107802567892)
30	155,0.040793311572	(30, 0.023020107802567892)
31	166,0.0225708228841	(31, 0.02669906420648438)
31	31,0.0266990642065	(31, 0.02669906420648438)
31	72,0.0323957642789	(31, 0.02669906420648438)
31	116,0.033347212197	(31, 0.02669906420648438)
31	69,0.0364018211093	(31, 0.02669906420648438)
31	131,0.0369558299878	(31, 0.02669906420648438)
31	104,0.0375154426166	(31, 0.02669906420648438)
31	144,0.0377740051224	(31, 0.02669906420648438)
31	124,0.038163290963	(31, 0.02669906420648438)
31	123,0.0390187852717	(31, 0.02669906420648438)
32	156,0.0196845674121	(32, 0.021892992388241765)
32	32,0.0218929923882	(32, 0.021892992388241765)
32	27,0.023435497169	(32, 0.021892992388241765)
32	73,0.0257351934236	(32, 0.021892992388241765)
32	50,0.0269267460577	(32, 0.021892992388241765)
32	107,0.0286059285626	(32, 0.021892992388241765)
32	164,0.0304994674537	(32, 0.021892992388241765)
32	131,0.0317103917673	(32, 0.021892992388241765)
32	12,0.0341256306551	(32, 0.021892992388241765)
32	109,0.0348328756358	(32, 0.021892992388241765)
33	33,0.018237012905	(33, 0.018237012905005328)
33	116,0.028013312097	(33, 0.018237012905005328)
33	106,0.0285150275184	(33, 0.018237012905005328)
33	69,0.0287230014603	(33, 0.018237012905005328)
33	4,0.0288892992163	(33, 0.018237012905005328)
33	28,0.0308888424542	(33, 0.018237012905005328)
33	93,0.0324123826319	(33, 0.018237012905005328)
33	73,0.0335083425189	(33, 0.018237012905005328)
33	156,0.0335526163013	(33, 0.018237012905005328)
33	40,0.0344640911959	(33, 0.018237012905005328)
34	17,0.01005236097	(34, 0.026922373063251896)
34	15,0.0105795768908	(34, 0.026922373063251896)
34	69,0.0128098549735	(34, 0.026922373063251896)
34	172,0.0133817298547	(34, 0.026922373063251896)
34	40,0.0135750811011	(34, 0.026922373063251896)
34	120,0.0151812027059	(34, 0.026922373063251896)
34	148,0.0153637806011	(34, 0.026922373063251896)
34	174,0.0158069987474	(34, 0.026922373063251896)
34	4,0.0160166059702	(34, 0.026922373063251896)
34	83,0.0173083983615	(34, 0.026922373063251896)
35	35,0.00779153506541	(35, 0.0077915350654050542)
35	18,0.0116638055581	(35, 0.0077915350654050542)
35	88,0.0126851595797	(35, 0.0077915350654050542)
35	12,0.0152627410994	(35, 0.0077915350654050542)
35	22,0.0162154273174	(35, 0.0077915350654050542)
35	139,0.0168503888685	(35, 0.0077915350654050542)
35	128,0.0184213600555	(35, 0.0077915350654050542)
35	158,0.0186864218675	(35, 0.0077915350654050542)
35	38,0.0187133556377	(35, 0.0077915350654050542)
35	159,0.0189042228485	(35, 0.0077915350654050542)
36	76,0.00571289625844	(36, 0.0075370087527973527)
36	147,0.00636432586429	(36, 0.0075370087527973527)
36	46,0.00671394720071	(36, 0.0075370087527973527)
36	18,0.00740061182974	(36, 0.0075370087527973527)
36	36,0.0075370087528	(36, 0.0075370087527973527)
36	63,0.00880406064024	(36, 0.0075370087527973527)
36	171,0.0103093237501	(36, 0.0075370087527973527)
36	139,0.0125496807353	(36, 0.0075370087527973527)
36	22,0.0126050809974	(36, 0.0075370087527973527)
36	150,0.0127179923306	(36, 0.0075370087527973527)
37	100,0.00954193615239	(37, 0.0096597445933719935)
37	37,0.00965974459337	(37, 0.0096597445933719935)
37	3,0.0100220742709	(37, 0.0096597445933719935)
37	11,0.0114639026521	(37, 0.0096597445933719935)
37	77,0.011571790362	(37, 0.0096597445933719935)
37	21,0.0131899264927	(37, 0.0096597445933719935)
37	17,0.0134727621232	(37, 0.0096597445933719935)
37	90,0.0139532536911	(37, 0.0096597445933719935)
37	136,0.0153183411223	(37, 0.0096597445933719935)
37	71,0.015557519234	(37, 0.0096597445933719935)
38	38,0.00812716119627	(38, 0.0081271611962720463)
38	12,0.0171854873202	(38, 0.0081271611962720463)
38	55,0.0174590582631	(38, 0.0081271611962720463)
38	14,0.0188486964438	(38, 0.0081271611962720463)
38	43,0.0231553191822	(38, 0.0081271611962720463)
38	107,0.0245726367134	(38, 0.0081271611962720463)
38	50,0.0252495971729	(38, 0.0081271611962720463)
38	105,0.0254947172721	(38, 0.0081271611962720463)
38	128,0.0259895136163	(38, 0.0081271611962720463)
38	61,0.0262586897221	(38, 0.0081271611962720463)
39	39,0.0166751725174	(39, 0.01667517251744333)
39	156,0.033177497713	(39, 0.01667517251744333)
39	169,0.0333854834829	(39, 0.01667517251744333)
39	51,0.034348305749	(39, 0.01667517251744333)
39	84,0.0346951038972	(39, 0.01667517251744333)
39	99,0.036572928088	(39, 0.01667517251744333)
39	27,0.0388960503209	(39, 0.01667517251744333)
39	101,0.0394396164521	(39, 0.01667517251744333)
39	107,0.0402235048723	(39, 0.01667517251744333)
39	144,0.0410728942323	(39, 0.01667517251744333)
40	40,0.00645310169059	(40, 0.0064531016905874598)
40	69,0.00903494483075	(40, 0.0064531016905874598)
40	25,0.0128679085892	(40, 0.0064531016905874598)
40	4,0.0136075733659	(40, 0.0064531016905874598)
40	79,0.0141221253727	(40, 0.0064531016905874598)
40	15,0.014530639537	(40, 0.0064531016905874598)
40	172,0.0149603796221	(40, 0.0064531016905874598)
40	148,0.0151777308794	(40, 0.0064531016905874598)
40	17,0.0172155389373	(40, 0.0064531016905874598)
40	60,0.0175057397879	(40, 0.0064531016905874598)
41	41,0.00871757876124	(41, 0.0087175787612448867)
41	155,0.0130090048866	(41, 0.0087175787612448867)
41	1,0.0194493584389	(41, 0.0087175787612448867)
41	20,0.023053278676	(41, 0.0087175787612448867)
41	91,0.0262838687533	(41, 0.0087175787612448867)
41	124,0.029966561637	(41, 0.0087175787612448867)
41	102,0.0306219562254	(41, 0.0087175787612448867)
41	53,0.0313021141362	(41, 0.0087175787612448867)
41	114,0.0316935847325	(41, 0.0087175787612448867)
41	101,0.031701502604	(41, 0.0087175787612448867)
42	163,0.0260505237025	(42, 0.058034652377555625)
42	69,0.0326792408885	(42, 0.058034652377555625)
42	28,0.0327472519365	(42, 0.058034652377555625)
42	53,0.035459314749	(42, 0.058034652377555625)
42	140,0.0355753844913	(42, 0.058034652377555625)
42	34,0.0374195473044	(42, 0.058034652377555625)
42	65,0.0431079475821	(42, 0.058034652377555625)
42	97,0.0432140762847	(42, 0.058034652377555625)
42	110,0.0439092730229	(42, 0.058034652377555625)
42	4,0.0440914968477	(42, 0.058034652377555625)
43	12,0.0105447194605	(43, 0.0223475944585977)
43	22,0.0107057199716	(43, 0.0223475944585977)
43	121,0.011985303745	(43, 0.0223475944585977)
43	128,0.0124123843656	(43, 0.0223475944585977)
43	78,0.0125511959261	(43, 0.0223475944585977)
43	18,0.0128928872732	(43, 0.0223475944585977)
43	61,0.0130966431258	(43, 0.0223475944585977)
43	158,0.0135128832029	(43, 0.0223475944585977)
43	50,0.0140907907608	(43, 0.0223475944585977)
43	76,0.0151084199459	(43, 0.0223475944585977)
44	124,0.015764754953	(44, 0.052629929530465039)
44	109,0.0176102695211	(44, 0.052629929530465039)
44	73,0.0181785213662	(44, 0.052629929530465039)
44	116,0.0183671540596	(44, 0.052629929530465039)
44	93,0.0202144628587	(44, 0.052629929530465039)
44	144,0.0220861346133	(44, 0.052629929530465039)
44	115,0.0247918152818	(44, 0.052629929530465039)
44	159,0.0249925776573	(44, 0.052629929530465039)
44	12,0.0250258830704	(44, 0.052629929530465039)
44	84,0.0268133091912	(44, 0.052629929530465039)
45	45,0.0220121019807	(45, 0.02201210198065873)
45	130,0.0292501481365	(45, 0.02201210198065873)
45	94,0.037105978807	(45, 0.02201210198065873)
45	34,0.0403525390552	(45, 0.02201210198065873)
45	133,0.0404102451752	(45, 0.02201210198065873)
45	53,0.0414800260029	(45, 0.02201210198065873)
45	129,0.0419364622956	(45, 0.02201210198065873)
45	98,0.0432478601997	(45, 0.02201210198065873)
45	83,0.0446702235392	(45, 0.02201210198065873)
45	25,0.0482978812677	(45, 0.02201210198065873)
46	46,0.00363980159443	(46, 0.0036398015944314639)
46	36,0.00605878096192	(46, 0.0036398015944314639)
46	171,0.0073839474321	(46, 0.0036398015944314639)
46	76,0.00844927267071	(46, 0.0036398015944314639)
46	137,0.00913891104266	(46, 0.0036398015944314639)
46	147,0.0115050530269	(46, 0.0036398015944314639)
46	139,0.0116852147588	(46, 0.0036398015944314639)
46	63,0.0125830381083	(46, 0.0036398015944314639)
46	18,0.0126336066307	(46, 0.0036398015944314639)
46	6,0.0132189167201	(46, 0.0036398015944314639)
47	99,0.0293504795673	(47, 0.036892768856824659)
47	27,0.0306140704644	(47, 0.036892768856824659)
47	19,0.0339607373229	(47, 0.036892768856824659)
47	10,0.0346054299092	(47, 0.036892768856824659)
47	47,0.0368927688568	(47, 0.036892768856824659)
47	43,0.03692149294	(47, 0.036892768856824659)
47	84,0.0391308564455	(47, 0.036892768856824659)
47	138,0.0400206197946	(47, 0.036892768856824659)
47	0,0.0417523233943	(47, 0.036892768856824659)
47	173,0.0451047618972	(47, 0.036892768856824659)
48	56,0.0147806086515	(48, 0.016706944615563678)
48	69,0.0162278326611	(48, 0.016706944615563678)
48	48,0.0167069446156	(48, 0.016706944615563678)
48	120,0.0168323085147	(48, 0.016706944615563678)
48	40,0.0191759057022	(48, 0.016706944615563678)
48	174,0.0199781000073	(48, 0.016706944615563678)
48	97,0.0200068269577	(48, 0.016706944615563678)
48	4,0.0213419935384	(48, 0.016706944615563678)
48	154,0.0252001924097	(48, 0.016706944615563678)
48	172,0.0255007143164	(48, 0.016706944615563678)
49	49,0.0108350872709	(49, 0.010835087270866368)
49	59,0.0150180503667	(49, 0.010835087270866368)
49	98,0.0153751867925	(49, 0.010835087270866368)
49	77,0.0179108206649	(49, 0.010835087270866368)
49	15,0.0179792395219	(49, 0.010835087270866368)
49	100,0.0181231780107	(49, 0.010835087270866368)
49	172,0.0193287363864	(49, 0.010835087270866368)
49	17,0.0208386669107	(49, 0.010835087270866368)
49	83,0.0240271763426	(49, 0.010835087270866368)
49	37,0.0250217891209	(49, 0.010835087270866368)
50	50,0.00659348469108	(50, 0.0065934846910802062)
50	12,0.0166153165387	(50, 0.0065934846910802062)
50	107,0.0169501727206	(50, 0.0065934846910802062)
50	158,0.0194976559494	(50, 0.0065934846910802062)
50	171,0.0199592186826	(50, 0.0065934846910802062)
50	76,0.0210016812105	(50, 0.0065934846910802062)
50	128,0.0211104564609	(50, 0.0065934846910802062)
50	22,0.0211592371671	(50, 0.0065934846910802062)
50	38,0.0233350574308	(50, 0.0065934846910802062)
50	139,0.0237993033708	(50, 0.0065934846910802062)
51	124,0.0129153377172	(51, 0.046174545537405562)
51	73,0.018438884616	(51, 0.046174545537405562)
51	155,0.0196149646815	(51, 0.046174545537405562)
51	157,0.0208142305685	(51, 0.046174545537405562)
51	53,0.0209983524907	(51, 0.046174545537405562)
51	93,0.0234710431659	(51, 0.046174545537405562)
51	28,0.0252459695925	(51, 0.046174545537405562)
51	1,0.0266680979722	(51, 0.046174545537405562)
51	13,0.0270521370041	(51, 0.046174545537405562)
51	41,0.0274020280475	(51, 0.046174545537405562)
52	53,0.0181644829109	(52, 0.057610243403982651)
52	44,0.020390196398	(52, 0.057610243403982651)
52	163,0.021819010939	(52, 0.057610243403982651)
52	155,0.0221788409024	(52, 0.057610243403982651)
52	124,0.0225125238466	(52, 0.057610243403982651)
52	13,0.023106234307	(52, 0.057610243403982651)
52	65,0.0235839992735	(52, 0.057610243403982651)
52	4,0.0257226224717	(52, 0.057610243403982651)
52	161,0.0258740801956	(52, 0.057610243403982651)
52	119,0.0261311982405	(52, 0.057610243403982651)
53	65,0.0120258939042	(53, 0.013803619182463823)
53	53,0.0138036191825	(53, 0.013803619182463823)
53	44,0.0180038824777	(53, 0.013803619182463823)
53	155,0.0189236206912	(53, 0.013803619182463823)
53	163,0.0206553883396	(53, 0.013803619182463823)
53	161,0.0208433065864	(53, 0.013803619182463823)
53	120,0.0214200087999	(53, 0.013803619182463823)
53	114,0.0244236981004	(53, 0.013803619182463823)
53	13,0.0248326588252	(53, 0.013803619182463823)
53	124,0.0254467630077	(53, 0.013803619182463823)
54	136,0.00648899124317	(54, 0.013866875886574523)
54	162,0.0124263012616	(54, 0.013866875886574523)
54	3,0.0124842674621	(54, 0.013866875886574523)
54	11,0.0136786966369	(54, 0.013866875886574523)
54	137,0.0137599446157	(54, 0.013866875886574523)
54	54,0.0138668758866	(54, 0.013866875886574523)
54	63,0.0143187126809	(54, 0.013866875886574523)
54	71,0.0143732964301	(54, 0.013866875886574523)
54	147,0.0153916762964	(54, 0.013866875886574523)
54	17,0.0155930568125	(54, 0.013866875886574523)
55	12,0.0105052678902	(55, 0.015685225838114797)
55	159,0.0152660840826	(55, 0.015685225838114797)
55	55,0.0156852258381	(55, 0.015685225838114797)
55	134,0.0163235823821	(55, 0.015685225838114797)
55	121,0.0164669096211	(55, 0.015685225838114797)
55	18,0.0166724099809	(55, 0.015685225838114797)
55	152,0.0169985301884	(55, 0.015685225838114797)
55	86,0.017137641822	(55, 0.015685225838114797)
55	128,0.0174286522612	(55, 0.015685225838114797)
55	38,0.0177026284921	(55, 0.015685225838114797)
56	56,0.00958812914369	(56, 0.0095881291436852468)
56	15,0.0141902416059	(56, 0.0095881291436852468)
56	120,0.015177972984	(56, 0.0095881291436852468)
56	174,0.0211547684788	(56, 0.0095881291436852468)
56	69,0.0247083294094	(56, 0.0095881291436852468)
56	113,0.0258966439595	(56, 0.0095881291436852468)
56	2,0.0261224635436	(56, 0.0095881291436852468)
56	17,0.0262180082713	(56, 0.0095881291436852468)
56	4,0.0279749136886	(56, 0.0095881291436852468)
56	44,0.0290152150158	(56, 0.0095881291436852468)
57	57,0.0194747038933	(57, 0.019474703893322697)
57	122,0.0359502402487	(57, 0.019474703893322697)
57	15,0.0416342433295	(57, 0.019474703893322697)
57	174,0.0446172185508	(57, 0.019474703893322697)
57	56,0.0468988500018	(57, 0.019474703893322697)
57	120,0.0540668195674	(57, 0.019474703893322697)
57	113,0.0552683759668	(57, 0.019474703893322697)
57	2,0.058923494738	(57, 0.019474703893322697)
57	59,0.0605043210863	(57, 0.019474703893322697)
57	54,0.0638677118902	(57, 0.019474703893322697)
58	24,0.0155343687752	(58, 0.057802043586997122)
58	107,0.0170770894178	(58, 0.057802043586997122)
58	27,0.0178742669894	(58, 0.057802043586997122)
58	50,0.0179906232126	(58, 0.057802043586997122)
58	61,0.0240674528787	(58, 0.057802043586997122)
58	158,0.0249091900022	(58, 0.057802043586997122)
58	38,0.0251959640492	(58, 0.057802043586997122)
58	43,0.0259259997842	(58, 0.057802043586997122)
58	12,0.0259338087397	(58, 0.057802043586997122)
58	78,0.0275786177772	(58, 0.057802043586997122)
59	83,0.0293844010989	(59, 0.033855010236948459)
59	15,0.0294234125951	(59, 0.033855010236948459)
59	65,0.0331625799225	(59, 0.033855010236948459)
59	94,0.0334376190423	(59, 0.033855010236948459)
59	113,0.0334827003376	(59, 0.033855010236948459)
59	59,0.0338550102369	(59, 0.033855010236948459)
59	130,0.0379628675585	(59, 0.033855010236948459)
59	120,0.0381549090478	(59, 0.033855010236948459)
59	44,0.0383280409524	(59, 0.033855010236948459)
59	34,0.0392895138323	(59, 0.033855010236948459)
60	79,0.0130040560347	(60, 0.01366717426429071)
60	60,0.0136671742643	(60, 0.01366717426429071)
60	40,0.0145665783452	(60, 0.01366717426429071)
60	69,0.0146075415888	(60, 0.01366717426429071)
60	4,0.0169554360212	(60, 0.01366717426429071)
60	34,0.0175992958789	(60, 0.01366717426429071)
60	25,0.0179531342516	(60, 0.01366717426429071)
60	15,0.0199929593583	(60, 0.01366717426429071)
60	77,0.0218774362508	(60, 0.01366717426429071)
60	100,0.023161818264	(60, 0.01366717426429071)
61	61,0.00749076080302	(61, 0.0074907608030154197)
61	23,0.00833739732445	(61, 0.0074907608030154197)
61	162,0.0117705353409	(61, 0.0074907608030154197)
61	26,0.0119268513868	(61, 0.0074907608030154197)
61	121,0.0128622646137	(61, 0.0074907608030154197)
61	76,0.0131799321815	(61, 0.0074907608030154197)
61	63,0.0132107856487	(61, 0.0074907608030154197)
61	147,0.014422722873	(61, 0.0074907608030154197)
61	78,0.0146060856072	(61, 0.0074907608030154197)
61	135,0.0149206994969	(61, 0.0074907608030154197)
62	78,0.0126211191217	(62, 0.018341506492303126)
62	26,0.0133616814681	(62, 0.018341506492303126)
62	73,0.0155128601178	(62, 0.018341506492303126)
62	107,0.016027132627	(62, 0.018341506492303126)
62	61,0.0163230659272	(62, 0.018341506492303126)
62	62,0.0183415064923	(62, 0.018341506492303126)
62	158,0.0186895740331	(62, 0.018341506492303126)
62	121,0.0200823257234	(62, 0.018341506492303126)
62	128,0.0209329725422	(62, 0.018341506492303126)
62	22,0.0210103726861	(62, 0.018341506492303126)
63	3,0.00566645652937	(63, 0.01072912755337648)
63	11,0.00933930724507	(63, 0.01072912755337648)
63	77,0.0104216403446	(63, 0.01072912755337648)
63	162,0.0105782165319	(63, 0.01072912755337648)
63	63,0.0107291275534	(63, 0.01072912755337648)
63	37,0.0113714729732	(63, 0.01072912755337648)
63	136,0.0116365947162	(63, 0.01072912755337648)
63	81,0.0121046842985	(63, 0.01072912755337648)
63	71,0.012899118763	(63, 0.01072912755337648)
63	121,0.013704670087	(63, 0.01072912755337648)
64	64,0.0402460151802	(64, 0.040246015180194189)
64	118,0.0613728746991	(64, 0.040246015180194189)
64	45,0.061775174888	(64, 0.040246015180194189)
64	130,0.0650105150269	(64, 0.040246015180194189)
64	133,0.0728364687072	(64, 0.040246015180194189)
64	33,0.0790719905708	(64, 0.040246015180194189)
64	34,0.0843426368858	(64, 0.040246015180194189)
64	113,0.0902316252082	(64, 0.040246015180194189)
64	94,0.093848122557	(64, 0.040246015180194189)
64	15,0.101232323148	(64, 0.040246015180194189)
65	65,0.0102494717967	(65, 0.010249471796743563)
65	161,0.0128895682786	(65, 0.010249471796743563)
65	83,0.0133638890731	(65, 0.010249471796743563)
65	68,0.0158386344357	(65, 0.010249471796743563)
65	155,0.0186140671108	(65, 0.010249471796743563)
65	59,0.0194943431584	(65, 0.010249471796743563)
65	120,0.0205810266095	(65, 0.010249471796743563)
65	13,0.0207002714519	(65, 0.010249471796743563)
65	17,0.0212939165183	(65, 0.010249471796743563)
65	1,0.021353577413	(65, 0.010249471796743563)
66	66,0.0355914524738	(66, 0.035591452473807898)
66	130,0.0730316272624	(66, 0.035591452473807898)
66	133,0.0799949494855	(66, 0.035591452473807898)
66	140,0.0853733970309	(66, 0.035591452473807898)
66	118,0.0889917323874	(66, 0.035591452473807898)
66	91,0.0922337960661	(66, 0.035591452473807898)
66	33,0.0967452817759	(66, 0.035591452473807898)
66	141,0.102454928982	(66, 0.035591452473807898)
66	169,0.102736786415	(66, 0.035591452473807898)
66	53,0.106388436998	(66, 0.035591452473807898)
67	67,0.0241894361541	(67, 0.024189436154115482)
67	84,0.0293235157457	(67, 0.024189436154115482)
67	169,0.0324305222648	(67, 0.024189436154115482)
67	93,0.0338644782866	(67, 0.024189436154115482)
67	28,0.0371061412917	(67, 0.024189436154115482)
67	109,0.0384211388665	(67, 0.024189436154115482)
67	140,0.0387814545495	(67, 0.024189436154115482)
67	30,0.0392262412641	(67, 0.024189436154115482)
67	116,0.0399169825998	(67, 0.024189436154115482)
67	149,0.0402652102518	(67, 0.024189436154115482)
68	68,0.0104585251687	(68, 0.010458525168694483)
68	70,0.0168809770516	(68, 0.010458525168694483)
68	23,0.0178573122655	(68, 0.010458525168694483)
68	61,0.0191811319602	(68, 0.010458525168694483)
68	63,0.0210217800305	(68, 0.010458525168694483)
68	162,0.0216238225078	(68, 0.010458525168694483)
68	147,0.0225762903326	(68, 0.010458525168694483)
68	26,0.0235035125463	(68, 0.010458525168694483)
68	135,0.0244149294206	(68, 0.010458525168694483)
68	71,0.0251476849313	(68, 0.010458525168694483)
69	15,0.0376830895711	(69, 0.039878126181737347)
69	69,0.0398781261817	(69, 0.039878126181737347)
69	48,0.0430372514564	(69, 0.039878126181737347)
69	122,0.0432660318394	(69, 0.039878126181737347)
69	174,0.0433016791727	(69, 0.039878126181737347)
69	154,0.0433232298091	(69, 0.039878126181737347)
69	56,0.0437272867169	(69, 0.039878126181737347)
69	4,0.0447569439095	(69, 0.039878126181737347)
69	33,0.046186395828	(69, 0.039878126181737347)
69	2,0.0463175905465	(69, 0.039878126181737347)
70	121,0.0114378120106	(70, 0.015236437694590982)
70	3,0.0117257792139	(70, 0.015236437694590982)
70	139,0.0139054730298	(70, 0.015236437694590982)
70	132,0.0144106581938	(70, 0.015236437694590982)
70	77,0.0151939136229	(70, 0.015236437694590982)
70	70,0.0152364376946	(70, 0.015236437694590982)
70	117,0.0156466412139	(70, 0.015236437694590982)
70	22,0.0160057730085	(70, 0.015236437694590982)
70	81,0.0161248124758	(70, 0.015236437694590982)
70	11,0.0161844981763	(70, 0.015236437694590982)
71	91,0.023321064551	(71, 0.059932230612090014)
71	133,0.0273675242842	(71, 0.059932230612090014)
71	101,0.0351994947085	(71, 0.059932230612090014)
71	41,0.0355723677836	(71, 0.059932230612090014)
71	102,0.0370215927955	(71, 0.059932230612090014)
71	155,0.0378069404262	(71, 0.059932230612090014)
71	1,0.0390246219963	(71, 0.059932230612090014)
71	95,0.0405928622897	(71, 0.059932230612090014)
71	28,0.0406267691963	(71, 0.059932230612090014)
71	53,0.0434870961682	(71, 0.059932230612090014)
72	17,0.0179852015907	(72, 0.10334564517622058)
72	174,0.0180250472983	(72, 0.10334564517622058)
72	172,0.0188945124962	(72, 0.10334564517622058)
72	148,0.019401627155	(72, 0.10334564517622058)
72	143,0.0195916158799	(72, 0.10334564517622058)
72	100,0.023966614729	(72, 0.10334564517622058)
72	49,0.0253694461034	(72, 0.10334564517622058)
72	77,0.0254460435692	(72, 0.10334564517622058)
72	3,0.0256899433962	(72, 0.10334564517622058)
72	171,0.0267097724708	(72, 0.10334564517622058)
73	73,0.00906268148599	(73, 0.009062681485991906)
73	13,0.0157673998523	(73, 0.009062681485991906)
73	157,0.0175090388648	(73, 0.009062681485991906)
73	124,0.0188754355584	(73, 0.009062681485991906)
73	27,0.0200193196131	(73, 0.009062681485991906)
73	53,0.0225260013599	(73, 0.009062681485991906)
73	93,0.0236356316059	(73, 0.009062681485991906)
73	114,0.0240419180041	(73, 0.009062681485991906)
73	144,0.0267243781042	(73, 0.009062681485991906)
73	109,0.026796349221	(73, 0.009062681485991906)
74	136,0.00772297198938	(74, 0.0077780568037902507)
74	74,0.00777805680379	(74, 0.0077780568037902507)
74	17,0.00799057787286	(74, 0.0077780568037902507)
74	37,0.0101393480213	(74, 0.0077780568037902507)
74	100,0.0108359071117	(74, 0.0077780568037902507)
74	90,0.0109779311446	(74, 0.0077780568037902507)
74	127,0.0112654873487	(74, 0.0077780568037902507)
74	77,0.0118978852978	(74, 0.0077780568037902507)
74	11,0.0146397213529	(74, 0.0077780568037902507)
74	49,0.0158986765971	(74, 0.0077780568037902507)
75	167,0.0633016991743	(75, 0.064818886566703801)
75	75,0.0648188865667	(75, 0.064818886566703801)
75	47,0.0936664787543	(75, 0.064818886566703801)
75	80,0.0952623163321	(75, 0.064818886566703801)
75	10,0.0970188746759	(75, 0.064818886566703801)
75	99,0.0991739729115	(75, 0.064818886566703801)
75	67,0.100779731111	(75, 0.064818886566703801)
75	85,0.104060614159	(75, 0.064818886566703801)
75	84,0.104370384294	(75, 0.064818886566703801)
75	169,0.105976479164	(75, 0.064818886566703801)
76	76,0.0053527404179	(76, 0.0053527404178965047)
76	147,0.00645510520538	(76, 0.0053527404178965047)
76	137,0.00679858643613	(76, 0.0053527404178965047)
76	63,0.00705856512652	(76, 0.0053527404178965047)
76	171,0.008644557951	(76, 0.0053527404178965047)
76	3,0.00943275911257	(76, 0.0053527404178965047)
76	22,0.0107465199094	(76, 0.0053527404178965047)
76	46,0.0113307272317	(76, 0.0053527404178965047)
76	18,0.0116221722186	(76, 0.0053527404178965047)
76	162,0.0119191905441	(76, 0.0053527404178965047)
77	162,0.00766513687476	(77, 0.0095869232089379249)
77	11,0.00837393536953	(77, 0.0095869232089379249)
77	3,0.00855962007181	(77, 0.0095869232089379249)
77	63,0.00867770151952	(77, 0.0095869232089379249)
77	136,0.00875603235966	(77, 0.0095869232089379249)
77	147,0.00923621762663	(77, 0.0095869232089379249)
77	90,0.00944218706514	(77, 0.0095869232089379249)
77	77,0.00958692320894	(77, 0.0095869232089379249)
77	137,0.00961036274999	(77, 0.0095869232089379249)
77	37,0.0116961103596	(77, 0.0095869232089379249)
78	151,0.00600641045221	(78, 0.011826417736676588)
78	63,0.00769943042568	(78, 0.011826417736676588)
78	76,0.00802839509493	(78, 0.011826417736676588)
78	132,0.00842645659134	(78, 0.011826417736676588)
78	18,0.00948617387564	(78, 0.011826417736676588)
78	22,0.00955533428822	(78, 0.011826417736676588)
78	121,0.0100070223105	(78, 0.011826417736676588)
78	147,0.0100266410184	(78, 0.011826417736676588)
78	61,0.0116563602628	(78, 0.011826417736676588)
78	78,0.0118264177367	(78, 0.011826417736676588)
79	69,0.00698419078987	(79, 0.0092844396739225326)
79	40,0.00815180618206	(79, 0.0092844396739225326)
79	4,0.00835089867884	(79, 0.0092844396739225326)
79	79,0.00928443967392	(79, 0.0092844396739225326)
79	25,0.0152770584028	(79, 0.0092844396739225326)
79	56,0.0159637113694	(79, 0.0092844396739225326)
79	172,0.0197076426872	(79, 0.0092844396739225326)
79	148,0.0200049282588	(79, 0.0092844396739225326)
79	17,0.0207394344044	(79, 0.0092844396739225326)
79	15,0.0208487630535	(79, 0.0092844396739225326)
80	80,0.0280380678747	(80, 0.028038067874689949)
80	51,0.0371638900412	(80, 0.028038067874689949)
80	167,0.0458472890892	(80, 0.028038067874689949)
80	32,0.057914164806	(80, 0.028038067874689949)
80	27,0.0774649816874	(80, 0.028038067874689949)
80	39,0.0797218101953	(80, 0.028038067874689949)
80	165,0.0803887642724	(80, 0.028038067874689949)
80	169,0.0810426931527	(80, 0.028038067874689949)
80	58,0.0824233133013	(80, 0.028038067874689949)
80	160,0.0843578573522	(80, 0.028038067874689949)
81	81,0.00727986616537	(81, 0.0072798661653698318)
81	3,0.0105107268236	(81, 0.0072798661653698318)
81	132,0.0108393438088	(81, 0.0072798661653698318)
81	121,0.0119220837831	(81, 0.0072798661653698318)
81	117,0.0122887803861	(81, 0.0072798661653698318)
81	22,0.0124916609374	(81, 0.0072798661653698318)
81	11,0.0130580610667	(81, 0.0072798661653698318)
81	77,0.0130949097235	(81, 0.0072798661653698318)
81	151,0.0133635172367	(81, 0.0072798661653698318)
81	76,0.0135984872552	(81, 0.0072798661653698318)
82	27,0.0220226205416	(82, 0.040131496046430397)
82	107,0.0245866167782	(82, 0.040131496046430397)
82	73,0.0252015296588	(82, 0.040131496046430397)
82	13,0.0254511542602	(82, 0.040131496046430397)
82	38,0.0256796694142	(82, 0.040131496046430397)
82	12,0.0257227301692	(82, 0.040131496046430397)
82	164,0.0260706572472	(82, 0.040131496046430397)
82	24,0.0263073067278	(82, 0.040131496046430397)
82	50,0.0263264577665	(82, 0.040131496046430397)
82	61,0.0269820312471	(82, 0.040131496046430397)
83	13,0.00991747192189	(83, 0.015064693619036045)
83	155,0.0142984372019	(83, 0.015064693619036045)
83	161,0.0147579276373	(83, 0.015064693619036045)
83	65,0.0149942277915	(83, 0.015064693619036045)
83	83,0.015064693619	(83, 0.015064693619036045)
83	17,0.0151615995781	(83, 0.015064693619036045)
83	120,0.0163016841193	(83, 0.015064693619036045)
83	71,0.0176874326847	(83, 0.015064693619036045)
83	3,0.0190315578194	(83, 0.015064693619036045)
83	11,0.0193779486351	(83, 0.015064693619036045)
84	67,0.0404315972186	(84, 0.042877663977203176)
84	84,0.0428776639772	(84, 0.042877663977203176)
84	166,0.0469239393703	(84, 0.042877663977203176)
84	169,0.0473312523488	(84, 0.042877663977203176)
84	140,0.055727442028	(84, 0.042877663977203176)
84	99,0.0561680897889	(84, 0.042877663977203176)
84	149,0.0608339915245	(84, 0.042877663977203176)
84	144,0.0633636956709	(84, 0.042877663977203176)
84	109,0.0636254039754	(84, 0.042877663977203176)
84	156,0.0666052011442	(84, 0.042877663977203176)
85	67,0.0359284335434	(85, 0.051402479902448658)
85	140,0.0506914574394	(85, 0.051402479902448658)
85	85,0.0514024799024	(85, 0.051402479902448658)
85	149,0.0543517627156	(85, 0.051402479902448658)
85	84,0.0625421689496	(85, 0.051402479902448658)
85	169,0.0629158867615	(85, 0.051402479902448658)
85	166,0.0639100576228	(85, 0.051402479902448658)
85	144,0.0702355024688	(85, 0.051402479902448658)
85	99,0.0712592750343	(85, 0.051402479902448658)
85	93,0.0759586923681	(85, 0.051402479902448658)
86	86,0.00756545875284	(86, 0.007565458752836267)
86	137,0.00983920144112	(86, 0.007565458752836267)
86	117,0.0102652077645	(86, 0.007565458752836267)
86	162,0.0105030849328	(86, 0.007565458752836267)
86	150,0.0111773460684	(86, 0.007565458752836267)
86	11,0.0114146338188	(86, 0.007565458752836267)
86	18,0.011774486278	(86, 0.007565458752836267)
86	168,0.0120739064949	(86, 0.007565458752836267)
86	76,0.0124200194293	(86, 0.007565458752836267)
86	3,0.0125736378224	(86, 0.007565458752836267)
87	1,0.0126345067312	(87, 0.035538702788467928)
87	26,0.0138433149171	(87, 0.035538702788467928)
87	121,0.0144377472031	(87, 0.035538702788467928)
87	78,0.0148239064128	(87, 0.035538702788467928)
87	71,0.0158029975837	(87, 0.035538702788467928)
87	11,0.0167167852934	(87, 0.035538702788467928)
87	23,0.0180214984238	(87, 0.035538702788467928)
87	61,0.0186947746735	(87, 0.035538702788467928)
87	155,0.0189316326824	(87, 0.035538702788467928)
87	41,0.0192027179903	(87, 0.035538702788467928)
88	18,0.00694385522123	(88, 0.0096493639345421704)
88	147,0.00755734741982	(88, 0.0096493639345421704)
88	76,0.00783124409018	(88, 0.0096493639345421704)
88	63,0.00939822017724	(88, 0.0096493639345421704)
88	88,0.00964936393454	(88, 0.0096493639345421704)
88	46,0.00978357532007	(88, 0.0096493639345421704)
88	117,0.0104350817366	(88, 0.0096493639345421704)
88	139,0.01046918155	(88, 0.0096493639345421704)
88	171,0.0106630788683	(88, 0.0096493639345421704)
88	22,0.0107886531934	(88, 0.0096493639345421704)
89	124,0.0123177654178	(89, 0.015285046178156432)
89	155,0.0133875942851	(89, 0.015285046178156432)
89	89,0.0152850461782	(89, 0.015285046178156432)
89	53,0.0169829787451	(89, 0.015285046178156432)
89	1,0.0175066641682	(89, 0.015285046178156432)
89	73,0.0196623696015	(89, 0.015285046178156432)
89	71,0.0198436968278	(89, 0.015285046178156432)
89	20,0.0202748516735	(89, 0.015285046178156432)
89	11,0.0236604296198	(89, 0.015285046178156432)
89	13,0.024036294545	(89, 0.015285046178156432)
90	90,0.00621921724156	(90, 0.0062192172415589846)
90	11,0.0100751930666	(90, 0.0062192172415589846)
90	162,0.0110796090798	(90, 0.0062192172415589846)
90	81,0.0117475612652	(90, 0.0062192172415589846)
90	96,0.0119100784843	(90, 0.0062192172415589846)
90	137,0.0122470084127	(90, 0.0062192172415589846)
90	136,0.0126424999495	(90, 0.0062192172415589846)
90	17,0.0129712102048	(90, 0.0062192172415589846)
90	37,0.0130838904343	(90, 0.0062192172415589846)
90	172,0.013092054008	(90, 0.0062192172415589846)
91	133,0.0235005649364	(91, 0.037905941914763853)
91	91,0.0379059419148	(91, 0.037905941914763853)
91	130,0.0478078148439	(91, 0.037905941914763853)
91	103,0.0659710344948	(91, 0.037905941914763853)
91	34,0.0671027625956	(91, 0.037905941914763853)
91	51,0.0692668542374	(91, 0.037905941914763853)
91	66,0.0713821784093	(91, 0.037905941914763853)
91	102,0.0719725054186	(91, 0.037905941914763853)
91	53,0.0756503492392	(91, 0.037905941914763853)
91	95,0.0772224946066	(91, 0.037905941914763853)
92	78,0.0103488584086	(92, 0.031673637405715209)
92	61,0.0146597922222	(92, 0.031673637405715209)
92	128,0.0157928816555	(92, 0.031673637405715209)
92	24,0.0158205960978	(92, 0.031673637405715209)
92	158,0.0160498479186	(92, 0.031673637405715209)
92	26,0.0173514505168	(92, 0.031673637405715209)
92	12,0.0190401816315	(92, 0.031673637405715209)
92	107,0.0195327066591	(92, 0.031673637405715209)
92	27,0.020616406394	(92, 0.031673637405715209)
92	23,0.0209215209167	(92, 0.031673637405715209)
93	22,0.00861529012509	(93, 0.015048109368642941)
93	132,0.00940587958759	(93, 0.015048109368642941)
93	121,0.012137349279	(93, 0.015048109368642941)
93	76,0.0121767624347	(93, 0.015048109368642941)
93	158,0.0123057430877	(93, 0.015048109368642941)
93	128,0.0129537146735	(93, 0.015048109368642941)
93	3,0.0135424399207	(93, 0.015048109368642941)
93	139,0.0142746493349	(93, 0.015048109368642941)
93	12,0.0143183800564	(93, 0.015048109368642941)
93	78,0.0146925817834	(93, 0.015048109368642941)
94	94,0.0159963976133	(94, 0.015996397613347379)
94	83,0.0279150693627	(94, 0.015996397613347379)
94	155,0.0348993191839	(94, 0.015996397613347379)
94	59,0.0371971543895	(94, 0.015996397613347379)
94	15,0.0380941453032	(94, 0.015996397613347379)
94	45,0.039899037037	(94, 0.015996397613347379)
94	65,0.043374490398	(94, 0.015996397613347379)
94	120,0.0434909526223	(94, 0.015996397613347379)
94	161,0.0435812379649	(94, 0.015996397613347379)
94	98,0.044366958116	(94, 0.015996397613347379)
95	107,0.0162567453979	(95, 0.042154980230235166)
95	99,0.0170516385449	(95, 0.042154980230235166)
95	43,0.0213055364205	(95, 0.042154980230235166)
95	128,0.0230172736126	(95, 0.042154980230235166)
95	78,0.0230975867706	(95, 0.042154980230235166)
95	27,0.0237807158867	(95, 0.042154980230235166)
95	19,0.0248456297626	(95, 0.042154980230235166)
95	138,0.0271162602457	(95, 0.042154980230235166)
95	50,0.0279315749413	(95, 0.042154980230235166)
95	39,0.0283481134319	(95, 0.042154980230235166)
96	96,0.00777846934948	(96, 0.0077784693494765038)
96	17,0.0147479041041	(96, 0.0077784693494765038)
96	162,0.0148689866402	(96, 0.0077784693494765038)
96	11,0.0154278505998	(96, 0.0077784693494765038)
96	13,0.0155424379132	(96, 0.0077784693494765038)
96	161,0.0179491853215	(96, 0.0077784693494765038)
96	112,0.0181389730101	(96, 0.0077784693494765038)
96	143,0.0185356130175	(96, 0.0077784693494765038)
96	119,0.0187433748492	(96, 0.0077784693494765038)
96	90,0.0192046566984	(96, 0.0077784693494765038)
97	40,0.0107979816627	(97, 0.023577145037539382)
97	69,0.0118768626355	(97, 0.023577145037539382)
97	172,0.0119489951628	(97, 0.023577145037539382)
97	17,0.0132805485198	(97, 0.023577145037539382)
97	120,0.013990263438	(97, 0.023577145037539382)
97	4,0.017279510379	(97, 0.023577145037539382)
97	79,0.0176257859723	(97, 0.023577145037539382)
97	3,0.0176541916978	(97, 0.023577145037539382)
97	37,0.0192790939118	(97, 0.023577145037539382)
97	90,0.0204316416253	(97, 0.023577145037539382)
98	98,0.00754710894236	(98, 0.0075471089423559123)
98	40,0.0136337969839	(98, 0.0075471089423559123)
98	15,0.0139002649765	(98, 0.0075471089423559123)
98	25,0.0165042975104	(98, 0.0075471089423559123)
98	172,0.0172180942034	(98, 0.0075471089423559123)
98	154,0.0183723730559	(98, 0.0075471089423559123)
98	49,0.0187016052566	(98, 0.0075471089423559123)
98	69,0.0216536773463	(98, 0.0075471089423559123)
98	174,0.0219144852859	(98, 0.0075471089423559123)
98	4,0.0223310650042	(98, 0.0075471089423559123)
99	144,0.0150233110449	(99, 0.019917283450648405)
99	78,0.0166092296975	(99, 0.019917283450648405)
99	128,0.017561812602	(99, 0.019917283450648405)
99	73,0.0178460293867	(99, 0.019917283450648405)
99	84,0.017846851173	(99, 0.019917283450648405)
99	93,0.0180765055524	(99, 0.019917283450648405)
99	109,0.0189628851041	(99, 0.019917283450648405)
99	159,0.0193125177181	(99, 0.019917283450648405)
99	99,0.0199172834506	(99, 0.019917283450648405)
99	38,0.0205858011465	(99, 0.019917283450648405)
100	100,0.00696029021732	(100, 0.0069602902173153802)
100	74,0.00938773603968	(100, 0.0069602902173153802)
100	90,0.00974849658669	(100, 0.0069602902173153802)
100	77,0.00992262535126	(100, 0.0069602902173153802)
100	21,0.010073356812	(100, 0.0069602902173153802)
100	136,0.0107001190174	(100, 0.0069602902173153802)
100	37,0.0111236879451	(100, 0.0069602902173153802)
100	11,0.0118705180837	(100, 0.0069602902173153802)
100	17,0.0119242504975	(100, 0.0069602902173153802)
100	127,0.0120908544567	(100, 0.0069602902173153802)
101	73,0.0167289323292	(101, 0.020577115966803828)
101	1,0.0183206438932	(101, 0.020577115966803828)
101	124,0.0200886531137	(101, 0.020577115966803828)
101	101,0.0205771159668	(101, 0.020577115966803828)
101	13,0.0208545708726	(101, 0.020577115966803828)
101	81,0.0217505750001	(101, 0.020577115966803828)
101	29,0.021978668046	(101, 0.020577115966803828)
101	60,0.0229154594695	(101, 0.020577115966803828)
101	77,0.0233544810558	(101, 0.020577115966803828)
101	53,0.0234212747249	(101, 0.020577115966803828)
102	91,0.022391745375	(102, 0.026509578576960274)
102	155,0.0252286293929	(102, 0.026509578576960274)
102	114,0.0257471954255	(102, 0.026509578576960274)
102	41,0.0261557401379	(102, 0.026509578576960274)
102	102,0.026509578577	(102, 0.026509578576960274)
102	110,0.0271373922238	(102, 0.026509578576960274)
102	1,0.027157081576	(102, 0.026509578576960274)
102	101,0.0284587752565	(102, 0.026509578576960274)
102	53,0.0300140772428	(102, 0.026509578576960274)
102	103,0.0326418989173	(102, 0.026509578576960274)
103	103,0.0184422260426	(103, 0.018442226042613107)
103	73,0.0277608206334	(103, 0.018442226042613107)
103	91,0.0288947635937	(103, 0.018442226042613107)
103	101,0.0318081574736	(103, 0.018442226042613107)
103	51,0.0329665984065	(103, 0.018442226042613107)
103	93,0.0339415036596	(103, 0.018442226042613107)
103	30,0.0352846351032	(103, 0.018442226042613107)
103	39,0.0361672421473	(103, 0.018442226042613107)
103	114,0.0365708400789	(103, 0.018442226042613107)
103	1,0.0383493410423	(103, 0.018442226042613107)
104	124,0.0114462794083	(104, 0.024179756844301771)
104	93,0.0182544319374	(104, 0.024179756844301771)
104	81,0.0182658702149	(104, 0.024179756844301771)
104	73,0.0187293500338	(104, 0.024179756844301771)
104	11,0.0189317491565	(104, 0.024179756844301771)
104	119,0.019340584187	(104, 0.024179756844301771)
104	115,0.0207822089046	(104, 0.024179756844301771)
104	3,0.0221723670616	(104, 0.024179756844301771)
104	37,0.0230329533151	(104, 0.024179756844301771)
104	13,0.0241619798078	(104, 0.024179756844301771)
105	27,0.0188787603322	(105, 0.028193746747735719)
105	43,0.0209022690104	(105, 0.028193746747735719)
105	24,0.0215686231002	(105, 0.028193746747735719)
105	19,0.0224803574718	(105, 0.028193746747735719)
105	38,0.0228938931996	(105, 0.028193746747735719)
105	99,0.0236677664196	(105, 0.028193746747735719)
105	107,0.024325432844	(105, 0.028193746747735719)
105	50,0.0258608843574	(105, 0.028193746747735719)
105	144,0.026634145484	(105, 0.028193746747735719)
105	12,0.0277683883332	(105, 0.028193746747735719)
106	106,0.00985330904621	(106, 0.0098533090462095425)
106	157,0.0219313535273	(106, 0.0098533090462095425)
106	174,0.0229332156905	(106, 0.0098533090462095425)
106	116,0.0237901253244	(106, 0.0098533090462095425)
106	172,0.0238352271315	(106, 0.0098533090462095425)
106	93,0.0259397822115	(106, 0.0098533090462095425)
106	13,0.0262543101	(106, 0.0098533090462095425)
106	54,0.0280058687898	(106, 0.0098533090462095425)
106	156,0.028055027183	(106, 0.0098533090462095425)
106	165,0.0302426945066	(106, 0.0098533090462095425)
107	26,0.0134522266114	(107, 0.015980845180576284)
107	22,0.0135890221862	(107, 0.015980845180576284)
107	121,0.0156687308354	(107, 0.015980845180576284)
107	107,0.0159808451806	(107, 0.015980845180576284)
107	139,0.0160697416996	(107, 0.015980845180576284)
107	78,0.0161048637808	(107, 0.015980845180576284)
107	76,0.0162243469461	(107, 0.015980845180576284)
107	61,0.0168610921252	(107, 0.015980845180576284)
107	23,0.0173776394069	(107, 0.015980845180576284)
107	1,0.0176001931006	(107, 0.015980845180576284)
108	77,0.0135065883641	(108, 0.032377454049779396)
108	172,0.0163415347393	(108, 0.032377454049779396)
108	174,0.0164065513564	(108, 0.032377454049779396)
108	4,0.0202639818845	(108, 0.032377454049779396)
108	40,0.0203972993728	(108, 0.032377454049779396)
108	17,0.0209873223184	(108, 0.032377454049779396)
108	15,0.0219180231391	(108, 0.032377454049779396)
108	49,0.0222416306951	(108, 0.032377454049779396)
108	69,0.0225557570063	(108, 0.032377454049779396)
108	100,0.0230182690374	(108, 0.032377454049779396)
109	109,0.0112172759662	(109, 0.011217275966223541)
109	159,0.0130064864855	(109, 0.011217275966223541)
109	134,0.0159120986659	(109, 0.011217275966223541)
109	128,0.0164336184597	(109, 0.011217275966223541)
109	12,0.0164827663292	(109, 0.011217275966223541)
109	146,0.0184261244503	(109, 0.011217275966223541)
109	84,0.0195323937795	(109, 0.011217275966223541)
109	14,0.0195798658746	(109, 0.011217275966223541)
109	152,0.0201770601126	(109, 0.011217275966223541)
109	38,0.0205827632926	(109, 0.011217275966223541)
110	1,0.0122985638187	(110, 0.024796014841982947)
110	11,0.014312781251	(110, 0.024796014841982947)
110	121,0.0150849717564	(110, 0.024796014841982947)
110	3,0.0168785709248	(110, 0.024796014841982947)
110	162,0.0171041512788	(110, 0.024796014841982947)
110	68,0.0171059590604	(110, 0.024796014841982947)
110	73,0.0172796842751	(110, 0.024796014841982947)
110	155,0.0173630007188	(110, 0.024796014841982947)
110	71,0.0182421857644	(110, 0.024796014841982947)
110	26,0.0186137070623	(110, 0.024796014841982947)
111	73,0.0140637923002	(111, 0.043924882351212051)
111	124,0.0142892679995	(111, 0.043924882351212051)
111	93,0.0160893578849	(111, 0.043924882351212051)
111	157,0.0193551948482	(111, 0.043924882351212051)
111	101,0.019382138285	(111, 0.043924882351212051)
111	13,0.0214656427945	(111, 0.043924882351212051)
111	109,0.0238340071473	(111, 0.043924882351212051)
111	116,0.0245121998834	(111, 0.043924882351212051)
111	144,0.0248776236628	(111, 0.043924882351212051)
111	128,0.0251080296299	(111, 0.043924882351212051)
112	90,0.0083805585512	(112, 0.011589873835760224)
112	11,0.00917320386289	(112, 0.011589873835760224)
112	162,0.0115363188522	(112, 0.011589873835760224)
112	112,0.0115898738358	(112, 0.011589873835760224)
112	100,0.011596383392	(112, 0.011589873835760224)
112	3,0.0116339108529	(112, 0.011589873835760224)
112	21,0.0119792122475	(112, 0.011589873835760224)
112	81,0.0137453814905	(112, 0.011589873835760224)
112	71,0.0140412949813	(112, 0.011589873835760224)
112	17,0.0142629366935	(112, 0.011589873835760224)
113	113,0.0115347317216	(113, 0.011534731721559357)
113	65,0.0208770457002	(113, 0.011534731721559357)
113	130,0.0307166693112	(113, 0.011534731721559357)
113	44,0.0353055871705	(113, 0.011534731721559357)
113	120,0.0357867494277	(113, 0.011534731721559357)
113	97,0.0377235512663	(113, 0.011534731721559357)
113	53,0.0391505047222	(113, 0.011534731721559357)
113	15,0.0396606445145	(113, 0.011534731721559357)
113	161,0.0404200458088	(113, 0.011534731721559357)
113	155,0.0408489143743	(113, 0.011534731721559357)
114	114,0.014912247544	(114, 0.014912247544034744)
114	124,0.0151520970456	(114, 0.014912247544034744)
114	53,0.0152308439935	(114, 0.014912247544034744)
114	73,0.0163721973561	(114, 0.014912247544034744)
114	13,0.0195397512115	(114, 0.014912247544034744)
114	104,0.0204150712999	(114, 0.014912247544034744)
114	157,0.0219481635985	(114, 0.014912247544034744)
114	140,0.0231644621382	(114, 0.014912247544034744)
114	93,0.0237718006522	(114, 0.014912247544034744)
114	155,0.0242435851265	(114, 0.014912247544034744)
115	119,0.0129317156134	(115, 0.015856616515228839)
115	11,0.0142486661846	(115, 0.015856616515228839)
115	37,0.0150844142851	(115, 0.015856616515228839)
115	115,0.0158566165152	(115, 0.015856616515228839)
115	17,0.0167802639174	(115, 0.015856616515228839)
115	96,0.0168576327087	(115, 0.015856616515228839)
115	136,0.0170207699225	(115, 0.015856616515228839)
115	3,0.0191938095427	(115, 0.015856616515228839)
115	172,0.0193359475634	(115, 0.015856616515228839)
115	90,0.0193869092339	(115, 0.015856616515228839)
116	116,0.0102673526956	(116, 0.010267352695619947)
116	93,0.0110449154612	(116, 0.010267352695619947)
116	73,0.0193317197609	(116, 0.010267352695619947)
116	109,0.019779085795	(116, 0.010267352695619947)
116	159,0.0214908378182	(116, 0.010267352695619947)
116	144,0.0221719536989	(116, 0.010267352695619947)
116	172,0.0226828192347	(116, 0.010267352695619947)
116	146,0.02359412476	(116, 0.010267352695619947)
116	124,0.0237700917469	(116, 0.010267352695619947)
116	131,0.0239948808714	(116, 0.010267352695619947)
117	117,0.00475973864001	(117, 0.0047597386400086514)
117	21,0.00912453004096	(117, 0.0047597386400086514)
117	71,0.0103591117302	(117, 0.0047597386400086514)
117	11,0.0112649634944	(117, 0.0047597386400086514)
117	76,0.01140648357	(117, 0.0047597386400086514)
117	81,0.0120859592076	(117, 0.0047597386400086514)
117	22,0.0125662368991	(117, 0.0047597386400086514)
117	3,0.012785560438	(117, 0.0047597386400086514)
117	162,0.0128263598062	(117, 0.0047597386400086514)
117	121,0.0129108530231	(117, 0.0047597386400086514)
118	34,0.0241688746791	(118, 0.029441164639785775)
118	33,0.0258512086957	(118, 0.029441164639785775)
118	69,0.0291957306888	(118, 0.029441164639785775)
118	118,0.0294411646398	(118, 0.029441164639785775)
118	113,0.0325325625816	(118, 0.029441164639785775)
118	130,0.035712541069	(118, 0.029441164639785775)
118	4,0.0363651212071	(118, 0.029441164639785775)
118	15,0.0381706810583	(118, 0.029441164639785775)
118	25,0.0406275578219	(118, 0.029441164639785775)
118	2,0.040628217595	(118, 0.029441164639785775)
119	120,0.0139976116432	(119, 0.018168088840872652)
119	17,0.0172533449678	(119, 0.018168088840872652)
119	69,0.0181127314989	(119, 0.018168088840872652)
119	119,0.0181680888409	(119, 0.018168088840872652)
119	40,0.0182329457009	(119, 0.018168088840872652)
119	4,0.0196777157206	(119, 0.018168088840872652)
119	172,0.0199295046598	(119, 0.018168088840872652)
119	154,0.0199708736852	(119, 0.018168088840872652)
119	97,0.0206090875124	(119, 0.018168088840872652)
119	13,0.0222287773158	(119, 0.018168088840872652)
120	120,0.0105530252491	(120, 0.010553025249146758)
120	65,0.0120932272437	(120, 0.010553025249146758)
120	161,0.0164028118361	(120, 0.010553025249146758)
120	44,0.0175097459429	(120, 0.010553025249146758)
120	155,0.0193840571628	(120, 0.010553025249146758)
120	53,0.0208205273792	(120, 0.010553025249146758)
120	97,0.020859189468	(120, 0.010553025249146758)
120	13,0.0219184059549	(120, 0.010553025249146758)
120	17,0.0223582538519	(120, 0.010553025249146758)
120	83,0.0232558518447	(120, 0.010553025249146758)
121	121,0.00999961229267	(121, 0.0099996122926678914)
121	78,0.0117731997519	(121, 0.0099996122926678914)
121	26,0.0128363244849	(121, 0.0099996122926678914)
121	22,0.0129654676383	(121, 0.0099996122926678914)
121	1,0.0138365673727	(121, 0.0099996122926678914)
121	132,0.0170696298113	(121, 0.0099996122926678914)
121	128,0.0171843096317	(121, 0.0099996122926678914)
121	73,0.0173837402825	(121, 0.0099996122926678914)
121	158,0.0175879447278	(121, 0.0099996122926678914)
121	61,0.0178432835471	(121, 0.0099996122926678914)
122	174,0.0173438794913	(122, 0.01920002626958486)
122	122,0.0192000262696	(122, 0.01920002626958486)
122	154,0.0242863031218	(122, 0.01920002626958486)
122	69,0.0263304209947	(122, 0.01920002626958486)
122	2,0.02741821958	(122, 0.01920002626958486)
122	172,0.0308181016384	(122, 0.01920002626958486)
122	48,0.0321213240917	(122, 0.01920002626958486)
122	4,0.0325172539992	(122, 0.01920002626958486)
122	116,0.0331919318783	(122, 0.01920002626958486)
122	54,0.0339052183102	(122, 0.01920002626958486)
123	172,0.0125005023027	(123, 0.013670857755735715)
123	123,0.0136708577557	(123, 0.013670857755735715)
123	40,0.018266286598	(123, 0.013670857755735715)
123	81,0.0186781079749	(123, 0.013670857755735715)
123	90,0.0189946561355	(123, 0.013670857755735715)
123	119,0.0197862702595	(123, 0.013670857755735715)
123	146,0.0206308539216	(123, 0.013670857755735715)
123	17,0.0211366557085	(123, 0.013670857755735715)
123	96,0.0212366716243	(123, 0.013670857755735715)
123	37,0.0221436048275	(123, 0.013670857755735715)
124	124,0.0184627384984	(124, 0.018462738498424343)
124	101,0.0255233224972	(124, 0.018462738498424343)
124	41,0.0315866946974	(124, 0.018462738498424343)
124	73,0.0346891108879	(124, 0.018462738498424343)
124	140,0.0349676676056	(124, 0.018462738498424343)
124	155,0.0350746143627	(124, 0.018462738498424343)
124	53,0.0351188214153	(124, 0.018462738498424343)
124	169,0.0351884390125	(124, 0.018462738498424343)
124	13,0.0373906877145	(124, 0.018462738498424343)
124	157,0.0374325869069	(124, 0.018462738498424343)
125	13,0.0274018595844	(125, 0.031110224407411617)
125	73,0.029177776974	(125, 0.031110224407411617)
125	155,0.0300727700321	(125, 0.031110224407411617)
125	125,0.0311102244074	(125, 0.031110224407411617)
125	41,0.0319006498403	(125, 0.031110224407411617)
125	65,0.0327363956471	(125, 0.031110224407411617)
125	68,0.0350892868668	(125, 0.031110224407411617)
125	54,0.0358663096039	(125, 0.031110224407411617)
125	23,0.0358727835073	(125, 0.031110224407411617)
125	114,0.0360645247398	(125, 0.031110224407411617)
126	126,0.012202899444	(126, 0.012202899444011645)
126	121,0.0130867300557	(126, 0.012202899444011645)
126	132,0.0137347237591	(126, 0.012202899444011645)
126	81,0.0140038497405	(126, 0.012202899444011645)
126	3,0.0147522187505	(126, 0.012202899444011645)
126	12,0.0159655932399	(126, 0.012202899444011645)
126	22,0.0160312038094	(126, 0.012202899444011645)
126	11,0.0160376527809	(126, 0.012202899444011645)
126	128,0.0161097103506	(126, 0.012202899444011645)
126	151,0.0166577825547	(126, 0.012202899444011645)
127	17,0.00837427330818	(127, 0.010619596407351465)
127	74,0.00968719611914	(127, 0.010619596407351465)
127	136,0.0103087623515	(127, 0.010619596407351465)
127	127,0.0106195964074	(127, 0.010619596407351465)
127	100,0.0128260770153	(127, 0.010619596407351465)
127	59,0.0137424333439	(127, 0.010619596407351465)
127	77,0.0137616412411	(127, 0.010619596407351465)
127	37,0.0144288188181	(127, 0.010619596407351465)
127	49,0.0163317815853	(127, 0.010619596407351465)
127	172,0.0191844318635	(127, 0.010619596407351465)
128	128,0.00853925580237	(128, 0.0085392558023659089)
128	22,0.0120872828337	(128, 0.0085392558023659089)
128	78,0.0122995985282	(128, 0.0085392558023659089)
128	121,0.012643484796	(128, 0.0085392558023659089)
128	139,0.0131756732338	(128, 0.0085392558023659089)
128	158,0.0131768665272	(128, 0.0085392558023659089)
128	12,0.0137695914802	(128, 0.0085392558023659089)
128	18,0.0140426633038	(128, 0.0085392558023659089)
128	159,0.0145283461474	(128, 0.0085392558023659089)
128	151,0.0150276663113	(128, 0.0085392558023659089)
129	49,0.019080907168	(129, 0.037491055866414644)
129	98,0.0213334970413	(129, 0.037491055866414644)
129	15,0.0259921335937	(129, 0.037491055866414644)
129	77,0.0273777062874	(129, 0.037491055866414644)
129	100,0.0275633642548	(129, 0.037491055866414644)
129	59,0.0286454150863	(129, 0.037491055866414644)
129	83,0.0311739310839	(129, 0.037491055866414644)
129	25,0.0314128157849	(129, 0.037491055866414644)
129	94,0.0315855988534	(129, 0.037491055866414644)
129	172,0.0351017077342	(129, 0.037491055866414644)
130	130,0.0258938427216	(130, 0.025893842721553487)
130	34,0.0299621795616	(130, 0.025893842721553487)
130	13,0.0301889076708	(130, 0.025893842721553487)
130	65,0.0309592806633	(130, 0.025893842721553487)
130	91,0.0324335663983	(130, 0.025893842721553487)
130	53,0.0337216969596	(130, 0.025893842721553487)
130	69,0.0339114121106	(130, 0.025893842721553487)
130	155,0.0339289373417	(130, 0.025893842721553487)
130	157,0.0344788213511	(130, 0.025893842721553487)
130	15,0.0345796913477	(130, 0.025893842721553487)
131	166,0.0209354665791	(131, 0.023293150317160942)
131	116,0.0224836828188	(131, 0.023293150317160942)
131	131,0.0232931503172	(131, 0.023293150317160942)
131	72,0.0289328350738	(131, 0.023293150317160942)
131	144,0.0291440149457	(131, 0.023293150317160942)
131	104,0.0317970139373	(131, 0.023293150317160942)
131	156,0.0367341070464	(131, 0.023293150317160942)
131	84,0.037339120152	(131, 0.023293150317160942)
131	93,0.0391605872999	(131, 0.023293150317160942)
131	165,0.0392971381798	(131, 0.023293150317160942)
132	132,0.0075940983056	(132, 0.0075940983056023408)
132	18,0.00784376654036	(132, 0.0075940983056023408)
132	22,0.00813715929391	(132, 0.0075940983056023408)
132	139,0.00862175856518	(132, 0.0075940983056023408)
132	46,0.0100485026341	(132, 0.0075940983056023408)
132	76,0.010085180932	(132, 0.0075940983056023408)
132	158,0.0106768985398	(132, 0.0075940983056023408)
132	121,0.0112280657571	(132, 0.0075940983056023408)
132	147,0.011459244943	(132, 0.0075940983056023408)
132	171,0.011504189078	(132, 0.0075940983056023408)
133	133,0.0102756028104	(133, 0.010275602810376934)
133	130,0.0278167296501	(133, 0.010275602810376934)
133	34,0.0296028913487	(133, 0.010275602810376934)
133	91,0.0315635035965	(133, 0.010275602810376934)
133	102,0.033227160153	(133, 0.010275602810376934)
133	114,0.0352400926316	(133, 0.010275602810376934)
133	103,0.0368920551111	(133, 0.010275602810376934)
133	53,0.037040340297	(133, 0.010275602810376934)
133	110,0.0385665781117	(133, 0.010275602810376934)
133	153,0.0388499359311	(133, 0.010275602810376934)
134	121,0.00957026202179	(134, 0.013997855487019272)
134	128,0.0108328058791	(134, 0.013997855487019272)
134	78,0.0114458109152	(134, 0.013997855487019272)
134	134,0.013997855487	(134, 0.013997855487019272)
134	22,0.0145083584175	(134, 0.013997855487019272)
134	18,0.01498620985	(134, 0.013997855487019272)
134	73,0.0176144929214	(134, 0.013997855487019272)
134	12,0.0185086550394	(134, 0.013997855487019272)
134	151,0.0186909923444	(134, 0.013997855487019272)
134	109,0.0192861704419	(134, 0.013997855487019272)
135	147,0.00648343231953	(135, 0.009615238817828619)
135	76,0.00800069661891	(135, 0.009615238817828619)
135	63,0.00829352838764	(135, 0.009615238817828619)
135	162,0.0089861707404	(135, 0.009615238817828619)
135	137,0.00954529730454	(135, 0.009615238817828619)
135	135,0.00961523881783	(135, 0.009615238817828619)
135	171,0.0115527676059	(135, 0.009615238817828619)
135	77,0.0124106168148	(135, 0.009615238817828619)
135	23,0.0128552566557	(135, 0.009615238817828619)
135	117,0.0129730035551	(135, 0.009615238817828619)
136	136,0.0133891887463	(136, 0.013389188746299043)
136	121,0.0162370835876	(136, 0.013389188746299043)
136	11,0.0163637461646	(136, 0.013389188746299043)
136	162,0.0176784224429	(136, 0.013389188746299043)
136	54,0.0179925014541	(136, 0.013389188746299043)
136	126,0.0184276684143	(136, 0.013389188746299043)
136	151,0.0199889201	(136, 0.013389188746299043)
136	3,0.0202653300267	(136, 0.013389188746299043)
136	78,0.020317060255	(136, 0.013389188746299043)
136	119,0.0205249550844	(136, 0.013389188746299043)
137	137,0.00473335194734	(137, 0.0047333519473449076)
137	63,0.00641139569191	(137, 0.0047333519473449076)
137	147,0.00656423410952	(137, 0.0047333519473449076)
137	3,0.00876314293679	(137, 0.0047333519473449076)
137	171,0.00967881548653	(137, 0.0047333519473449076)
137	76,0.00982890127138	(137, 0.0047333519473449076)
137	136,0.0112658187547	(137, 0.0047333519473449076)
137	90,0.0117469438044	(137, 0.0047333519473449076)
137	77,0.0119982025745	(137, 0.0047333519473449076)
137	36,0.0120074259399	(137, 0.0047333519473449076)
138	78,0.0144696470319	(138, 0.016462661620003202)
138	128,0.0151894095071	(138, 0.016462661620003202)
138	107,0.0161446008477	(138, 0.016462661620003202)
138	138,0.01646266162	(138, 0.016462661620003202)
138	158,0.0166537573833	(138, 0.016462661620003202)
138	99,0.0197115099988	(138, 0.016462661620003202)
138	159,0.021277768308	(138, 0.016462661620003202)
138	55,0.0218417101634	(138, 0.016462661620003202)
138	38,0.0222472535175	(138, 0.016462661620003202)
138	84,0.0228998275475	(138, 0.016462661620003202)
139	139,0.00339072440246	(139, 0.0033907244024592087)
139	46,0.00905321308266	(139, 0.0033907244024592087)
139	151,0.00992693060893	(139, 0.0033907244024592087)
139	18,0.0100332492608	(139, 0.0033907244024592087)
139	22,0.011112519382	(139, 0.0033907244024592087)
139	76,0.0112481099401	(139, 0.0033907244024592087)
139	132,0.0115623264547	(139, 0.0033907244024592087)
139	121,0.0137196642905	(139, 0.0033907244024592087)
139	35,0.0143902917941	(139, 0.0033907244024592087)
139	63,0.0145065314793	(139, 0.0033907244024592087)
140	140,0.0190769880206	(140, 0.019076988020595279)
140	124,0.0192892943474	(140, 0.019076988020595279)
140	93,0.0193744384617	(140, 0.019076988020595279)
140	73,0.0207597303792	(140, 0.019076988020595279)
140	69,0.0213566818184	(140, 0.019076988020595279)
140	157,0.0234089482558	(140, 0.019076988020595279)
140	116,0.0244090513182	(140, 0.019076988020595279)
140	104,0.0245741683274	(140, 0.019076988020595279)
140	13,0.0269772362466	(140, 0.019076988020595279)
140	144,0.0272242828844	(140, 0.019076988020595279)
141	124,0.032205404738	(141, 0.038594611973330396)
141	48,0.0326460551548	(141, 0.038594611973330396)
141	97,0.0378884359253	(141, 0.038594611973330396)
141	141,0.0385946119733	(141, 0.038594611973330396)
141	4,0.039271575445	(141, 0.038594611973330396)
141	120,0.0402987085313	(141, 0.038594611973330396)
141	155,0.0406771113791	(141, 0.038594611973330396)
141	56,0.0410351152475	(141, 0.038594611973330396)
141	69,0.041159193074	(141, 0.038594611973330396)
141	2,0.0420765203864	(141, 0.038594611973330396)
142	61,0.0168028269282	(142, 0.058549128263373801)
142	23,0.0214864206075	(142, 0.058549128263373801)
142	12,0.0217269065498	(142, 0.058549128263373801)
142	38,0.0218510981006	(142, 0.058549128263373801)
142	55,0.0240932940596	(142, 0.058549128263373801)
142	78,0.0245811974508	(142, 0.058549128263373801)
142	73,0.0250597429276	(142, 0.058549128263373801)
142	105,0.0260814957099	(142, 0.058549128263373801)
142	24,0.0265454460845	(142, 0.058549128263373801)
142	135,0.0280441391196	(142, 0.058549128263373801)
143	143,0.00755500671662	(143, 0.0075550067166170708)
143	112,0.00884020920219	(143, 0.0075550067166170708)
143	3,0.00894398635773	(143, 0.0075550067166170708)
143	11,0.00894417078174	(143, 0.0075550067166170708)
143	162,0.00914504836475	(143, 0.0075550067166170708)
143	90,0.00966656015343	(143, 0.0075550067166170708)
143	137,0.0109748118325	(143, 0.0075550067166170708)
143	17,0.012189000904	(143, 0.0075550067166170708)
143	136,0.0122913522186	(143, 0.0075550067166170708)
143	21,0.012333242973	(143, 0.0075550067166170708)
144	144,0.00917769666952	(144, 0.0091776966695177285)
144	14,0.0191309321246	(144, 0.0091776966695177285)
144	38,0.0200565777299	(144, 0.0091776966695177285)
144	12,0.0238221557202	(144, 0.0091776966695177285)
144	159,0.0240814000915	(144, 0.0091776966695177285)
144	50,0.0263442799112	(144, 0.0091776966695177285)
144	145,0.0274105560257	(144, 0.0091776966695177285)
144	109,0.0285208482247	(144, 0.0091776966695177285)
144	99,0.0289120802489	(144, 0.0091776966695177285)
144	116,0.0291260118466	(144, 0.0091776966695177285)
145	145,0.0149137487257	(145, 0.014913748725689702)
145	38,0.0162697742684	(145, 0.014913748725689702)
145	78,0.0163671960486	(145, 0.014913748725689702)
145	128,0.0167996868091	(145, 0.014913748725689702)
145	158,0.0173686193855	(145, 0.014913748725689702)
145	55,0.0179995751219	(145, 0.014913748725689702)
145	24,0.0191949082666	(145, 0.014913748725689702)
145	12,0.0207854984459	(145, 0.014913748725689702)
145	14,0.0217063599577	(145, 0.014913748725689702)
145	99,0.0234308367947	(145, 0.014913748725689702)
146	146,0.00546738374272	(146, 0.0054673837427154058)
146	159,0.0121642282555	(146, 0.0054673837427154058)
146	12,0.0177614834763	(146, 0.0054673837427154058)
146	137,0.0199145564797	(146, 0.0054673837427154058)
146	81,0.0199263063484	(146, 0.0054673837427154058)
146	18,0.0204112795511	(146, 0.0054673837427154058)
146	46,0.0204628829985	(146, 0.0054673837427154058)
146	132,0.020568632843	(146, 0.0054673837427154058)
146	145,0.0217130195536	(146, 0.0054673837427154058)
146	3,0.0220039326769	(146, 0.0054673837427154058)
147	63,0.00601541334693	(147, 0.0060528410908974569)
147	147,0.0060528410909	(147, 0.0060528410908974569)
147	76,0.00653429217112	(147, 0.0060528410908974569)
147	132,0.0094060645159	(147, 0.0060528410908974569)
147	22,0.0099425734662	(147, 0.0060528410908974569)
147	18,0.0100399996899	(147, 0.0060528410908974569)
147	23,0.0101941771817	(147, 0.0060528410908974569)
147	151,0.0102834048213	(147, 0.0060528410908974569)
147	121,0.0106463266628	(147, 0.0060528410908974569)
147	126,0.0118911292083	(147, 0.0060528410908974569)
148	148,0.00644782258612	(148, 0.0064478225861232322)
148	17,0.00928238816681	(148, 0.0064478225861232322)
148	143,0.0102144776024	(148, 0.0064478225861232322)
148	100,0.0132302032414	(148, 0.0064478225861232322)
148	90,0.0133881730819	(148, 0.0064478225861232322)
148	49,0.0167006129276	(148, 0.0064478225861232322)
148	172,0.0173906293259	(148, 0.0064478225861232322)
148	112,0.0176728638614	(148, 0.0064478225861232322)
148	3,0.0187663771499	(148, 0.0064478225861232322)
148	37,0.019479130618	(148, 0.0064478225861232322)
149	149,0.0203099690752	(149, 0.020309969075172019)
149	32,0.0355052918634	(149, 0.020309969075172019)
149	169,0.0438248325108	(149, 0.020309969075172019)
149	33,0.04511728697	(149, 0.020309969075172019)
149	27,0.0606448419477	(149, 0.020309969075172019)
149	111,0.0612908072832	(149, 0.020309969075172019)
149	156,0.0626218131437	(149, 0.020309969075172019)
149	165,0.0629791948161	(149, 0.020309969075172019)
149	157,0.0672188262437	(149, 0.020309969075172019)
149	131,0.0673728264032	(149, 0.020309969075172019)
150	3,0.00632604660115	(150, 0.010161045622342322)
150	11,0.00810283381046	(150, 0.010161045622342322)
150	162,0.00942460983512	(150, 0.010161045622342322)
150	121,0.0095599586935	(150, 0.010161045622342322)
150	150,0.0101610456223	(150, 0.010161045622342322)
150	71,0.0102012139415	(150, 0.010161045622342322)
150	63,0.0108970867575	(150, 0.010161045622342322)
150	86,0.0115486351221	(150, 0.010161045622342322)
150	117,0.0122908210318	(150, 0.010161045622342322)
150	21,0.0122933637274	(150, 0.010161045622342322)
151	121,0.00697162488749	(151, 0.010497867798621621)
151	151,0.0104978677986	(151, 0.010497867798621621)
151	132,0.0106090402929	(151, 0.010497867798621621)
151	70,0.0118475974793	(151, 0.010497867798621621)
151	3,0.0126559587135	(151, 0.010497867798621621)
151	22,0.0129521865675	(151, 0.010497867798621621)
151	81,0.0130429831757	(151, 0.010497867798621621)
151	11,0.0132970753086	(151, 0.010497867798621621)
151	78,0.0133047939109	(151, 0.010497867798621621)
151	63,0.0136425086143	(151, 0.010497867798621621)
152	152,0.00923497363966	(152, 0.0092349736396605195)
152	121,0.0132180839996	(152, 0.0092349736396605195)
152	18,0.0149560599223	(152, 0.0092349736396605195)
152	139,0.0158823159082	(152, 0.0092349736396605195)
152	88,0.0162979212571	(152, 0.0092349736396605195)
152	35,0.0163841958191	(152, 0.0092349736396605195)
152	117,0.0178913618673	(152, 0.0092349736396605195)
152	22,0.018125242511	(152, 0.0092349736396605195)
152	159,0.0185926063511	(152, 0.0092349736396605195)
152	81,0.0186231015452	(152, 0.0092349736396605195)
153	133,0.0166394969819	(153, 0.027762614368615501)
153	130,0.025650109531	(153, 0.027762614368615501)
153	34,0.0274041821092	(153, 0.027762614368615501)
153	153,0.0277626143686	(153, 0.027762614368615501)
153	91,0.0311041447693	(153, 0.027762614368615501)
153	102,0.0319965088903	(153, 0.027762614368615501)
153	53,0.037821861317	(153, 0.027762614368615501)
153	103,0.0380066077583	(153, 0.027762614368615501)
153	28,0.0381243422876	(153, 0.027762614368615501)
153	1,0.0387991250552	(153, 0.027762614368615501)
154	154,0.0054931111004	(154, 0.0054931111004034461)
154	40,0.016802067945	(154, 0.0054931111004034461)
154	174,0.0189534437733	(154, 0.0054931111004034461)
154	69,0.0205519275829	(154, 0.0054931111004034461)
154	172,0.0225824746761	(154, 0.0054931111004034461)
154	48,0.0256761855626	(154, 0.0054931111004034461)
154	4,0.0270668787968	(154, 0.0054931111004034461)
154	116,0.0281812341789	(154, 0.0054931111004034461)
154	15,0.0282498172229	(154, 0.0054931111004034461)
154	56,0.0284636670103	(154, 0.0054931111004034461)
155	71,0.00855242260269	(155, 0.014235520682122055)
155	11,0.00989405051937	(155, 0.014235520682122055)
155	162,0.0111853233844	(155, 0.014235520682122055)
155	1,0.0134931986832	(155, 0.014235520682122055)
155	155,0.0142355206821	(155, 0.014235520682122055)
155	3,0.0142585917418	(155, 0.014235520682122055)
155	77,0.0146897552168	(155, 0.014235520682122055)
155	117,0.0148348165201	(155, 0.014235520682122055)
155	121,0.0148353080504	(155, 0.014235520682122055)
155	81,0.0164823864802	(155, 0.014235520682122055)
156	156,0.0142319930992	(156, 0.014231993099174008)
156	73,0.0148947105341	(156, 0.014231993099174008)
156	144,0.0166924017528	(156, 0.014231993099174008)
156	27,0.0215495429948	(156, 0.014231993099174008)
156	109,0.0215734747899	(156, 0.014231993099174008)
156	107,0.0216476517991	(156, 0.014231993099174008)
156	131,0.0255795714218	(156, 0.014231993099174008)
156	50,0.0261297173275	(156, 0.014231993099174008)
156	93,0.0261496638272	(156, 0.014231993099174008)
156	38,0.026182412249	(156, 0.014231993099174008)
157	22,0.0137951746808	(157, 0.016007353591103411)
157	12,0.0138270188362	(157, 0.016007353591103411)
157	93,0.0146629180277	(157, 0.016007353591103411)
157	73,0.014719451542	(157, 0.016007353591103411)
157	3,0.0148420443352	(157, 0.016007353591103411)
157	126,0.0157346580754	(157, 0.016007353591103411)
157	157,0.0160073535911	(157, 0.016007353591103411)
157	132,0.0162067317749	(157, 0.016007353591103411)
157	81,0.0163449657049	(157, 0.016007353591103411)
157	76,0.0165177921967	(157, 0.016007353591103411)
158	77,0.00788362893763	(158, 0.026234501323153577)
158	3,0.00995530535171	(158, 0.026234501323153577)
158	37,0.0121732230762	(158, 0.026234501323153577)
158	136,0.012690544342	(158, 0.026234501323153577)
158	137,0.0128001774716	(158, 0.026234501323153577)
158	11,0.0131501553576	(158, 0.026234501323153577)
158	171,0.0132927952931	(158, 0.026234501323153577)
158	76,0.0134556329617	(158, 0.026234501323153577)
158	100,0.0136332107987	(158, 0.026234501323153577)
158	63,0.0137735364166	(158, 0.026234501323153577)
159	146,0.00744066153656	(159, 0.015868136087661199)
159	137,0.0121703905255	(159, 0.015868136087661199)
159	18,0.0124554907524	(159, 0.015868136087661199)
159	46,0.0128405939841	(159, 0.015868136087661199)
159	150,0.0131515795829	(159, 0.015868136087661199)
159	36,0.0132073199017	(159, 0.015868136087661199)
159	81,0.0135459474811	(159, 0.015868136087661199)
159	147,0.0139297590379	(159, 0.015868136087661199)
159	90,0.0140436076755	(159, 0.015868136087661199)
159	3,0.0144518367292	(159, 0.015868136087661199)
160	164,0.0235938437772	(160, 0.10270562923989042)
160	27,0.0260096527558	(160, 0.10270562923989042)
160	73,0.0266358371538	(160, 0.10270562923989042)
160	38,0.0275010786871	(160, 0.10270562923989042)
160	105,0.0292062120808	(160, 0.10270562923989042)
160	43,0.0298046932696	(160, 0.10270562923989042)
160	107,0.0313399121916	(160, 0.10270562923989042)
160	12,0.0316035612066	(160, 0.10270562923989042)
160	109,0.032119789086	(160, 0.10270562923989042)
160	50,0.0321525914936	(160, 0.10270562923989042)
161	161,0.00633404527918	(161, 0.006334045279176706)
161	65,0.0145516978704	(161, 0.006334045279176706)
161	17,0.0163821717841	(161, 0.006334045279176706)
161	44,0.017495015797	(161, 0.006334045279176706)
161	155,0.0187200224666	(161, 0.006334045279176706)
161	68,0.0196590720736	(161, 0.006334045279176706)
161	83,0.0205646875786	(161, 0.006334045279176706)
161	120,0.0209883666999	(161, 0.006334045279176706)
161	13,0.0221737733457	(161, 0.006334045279176706)
161	100,0.0230801759375	(161, 0.006334045279176706)
162	162,0.0079714821197	(162, 0.0079714821196990963)
162	76,0.00935101853012	(162, 0.0079714821196990963)
162	117,0.00971419426255	(162, 0.0079714821196990963)
162	18,0.0100707567317	(162, 0.0079714821196990963)
162	147,0.0116204146638	(162, 0.0079714821196990963)
162	171,0.0127415768134	(162, 0.0079714821196990963)
162	63,0.0129332821192	(162, 0.0079714821196990963)
162	11,0.012991075018	(162, 0.0079714821196990963)
162	77,0.0132323160412	(162, 0.0079714821196990963)
162	12,0.0132687395273	(162, 0.0079714821196990963)
163	17,0.0124399556907	(163, 0.019760819198284107)
163	100,0.0144013701054	(163, 0.019760819198284107)
163	148,0.0146337163535	(163, 0.019760819198284107)
163	3,0.0155343027364	(163, 0.019760819198284107)
163	143,0.0159797795788	(163, 0.019760819198284107)
163	172,0.0160404481222	(163, 0.019760819198284107)
163	83,0.0161227679939	(163, 0.019760819198284107)
163	40,0.0162183740385	(163, 0.019760819198284107)
163	37,0.0165959813929	(163, 0.019760819198284107)
163	11,0.0169622344018	(163, 0.019760819198284107)
164	156,0.0193266828861	(164, 0.022265080656041641)
164	164,0.022265080656	(164, 0.022265080656041641)
164	27,0.0228211219451	(164, 0.022265080656041641)
164	73,0.024049400091	(164, 0.022265080656041641)
164	144,0.0241152503812	(164, 0.022265080656041641)
164	109,0.0260483843139	(164, 0.022265080656041641)
164	32,0.0273034851247	(164, 0.022265080656041641)
164	131,0.0292582040021	(164, 0.022265080656041641)
164	107,0.0297274871024	(164, 0.022265080656041641)
164	50,0.0311694393226	(164, 0.022265080656041641)
165	93,0.0171800262161	(165, 0.026249166659252799)
165	116,0.0215680698454	(165, 0.026249166659252799)
165	157,0.0235421889685	(165, 0.026249166659252799)
165	131,0.0239526830641	(165, 0.026249166659252799)
165	144,0.0246369710537	(165, 0.026249166659252799)
165	73,0.0253529845723	(165, 0.026249166659252799)
165	165,0.0262491666593	(165, 0.026249166659252799)
165	156,0.0302607469089	(165, 0.026249166659252799)
165	124,0.0308378883388	(165, 0.026249166659252799)
165	27,0.032894098715	(165, 0.026249166659252799)
166	116,0.0225963168514	(166, 0.030074466208412694)
166	104,0.024119126842	(166, 0.030074466208412694)
166	144,0.0258280522596	(166, 0.030074466208412694)
166	124,0.0260099394728	(166, 0.030074466208412694)
166	123,0.0260620232801	(166, 0.030074466208412694)
166	69,0.0281453404938	(166, 0.030074466208412694)
166	140,0.0299522959914	(166, 0.030074466208412694)
166	166,0.0300744662084	(166, 0.030074466208412694)
166	93,0.0303594721614	(166, 0.030074466208412694)
166	157,0.0317223484373	(166, 0.030074466208412694)
167	51,0.0203902213558	(167, 0.036564154830175416)
167	27,0.0312318610666	(167, 0.036564154830175416)
167	39,0.0315634606452	(167, 0.036564154830175416)
167	32,0.0326948388304	(167, 0.036564154830175416)
167	167,0.0365641548302	(167, 0.036564154830175416)
167	169,0.0436476445143	(167, 0.036564154830175416)
167	19,0.0438209425004	(167, 0.036564154830175416)
167	138,0.0461945947431	(167, 0.036564154830175416)
167	156,0.0466354180303	(167, 0.036564154830175416)
167	164,0.047132025801	(167, 0.036564154830175416)
168	12,0.0159852205677	(168, 0.019609067448846468)
168	121,0.0171409097615	(168, 0.019609067448846468)
168	18,0.017416013056	(168, 0.019609067448846468)
168	55,0.0179969439071	(168, 0.019609067448846468)
168	86,0.0192717362906	(168, 0.019609067448846468)
168	168,0.0196090674488	(168, 0.019609067448846468)
168	61,0.0203017901604	(168, 0.019609067448846468)
168	151,0.0208849004214	(168, 0.019609067448846468)
168	38,0.0211828380389	(168, 0.019609067448846468)
168	152,0.0215713346864	(168, 0.019609067448846468)
169	169,0.0204803099445	(169, 0.020480309944496577)
169	156,0.0256762296704	(169, 0.020480309944496577)
169	73,0.0257798587146	(169, 0.020480309944496577)
169	109,0.027374503039	(169, 0.020480309944496577)
169	144,0.0289705791552	(169, 0.020480309944496577)
169	99,0.0294191912008	(169, 0.020480309944496577)
169	27,0.0303730600633	(169, 0.020480309944496577)
169	41,0.0312471251602	(169, 0.020480309944496577)
169	170,0.0316978228572	(169, 0.020480309944496577)
169	84,0.0318114897032	(169, 0.020480309944496577)
170	170,0.0193518024186	(170, 0.019351802418558335)
170	99,0.0205283748923	(170, 0.019351802418558335)
170	144,0.022461804137	(170, 0.019351802418558335)
170	27,0.024375932583	(170, 0.019351802418558335)
170	19,0.0268775769245	(170, 0.019351802418558335)
170	84,0.0275275509957	(170, 0.019351802418558335)
170	0,0.0304815359606	(170, 0.019351802418558335)
170	73,0.0306891660749	(170, 0.019351802418558335)
170	109,0.0313993118063	(170, 0.019351802418558335)
170	140,0.0333960826259	(170, 0.019351802418558335)
171	27,0.0192885475559	(171, 0.057878850478054175)
171	156,0.0203665775361	(171, 0.057878850478054175)
171	32,0.0223445073271	(171, 0.057878850478054175)
171	164,0.0242349231798	(171, 0.057878850478054175)
171	73,0.0246391161026	(171, 0.057878850478054175)
171	107,0.0248399396636	(171, 0.057878850478054175)
171	144,0.0307334905116	(171, 0.057878850478054175)
171	19,0.0309227025425	(171, 0.057878850478054175)
171	102,0.0330517145074	(171, 0.057878850478054175)
171	51,0.0331645292503	(171, 0.057878850478054175)
172	172,0.00533952513507	(172, 0.0053395251350706434)
172	137,0.0085161337743	(172, 0.0053395251350706434)
172	3,0.00943097777631	(172, 0.0053395251350706434)
172	90,0.0108268648742	(172, 0.0053395251350706434)
172	17,0.011543140376	(172, 0.0053395251350706434)
172	81,0.0123828714756	(172, 0.0053395251350706434)
172	77,0.0127613459377	(172, 0.0053395251350706434)
172	136,0.0135235880897	(172, 0.0053395251350706434)
172	37,0.0141200390475	(172, 0.0053395251350706434)
172	171,0.015445803157	(172, 0.0053395251350706434)
173	107,0.0184534143114	(173, 0.032156994865164594)
173	158,0.019881450139	(173, 0.032156994865164594)
173	27,0.0215879342715	(173, 0.032156994865164594)
173	38,0.0221584813683	(173, 0.032156994865164594)
173	24,0.0225638342226	(173, 0.032156994865164594)
173	128,0.0260303518864	(173, 0.032156994865164594)
173	156,0.0266178693587	(173, 0.032156994865164594)
173	78,0.026784917487	(173, 0.032156994865164594)
173	61,0.0275743837426	(173, 0.032156994865164594)
173	87,0.0307046336278	(173, 0.032156994865164594)
174	174,0.00753632632074	(174, 0.0075363263207398317)
174	15,0.0114981538552	(174, 0.0075363263207398317)
174	56,0.0131491560557	(174, 0.0075363263207398317)
174	17,0.015570402063	(174, 0.0075363263207398317)
174	120,0.0161903580084	(174, 0.0075363263207398317)
174	69,0.0174054421284	(174, 0.0075363263207398317)
174	2,0.0191232032525	(174, 0.0075363263207398317)
174	4,0.0200375411807	(174, 0.0075363263207398317)
174	172,0.0203735182742	(174, 0.0075363263207398317)
174	154,0.0205853224891	(174, 0.0075363263207398317)
