0	0,0.00025131333579	(0, 0.00025131333579009329)
0	99,0.000842944547061	(0, 0.00025131333579009329)
0	38,0.000848599704026	(0, 0.00025131333579009329)
0	170,0.000861242135789	(0, 0.00025131333579009329)
0	84,0.000933149994451	(0, 0.00025131333579009329)
0	109,0.000937666364011	(0, 0.00025131333579009329)
0	55,0.000990251311558	(0, 0.00025131333579009329)
0	78,0.00103768484607	(0, 0.00025131333579009329)
0	144,0.00107437902803	(0, 0.00025131333579009329)
0	128,0.00109649926115	(0, 0.00025131333579009329)
1	1,0.000285185971452	(1, 0.00028518597145238227)
1	103,0.000464042433468	(1, 0.00028518597145238227)
1	102,0.000512457109149	(1, 0.00028518597145238227)
1	91,0.000530239020833	(1, 0.00028518597145238227)
1	155,0.000548657179918	(1, 0.00028518597145238227)
1	41,0.00054961970092	(1, 0.00028518597145238227)
1	28,0.000585938620368	(1, 0.00028518597145238227)
1	114,0.000642816368332	(1, 0.00028518597145238227)
1	153,0.000686112253113	(1, 0.00028518597145238227)
1	53,0.00070158403796	(1, 0.00028518597145238227)
2	154,0.00025386839984	(2, 0.00057107865035878661)
2	4,0.000355732694624	(2, 0.00057107865035878661)
2	69,0.000414233097375	(2, 0.00057107865035878661)
2	174,0.000427772049929	(2, 0.00057107865035878661)
2	40,0.000492801964143	(2, 0.00057107865035878661)
2	172,0.000501742663898	(2, 0.00057107865035878661)
2	2,0.000571078650359	(2, 0.00057107865035878661)
2	17,0.000729321568122	(2, 0.00057107865035878661)
2	15,0.000740277823284	(2, 0.00057107865035878661)
2	116,0.000742880016808	(2, 0.00057107865035878661)
3	63,0.000172099873685	(3, 0.00018725284570933042)
3	3,0.000187252845709	(3, 0.00018725284570933042)
3	121,0.000258549712756	(3, 0.00018725284570933042)
3	132,0.000258933403986	(3, 0.00018725284570933042)
3	147,0.000293645931155	(3, 0.00018725284570933042)
3	11,0.000300922136033	(3, 0.00018725284570933042)
3	162,0.000329724734224	(3, 0.00018725284570933042)
3	76,0.000332078084546	(3, 0.00018725284570933042)
3	81,0.000332962094369	(3, 0.00018725284570933042)
3	151,0.00033714708543	(3, 0.00018725284570933042)
4	172,0.000254061548844	(4, 0.000411201167474277)
4	17,0.000348936535549	(4, 0.000411201167474277)
4	40,0.000382933495288	(4, 0.000411201167474277)
4	37,0.000385734240614	(4, 0.000411201167474277)
4	69,0.000389596462477	(4, 0.000411201167474277)
4	77,0.000395544800903	(4, 0.000411201167474277)
4	13,0.00040325264442	(4, 0.000411201167474277)
4	4,0.000411201167474	(4, 0.000411201167474277)
4	3,0.000431073612659	(4, 0.000411201167474277)
4	15,0.000456280330626	(4, 0.000411201167474277)
5	73,0.000226683663553	(5, 0.0013227508543702442)
5	93,0.000435788759329	(5, 0.0013227508543702442)
5	128,0.000593257315607	(5, 0.0013227508543702442)
5	124,0.000644943484718	(5, 0.0013227508543702442)
5	22,0.000660220307961	(5, 0.0013227508543702442)
5	78,0.000711430367826	(5, 0.0013227508543702442)
5	157,0.000718105303882	(5, 0.0013227508543702442)
5	26,0.000721029742865	(5, 0.0013227508543702442)
5	1,0.000727262981564	(5, 0.0013227508543702442)
5	156,0.000727678300589	(5, 0.0013227508543702442)
6	139,0.000205735420785	(6, 0.00027066203647163151)
6	46,0.000208692465573	(6, 0.00027066203647163151)
6	6,0.000270662036472	(6, 0.00027066203647163151)
6	171,0.000317235114391	(6, 0.00027066203647163151)
6	76,0.000334133379764	(6, 0.00027066203647163151)
6	22,0.000376576292635	(6, 0.00027066203647163151)
6	158,0.000376646153802	(6, 0.00027066203647163151)
6	18,0.000379675554497	(6, 0.00027066203647163151)
6	147,0.00039759891088	(6, 0.00027066203647163151)
6	132,0.000406784289416	(6, 0.00027066203647163151)
7	66,0.00155763965388	(7, 0.0029171351163742145)
7	167,0.0020224209805	(7, 0.0029171351163742145)
7	80,0.00223876772287	(7, 0.0029171351163742145)
7	51,0.00226296324326	(7, 0.0029171351163742145)
7	169,0.00234915779844	(7, 0.0029171351163742145)
7	32,0.00240067892622	(7, 0.0029171351163742145)
7	149,0.00245677333274	(7, 0.0029171351163742145)
7	133,0.00263288455042	(7, 0.0029171351163742145)
7	7,0.00291713511637	(7, 0.0029171351163742145)
7	160,0.00304577753237	(7, 0.0029171351163742145)
8	11,0.000323233099256	(8, 0.00058421342444302379)
8	73,0.000368932220919	(8, 0.00058421342444302379)
8	121,0.000388657287843	(8, 0.00058421342444302379)
8	162,0.000441414696842	(8, 0.00058421342444302379)
8	3,0.000468412882056	(8, 0.00058421342444302379)
8	1,0.000475397526449	(8, 0.00058421342444302379)
8	71,0.000486450517983	(8, 0.00058421342444302379)
8	13,0.000509631417569	(8, 0.00058421342444302379)
8	109,0.000510241316351	(8, 0.00058421342444302379)
8	78,0.000519062112934	(8, 0.00058421342444302379)
9	9,0.000512723211854	(9, 0.00051272321185438633)
9	155,0.000989151507806	(9, 0.00051272321185438633)
9	114,0.00101627746347	(9, 0.00051272321185438633)
9	53,0.00115357182968	(9, 0.00051272321185438633)
9	124,0.00123689084321	(9, 0.00051272321185438633)
9	91,0.00125836498435	(9, 0.00051272321185438633)
9	65,0.00143280001941	(9, 0.00051272321185438633)
9	41,0.00149787631385	(9, 0.00051272321185438633)
9	28,0.001585270893	(9, 0.00051272321185438633)
9	16,0.00181783013429	(9, 0.00051272321185438633)
10	10,0.000665950589921	(10, 0.00066595058992095888)
10	167,0.00129163620086	(10, 0.00066595058992095888)
10	47,0.00134564993281	(10, 0.00066595058992095888)
10	166,0.00148124054702	(10, 0.00066595058992095888)
10	84,0.00155553685264	(10, 0.00066595058992095888)
10	72,0.00157658054005	(10, 0.00066595058992095888)
10	99,0.00169491608402	(10, 0.00066595058992095888)
10	173,0.00178463088451	(10, 0.00066595058992095888)
10	144,0.00181441263611	(10, 0.00066595058992095888)
10	67,0.00181505836094	(10, 0.00066595058992095888)
11	11,0.00023951840725	(11, 0.00023951840724974413)
11	81,0.000293848844593	(11, 0.00023951840724974413)
11	119,0.000416169596598	(11, 0.00023951840724974413)
11	115,0.000422522051123	(11, 0.00023951840724974413)
11	3,0.000429227915467	(11, 0.00023951840724974413)
11	37,0.000472381994975	(11, 0.00023951840724974413)
11	96,0.000487269032672	(11, 0.00023951840724974413)
11	121,0.000538073223936	(11, 0.00023951840724974413)
11	112,0.000538366038925	(11, 0.00023951840724974413)
11	71,0.000548683590457	(11, 0.00023951840724974413)
12	151,0.00023715335575	(12, 0.00027863440718052995)
12	22,0.000240835022859	(12, 0.00027863440718052995)
12	121,0.000251872663099	(12, 0.00027863440718052995)
12	12,0.000278634407181	(12, 0.00027863440718052995)
12	126,0.000288447526166	(12, 0.00027863440718052995)
12	132,0.000308369153771	(12, 0.00027863440718052995)
12	18,0.000312893087462	(12, 0.00027863440718052995)
12	78,0.000317213723376	(12, 0.00027863440718052995)
12	76,0.000332799416536	(12, 0.00027863440718052995)
12	158,0.00036693728231	(12, 0.00027863440718052995)
13	11,0.000242740283515	(13, 0.00043115712580053833)
13	162,0.000276610619061	(13, 0.00043115712580053833)
13	90,0.000281145588293	(13, 0.00043115712580053833)
13	77,0.000293145918542	(13, 0.00043115712580053833)
13	17,0.000298179748318	(13, 0.00043115712580053833)
13	3,0.00030273256712	(13, 0.00043115712580053833)
13	37,0.000304600989415	(13, 0.00043115712580053833)
13	172,0.000313506392143	(13, 0.00043115712580053833)
13	136,0.00033800077099	(13, 0.00043115712580053833)
13	81,0.000340287220035	(13, 0.00043115712580053833)
14	14,0.00037585937686	(14, 0.00037585937686026243)
14	72,0.000433063172829	(14, 0.00037585937686026243)
14	159,0.000495624530582	(14, 0.00037585937686026243)
14	109,0.000572824079237	(14, 0.00037585937686026243)
14	144,0.000605156736277	(14, 0.00037585937686026243)
14	12,0.000630664098698	(14, 0.00037585937686026243)
14	38,0.000636027796613	(14, 0.00037585937686026243)
14	123,0.000648111818787	(14, 0.00037585937686026243)
14	145,0.000657664029076	(14, 0.00037585937686026243)
14	84,0.000660865779243	(14, 0.00037585937686026243)
15	17,0.000254165548781	(15, 0.00029164040933572793)
15	15,0.000291640409336	(15, 0.00029164040933572793)
15	77,0.000338486362837	(15, 0.00029164040933572793)
15	172,0.000343394484426	(15, 0.00029164040933572793)
15	4,0.000400780910051	(15, 0.00029164040933572793)
15	174,0.000404376783315	(15, 0.00029164040933572793)
15	69,0.000438705639455	(15, 0.00029164040933572793)
15	161,0.000451735138713	(15, 0.00029164040933572793)
15	100,0.000455864717225	(15, 0.00029164040933572793)
15	49,0.000467554085532	(15, 0.00029164040933572793)
16	16,0.000589547341763	(16, 0.00058954734176276744)
16	170,0.000592779548244	(16, 0.00058954734176276744)
16	0,0.000644291774494	(16, 0.00058954734176276744)
16	109,0.000744619434077	(16, 0.00058954734176276744)
16	144,0.000795745846806	(16, 0.00058954734176276744)
16	134,0.00080878861463	(16, 0.00058954734176276744)
16	140,0.000811861303499	(16, 0.00058954734176276744)
16	114,0.000848198019142	(16, 0.00058954734176276744)
16	101,0.000852137023356	(16, 0.00058954734176276744)
16	27,0.000897981969989	(16, 0.00058954734176276744)
17	17,0.000141683571752	(17, 0.00014168357175172607)
17	172,0.000264688386864	(17, 0.00014168357175172607)
17	143,0.000328916216981	(17, 0.00014168357175172607)
17	77,0.000336013303809	(17, 0.00014168357175172607)
17	100,0.000360561477442	(17, 0.00014168357175172607)
17	49,0.000386990069923	(17, 0.00014168357175172607)
17	37,0.000419208566478	(17, 0.00014168357175172607)
17	136,0.000428514329116	(17, 0.00014168357175172607)
17	174,0.000441006904526	(17, 0.00014168357175172607)
17	148,0.000447860730122	(17, 0.00014168357175172607)
18	18,0.000175903993908	(18, 0.00017590399390761017)
18	121,0.000207519064049	(18, 0.00017590399390761017)
18	22,0.000255820556268	(18, 0.00017590399390761017)
18	151,0.000279946887426	(18, 0.00017590399390761017)
18	88,0.000286277502502	(18, 0.00017590399390761017)
18	61,0.000291687806196	(18, 0.00017590399390761017)
18	132,0.000305867594942	(18, 0.00017590399390761017)
18	76,0.000307328948253	(18, 0.00017590399390761017)
18	139,0.000311930215147	(18, 0.00017590399390761017)
18	78,0.000323328277256	(18, 0.00017590399390761017)
19	27,0.000648518765304	(19, 0.00079788302419786245)
19	32,0.00074724324134	(19, 0.00079788302419786245)
19	43,0.000770943568209	(19, 0.00079788302419786245)
19	19,0.000797883024198	(19, 0.00079788302419786245)
19	99,0.000898831453216	(19, 0.00079788302419786245)
19	164,0.00104267438407	(19, 0.00079788302419786245)
19	107,0.00107222243197	(19, 0.00079788302419786245)
19	39,0.00110620742749	(19, 0.00079788302419786245)
19	84,0.00112386507974	(19, 0.00079788302419786245)
19	101,0.00114041559454	(19, 0.00079788302419786245)
20	73,0.000449689056907	(20, 0.00063063906320543145)
20	124,0.000535843249195	(20, 0.00063063906320543145)
20	1,0.000564643362332	(20, 0.00063063906320543145)
20	93,0.000612454775741	(20, 0.00063063906320543145)
20	20,0.000630639063205	(20, 0.00063063906320543145)
20	101,0.000663911493644	(20, 0.00063063906320543145)
20	128,0.000686668880717	(20, 0.00063063906320543145)
20	89,0.000694502571336	(20, 0.00063063906320543145)
20	41,0.000705737070556	(20, 0.00063063906320543145)
20	26,0.000708656214593	(20, 0.00063063906320543145)
21	71,0.000260882664023	(21, 0.00041358924048445739)
21	162,0.000269270078502	(21, 0.00041358924048445739)
21	11,0.000280940192595	(21, 0.00041358924048445739)
21	121,0.000284425828819	(21, 0.00041358924048445739)
21	117,0.00031751062199	(21, 0.00041358924048445739)
21	23,0.000326518754078	(21, 0.00041358924048445739)
21	63,0.000377326569663	(21, 0.00041358924048445739)
21	76,0.000395256706114	(21, 0.00041358924048445739)
21	61,0.000402628894997	(21, 0.00041358924048445739)
21	1,0.000403199081048	(21, 0.00041358924048445739)
22	139,0.000236687441516	(22, 0.00028434325930216307)
22	117,0.000239677085193	(22, 0.00028434325930216307)
22	46,0.000250336645308	(22, 0.00028434325930216307)
22	18,0.000256390058058	(22, 0.00028434325930216307)
22	150,0.000282303168927	(22, 0.00028434325930216307)
22	22,0.000284343259302	(22, 0.00028434325930216307)
22	76,0.000286653814686	(22, 0.00028434325930216307)
22	132,0.000292358266851	(22, 0.00028434325930216307)
22	63,0.000300059885078	(22, 0.00028434325930216307)
22	147,0.000329440253869	(22, 0.00028434325930216307)
23	23,0.000190539661265	(23, 0.00019053966126508684)
23	61,0.000255572235393	(23, 0.00019053966126508684)
23	162,0.000384242555785	(23, 0.00019053966126508684)
23	63,0.000389888350204	(23, 0.00019053966126508684)
23	121,0.000408798324043	(23, 0.00019053966126508684)
23	147,0.000419029583703	(23, 0.00019053966126508684)
23	76,0.000438757204487	(23, 0.00019053966126508684)
23	135,0.000443859664197	(23, 0.00019053966126508684)
23	71,0.000449207960823	(23, 0.00019053966126508684)
23	26,0.000458139778342	(23, 0.00019053966126508684)
24	24,0.000206168971547	(24, 0.00020616897154723541)
24	107,0.000516204847612	(24, 0.00020616897154723541)
24	27,0.000532342628599	(24, 0.00020616897154723541)
24	50,0.000537931301094	(24, 0.00020616897154723541)
24	12,0.000547644375147	(24, 0.00020616897154723541)
24	61,0.000573022603345	(24, 0.00020616897154723541)
24	158,0.000588901578971	(24, 0.00020616897154723541)
24	22,0.000627432990795	(24, 0.00020616897154723541)
24	128,0.00063442633887	(24, 0.00020616897154723541)
24	135,0.000664477574277	(24, 0.00020616897154723541)
25	69,0.000232223672385	(25, 0.0003305251827516424)
25	25,0.000330525182752	(25, 0.0003305251827516424)
25	15,0.000335021061643	(25, 0.0003305251827516424)
25	148,0.000352869060251	(25, 0.0003305251827516424)
25	40,0.000373039843454	(25, 0.0003305251827516424)
25	4,0.000398594358725	(25, 0.0003305251827516424)
25	79,0.000550182188596	(25, 0.0003305251827516424)
25	172,0.000593419673073	(25, 0.0003305251827516424)
25	34,0.000596635275516	(25, 0.0003305251827516424)
25	154,0.000597623572948	(25, 0.0003305251827516424)
26	63,0.000180967279381	(26, 0.00053335270893235234)
26	147,0.00023168983905	(26, 0.00053335270893235234)
26	11,0.000240435543709	(26, 0.00053335270893235234)
26	121,0.000248519278939	(26, 0.00053335270893235234)
26	18,0.000259307397571	(26, 0.00053335270893235234)
26	162,0.000259442419108	(26, 0.00053335270893235234)
26	3,0.000260737869019	(26, 0.00053335270893235234)
26	76,0.000264107863165	(26, 0.00053335270893235234)
26	132,0.000292573681678	(26, 0.00053335270893235234)
26	117,0.00029488330306	(26, 0.00053335270893235234)
27	78,0.000492987933077	(27, 0.00050290895769853445)
27	27,0.000502908957699	(27, 0.00050290895769853445)
27	101,0.00054060649121	(27, 0.00050290895769853445)
27	61,0.000555742439245	(27, 0.00050290895769853445)
27	73,0.000568924405083	(27, 0.00050290895769853445)
27	170,0.000570808804305	(27, 0.00050290895769853445)
27	114,0.000579961884513	(27, 0.00050290895769853445)
27	26,0.000580186309868	(27, 0.00050290895769853445)
27	128,0.000617959246011	(27, 0.00050290895769853445)
27	41,0.000643949236381	(27, 0.00050290895769853445)
28	1,0.000384482355047	(28, 0.00055605976109894528)
28	13,0.000445711569797	(28, 0.00055605976109894528)
28	73,0.000473853158225	(28, 0.00055605976109894528)
28	28,0.000556059761099	(28, 0.00055605976109894528)
28	124,0.000565268645446	(28, 0.00055605976109894528)
28	114,0.000571584797774	(28, 0.00055605976109894528)
28	157,0.000580514700834	(28, 0.00055605976109894528)
28	3,0.000582618928083	(28, 0.00055605976109894528)
28	41,0.000592249939489	(28, 0.00055605976109894528)
28	101,0.000596258179359	(28, 0.00055605976109894528)
29	29,0.000276365956	(29, 0.00027636595599986015)
29	77,0.000355484267449	(29, 0.00027636595599986015)
29	135,0.000364133767367	(29, 0.00027636595599986015)
29	71,0.000375301537171	(29, 0.00027636595599986015)
29	73,0.000419893763318	(29, 0.00027636595599986015)
29	22,0.000490208461007	(29, 0.00027636595599986015)
29	11,0.000497337184253	(29, 0.00027636595599986015)
29	13,0.000500674439228	(29, 0.00027636595599986015)
29	12,0.000500750164105	(29, 0.00027636595599986015)
29	76,0.000506734827474	(29, 0.00027636595599986015)
30	103,0.000679797096111	(30, 0.00072163121509775528)
30	30,0.000721631215098	(30, 0.00072163121509775528)
30	91,0.000866987204139	(30, 0.00072163121509775528)
30	51,0.000895080439438	(30, 0.00072163121509775528)
30	28,0.000928309998862	(30, 0.00072163121509775528)
30	53,0.000935607822637	(30, 0.00072163121509775528)
30	1,0.000973295087097	(30, 0.00072163121509775528)
30	73,0.000979232219366	(30, 0.00072163121509775528)
30	114,0.00101848557727	(30, 0.00072163121509775528)
30	153,0.00103645956435	(30, 0.00072163121509775528)
31	166,0.000464237000531	(31, 0.00092174739635564882)
31	72,0.000741870755739	(31, 0.00092174739635564882)
31	116,0.000821769124141	(31, 0.00092174739635564882)
31	144,0.000839033910851	(31, 0.00092174739635564882)
31	31,0.000921747396356	(31, 0.00092174739635564882)
31	131,0.000952780017482	(31, 0.00092174739635564882)
31	124,0.00101142410862	(31, 0.00092174739635564882)
31	104,0.00101515593827	(31, 0.00092174739635564882)
31	67,0.00110712221192	(31, 0.00092174739635564882)
31	84,0.00113157749243	(31, 0.00092174739635564882)
32	156,0.000511795472629	(32, 0.0007201799988306698)
32	73,0.000648691408432	(32, 0.0007201799988306698)
32	27,0.000689399095494	(32, 0.0007201799988306698)
32	50,0.000701748572175	(32, 0.0007201799988306698)
32	32,0.000720179998831	(32, 0.0007201799988306698)
32	107,0.000746412762385	(32, 0.0007201799988306698)
32	144,0.000835765852281	(32, 0.0007201799988306698)
32	13,0.000864256140037	(32, 0.0007201799988306698)
32	164,0.000869192620678	(32, 0.0007201799988306698)
32	12,0.000874019801797	(32, 0.0007201799988306698)
33	33,0.000604582584377	(33, 0.00060458258437723345)
33	73,0.000622870983775	(33, 0.00060458258437723345)
33	69,0.000636227004439	(33, 0.00060458258437723345)
33	4,0.000674985231141	(33, 0.00060458258437723345)
33	93,0.000744305275807	(33, 0.00060458258437723345)
33	116,0.0007497441222	(33, 0.00060458258437723345)
33	28,0.000800374257058	(33, 0.00060458258437723345)
33	40,0.000803885182675	(33, 0.00060458258437723345)
33	156,0.000837365647918	(33, 0.00060458258437723345)
33	124,0.000898251465433	(33, 0.00060458258437723345)
34	17,0.000298206797067	(34, 0.00073217119202155631)
34	15,0.000356697249299	(34, 0.00073217119202155631)
34	172,0.000406416851426	(34, 0.00073217119202155631)
34	120,0.000413762019404	(34, 0.00073217119202155631)
34	161,0.00042568178425	(34, 0.00073217119202155631)
34	100,0.000455381162492	(34, 0.00073217119202155631)
34	69,0.000468020306911	(34, 0.00073217119202155631)
34	3,0.000470717459708	(34, 0.00073217119202155631)
34	83,0.000482653244307	(34, 0.00073217119202155631)
34	77,0.000499006898475	(34, 0.00073217119202155631)
35	35,0.000306529208304	(35, 0.00030652920830404306)
35	107,0.000384164234628	(35, 0.00030652920830404306)
35	12,0.00038593359785	(35, 0.00030652920830404306)
35	18,0.000387567443904	(35, 0.00030652920830404306)
35	38,0.000395023893301	(35, 0.00030652920830404306)
35	88,0.00041767557264	(35, 0.00030652920830404306)
35	158,0.000422233133506	(35, 0.00030652920830404306)
35	50,0.000437473628448	(35, 0.00030652920830404306)
35	128,0.000444421229255	(35, 0.00030652920830404306)
35	22,0.000460959997522	(35, 0.00030652920830404306)
36	147,0.000143522452185	(36, 0.00018534152426060449)
36	46,0.00015915352669	(36, 0.00018534152426060449)
36	76,0.000165770536188	(36, 0.00018534152426060449)
36	36,0.000185341524261	(36, 0.00018534152426060449)
36	171,0.000203316770258	(36, 0.00018534152426060449)
36	18,0.000215963997898	(36, 0.00018534152426060449)
36	63,0.000224276644274	(36, 0.00018534152426060449)
36	137,0.000290616674841	(36, 0.00018534152426060449)
36	150,0.00032666898225	(36, 0.00018534152426060449)
36	22,0.000351016618788	(36, 0.00018534152426060449)
37	11,0.00026014211134	(37, 0.00026310409514944025)
37	37,0.000263104095149	(37, 0.00026310409514944025)
37	3,0.000294808904098	(37, 0.00026310409514944025)
37	77,0.000352707449609	(37, 0.00026310409514944025)
37	100,0.000360083303996	(37, 0.00026310409514944025)
37	21,0.000420241099246	(37, 0.00026310409514944025)
37	143,0.000427944575529	(37, 0.00026310409514944025)
37	17,0.000428821365409	(37, 0.00026310409514944025)
37	90,0.000445196724474	(37, 0.00026310409514944025)
37	136,0.000469426586439	(37, 0.00026310409514944025)
38	38,0.000219777879469	(38, 0.00021977787946913607)
38	55,0.000358142283674	(38, 0.00021977787946913607)
38	12,0.000437922871576	(38, 0.00021977787946913607)
38	43,0.00056070091457	(38, 0.00021977787946913607)
38	14,0.000578168767325	(38, 0.00021977787946913607)
38	0,0.000625420969064	(38, 0.00021977787946913607)
38	50,0.00065394836626	(38, 0.00021977787946913607)
38	128,0.000679639636402	(38, 0.00021977787946913607)
38	152,0.000703555641245	(38, 0.00021977787946913607)
38	159,0.000722350460557	(38, 0.00021977787946913607)
39	84,0.000633507073081	(39, 0.00075135523722013849)
39	156,0.000751281324476	(39, 0.00075135523722013849)
39	39,0.00075135523722	(39, 0.00075135523722013849)
39	144,0.000834605902513	(39, 0.00075135523722013849)
39	109,0.000890651914258	(39, 0.00075135523722013849)
39	67,0.000898742272077	(39, 0.00075135523722013849)
39	93,0.000904123270132	(39, 0.00075135523722013849)
39	169,0.000948369372378	(39, 0.00075135523722013849)
39	131,0.000950903325302	(39, 0.00075135523722013849)
39	73,0.000962592982102	(39, 0.00075135523722013849)
40	40,0.000257659221595	(40, 0.0002576592215951728)
40	69,0.000314290393849	(40, 0.0002576592215951728)
40	172,0.000337831574626	(40, 0.0002576592215951728)
40	4,0.00034779525651	(40, 0.0002576592215951728)
40	79,0.000349417531475	(40, 0.0002576592215951728)
40	15,0.000370384735395	(40, 0.0002576592215951728)
40	17,0.000394722813745	(40, 0.0002576592215951728)
40	77,0.000407625553712	(40, 0.0002576592215951728)
40	25,0.00044753333195	(40, 0.0002576592215951728)
40	100,0.000456784667775	(40, 0.0002576592215951728)
41	41,0.000264545220812	(41, 0.00026454522081245701)
41	155,0.00059456546273	(41, 0.00026454522081245701)
41	1,0.000622010473129	(41, 0.00026454522081245701)
41	20,0.000669158966283	(41, 0.00026454522081245701)
41	103,0.000895040913889	(41, 0.00026454522081245701)
41	114,0.000908318395027	(41, 0.00026454522081245701)
41	91,0.000924951897585	(41, 0.00026454522081245701)
41	29,0.000928493641543	(41, 0.00026454522081245701)
41	101,0.000929566791116	(41, 0.00026454522081245701)
41	102,0.000944668250124	(41, 0.00026454522081245701)
42	69,0.00067651759173	(42, 0.0017219871976389737)
42	28,0.000817597191418	(42, 0.0017219871976389737)
42	163,0.000879069174715	(42, 0.0017219871976389737)
42	34,0.00088198921446	(42, 0.0017219871976389737)
42	140,0.000889083602324	(42, 0.0017219871976389737)
42	53,0.000925511429181	(42, 0.0017219871976389737)
42	33,0.00102876451599	(42, 0.0017219871976389737)
42	91,0.00106772373457	(42, 0.0017219871976389737)
42	4,0.00112085574159	(42, 0.0017219871976389737)
42	30,0.00112828729059	(42, 0.0017219871976389737)
43	12,0.000306043721104	(43, 0.00054420113447739278)
43	61,0.000326935035939	(43, 0.00054420113447739278)
43	22,0.000332272806945	(43, 0.00054420113447739278)
43	55,0.00033828499173	(43, 0.00054420113447739278)
43	128,0.000344096023195	(43, 0.00054420113447739278)
43	78,0.000354420807503	(43, 0.00054420113447739278)
43	158,0.00036021037684	(43, 0.00054420113447739278)
43	107,0.000362262582164	(43, 0.00054420113447739278)
43	50,0.000370439833244	(43, 0.00054420113447739278)
43	121,0.000391856904077	(43, 0.00054420113447739278)
44	73,0.000432864525384	(44, 0.0015710309279102423)
44	116,0.000437145560027	(44, 0.0015710309279102423)
44	124,0.00043750371173	(44, 0.0015710309279102423)
44	109,0.000438962193005	(44, 0.0015710309279102423)
44	93,0.000507861848524	(44, 0.0015710309279102423)
44	144,0.000532697004908	(44, 0.0015710309279102423)
44	123,0.00063708906372	(44, 0.0015710309279102423)
44	84,0.000643058156093	(44, 0.0015710309279102423)
44	159,0.000691196839334	(44, 0.0015710309279102423)
44	12,0.000713172175977	(44, 0.0015710309279102423)
45	45,0.000713743869402	(45, 0.00071374386940196305)
45	130,0.000808910922655	(45, 0.00071374386940196305)
45	91,0.00107698820867	(45, 0.00071374386940196305)
45	53,0.00109677205556	(45, 0.00071374386940196305)
45	94,0.00110759679646	(45, 0.00071374386940196305)
45	98,0.00115694090712	(45, 0.00071374386940196305)
45	15,0.00117670231909	(45, 0.00071374386940196305)
45	83,0.00119573108909	(45, 0.00071374386940196305)
45	133,0.00123355116813	(45, 0.00071374386940196305)
45	129,0.00123640422094	(45, 0.00071374386940196305)
46	46,0.000126111848192	(46, 0.00012611184819162348)
46	171,0.000177419076892	(46, 0.00012611184819162348)
46	36,0.000182825994549	(46, 0.00012611184819162348)
46	137,0.000208381321423	(46, 0.00012611184819162348)
46	147,0.000240216927819	(46, 0.00012611184819162348)
46	76,0.000247874728896	(46, 0.00012611184819162348)
46	63,0.000280948620184	(46, 0.00012611184819162348)
46	18,0.000319394395426	(46, 0.00012611184819162348)
46	6,0.000328816325828	(46, 0.00012611184819162348)
46	139,0.000351729558526	(46, 0.00012611184819162348)
47	27,0.00079692253735	(47, 0.0011369190331016218)
47	99,0.00090543895421	(47, 0.0011369190331016218)
47	10,0.0010042439946	(47, 0.0011369190331016218)
47	43,0.00101964165422	(47, 0.0011369190331016218)
47	167,0.00108747060613	(47, 0.0011369190331016218)
47	19,0.00111486451687	(47, 0.0011369190331016218)
47	47,0.0011369190331	(47, 0.0011369190331016218)
47	173,0.00124253623711	(47, 0.0011369190331016218)
47	84,0.00124732545214	(47, 0.0011369190331016218)
47	0,0.00129694736932	(47, 0.0011369190331016218)
48	56,0.000423618414656	(48, 0.00045752499393910464)
48	69,0.000449438050409	(48, 0.00045752499393910464)
48	120,0.000452670113724	(48, 0.00045752499393910464)
48	48,0.000457524993939	(48, 0.00045752499393910464)
48	97,0.000512498974779	(48, 0.00045752499393910464)
48	154,0.000576060915802	(48, 0.00045752499393910464)
48	40,0.000607168127373	(48, 0.00045752499393910464)
48	174,0.000610476797416	(48, 0.00045752499393910464)
48	4,0.000610763611116	(48, 0.00045752499393910464)
48	15,0.000667100079589	(48, 0.00045752499393910464)
49	49,0.000325827875111	(49, 0.00032582787511053053)
49	15,0.000393276608523	(49, 0.00032582787511053053)
49	59,0.000406546296449	(49, 0.00032582787511053053)
49	77,0.000470120343165	(49, 0.00032582787511053053)
49	100,0.000501912202991	(49, 0.00032582787511053053)
49	98,0.000518699176814	(49, 0.00032582787511053053)
49	17,0.000523099644789	(49, 0.00032582787511053053)
49	172,0.000535185248855	(49, 0.00032582787511053053)
49	174,0.000551665543672	(49, 0.00032582787511053053)
49	83,0.000638543393677	(49, 0.00032582787511053053)
50	50,0.000199197547254	(50, 0.00019919754725446882)
50	12,0.000411322073387	(50, 0.00019919754725446882)
50	107,0.000487931530484	(50, 0.00019919754725446882)
50	128,0.000527755087232	(50, 0.00019919754725446882)
50	159,0.000544557404799	(50, 0.00019919754725446882)
50	22,0.00058785086635	(50, 0.00019919754725446882)
50	38,0.000592761632265	(50, 0.00019919754725446882)
50	158,0.000602735127195	(50, 0.00019919754725446882)
50	171,0.000609104164686	(50, 0.00019919754725446882)
50	152,0.000617045115262	(50, 0.00019919754725446882)
51	124,0.000420858447814	(51, 0.0014221780761842278)
51	73,0.000473643738187	(51, 0.0014221780761842278)
51	93,0.000506890921854	(51, 0.0014221780761842278)
51	28,0.000584349412456	(51, 0.0014221780761842278)
51	155,0.000625112671995	(51, 0.0014221780761842278)
51	53,0.000634243931528	(51, 0.0014221780761842278)
51	157,0.000634346518785	(51, 0.0014221780761842278)
51	1,0.000684875677965	(51, 0.0014221780761842278)
51	116,0.000685742372681	(51, 0.0014221780761842278)
51	13,0.000697356173044	(51, 0.0014221780761842278)
52	53,0.000565596607722	(52, 0.0016197717137472823)
52	124,0.000724229235127	(52, 0.0016197717137472823)
52	44,0.000768293014638	(52, 0.0016197717137472823)
52	13,0.000810121006966	(52, 0.0016197717137472823)
52	155,0.000817439108239	(52, 0.0016197717137472823)
52	163,0.00086477597936	(52, 0.0016197717137472823)
52	4,0.000882998972857	(52, 0.0016197717137472823)
52	97,0.00088777214676	(52, 0.0016197717137472823)
52	120,0.000935523101006	(52, 0.0016197717137472823)
52	65,0.000938044021747	(52, 0.0016197717137472823)
53	65,0.000280521842718	(53, 0.00033329598036875861)
53	53,0.000333295980369	(53, 0.00033329598036875861)
53	155,0.000473740408951	(53, 0.00033329598036875861)
53	44,0.000503365972478	(53, 0.00033329598036875861)
53	120,0.000562396408509	(53, 0.00033329598036875861)
53	114,0.000583219278573	(53, 0.00033329598036875861)
53	161,0.000587666338843	(53, 0.00033329598036875861)
53	124,0.000611110481113	(53, 0.00033329598036875861)
53	13,0.00064075372594	(53, 0.00033329598036875861)
53	163,0.000646309073028	(53, 0.00033329598036875861)
54	136,0.000318251593238	(54, 0.0005472941011214448)
54	11,0.000321039137372	(54, 0.0005472941011214448)
54	162,0.000337538127577	(54, 0.0005472941011214448)
54	71,0.000393535701328	(54, 0.0005472941011214448)
54	147,0.000421506232956	(54, 0.0005472941011214448)
54	63,0.000423639006268	(54, 0.0005472941011214448)
54	90,0.000452413745375	(54, 0.0005472941011214448)
54	37,0.000472123214221	(54, 0.0005472941011214448)
54	137,0.000472898407566	(54, 0.0005472941011214448)
54	3,0.000481752330074	(54, 0.0005472941011214448)
55	12,0.000257156421569	(55, 0.00039890048248318892)
55	159,0.000357061289722	(55, 0.00039890048248318892)
55	38,0.000362953059401	(55, 0.00039890048248318892)
55	121,0.000371856695027	(55, 0.00039890048248318892)
55	152,0.000391090022949	(55, 0.00039890048248318892)
55	55,0.000398900482483	(55, 0.00039890048248318892)
55	134,0.00042848513636	(55, 0.00039890048248318892)
55	18,0.000431852826951	(55, 0.00039890048248318892)
55	128,0.000446218836053	(55, 0.00039890048248318892)
55	86,0.000460844730229	(55, 0.00039890048248318892)
56	56,0.000279091858095	(56, 0.00027909185809538194)
56	120,0.000392826072722	(56, 0.00027909185809538194)
56	15,0.000420039520359	(56, 0.00027909185809538194)
56	113,0.000530457413544	(56, 0.00027909185809538194)
56	69,0.000582573093695	(56, 0.00027909185809538194)
56	174,0.000623374761196	(56, 0.00027909185809538194)
56	97,0.000638954982388	(56, 0.00027909185809538194)
56	44,0.000694126468327	(56, 0.00027909185809538194)
56	4,0.000723260644368	(56, 0.00027909185809538194)
56	48,0.000723394042029	(56, 0.00027909185809538194)
57	15,0.000736092585769	(57, 0.00085132610295827701)
57	56,0.000826281806788	(57, 0.00085132610295827701)
57	57,0.000851326102958	(57, 0.00085132610295827701)
57	174,0.000913140747748	(57, 0.00085132610295827701)
57	113,0.000946065013617	(57, 0.00085132610295827701)
57	122,0.000985107778003	(57, 0.00085132610295827701)
57	120,0.00110836664846	(57, 0.00085132610295827701)
57	2,0.00123610226016	(57, 0.00085132610295827701)
57	154,0.00129912944098	(57, 0.00085132610295827701)
57	17,0.00138266519167	(57, 0.00085132610295827701)
58	24,0.000325220155407	(58, 0.001708561578241402)
58	107,0.000405327280531	(58, 0.001708561578241402)
58	27,0.000430817809015	(58, 0.001708561578241402)
58	50,0.000508942513748	(58, 0.001708561578241402)
58	43,0.000625970179185	(58, 0.001708561578241402)
58	61,0.000636448836518	(58, 0.001708561578241402)
58	158,0.000661513832958	(58, 0.001708561578241402)
58	38,0.000696558150558	(58, 0.001708561578241402)
58	12,0.000702070259186	(58, 0.001708561578241402)
58	128,0.000730328141305	(58, 0.001708561578241402)
59	65,0.000883899608491	(59, 0.0010274739934577558)
59	113,0.000888578195852	(59, 0.0010274739934577558)
59	15,0.000912353375848	(59, 0.0010274739934577558)
59	83,0.000970531699561	(59, 0.0010274739934577558)
59	130,0.00100169942972	(59, 0.0010274739934577558)
59	94,0.0010239123496	(59, 0.0010274739934577558)
59	59,0.00102747399346	(59, 0.0010274739934577558)
59	161,0.00117448261594	(59, 0.0010274739934577558)
59	44,0.00117483276077	(59, 0.0010274739934577558)
59	120,0.0011886628707	(59, 0.0010274739934577558)
60	69,0.000320138519988	(60, 0.00040075479722037296)
60	40,0.000388766960796	(60, 0.00040075479722037296)
60	79,0.000393607542761	(60, 0.00040075479722037296)
60	60,0.00040075479722	(60, 0.00040075479722037296)
60	4,0.000417484630239	(60, 0.00040075479722037296)
60	15,0.000418564705588	(60, 0.00040075479722037296)
60	25,0.000481316792352	(60, 0.00040075479722037296)
60	34,0.000509665823363	(60, 0.00040075479722037296)
60	172,0.000510992230879	(60, 0.00040075479722037296)
60	77,0.000545174926781	(60, 0.00040075479722037296)
61	162,0.00029397015434	(61, 0.0003168324644008624)
61	71,0.000308280897121	(61, 0.0003168324644008624)
61	23,0.000310394043084	(61, 0.0003168324644008624)
61	61,0.000316832464401	(61, 0.0003168324644008624)
61	77,0.00032585303352	(61, 0.0003168324644008624)
61	63,0.00035000858985	(61, 0.0003168324644008624)
61	121,0.000373425014509	(61, 0.0003168324644008624)
61	3,0.000381250534617	(61, 0.0003168324644008624)
61	147,0.000393076209181	(61, 0.0003168324644008624)
61	135,0.000397223845124	(61, 0.0003168324644008624)
62	78,0.000319154528238	(62, 0.00053322516047312244)
62	26,0.000386285181683	(62, 0.00053322516047312244)
62	107,0.000468196506724	(62, 0.00053322516047312244)
62	158,0.000478045846433	(62, 0.00053322516047312244)
62	73,0.000493852844388	(62, 0.00053322516047312244)
62	128,0.00050666854459	(62, 0.00053322516047312244)
62	61,0.000513779394681	(62, 0.00053322516047312244)
62	22,0.000526718441096	(62, 0.00053322516047312244)
62	62,0.000533225160473	(62, 0.00053322516047312244)
62	121,0.00056903678771	(62, 0.00053322516047312244)
63	3,0.000167224741645	(63, 0.00028007280650891323)
63	11,0.000209124509721	(63, 0.00028007280650891323)
63	77,0.000244036937107	(63, 0.00028007280650891323)
63	162,0.000258528818636	(63, 0.00028007280650891323)
63	63,0.000280072806509	(63, 0.00028007280650891323)
63	81,0.000307435891533	(63, 0.00028007280650891323)
63	71,0.000308054545658	(63, 0.00028007280650891323)
63	37,0.000309029372887	(63, 0.00028007280650891323)
63	136,0.000321541201733	(63, 0.00028007280650891323)
63	147,0.000348276105192	(63, 0.00028007280650891323)
64	64,0.00111559322601	(64, 0.0011155932260146261)
64	45,0.00171901417298	(64, 0.0011155932260146261)
64	118,0.00176751406512	(64, 0.0011155932260146261)
64	130,0.00189119416452	(64, 0.0011155932260146261)
64	133,0.00210998182457	(64, 0.0011155932260146261)
64	33,0.00234078174593	(64, 0.0011155932260146261)
64	34,0.00249121101044	(64, 0.0011155932260146261)
64	113,0.00265429633176	(64, 0.0011155932260146261)
64	94,0.00276873401494	(64, 0.0011155932260146261)
64	141,0.00282152728212	(64, 0.0011155932260146261)
65	65,0.000259638740111	(65, 0.00025963874011148877)
65	161,0.000307435043256	(65, 0.00025963874011148877)
65	83,0.000465913828804	(65, 0.00025963874011148877)
65	68,0.00047773079061	(65, 0.00025963874011148877)
65	59,0.000528509566391	(65, 0.00025963874011148877)
65	1,0.000555676452155	(65, 0.00025963874011148877)
65	155,0.000557373048514	(65, 0.00025963874011148877)
65	100,0.000562422511529	(65, 0.00025963874011148877)
65	17,0.000572832332924	(65, 0.00025963874011148877)
65	77,0.000584430064852	(65, 0.00025963874011148877)
66	66,0.00119323681316	(66, 0.0011932368131588626)
66	130,0.00196172650922	(66, 0.0011932368131588626)
66	133,0.00229264765857	(66, 0.0011932368131588626)
66	118,0.00259097589347	(66, 0.0011932368131588626)
66	140,0.00260242600687	(66, 0.0011932368131588626)
66	91,0.00261634841472	(66, 0.0011932368131588626)
66	33,0.00278838218348	(66, 0.0011932368131588626)
66	141,0.00284608685619	(66, 0.0011932368131588626)
66	113,0.00310422938511	(66, 0.0011932368131588626)
66	53,0.00319366518672	(66, 0.0011932368131588626)
67	84,0.000776638966448	(67, 0.00078276642578988908)
67	93,0.000779189485074	(67, 0.00078276642578988908)
67	67,0.00078276642579	(67, 0.00078276642578988908)
67	169,0.000897104367126	(67, 0.00078276642578988908)
67	140,0.000906153176671	(67, 0.00078276642578988908)
67	30,0.000910048198647	(67, 0.00078276642578988908)
67	28,0.000947005358215	(67, 0.00078276642578988908)
67	109,0.00100346028123	(67, 0.00078276642578988908)
67	101,0.00102390690635	(67, 0.00078276642578988908)
67	124,0.00105322433669	(67, 0.00078276642578988908)
68	63,0.000389717150994	(68, 0.0004177826874752009)
68	147,0.000409657052623	(68, 0.0004177826874752009)
68	68,0.000417782687475	(68, 0.0004177826874752009)
68	162,0.00042764142486	(68, 0.0004177826874752009)
68	70,0.000448208848934	(68, 0.0004177826874752009)
68	23,0.00044833577204	(68, 0.0004177826874752009)
68	61,0.000449189617259	(68, 0.0004177826874752009)
68	77,0.000450038665871	(68, 0.0004177826874752009)
68	135,0.000458651188449	(68, 0.0004177826874752009)
68	71,0.000489396125859	(68, 0.0004177826874752009)
69	69,0.000958592475516	(69, 0.00095859247551635803)
69	15,0.00101739723676	(69, 0.00095859247551635803)
69	33,0.00109686221647	(69, 0.00095859247551635803)
69	48,0.00112031740664	(69, 0.00095859247551635803)
69	56,0.00118411226731	(69, 0.00095859247551635803)
69	174,0.00120216185621	(69, 0.00095859247551635803)
69	122,0.00120866720383	(69, 0.00095859247551635803)
69	154,0.00121979963783	(69, 0.00095859247551635803)
69	4,0.00135966713972	(69, 0.00095859247551635803)
69	25,0.0013635065417	(69, 0.00095859247551635803)
70	121,0.000229870683513	(70, 0.00041647062593734569)
70	3,0.000342610998843	(70, 0.00041647062593734569)
70	132,0.000357154056662	(70, 0.00041647062593734569)
70	22,0.000359947291244	(70, 0.00041647062593734569)
70	139,0.000391675374218	(70, 0.00041647062593734569)
70	63,0.000394500224953	(70, 0.00041647062593734569)
70	88,0.000411716885939	(70, 0.00041647062593734569)
70	70,0.000416470625937	(70, 0.00041647062593734569)
70	26,0.000417942303694	(70, 0.00041647062593734569)
70	18,0.000421439299163	(70, 0.00041647062593734569)
71	133,0.000672549116927	(71, 0.0019905281964025176)
71	91,0.000675600456021	(71, 0.0019905281964025176)
71	101,0.000991465493603	(71, 0.0019905281964025176)
71	41,0.00104557566068	(71, 0.0019905281964025176)
71	32,0.00115688310812	(71, 0.0019905281964025176)
71	102,0.00118750040044	(71, 0.0019905281964025176)
71	103,0.00121503618625	(71, 0.0019905281964025176)
71	51,0.00126611572754	(71, 0.0019905281964025176)
71	114,0.0012960419063	(71, 0.0019905281964025176)
71	155,0.00129854757372	(71, 0.0019905281964025176)
72	17,0.00036637602655	(72, 0.0029353789599552826)
72	172,0.000436249368732	(72, 0.0029353789599552826)
72	143,0.000440741636319	(72, 0.0029353789599552826)
72	148,0.000443924957686	(72, 0.0029353789599552826)
72	174,0.000508913403188	(72, 0.0029353789599552826)
72	100,0.000572492642078	(72, 0.0029353789599552826)
72	77,0.00060239223185	(72, 0.0029353789599552826)
72	49,0.000606841035482	(72, 0.0029353789599552826)
72	37,0.000620928264261	(72, 0.0029353789599552826)
72	4,0.000642570906101	(72, 0.0029353789599552826)
73	73,0.000331392755268	(73, 0.00033139275526774203)
73	13,0.00042503906278	(73, 0.00033139275526774203)
73	124,0.000562107894722	(73, 0.00033139275526774203)
73	157,0.000593189716948	(73, 0.00033139275526774203)
73	41,0.000724130536286	(73, 0.00033139275526774203)
73	27,0.000725736304704	(73, 0.00033139275526774203)
73	114,0.000737475050235	(73, 0.00033139275526774203)
73	156,0.000741732413247	(73, 0.00033139275526774203)
73	53,0.000750388360271	(73, 0.00033139275526774203)
73	155,0.000768087846022	(73, 0.00033139275526774203)
74	17,0.000156759899814	(74, 0.00025528206359674274)
74	100,0.00022170158419	(74, 0.00025528206359674274)
74	77,0.000245055969499	(74, 0.00025528206359674274)
74	136,0.000248970732931	(74, 0.00025528206359674274)
74	74,0.000255282063597	(74, 0.00025528206359674274)
74	37,0.000293963717452	(74, 0.00025528206359674274)
74	90,0.0003127355374	(74, 0.00025528206359674274)
74	127,0.000367781461394	(74, 0.00025528206359674274)
74	49,0.00037204463852	(74, 0.00025528206359674274)
74	172,0.000391773161343	(74, 0.00025528206359674274)
75	167,0.00136188141459	(75, 0.001565520498548115)
75	75,0.00156552049855	(75, 0.001565520498548115)
75	47,0.00240709227596	(75, 0.001565520498548115)
75	80,0.00255741928635	(75, 0.001565520498548115)
75	10,0.00265989165353	(75, 0.001565520498548115)
75	67,0.00298401158786	(75, 0.001565520498548115)
75	99,0.00301514322501	(75, 0.001565520498548115)
75	58,0.00306674117226	(75, 0.001565520498548115)
75	84,0.00307274763635	(75, 0.001565520498548115)
75	19,0.00314174128975	(75, 0.001565520498548115)
76	137,0.00019034841312	(76, 0.00019197762526306091)
76	76,0.000191977625263	(76, 0.00019197762526306091)
76	171,0.000195908840887	(76, 0.00019197762526306091)
76	147,0.000196381786066	(76, 0.00019197762526306091)
76	63,0.000208102514813	(76, 0.00019197762526306091)
76	3,0.000246566380806	(76, 0.00019197762526306091)
76	126,0.000321084921662	(76, 0.00019197762526306091)
76	36,0.000323080139543	(76, 0.00019197762526306091)
76	117,0.000324418717935	(76, 0.00019197762526306091)
76	77,0.000327735129987	(76, 0.00019197762526306091)
77	77,0.000205141365983	(77, 0.00020514136598311607)
77	162,0.000209056664092	(77, 0.00020514136598311607)
77	137,0.000239502656694	(77, 0.00020514136598311607)
77	11,0.000248077734387	(77, 0.00020514136598311607)
77	3,0.000248615662687	(77, 0.00020514136598311607)
77	136,0.000255752390419	(77, 0.00020514136598311607)
77	147,0.000255858635517	(77, 0.00020514136598311607)
77	63,0.000263628874054	(77, 0.00020514136598311607)
77	90,0.000285810762383	(77, 0.00020514136598311607)
77	171,0.000294728112176	(77, 0.00020514136598311607)
78	151,0.000152087208676	(78, 0.00039414391373929669)
78	63,0.000225050336446	(78, 0.00039414391373929669)
78	18,0.00024720187271	(78, 0.00039414391373929669)
78	22,0.000255528478081	(78, 0.00039414391373929669)
78	76,0.000260987864007	(78, 0.00039414391373929669)
78	132,0.00026334220981	(78, 0.00039414391373929669)
78	121,0.000273947148451	(78, 0.00039414391373929669)
78	3,0.000284038820466	(78, 0.00039414391373929669)
78	146,0.000299874315242	(78, 0.00039414391373929669)
78	126,0.000306476848252	(78, 0.00039414391373929669)
79	69,0.000138840031066	(79, 0.00033381631055918722)
79	40,0.000265034421279	(79, 0.00033381631055918722)
79	4,0.000280929328788	(79, 0.00033381631055918722)
79	79,0.000333816310559	(79, 0.00033381631055918722)
79	56,0.000486475658136	(79, 0.00033381631055918722)
79	172,0.000508989819996	(79, 0.00033381631055918722)
79	15,0.000514427454925	(79, 0.00033381631055918722)
79	25,0.000514920738957	(79, 0.00033381631055918722)
79	154,0.000532972238554	(79, 0.00033381631055918722)
79	148,0.000534952526231	(79, 0.00033381631055918722)
80	80,0.000923425756666	(80, 0.00092342575666612978)
80	51,0.00146989536542	(80, 0.00092342575666612978)
80	167,0.0014844118409	(80, 0.00092342575666612978)
80	32,0.00182277462398	(80, 0.00092342575666612978)
80	149,0.0024413919479	(80, 0.00092342575666612978)
80	169,0.00244902962123	(80, 0.00092342575666612978)
80	165,0.00258325503845	(80, 0.00092342575666612978)
80	39,0.00259291718083	(80, 0.00092342575666612978)
80	58,0.0026759820871	(80, 0.00092342575666612978)
80	27,0.00278966751594	(80, 0.00092342575666612978)
81	81,0.000217321063085	(81, 0.00021732106308475601)
81	3,0.000275614307609	(81, 0.00021732106308475601)
81	11,0.000354011813509	(81, 0.00021732106308475601)
81	132,0.000360188638061	(81, 0.00021732106308475601)
81	77,0.000361716430941	(81, 0.00021732106308475601)
81	121,0.000364206775938	(81, 0.00021732106308475601)
81	117,0.000392686554001	(81, 0.00021732106308475601)
81	22,0.000413989210875	(81, 0.00021732106308475601)
81	73,0.000433112618605	(81, 0.00021732106308475601)
81	146,0.000443592582196	(81, 0.00021732106308475601)
82	24,0.000531780054003	(82, 0.0013671014372124959)
82	12,0.000610229580059	(82, 0.0013671014372124959)
82	73,0.000617237944323	(82, 0.0013671014372124959)
82	61,0.000620324037957	(82, 0.0013671014372124959)
82	27,0.000621405241787	(82, 0.0013671014372124959)
82	38,0.000624694785003	(82, 0.0013671014372124959)
82	50,0.000688029059816	(82, 0.0013671014372124959)
82	13,0.000704274926804	(82, 0.0013671014372124959)
82	78,0.000742090033461	(82, 0.0013671014372124959)
82	105,0.000752616075919	(82, 0.0013671014372124959)
83	13,0.000229231084201	(83, 0.00053660968529808495)
83	11,0.000360907652023	(83, 0.00053660968529808495)
83	161,0.000364815848102	(83, 0.00053660968529808495)
83	155,0.000375299018089	(83, 0.00053660968529808495)
83	71,0.000385834957024	(83, 0.00053660968529808495)
83	65,0.000426354568324	(83, 0.00053660968529808495)
83	1,0.000454587315195	(83, 0.00053660968529808495)
83	17,0.000461161330183	(83, 0.00053660968529808495)
83	3,0.000470322227956	(83, 0.00053660968529808495)
83	136,0.000482335636508	(83, 0.00053660968529808495)
84	99,0.00113954268901	(84, 0.0012008842840706224)
84	169,0.00118376661255	(84, 0.0012008842840706224)
84	84,0.00120088428407	(84, 0.0012008842840706224)
84	27,0.00122197841932	(84, 0.0012008842840706224)
84	166,0.00135647827816	(84, 0.0012008842840706224)
84	67,0.00135730205038	(84, 0.0012008842840706224)
84	167,0.00137406700765	(84, 0.0012008842840706224)
84	144,0.00138374938634	(84, 0.0012008842840706224)
84	19,0.00142784352027	(84, 0.0012008842840706224)
84	140,0.00144063316758	(84, 0.0012008842840706224)
85	67,0.000885682566209	(85, 0.0020237409895515518)
85	140,0.0012590843991	(85, 0.0020237409895515518)
85	149,0.00141784240036	(85, 0.0020237409895515518)
85	169,0.00149905980314	(85, 0.0020237409895515518)
85	84,0.00157784873548	(85, 0.0020237409895515518)
85	166,0.00160478901425	(85, 0.0020237409895515518)
85	144,0.00172795839419	(85, 0.0020237409895515518)
85	93,0.00191046630278	(85, 0.0020237409895515518)
85	85,0.00202374098955	(85, 0.0020237409895515518)
85	116,0.00202814370575	(85, 0.0020237409895515518)
86	86,0.000221283027508	(86, 0.00022128302750783267)
86	150,0.000258825688085	(86, 0.00022128302750783267)
86	162,0.000260487191149	(86, 0.00022128302750783267)
86	137,0.000263874760643	(86, 0.00022128302750783267)
86	11,0.000270887625271	(86, 0.00022128302750783267)
86	18,0.000272202057344	(86, 0.00022128302750783267)
86	117,0.000307823899537	(86, 0.00022128302750783267)
86	3,0.000314152718741	(86, 0.00022128302750783267)
86	126,0.000314523897449	(86, 0.00022128302750783267)
86	146,0.000331266591784	(86, 0.00022128302750783267)
87	1,0.000357627107414	(87, 0.0010249275966141265)
87	71,0.000404998134333	(87, 0.0010249275966141265)
87	121,0.000410027046772	(87, 0.0010249275966141265)
87	11,0.000417608779129	(87, 0.0010249275966141265)
87	26,0.000429430569372	(87, 0.0010249275966141265)
87	23,0.000472348396319	(87, 0.0010249275966141265)
87	61,0.00047725611902	(87, 0.0010249275966141265)
87	78,0.000488439762996	(87, 0.0010249275966141265)
87	20,0.000489512679475	(87, 0.0010249275966141265)
87	89,0.000503492528688	(87, 0.0010249275966141265)
88	147,0.000179628612764	(88, 0.00028411712561564865)
88	18,0.000192380537772	(88, 0.00028411712561564865)
88	76,0.000199784788516	(88, 0.00028411712561564865)
88	63,0.000215354023116	(88, 0.00028411712561564865)
88	46,0.000263894560947	(88, 0.00028411712561564865)
88	171,0.000276568717843	(88, 0.00028411712561564865)
88	88,0.000284117125616	(88, 0.00028411712561564865)
88	139,0.000295663990538	(88, 0.00028411712561564865)
88	22,0.000309748693205	(88, 0.00028411712561564865)
88	132,0.000322176547415	(88, 0.00028411712561564865)
89	155,0.000394369794005	(89, 0.00049571802207493219)
89	11,0.000454704895604	(89, 0.00049571802207493219)
89	124,0.000470476662044	(89, 0.00049571802207493219)
89	89,0.000495718022075	(89, 0.00049571802207493219)
89	1,0.000513327638082	(89, 0.00049571802207493219)
89	73,0.000524225214037	(89, 0.00049571802207493219)
89	71,0.00054256735084	(89, 0.00049571802207493219)
89	161,0.000564283743869	(89, 0.00049571802207493219)
89	53,0.000568932857457	(89, 0.00049571802207493219)
89	13,0.00066214408505	(89, 0.00049571802207493219)
90	90,0.000185435603893	(90, 0.00018543560389295999)
90	11,0.000259854017553	(90, 0.00018543560389295999)
90	81,0.000283549117939	(90, 0.00018543560389295999)
90	162,0.000304815959244	(90, 0.00018543560389295999)
90	137,0.000306147034116	(90, 0.00018543560389295999)
90	96,0.000325078821433	(90, 0.00018543560389295999)
90	3,0.000346008292269	(90, 0.00018543560389295999)
90	37,0.000363691434325	(90, 0.00018543560389295999)
90	172,0.000378273918182	(90, 0.00018543560389295999)
90	112,0.000378276070693	(90, 0.00018543560389295999)
91	133,0.000718870055605	(91, 0.0010162464923682778)
91	91,0.00101624649237	(91, 0.0010162464923682778)
91	130,0.00136163567917	(91, 0.0010162464923682778)
91	34,0.00198371492927	(91, 0.0010162464923682778)
91	102,0.00199579828434	(91, 0.0010162464923682778)
91	53,0.00205006226873	(91, 0.0010162464923682778)
91	103,0.0020830322347	(91, 0.0010162464923682778)
91	155,0.00209086270316	(91, 0.0010162464923682778)
91	51,0.0021524871074	(91, 0.0010162464923682778)
91	28,0.00224431578008	(91, 0.0010162464923682778)
92	78,0.000258776954785	(92, 0.0011016301108497393)
92	24,0.000276733021731	(92, 0.0011016301108497393)
92	61,0.000298878977523	(92, 0.0011016301108497393)
92	158,0.000349651297849	(92, 0.0011016301108497393)
92	12,0.000416048097336	(92, 0.0011016301108497393)
92	128,0.000430374563308	(92, 0.0011016301108497393)
92	22,0.000431323525393	(92, 0.0011016301108497393)
92	107,0.000451250598828	(92, 0.0011016301108497393)
92	26,0.000453185978178	(92, 0.0011016301108497393)
92	23,0.00046902897497	(92, 0.0011016301108497393)
93	22,0.000334936974769	(93, 0.00037954773174378171)
93	128,0.000352101575214	(93, 0.00037954773174378171)
93	158,0.000357126414213	(93, 0.00037954773174378171)
93	12,0.000366871976622	(93, 0.00037954773174378171)
93	93,0.000379547731744	(93, 0.00037954773174378171)
93	132,0.000388973137699	(93, 0.00037954773174378171)
93	78,0.000408290266955	(93, 0.00037954773174378171)
93	126,0.00041985148648	(93, 0.00037954773174378171)
93	73,0.000421764766972	(93, 0.00037954773174378171)
93	3,0.000430715798549	(93, 0.00037954773174378171)
94	83,0.000712256971618	(94, 0.00082937644216330038)
94	155,0.000760028069397	(94, 0.00082937644216330038)
94	94,0.000829376442163	(94, 0.00082937644216330038)
94	65,0.000931998168627	(94, 0.00082937644216330038)
94	59,0.000933955659761	(94, 0.00082937644216330038)
94	1,0.00103827257937	(94, 0.00082937644216330038)
94	41,0.00104644888303	(94, 0.00082937644216330038)
94	161,0.00105355012237	(94, 0.00082937644216330038)
94	53,0.00112393500221	(94, 0.00082937644216330038)
94	15,0.00115670896702	(94, 0.00082937644216330038)
95	107,0.000438861932193	(95, 0.0012086517583498487)
95	27,0.000490579744568	(95, 0.0012086517583498487)
95	43,0.000570407538829	(95, 0.0012086517583498487)
95	128,0.000596467174345	(95, 0.0012086517583498487)
95	78,0.000637785636817	(95, 0.0012086517583498487)
95	99,0.000652063275827	(95, 0.0012086517583498487)
95	19,0.000671841645929	(95, 0.0012086517583498487)
95	26,0.000684208280527	(95, 0.0012086517583498487)
95	158,0.00081132331952	(95, 0.0012086517583498487)
95	39,0.000812041226023	(95, 0.0012086517583498487)
96	96,0.000164613529254	(96, 0.00016461352925402239)
96	162,0.00037543918088	(96, 0.00016461352925402239)
96	11,0.000384347942083	(96, 0.00016461352925402239)
96	112,0.000470552275892	(96, 0.00016461352925402239)
96	119,0.000498408484962	(96, 0.00016461352925402239)
96	17,0.000515005371318	(96, 0.00016461352925402239)
96	13,0.000527161845319	(96, 0.00016461352925402239)
96	90,0.000538588770862	(96, 0.00016461352925402239)
96	143,0.00056155736717	(96, 0.00016461352925402239)
96	161,0.00058789221246	(96, 0.00016461352925402239)
97	172,0.000340340634799	(97, 0.00059782139362251198)
97	40,0.000353744054243	(97, 0.00059782139362251198)
97	69,0.000371528109064	(97, 0.00059782139362251198)
97	17,0.000384940098923	(97, 0.00059782139362251198)
97	120,0.000385830478824	(97, 0.00059782139362251198)
97	4,0.000449121497699	(97, 0.00059782139362251198)
97	154,0.000511227311528	(97, 0.00059782139362251198)
97	79,0.000524323591515	(97, 0.00059782139362251198)
97	37,0.000569099593736	(97, 0.00059782139362251198)
97	3,0.000573007071494	(97, 0.00059782139362251198)
98	98,0.000302845965644	(98, 0.00030284596564386353)
98	15,0.000357534662026	(98, 0.00030284596564386353)
98	25,0.000454567877199	(98, 0.00030284596564386353)
98	40,0.0004728353765	(98, 0.00030284596564386353)
98	172,0.000475169689695	(98, 0.00030284596564386353)
98	174,0.000496382588768	(98, 0.00030284596564386353)
98	154,0.000497408726233	(98, 0.00030284596564386353)
98	49,0.000512214940131	(98, 0.00030284596564386353)
98	4,0.000562251576245	(98, 0.00030284596564386353)
98	69,0.000601837765579	(98, 0.00030284596564386353)
99	144,0.00040392168038	(99, 0.00055506859895515298)
99	84,0.000449980795801	(99, 0.00055506859895515298)
99	128,0.000450926875915	(99, 0.00055506859895515298)
99	109,0.00047993948375	(99, 0.00055506859895515298)
99	73,0.000484010514735	(99, 0.00055506859895515298)
99	93,0.000514053254805	(99, 0.00055506859895515298)
99	156,0.000519938847364	(99, 0.00055506859895515298)
99	12,0.000551049725357	(99, 0.00055506859895515298)
99	99,0.000555068598955	(99, 0.00055506859895515298)
99	78,0.000565888083889	(99, 0.00055506859895515298)
100	100,0.000207530779602	(100, 0.00020753077960163034)
100	77,0.000226953663321	(100, 0.00020753077960163034)
100	11,0.000245029852581	(100, 0.00020753077960163034)
100	21,0.000260921316286	(100, 0.00020753077960163034)
100	90,0.000289382138179	(100, 0.00020753077960163034)
100	37,0.000289678835871	(100, 0.00020753077960163034)
100	74,0.000291299135529	(100, 0.00020753077960163034)
100	136,0.000292681274082	(100, 0.00020753077960163034)
100	71,0.000315735718244	(100, 0.00020753077960163034)
100	17,0.000325489024916	(100, 0.00020753077960163034)
101	73,0.000421920329571	(101, 0.00047532956804392952)
101	1,0.000473456762275	(101, 0.00047532956804392952)
101	101,0.000475329568044	(101, 0.00047532956804392952)
101	81,0.000549568477826	(101, 0.00047532956804392952)
101	124,0.00056096347345	(101, 0.00047532956804392952)
101	13,0.000577757438773	(101, 0.00047532956804392952)
101	77,0.000607703860456	(101, 0.00047532956804392952)
101	71,0.000617375596286	(101, 0.00047532956804392952)
101	29,0.000623984061621	(101, 0.00047532956804392952)
101	93,0.00063308743733	(101, 0.00047532956804392952)
102	114,0.000634494741198	(102, 0.00081653503954264863)
102	91,0.000663627222901	(102, 0.00081653503954264863)
102	41,0.00067239936103	(102, 0.00081653503954264863)
102	155,0.000714816030173	(102, 0.00081653503954264863)
102	102,0.000816535039543	(102, 0.00081653503954264863)
102	110,0.000827260144349	(102, 0.00081653503954264863)
102	101,0.000851165891883	(102, 0.00081653503954264863)
102	1,0.000869389217804	(102, 0.00081653503954264863)
102	53,0.000899186771844	(102, 0.00081653503954264863)
102	103,0.000946574259364	(102, 0.00081653503954264863)
103	103,0.000582311008254	(103, 0.00058231100825404194)
103	91,0.000639951465805	(103, 0.00058231100825404194)
103	39,0.000756279130427	(103, 0.00058231100825404194)
103	51,0.000803461320921	(103, 0.00058231100825404194)
103	95,0.000862253951395	(103, 0.00058231100825404194)
103	101,0.000880857021861	(103, 0.00058231100825404194)
103	73,0.000890271232218	(103, 0.00058231100825404194)
103	28,0.000924054979385	(103, 0.00058231100825404194)
103	41,0.000956132621009	(103, 0.00058231100825404194)
103	30,0.000963676802045	(103, 0.00058231100825404194)
104	124,0.000359534255233	(104, 0.00067563941563022112)
104	93,0.000463390388566	(104, 0.00067563941563022112)
104	81,0.000505194300704	(104, 0.00067563941563022112)
104	3,0.000564503071633	(104, 0.00067563941563022112)
104	73,0.000565856504348	(104, 0.00067563941563022112)
104	119,0.000595577675988	(104, 0.00067563941563022112)
104	11,0.000599093472837	(104, 0.00067563941563022112)
104	53,0.000614002439421	(104, 0.00067563941563022112)
104	69,0.000614719955745	(104, 0.00067563941563022112)
104	120,0.000616906894239	(104, 0.00067563941563022112)
105	27,0.000495325444117	(105, 0.00085939388701767932)
105	38,0.00052249419961	(105, 0.00085939388701767932)
105	43,0.000536912534344	(105, 0.00085939388701767932)
105	50,0.000585373460064	(105, 0.00085939388701767932)
105	99,0.000590859706818	(105, 0.00085939388701767932)
105	24,0.000606324253885	(105, 0.00085939388701767932)
105	107,0.000671733231798	(105, 0.00085939388701767932)
105	12,0.000682037175111	(105, 0.00085939388701767932)
105	55,0.000698057131766	(105, 0.00085939388701767932)
105	144,0.000706199762811	(105, 0.00085939388701767932)
106	106,0.000453218883056	(106, 0.00045321888305607848)
106	172,0.000533708652521	(106, 0.00045321888305607848)
106	174,0.000568865827055	(106, 0.00045321888305607848)
106	116,0.000569458542404	(106, 0.00045321888305607848)
106	13,0.000619507860345	(106, 0.00045321888305607848)
106	157,0.000629811929953	(106, 0.00045321888305607848)
106	156,0.000673570046918	(106, 0.00045321888305607848)
106	93,0.000690922208761	(106, 0.00045321888305607848)
106	154,0.000693236081073	(106, 0.00045321888305607848)
106	165,0.000700114181134	(106, 0.00045321888305607848)
107	26,0.000338158182439	(107, 0.00046275704936852744)
107	77,0.000344622292572	(107, 0.00046275704936852744)
107	22,0.000376084024621	(107, 0.00046275704936852744)
107	1,0.000388631451379	(107, 0.00046275704936852744)
107	121,0.000392264333037	(107, 0.00046275704936852744)
107	61,0.000399408906508	(107, 0.00046275704936852744)
107	76,0.000404170962656	(107, 0.00046275704936852744)
107	23,0.000431454443947	(107, 0.00046275704936852744)
107	171,0.000436829579976	(107, 0.00046275704936852744)
107	3,0.000437842621551	(107, 0.00046275704936852744)
108	77,0.000266598959535	(108, 0.0011173652647765457)
108	172,0.0003268577792	(108, 0.0011173652647765457)
108	174,0.000437760130361	(108, 0.0011173652647765457)
108	17,0.000491092596974	(108, 0.0011173652647765457)
108	171,0.000496284800417	(108, 0.0011173652647765457)
108	40,0.000497617192598	(108, 0.0011173652647765457)
108	37,0.000528351607803	(108, 0.0011173652647765457)
108	4,0.000529516727063	(108, 0.0011173652647765457)
108	15,0.000551574463016	(108, 0.0011173652647765457)
108	3,0.000565247266322	(108, 0.0011173652647765457)
109	109,0.000267263330372	(109, 0.00026726333037245683)
109	134,0.000372695584972	(109, 0.00026726333037245683)
109	12,0.000384404756004	(109, 0.00026726333037245683)
109	159,0.000414931672314	(109, 0.00026726333037245683)
109	128,0.000417151233059	(109, 0.00026726333037245683)
109	38,0.000504599820306	(109, 0.00026726333037245683)
109	146,0.000510604556311	(109, 0.00026726333037245683)
109	84,0.000512861863548	(109, 0.00026726333037245683)
109	144,0.000534775989479	(109, 0.00026726333037245683)
109	50,0.000543352087974	(109, 0.00026726333037245683)
110	1,0.000291111748003	(110, 0.00080008737071720281)
110	121,0.000391913878779	(110, 0.00080008737071720281)
110	11,0.00039692802341	(110, 0.00080008737071720281)
110	26,0.000472315657915	(110, 0.00080008737071720281)
110	71,0.000501626773842	(110, 0.00080008737071720281)
110	68,0.000507688355749	(110, 0.00080008737071720281)
110	162,0.000513948158076	(110, 0.00080008737071720281)
110	61,0.000535161167041	(110, 0.00080008737071720281)
110	3,0.000553520129298	(110, 0.00080008737071720281)
110	23,0.000555223308194	(110, 0.00080008737071720281)
111	73,0.000340148305161	(111, 0.0013780675656750541)
111	124,0.000393835604748	(111, 0.0013780675656750541)
111	93,0.000399145536654	(111, 0.0013780675656750541)
111	101,0.000498592845953	(111, 0.0013780675656750541)
111	157,0.000502084513846	(111, 0.0013780675656750541)
111	13,0.000502210457881	(111, 0.0013780675656750541)
111	116,0.000623068134772	(111, 0.0013780675656750541)
111	128,0.0006836007173	(111, 0.0013780675656750541)
111	109,0.000688699765181	(111, 0.0013780675656750541)
111	114,0.000689967256784	(111, 0.0013780675656750541)
112	11,0.00021066245066	(112, 0.00031419979450337534)
112	90,0.000234491607833	(112, 0.00031419979450337534)
112	3,0.000311336420667	(112, 0.00031419979450337534)
112	112,0.000314199794503	(112, 0.00031419979450337534)
112	21,0.000324396462004	(112, 0.00031419979450337534)
112	81,0.000329259638895	(112, 0.00031419979450337534)
112	100,0.000335243914369	(112, 0.00031419979450337534)
112	162,0.000348371636343	(112, 0.00031419979450337534)
112	71,0.000371364200779	(112, 0.00031419979450337534)
112	77,0.000380247079365	(112, 0.00031419979450337534)
113	113,0.000297833012179	(113, 0.00029783301217902624)
113	65,0.000603948696077	(113, 0.00029783301217902624)
113	120,0.0008276275766	(113, 0.00029783301217902624)
113	130,0.000938919504512	(113, 0.00029783301217902624)
113	15,0.000984781555749	(113, 0.00029783301217902624)
113	161,0.00100733699246	(113, 0.00029783301217902624)
113	44,0.00106677372796	(113, 0.00029783301217902624)
113	97,0.00112303092202	(113, 0.00029783301217902624)
113	2,0.00112765169031	(113, 0.00029783301217902624)
113	155,0.00115450468526	(113, 0.00029783301217902624)
114	124,0.00034840627781	(114, 0.00047934935712316351)
114	53,0.000388470777806	(114, 0.00047934935712316351)
114	73,0.000409547373577	(114, 0.00047934935712316351)
114	13,0.000474838219532	(114, 0.00047934935712316351)
114	114,0.000479349357123	(114, 0.00047934935712316351)
114	155,0.000539032854548	(114, 0.00047934935712316351)
114	4,0.000616106340088	(114, 0.00047934935712316351)
114	104,0.000650169993689	(114, 0.00047934935712316351)
114	69,0.000706745239654	(114, 0.00047934935712316351)
114	109,0.000725293834211	(114, 0.00047934935712316351)
115	119,0.000374967402347	(115, 0.00048378405553011725)
115	11,0.0004388583112	(115, 0.00048378405553011725)
115	37,0.000481264226315	(115, 0.00048378405553011725)
115	115,0.00048378405553	(115, 0.00048378405553011725)
115	17,0.000489428533793	(115, 0.00048378405553011725)
115	81,0.000510480734074	(115, 0.00048378405553011725)
115	96,0.000516180732204	(115, 0.00048378405553011725)
115	172,0.000521048728608	(115, 0.00048378405553011725)
115	120,0.000551729636392	(115, 0.00048378405553011725)
115	3,0.000553978903351	(115, 0.00048378405553011725)
116	93,0.000326795442166	(116, 0.00037348356320624138)
116	116,0.000373483563206	(116, 0.00037348356320624138)
116	73,0.000407286983887	(116, 0.00037348356320624138)
116	109,0.000504331526161	(116, 0.00037348356320624138)
116	144,0.000523612282035	(116, 0.00037348356320624138)
116	128,0.000576333457395	(116, 0.00037348356320624138)
116	124,0.00059370996426	(116, 0.00037348356320624138)
116	156,0.000597972332818	(116, 0.00037348356320624138)
116	157,0.00066592520066	(116, 0.00037348356320624138)
116	81,0.000666295005215	(116, 0.00037348356320624138)
117	117,0.000195900313058	(117, 0.0001959003130584512)
117	21,0.00023057003222	(117, 0.0001959003130584512)
117	71,0.000306620602199	(117, 0.0001959003130584512)
117	77,0.000319114051986	(117, 0.0001959003130584512)
117	63,0.000331154988114	(117, 0.0001959003130584512)
117	11,0.000334028813648	(117, 0.0001959003130584512)
117	162,0.000366488500658	(117, 0.0001959003130584512)
117	76,0.000375904002809	(117, 0.0001959003130584512)
117	147,0.00040038737792	(117, 0.0001959003130584512)
117	100,0.000417155206155	(117, 0.0001959003130584512)
118	34,0.000538076022046	(118, 0.0010576410885230734)
118	130,0.000731053621466	(118, 0.0010576410885230734)
118	33,0.000852933519435	(118, 0.0010576410885230734)
118	113,0.00090852125649	(118, 0.0010576410885230734)
118	133,0.00103881323667	(118, 0.0010576410885230734)
118	118,0.00105764108852	(118, 0.0010576410885230734)
118	69,0.00107083009509	(118, 0.0010576410885230734)
118	65,0.00110651095092	(118, 0.0010576410885230734)
118	15,0.00118122676054	(118, 0.0010576410885230734)
118	4,0.00127710858335	(118, 0.0010576410885230734)
119	120,0.000460360320196	(119, 0.00053214794804838541)
119	119,0.000532147948048	(119, 0.00053214794804838541)
119	123,0.000565408167123	(119, 0.00053214794804838541)
119	154,0.000600785158726	(119, 0.00053214794804838541)
119	69,0.000606139635508	(119, 0.00053214794804838541)
119	17,0.000634842932616	(119, 0.00053214794804838541)
119	96,0.000635861617622	(119, 0.00053214794804838541)
119	13,0.000642932305235	(119, 0.00053214794804838541)
119	172,0.000647347956988	(119, 0.00053214794804838541)
119	40,0.000664449008844	(119, 0.00053214794804838541)
120	120,0.000323183771087	(120, 0.00032318377108711126)
120	161,0.000347849017796	(120, 0.00032318377108711126)
120	65,0.00035671248072	(120, 0.00032318377108711126)
120	44,0.000399951907916	(120, 0.00032318377108711126)
120	17,0.000592778820596	(120, 0.00032318377108711126)
120	13,0.000604735865262	(120, 0.00032318377108711126)
120	97,0.000612596887554	(120, 0.00032318377108711126)
120	155,0.000615994806813	(120, 0.00032318377108711126)
120	53,0.000630747325325	(120, 0.00032318377108711126)
120	136,0.000685423038283	(120, 0.00032318377108711126)
121	1,0.000300882289012	(121, 0.00031296792530270977)
121	121,0.000312967925303	(121, 0.00031296792530270977)
121	26,0.000356541429853	(121, 0.00031296792530270977)
121	22,0.000358187886335	(121, 0.00031296792530270977)
121	73,0.000380153225411	(121, 0.00031296792530270977)
121	78,0.000382382953388	(121, 0.00031296792530270977)
121	61,0.000475396445331	(121, 0.00031296792530270977)
121	128,0.000476688564228	(121, 0.00031296792530270977)
121	11,0.000512382776638	(121, 0.00031296792530270977)
121	23,0.000527388196452	(121, 0.00031296792530270977)
122	174,0.000480704759445	(122, 0.00088417953758446709)
122	154,0.000541729756944	(122, 0.00088417953758446709)
122	116,0.000581368508529	(122, 0.00088417953758446709)
122	69,0.000603720695859	(122, 0.00088417953758446709)
122	172,0.000605989298142	(122, 0.00088417953758446709)
122	4,0.000708544081462	(122, 0.00088417953758446709)
122	2,0.00079553955037	(122, 0.00088417953758446709)
122	54,0.000821605884905	(122, 0.00088417953758446709)
122	48,0.000831049235658	(122, 0.00088417953758446709)
122	40,0.000840711201742	(122, 0.00088417953758446709)
123	172,0.000400771707464	(123, 0.00041506525291302505)
123	123,0.000415065252913	(123, 0.00041506525291302505)
123	119,0.000507698274337	(123, 0.00041506525291302505)
123	81,0.000512089242709	(123, 0.00041506525291302505)
123	146,0.000516985999718	(123, 0.00041506525291302505)
123	115,0.000540348225968	(123, 0.00041506525291302505)
123	96,0.000586060539919	(123, 0.00041506525291302505)
123	40,0.000599833420539	(123, 0.00041506525291302505)
123	90,0.000617729794808	(123, 0.00041506525291302505)
123	37,0.00062008024325	(123, 0.00041506525291302505)
124	124,0.0006058414599	(124, 0.00060584145990034662)
124	101,0.000643322749414	(124, 0.00060584145990034662)
124	27,0.000685247663008	(124, 0.00060584145990034662)
124	73,0.000800372026987	(124, 0.00060584145990034662)
124	169,0.000852380917067	(124, 0.00060584145990034662)
124	41,0.000864783465434	(124, 0.00060584145990034662)
124	157,0.000887713204012	(124, 0.00060584145990034662)
124	114,0.000916459497483	(124, 0.00060584145990034662)
124	144,0.000930062392689	(124, 0.00060584145990034662)
124	140,0.000982014857567	(124, 0.00060584145990034662)
125	155,0.000622897494247	(125, 0.0009589626427299585)
125	13,0.000665506697722	(125, 0.0009589626427299585)
125	65,0.000679256690717	(125, 0.0009589626427299585)
125	41,0.000755068515248	(125, 0.0009589626427299585)
125	161,0.000762568639827	(125, 0.0009589626427299585)
125	68,0.000843008485527	(125, 0.0009589626427299585)
125	114,0.000843902073497	(125, 0.0009589626427299585)
125	71,0.000854627520471	(125, 0.0009589626427299585)
125	73,0.000856641609037	(125, 0.0009589626427299585)
125	1,0.000927929009261	(125, 0.0009589626427299585)
126	126,0.000354330810053	(126, 0.00035433081005268197)
126	81,0.000368858859875	(126, 0.00035433081005268197)
126	3,0.000370487879673	(126, 0.00035433081005268197)
126	132,0.000374867629248	(126, 0.00035433081005268197)
126	121,0.00038284438009	(126, 0.00035433081005268197)
126	22,0.000405077447649	(126, 0.00035433081005268197)
126	12,0.000427050291384	(126, 0.00035433081005268197)
126	78,0.000467186088041	(126, 0.00035433081005268197)
126	128,0.000472890453056	(126, 0.00035433081005268197)
126	137,0.000475118710947	(126, 0.00035433081005268197)
127	17,0.000162503887826	(127, 0.00036889781477977607)
127	100,0.000288862453781	(127, 0.00036889781477977607)
127	77,0.000305819713773	(127, 0.00036889781477977607)
127	136,0.00030607963429	(127, 0.00036889781477977607)
127	37,0.000336446915774	(127, 0.00036889781477977607)
127	74,0.000336936416818	(127, 0.00036889781477977607)
127	49,0.000363306165056	(127, 0.00036889781477977607)
127	127,0.00036889781478	(127, 0.00036889781477977607)
127	59,0.000378674603389	(127, 0.00036889781477977607)
127	172,0.000417698692698	(127, 0.00036889781477977607)
128	128,0.000247553336684	(128, 0.00024755333668422593)
128	78,0.000342198683971	(128, 0.00024755333668422593)
128	12,0.000351288164182	(128, 0.00024755333668422593)
128	159,0.000385467175806	(128, 0.00024755333668422593)
128	121,0.0003937644713	(128, 0.00024755333668422593)
128	22,0.000409127000149	(128, 0.00024755333668422593)
128	50,0.000415045797588	(128, 0.00024755333668422593)
128	158,0.000451808616695	(128, 0.00024755333668422593)
128	139,0.000454581968008	(128, 0.00024755333668422593)
128	18,0.000457873449939	(128, 0.00024755333668422593)
129	49,0.000601370106398	(129, 0.0013025758971311056)
129	15,0.000693624379286	(129, 0.0013025758971311056)
129	98,0.000749484771105	(129, 0.0013025758971311056)
129	100,0.000878147460461	(129, 0.0013025758971311056)
129	25,0.000880611532312	(129, 0.0013025758971311056)
129	77,0.000880810420755	(129, 0.0013025758971311056)
129	59,0.000899215463876	(129, 0.0013025758971311056)
129	34,0.000936223107628	(129, 0.0013025758971311056)
129	83,0.000952645098719	(129, 0.0013025758971311056)
129	94,0.00100086604672	(129, 0.0013025758971311056)
130	130,0.000640861542359	(130, 0.00064086154235941731)
130	34,0.000646971595671	(130, 0.00064086154235941731)
130	65,0.000714304252749	(130, 0.00064086154235941731)
130	13,0.000740526730781	(130, 0.00064086154235941731)
130	53,0.000740645047373	(130, 0.00064086154235941731)
130	15,0.000755825366064	(130, 0.00064086154235941731)
130	69,0.000763811977093	(130, 0.00064086154235941731)
130	91,0.000775145656406	(130, 0.00064086154235941731)
130	113,0.000808410445368	(130, 0.00064086154235941731)
130	28,0.00084670996441	(130, 0.00064086154235941731)
131	116,0.000523605871254	(131, 0.00060958357509271349)
131	131,0.000609583575093	(131, 0.00060958357509271349)
131	72,0.00062950675658	(131, 0.00060958357509271349)
131	166,0.000696333294764	(131, 0.00060958357509271349)
131	144,0.000707223962224	(131, 0.00060958357509271349)
131	104,0.000859622248331	(131, 0.00060958357509271349)
131	84,0.000869237623263	(131, 0.00060958357509271349)
131	156,0.000909636472044	(131, 0.00060958357509271349)
131	93,0.000990599695771	(131, 0.00060958357509271349)
131	73,0.00101625079702	(131, 0.00060958357509271349)
132	22,0.000186419489369	(132, 0.00019478488233745726)
132	132,0.000194784882337	(132, 0.00019478488233745726)
132	18,0.00020241712939	(132, 0.00019478488233745726)
132	158,0.000212850563884	(132, 0.00019478488233745726)
132	147,0.000257864689445	(132, 0.00019478488233745726)
132	76,0.000259507173827	(132, 0.00019478488233745726)
132	46,0.00028137085358	(132, 0.00019478488233745726)
132	139,0.000302161261081	(132, 0.00019478488233745726)
132	121,0.000306383165816	(132, 0.00019478488233745726)
132	171,0.00031802065161	(132, 0.00019478488233745726)
133	133,0.000320821894084	(133, 0.00032082189408361015)
133	34,0.000727467632584	(133, 0.00032082189408361015)
133	91,0.0007276759058	(133, 0.00032082189408361015)
133	130,0.000784313350686	(133, 0.00032082189408361015)
133	102,0.000968800697921	(133, 0.00032082189408361015)
133	53,0.00100392863771	(133, 0.00032082189408361015)
133	153,0.00108163811295	(133, 0.00032082189408361015)
133	114,0.00108923626532	(133, 0.00032082189408361015)
133	101,0.00110370740558	(133, 0.00032082189408361015)
133	28,0.00110497035212	(133, 0.00032082189408361015)
134	128,0.000236408046688	(134, 0.00037623057169235705)
134	121,0.000265764626907	(134, 0.00037623057169235705)
134	78,0.000301218143388	(134, 0.00037623057169235705)
134	134,0.000376230571692	(134, 0.00037623057169235705)
134	22,0.000410495281797	(134, 0.00037623057169235705)
134	12,0.000439745701166	(134, 0.00037623057169235705)
134	18,0.000458699267966	(134, 0.00037623057169235705)
134	109,0.00048901015012	(134, 0.00037623057169235705)
134	152,0.000503728312827	(134, 0.00037623057169235705)
134	55,0.000516096208686	(134, 0.00037623057169235705)
135	147,0.000172529300763	(135, 0.00029505461653457854)
135	137,0.000219199288424	(135, 0.00029505461653457854)
135	162,0.000234186220765	(135, 0.00029505461653457854)
135	63,0.000238416203254	(135, 0.00029505461653457854)
135	76,0.000253665440962	(135, 0.00029505461653457854)
135	77,0.000282699666704	(135, 0.00029505461653457854)
135	135,0.000295054616535	(135, 0.00029505461653457854)
135	171,0.000295632773392	(135, 0.00029505461653457854)
135	117,0.000332382411026	(135, 0.00029505461653457854)
135	11,0.00034261401574	(135, 0.00029505461653457854)
136	119,0.000411687059596	(136, 0.00050837666403106261)
136	11,0.000433041825965	(136, 0.00050837666403106261)
136	136,0.000508376664031	(136, 0.00050837666403106261)
136	3,0.000527721569502	(136, 0.00050837666403106261)
136	121,0.000565899852857	(136, 0.00050837666403106261)
136	162,0.000570955294343	(136, 0.00050837666403106261)
136	13,0.000587612031492	(136, 0.00050837666403106261)
136	151,0.000591963628485	(136, 0.00050837666403106261)
136	54,0.000594732467432	(136, 0.00050837666403106261)
136	115,0.000597359304483	(136, 0.00050837666403106261)
137	137,0.000123818289528	(137, 0.00012381828952764276)
137	63,0.000156109394161	(137, 0.00012381828952764276)
137	147,0.000173209564883	(137, 0.00012381828952764276)
137	171,0.000218695485461	(137, 0.00012381828952764276)
137	3,0.000232897118299	(137, 0.00012381828952764276)
137	76,0.00030036776102	(137, 0.00012381828952764276)
137	36,0.000318573061023	(137, 0.00012381828952764276)
137	136,0.000342321889138	(137, 0.00012381828952764276)
137	77,0.000342802807537	(137, 0.00012381828952764276)
137	37,0.000368959363184	(137, 0.00012381828952764276)
138	107,0.000359744713899	(138, 0.00057397124623016218)
138	158,0.000374498689382	(138, 0.00057397124623016218)
138	78,0.00042527264801	(138, 0.00057397124623016218)
138	128,0.000433707437782	(138, 0.00057397124623016218)
138	38,0.000565034310916	(138, 0.00057397124623016218)
138	138,0.00057397124623	(138, 0.00057397124623016218)
138	55,0.000578129241863	(138, 0.00057397124623016218)
138	156,0.000602617064649	(138, 0.00057397124623016218)
138	22,0.000608592200291	(138, 0.00057397124623016218)
138	99,0.000631427033064	(138, 0.00057397124623016218)
139	139,0.000105139484148	(139, 0.00010513948414833786)
139	22,0.000244762916433	(139, 0.00010513948414833786)
139	46,0.00025275712151	(139, 0.00010513948414833786)
139	18,0.000272865568141	(139, 0.00010513948414833786)
139	76,0.000275582443703	(139, 0.00010513948414833786)
139	132,0.000305059067191	(139, 0.00010513948414833786)
139	151,0.000330631819556	(139, 0.00010513948414833786)
139	121,0.00034009309342	(139, 0.00010513948414833786)
139	158,0.000364459069332	(139, 0.00010513948414833786)
139	63,0.000379763728939	(139, 0.00010513948414833786)
140	69,0.000407612713983	(140, 0.00065175020284087494)
140	93,0.000590132300039	(140, 0.00065175020284087494)
140	124,0.000631321683327	(140, 0.00065175020284087494)
140	116,0.000637102662336	(140, 0.00065175020284087494)
140	140,0.000651750202841	(140, 0.00065175020284087494)
140	104,0.00070515207369	(140, 0.00065175020284087494)
140	157,0.000733618117515	(140, 0.00065175020284087494)
140	73,0.000747599651828	(140, 0.00065175020284087494)
140	40,0.000776078639509	(140, 0.00065175020284087494)
140	33,0.000815341351414	(140, 0.00065175020284087494)
141	124,0.00067795325642	(141, 0.0012657978160876384)
141	48,0.000813282613833	(141, 0.0012657978160876384)
141	97,0.000822079586947	(141, 0.0012657978160876384)
141	69,0.000900677874029	(141, 0.0012657978160876384)
141	120,0.000904397857094	(141, 0.0012657978160876384)
141	4,0.000931574363282	(141, 0.0012657978160876384)
141	2,0.000950554374976	(141, 0.0012657978160876384)
141	53,0.000969034180579	(141, 0.0012657978160876384)
141	33,0.00097718767714	(141, 0.0012657978160876384)
141	56,0.000981495643827	(141, 0.0012657978160876384)
142	61,0.000605972896061	(142, 0.0019432157885109159)
142	73,0.00062527581067	(142, 0.0019432157885109159)
142	12,0.000630904213199	(142, 0.0019432157885109159)
142	38,0.000681663800721	(142, 0.0019432157885109159)
142	162,0.000705146288186	(142, 0.0019432157885109159)
142	105,0.000721944778197	(142, 0.0019432157885109159)
142	16,0.000739714710675	(142, 0.0019432157885109159)
142	135,0.000756803953478	(142, 0.0019432157885109159)
142	24,0.000773377662141	(142, 0.0019432157885109159)
142	23,0.000789081017379	(142, 0.0019432157885109159)
143	90,0.000236497821228	(143, 0.00028323748146237695)
143	11,0.000252457712112	(143, 0.00028323748146237695)
143	63,0.000261900901413	(143, 0.00028323748146237695)
143	162,0.000268644960312	(143, 0.00028323748146237695)
143	112,0.000276031096442	(143, 0.00028323748146237695)
143	137,0.000279982974119	(143, 0.00028323748146237695)
143	143,0.000283237481462	(143, 0.00028323748146237695)
143	3,0.000288438825291	(143, 0.00028323748146237695)
143	147,0.000323444344165	(143, 0.00028323748146237695)
143	150,0.000332091828725	(143, 0.00028323748146237695)
144	144,0.000228103925069	(144, 0.00022810392506942228)
144	14,0.000583483647668	(144, 0.00022810392506942228)
144	38,0.000595986470928	(144, 0.00022810392506942228)
144	109,0.000638064401544	(144, 0.00022810392506942228)
144	12,0.000640500459845	(144, 0.00022810392506942228)
144	116,0.000718365409161	(144, 0.00022810392506942228)
144	159,0.000725013277201	(144, 0.00022810392506942228)
144	145,0.000733815077786	(144, 0.00022810392506942228)
144	99,0.000769435223176	(144, 0.00022810392506942228)
144	93,0.000778075541987	(144, 0.00022810392506942228)
145	78,0.000316241389917	(145, 0.00061417717941671102)
145	158,0.000333726050939	(145, 0.00061417717941671102)
145	24,0.000405834621303	(145, 0.00061417717941671102)
145	128,0.000416671639447	(145, 0.00061417717941671102)
145	38,0.000429185530924	(145, 0.00061417717941671102)
145	55,0.000454546596535	(145, 0.00061417717941671102)
145	12,0.000480574344069	(145, 0.00061417717941671102)
145	61,0.000536974007367	(145, 0.00061417717941671102)
145	22,0.000541190554468	(145, 0.00061417717941671102)
145	107,0.000593009856992	(145, 0.00061417717941671102)
146	146,0.000172363034493	(146, 0.00017236303449324745)
146	12,0.00039879601085	(146, 0.00017236303449324745)
146	159,0.0004146945051	(146, 0.00017236303449324745)
146	18,0.000462067375071	(146, 0.00017236303449324745)
146	132,0.000465742053671	(146, 0.00017236303449324745)
146	137,0.000466269543117	(146, 0.00017236303449324745)
146	126,0.00047927653243	(146, 0.00017236303449324745)
146	151,0.000490263014205	(146, 0.00017236303449324745)
146	46,0.000499514551869	(146, 0.00017236303449324745)
146	81,0.000517250134954	(146, 0.00017236303449324745)
147	147,0.000163689237786	(147, 0.00016368923778559757)
147	76,0.000174620840443	(147, 0.00016368923778559757)
147	63,0.000180675885035	(147, 0.00016368923778559757)
147	18,0.000248045513233	(147, 0.00016368923778559757)
147	23,0.000252852105388	(147, 0.00016368923778559757)
147	22,0.000255129819419	(147, 0.00016368923778559757)
147	121,0.000287594943511	(147, 0.00016368923778559757)
147	132,0.000300211909939	(147, 0.00016368923778559757)
147	61,0.000316368218418	(147, 0.00016368923778559757)
147	151,0.000333618385936	(147, 0.00016368923778559757)
148	17,0.000224379861711	(148, 0.00024144012019065535)
148	148,0.000241440120191	(148, 0.00024144012019065535)
148	143,0.000314674781646	(148, 0.00024144012019065535)
148	100,0.000330154840168	(148, 0.00024144012019065535)
148	90,0.000365287723371	(148, 0.00024144012019065535)
148	172,0.000443944288643	(148, 0.00024144012019065535)
148	49,0.000459692389979	(148, 0.00024144012019065535)
148	37,0.00047989875934	(148, 0.00024144012019065535)
148	11,0.000495064508607	(148, 0.00024144012019065535)
148	3,0.000516947169969	(148, 0.00024144012019065535)
149	149,0.000797437813508	(149, 0.00079743781350835043)
149	32,0.000851737611788	(149, 0.00079743781350835043)
149	169,0.00118951371268	(149, 0.00079743781350835043)
149	33,0.00120447427289	(149, 0.00079743781350835043)
149	156,0.00166484671821	(149, 0.00079743781350835043)
149	165,0.00170421515884	(149, 0.00079743781350835043)
149	27,0.00173952775393	(149, 0.00079743781350835043)
149	51,0.00175305503166	(149, 0.00079743781350835043)
149	133,0.00175507807921	(149, 0.00079743781350835043)
149	91,0.00183210138901	(149, 0.00079743781350835043)
150	11,0.000212360716911	(150, 0.00029748766355296928)
150	3,0.000222302978213	(150, 0.00029748766355296928)
150	63,0.000254208378496	(150, 0.00029748766355296928)
150	121,0.000267192094437	(150, 0.00029748766355296928)
150	162,0.000276057981686	(150, 0.00029748766355296928)
150	150,0.000297487663553	(150, 0.00029748766355296928)
150	117,0.000322981905999	(150, 0.00029748766355296928)
150	21,0.00032500117894	(150, 0.00029748766355296928)
150	71,0.000330615404854	(150, 0.00029748766355296928)
150	147,0.000353161915066	(150, 0.00029748766355296928)
151	121,0.000191226860958	(151, 0.00028764844124867995)
151	151,0.000287648441249	(151, 0.00028764844124867995)
151	11,0.000319172320633	(151, 0.00028764844124867995)
151	3,0.000322230371223	(151, 0.00028764844124867995)
151	132,0.000334610197784	(151, 0.00028764844124867995)
151	78,0.000344643058362	(151, 0.00028764844124867995)
151	162,0.000351815702325	(151, 0.00028764844124867995)
151	81,0.000353168522869	(151, 0.00028764844124867995)
151	63,0.000354784138362	(151, 0.00028764844124867995)
151	22,0.00038637028518	(151, 0.00028764844124867995)
152	152,0.000325363105811	(152, 0.00032536310581068666)
152	35,0.000365603052749	(152, 0.00032536310581068666)
152	88,0.000374476940552	(152, 0.00032536310581068666)
152	139,0.00038533124636	(152, 0.00032536310581068666)
152	121,0.000413935404334	(152, 0.00032536310581068666)
152	18,0.000447128014565	(152, 0.00032536310581068666)
152	22,0.000473592618188	(152, 0.00032536310581068666)
152	128,0.000508174228917	(152, 0.00032536310581068666)
152	107,0.000511592800111	(152, 0.00032536310581068666)
152	12,0.000529302847902	(152, 0.00032536310581068666)
153	133,0.000610701331811	(153, 0.00073802819420479401)
153	91,0.000683309994984	(153, 0.00073802819420479401)
153	130,0.000721314816539	(153, 0.00073802819420479401)
153	103,0.00073080120007	(153, 0.00073802819420479401)
153	153,0.000738028194205	(153, 0.00073802819420479401)
153	34,0.000751541648307	(153, 0.00073802819420479401)
153	102,0.000827150914528	(153, 0.00073802819420479401)
153	53,0.000852768024795	(153, 0.00073802819420479401)
153	28,0.000864178826963	(153, 0.00073802819420479401)
153	1,0.000868085924338	(153, 0.00073802819420479401)
154	154,0.000193255054459	(154, 0.00019325505445938663)
154	174,0.000411042822965	(154, 0.00019325505445938663)
154	172,0.000461798265831	(154, 0.00019325505445938663)
154	40,0.000497976880175	(154, 0.00019325505445938663)
154	69,0.000527476440988	(154, 0.00019325505445938663)
154	4,0.000560783604737	(154, 0.00019325505445938663)
154	116,0.000619883100793	(154, 0.00019325505445938663)
154	2,0.000715944249847	(154, 0.00019325505445938663)
154	56,0.000740859546284	(154, 0.00019325505445938663)
154	48,0.000740993501922	(154, 0.00019325505445938663)
155	71,0.000204176215635	(155, 0.00041721020568272893)
155	11,0.000246327853906	(155, 0.00041721020568272893)
155	162,0.00031183053794	(155, 0.00041721020568272893)
155	1,0.000314441000495	(155, 0.00041721020568272893)
155	77,0.000397071509259	(155, 0.00041721020568272893)
155	121,0.000415784499396	(155, 0.00041721020568272893)
155	155,0.000417210205683	(155, 0.00041721020568272893)
155	117,0.000444899934273	(155, 0.00041721020568272893)
155	3,0.000487824442345	(155, 0.00041721020568272893)
155	13,0.000488041593784	(155, 0.00041721020568272893)
156	156,0.000376161808496	(156, 0.00037616180849637046)
156	144,0.000377452114791	(156, 0.00037616180849637046)
156	73,0.000463458008795	(156, 0.00037616180849637046)
156	109,0.000519454189598	(156, 0.00037616180849637046)
156	93,0.000623357452066	(156, 0.00037616180849637046)
156	116,0.000624692827672	(156, 0.00037616180849637046)
156	27,0.000627905327097	(156, 0.00037616180849637046)
156	131,0.00063236796442	(156, 0.00037616180849637046)
156	99,0.000655888522027	(156, 0.00037616180849637046)
156	84,0.000656107403455	(156, 0.00037616180849637046)
157	93,0.00035463669856	(157, 0.00051309832930904902)
157	12,0.000375669232427	(157, 0.00051309832930904902)
157	73,0.000388339471925	(157, 0.00051309832930904902)
157	128,0.000428052451908	(157, 0.00051309832930904902)
157	126,0.000465106781953	(157, 0.00051309832930904902)
157	22,0.000476733380659	(157, 0.00051309832930904902)
157	81,0.000484460243237	(157, 0.00051309832930904902)
157	3,0.000497724581753	(157, 0.00051309832930904902)
157	78,0.000504743526735	(157, 0.00051309832930904902)
157	157,0.000513098329309	(157, 0.00051309832930904902)
158	77,0.000215484024327	(158, 0.00075608021337904838)
158	3,0.000225081609507	(158, 0.00075608021337904838)
158	137,0.000263244017993	(158, 0.00075608021337904838)
158	171,0.000308478900495	(158, 0.00075608021337904838)
158	63,0.00030985858766	(158, 0.00075608021337904838)
158	11,0.000310737642293	(158, 0.00075608021337904838)
158	37,0.000320138276766	(158, 0.00075608021337904838)
158	81,0.000323616580804	(158, 0.00075608021337904838)
158	117,0.000331054372198	(158, 0.00075608021337904838)
158	76,0.000350333521271	(158, 0.00075608021337904838)
159	146,0.000172672040267	(159, 0.00049419814275212289)
159	137,0.000299636426925	(159, 0.00049419814275212289)
159	18,0.000309562983697	(159, 0.00049419814275212289)
159	46,0.000321241909429	(159, 0.00049419814275212289)
159	147,0.000339957007979	(159, 0.00049419814275212289)
159	81,0.000348755645447	(159, 0.00049419814275212289)
159	150,0.000348941994403	(159, 0.00049419814275212289)
159	36,0.000353505624558	(159, 0.00049419814275212289)
159	63,0.000369025167571	(159, 0.00049419814275212289)
159	151,0.000386854402551	(159, 0.00049419814275212289)
160	27,0.000562026939498	(160, 0.0030302535436306172)
160	164,0.000671243937212	(160, 0.0030302535436306172)
160	107,0.000700229273443	(160, 0.0030302535436306172)
160	38,0.000712235179013	(160, 0.0030302535436306172)
160	43,0.000717126234773	(160, 0.0030302535436306172)
160	24,0.000745747579155	(160, 0.0030302535436306172)
160	73,0.000757228206803	(160, 0.0030302535436306172)
160	50,0.000770822151183	(160, 0.0030302535436306172)
160	109,0.000781824909795	(160, 0.0030302535436306172)
160	12,0.000788412059079	(160, 0.0030302535436306172)
161	161,0.000181388379455	(161, 0.00018138837945528191)
161	65,0.000417620648703	(161, 0.00018138837945528191)
161	17,0.000457188083349	(161, 0.00018138837945528191)
161	155,0.000478647858263	(161, 0.00018138837945528191)
161	77,0.000482507797758	(161, 0.00018138837945528191)
161	44,0.00051260549094	(161, 0.00018138837945528191)
161	68,0.000522436973789	(161, 0.00018138837945528191)
161	100,0.000560671127395	(161, 0.00018138837945528191)
161	71,0.000561336520584	(161, 0.00018138837945528191)
161	13,0.000562635343426	(161, 0.00018138837945528191)
162	162,0.000214309557573	(162, 0.00021430955757299435)
162	117,0.000267362570467	(162, 0.00021430955757299435)
162	137,0.000303121652456	(162, 0.00021430955757299435)
162	11,0.000305182096439	(162, 0.00021430955757299435)
162	86,0.000315794501915	(162, 0.00021430955757299435)
162	147,0.000331660275329	(162, 0.00021430955757299435)
162	18,0.000332696151416	(162, 0.00021430955757299435)
162	77,0.000345299748459	(162, 0.00021430955757299435)
162	150,0.000346801698821	(162, 0.00021430955757299435)
162	3,0.000349606450006	(162, 0.00021430955757299435)
163	17,0.000321778080709	(163, 0.00059100574298252904)
163	100,0.000341265553725	(163, 0.00059100574298252904)
163	148,0.000373735592801	(163, 0.00059100574298252904)
163	172,0.000427462754012	(163, 0.00059100574298252904)
163	37,0.000449305399361	(163, 0.00059100574298252904)
163	143,0.000456499748612	(163, 0.00059100574298252904)
163	83,0.000457191327224	(163, 0.00059100574298252904)
163	3,0.000461802965467	(163, 0.00059100574298252904)
163	40,0.000465540278581	(163, 0.00059100574298252904)
163	49,0.000476755888013	(163, 0.00059100574298252904)
164	73,0.000553867521306	(164, 0.00067266732476110175)
164	156,0.000578260893432	(164, 0.00067266732476110175)
164	164,0.000672667324761	(164, 0.00067266732476110175)
164	27,0.000685094909529	(164, 0.00067266732476110175)
164	32,0.000711174676405	(164, 0.00067266732476110175)
164	107,0.000756313027006	(164, 0.00067266732476110175)
164	131,0.000811441459274	(164, 0.00067266732476110175)
164	144,0.000833718771612	(164, 0.00067266732476110175)
164	13,0.000856367469866	(164, 0.00067266732476110175)
164	109,0.00086281568424	(164, 0.00067266732476110175)
165	93,0.000492764086972	(165, 0.0006559889670491205)
165	116,0.000600335610087	(165, 0.0006559889670491205)
165	144,0.000632551393018	(165, 0.0006559889670491205)
165	73,0.000650537518202	(165, 0.0006559889670491205)
165	165,0.000655988967049	(165, 0.0006559889670491205)
165	156,0.000656287255351	(165, 0.0006559889670491205)
165	131,0.000768792588711	(165, 0.0006559889670491205)
165	157,0.000769462686005	(165, 0.0006559889670491205)
165	27,0.000824167228811	(165, 0.0006559889670491205)
165	101,0.000863732734539	(165, 0.0006559889670491205)
166	144,0.000496119279464	(166, 0.00074504093245220983)
166	116,0.000625896750128	(166, 0.00074504093245220983)
166	13,0.000717538213942	(166, 0.00074504093245220983)
166	166,0.000745040932452	(166, 0.00074504093245220983)
166	157,0.000773175862107	(166, 0.00074504093245220983)
166	93,0.000778706532653	(166, 0.00074504093245220983)
166	124,0.000825796212756	(166, 0.00074504093245220983)
166	140,0.000870458535984	(166, 0.00074504093245220983)
166	69,0.000882311094976	(166, 0.00074504093245220983)
166	73,0.000918375869536	(166, 0.00074504093245220983)
167	51,0.000709423920076	(167, 0.0010032475972140882)
167	39,0.000902326740714	(167, 0.0010032475972140882)
167	32,0.000960461314119	(167, 0.0010032475972140882)
167	27,0.000996651660592	(167, 0.0010032475972140882)
167	167,0.00100324759721	(167, 0.0010032475972140882)
167	19,0.00125847458287	(167, 0.0010032475972140882)
167	169,0.0012601240939	(167, 0.0010032475972140882)
167	156,0.00134103359276	(167, 0.0010032475972140882)
167	138,0.00134673625782	(167, 0.0010032475972140882)
167	84,0.00141311177339	(167, 0.0010032475972140882)
168	55,0.000367551322943	(168, 0.00051305237253435043)
168	121,0.000402025259728	(168, 0.00051305237253435043)
168	12,0.000410700013858	(168, 0.00051305237253435043)
168	18,0.000455160155618	(168, 0.00051305237253435043)
168	38,0.000488175497649	(168, 0.00051305237253435043)
168	168,0.000513052372534	(168, 0.00051305237253435043)
168	151,0.000522661799147	(168, 0.00051305237253435043)
168	61,0.000523853902462	(168, 0.00051305237253435043)
168	152,0.00052886757778	(168, 0.00051305237253435043)
168	78,0.000540951039195	(168, 0.00051305237253435043)
169	156,0.000510622691648	(169, 0.00068379375676923954)
169	73,0.00068205984074	(169, 0.00068379375676923954)
169	169,0.000683793756769	(169, 0.00068379375676923954)
169	109,0.000694521438155	(169, 0.00068379375676923954)
169	84,0.00077510001578	(169, 0.00068379375676923954)
169	144,0.000836573188262	(169, 0.00068379375676923954)
169	131,0.000862850013483	(169, 0.00068379375676923954)
169	116,0.000900568801554	(169, 0.00068379375676923954)
169	33,0.000979732431175	(169, 0.00068379375676923954)
169	27,0.00098992109945	(169, 0.00068379375676923954)
170	170,0.000581815996568	(170, 0.00058181599656815879)
170	144,0.000610493500912	(170, 0.00058181599656815879)
170	27,0.000623605065898	(170, 0.00058181599656815879)
170	99,0.0006801758974	(170, 0.00058181599656815879)
170	109,0.000710228582301	(170, 0.00058181599656815879)
170	84,0.000726496729586	(170, 0.00058181599656815879)
170	0,0.00073333287772	(170, 0.00058181599656815879)
170	73,0.000746983763424	(170, 0.00058181599656815879)
170	19,0.000851288020687	(170, 0.00058181599656815879)
170	114,0.000884435895406	(170, 0.00058181599656815879)
171	27,0.000489499074971	(171, 0.0017496517772675408)
171	73,0.000527505692904	(171, 0.0017496517772675408)
171	156,0.000567687037534	(171, 0.0017496517772675408)
171	144,0.00066306070792	(171, 0.0017496517772675408)
171	32,0.000737140543246	(171, 0.0017496517772675408)
171	19,0.000752180108191	(171, 0.0017496517772675408)
171	109,0.000779767207016	(171, 0.0017496517772675408)
171	84,0.000785527674356	(171, 0.0017496517772675408)
171	99,0.000789452879372	(171, 0.0017496517772675408)
171	169,0.000795736962995	(171, 0.0017496517772675408)
172	172,0.000191710824949	(172, 0.00019171082494868539)
172	3,0.000215412361736	(172, 0.00019171082494868539)
172	137,0.000225573217045	(172, 0.00019171082494868539)
172	37,0.000287792741432	(172, 0.00019171082494868539)
172	77,0.000300035493544	(172, 0.00019171082494868539)
172	90,0.000323868824831	(172, 0.00019171082494868539)
172	17,0.000332674309376	(172, 0.00019171082494868539)
172	171,0.000338022303818	(172, 0.00019171082494868539)
172	81,0.000363541586958	(172, 0.00019171082494868539)
172	136,0.00036490789209	(172, 0.00019171082494868539)
173	27,0.000518902165715	(173, 0.0010592213463261767)
173	107,0.000520651815452	(173, 0.0010592213463261767)
173	158,0.000583403812063	(173, 0.0010592213463261767)
173	24,0.000605444086003	(173, 0.0010592213463261767)
173	128,0.000611089666099	(173, 0.0010592213463261767)
173	156,0.000612537278971	(173, 0.0010592213463261767)
173	38,0.000692117120868	(173, 0.0010592213463261767)
173	99,0.000718846338955	(173, 0.0010592213463261767)
173	78,0.000730329817477	(173, 0.0010592213463261767)
173	50,0.00074996354848	(173, 0.0010592213463261767)
174	174,0.0002548983477	(174, 0.00025489834770016509)
174	56,0.000300817189221	(174, 0.00025489834770016509)
174	15,0.000300845611336	(174, 0.00025489834770016509)
174	69,0.000390761931427	(174, 0.00025489834770016509)
174	154,0.000429257445281	(174, 0.00025489834770016509)
174	17,0.00043053830091	(174, 0.00025489834770016509)
174	120,0.000433146415334	(174, 0.00025489834770016509)
174	4,0.000465833177363	(174, 0.00025489834770016509)
174	172,0.000513231868451	(174, 0.00025489834770016509)
174	2,0.00056307457265	(174, 0.00025489834770016509)
