0	0,0.00372488312285	(0, 0.003724883122853202)
0	38,0.0095001250006	(0, 0.003724883122853202)
0	84,0.00984867111804	(0, 0.003724883122853202)
0	99,0.0114959724861	(0, 0.003724883122853202)
0	109,0.0115269685744	(0, 0.003724883122853202)
0	14,0.0126400106523	(0, 0.003724883122853202)
0	78,0.0133176135653	(0, 0.003724883122853202)
0	55,0.0133466497894	(0, 0.003724883122853202)
0	170,0.0134603574014	(0, 0.003724883122853202)
0	144,0.0137627036531	(0, 0.003724883122853202)
1	1,0.00352470504669	(1, 0.0035247050466944881)
1	102,0.00586015176591	(1, 0.0035247050466944881)
1	103,0.0059835947441	(1, 0.0035247050466944881)
1	155,0.0066885480955	(1, 0.0035247050466944881)
1	28,0.00726152099867	(1, 0.0035247050466944881)
1	91,0.00733266316175	(1, 0.0035247050466944881)
1	153,0.0075794816316	(1, 0.0035247050466944881)
1	114,0.00767552165796	(1, 0.0035247050466944881)
1	53,0.00813831355441	(1, 0.0035247050466944881)
1	65,0.00819062065667	(1, 0.0035247050466944881)
2	154,0.00478955509181	(2, 0.007914731595486748)
2	4,0.00485466917802	(2, 0.007914731595486748)
2	69,0.00597115590607	(2, 0.007914731595486748)
2	174,0.00657867927515	(2, 0.007914731595486748)
2	40,0.00686018533843	(2, 0.007914731595486748)
2	2,0.00791473159549	(2, 0.007914731595486748)
2	172,0.00795425504007	(2, 0.007914731595486748)
2	25,0.00928359129157	(2, 0.007914731595486748)
2	15,0.0101696452284	(2, 0.007914731595486748)
2	148,0.0101919625727	(2, 0.007914731595486748)
3	3,0.00194168496117	(3, 0.0019416849611661583)
3	63,0.0030694130776	(3, 0.0019416849611661583)
3	132,0.00359780030786	(3, 0.0019416849611661583)
3	81,0.00361671978139	(3, 0.0019416849611661583)
3	121,0.00413602828352	(3, 0.0019416849611661583)
3	162,0.0041936920806	(3, 0.0019416849611661583)
3	147,0.00439800919293	(3, 0.0019416849611661583)
3	11,0.00460153242258	(3, 0.0019416849611661583)
3	151,0.00484345470387	(3, 0.0019416849611661583)
3	137,0.00493739664624	(3, 0.0019416849611661583)
4	172,0.00318864113171	(4, 0.0055149389297057686)
4	69,0.00428169936474	(4, 0.0055149389297057686)
4	40,0.00431535908989	(4, 0.0055149389297057686)
4	13,0.00488842904245	(4, 0.0055149389297057686)
4	17,0.00497997379635	(4, 0.0055149389297057686)
4	4,0.00551493892971	(4, 0.0055149389297057686)
4	120,0.0056021850278	(4, 0.0055149389297057686)
4	37,0.00581100987061	(4, 0.0055149389297057686)
4	77,0.00623109054067	(4, 0.0055149389297057686)
4	154,0.00623631975404	(4, 0.0055149389297057686)
5	73,0.0034231453844	(5, 0.016553197763406663)
5	78,0.00782973688022	(5, 0.016553197763406663)
5	107,0.0079842789315	(5, 0.016553197763406663)
5	93,0.00802484414698	(5, 0.016553197763406663)
5	128,0.00821821413656	(5, 0.016553197763406663)
5	26,0.00831354801719	(5, 0.016553197763406663)
5	158,0.00864838710004	(5, 0.016553197763406663)
5	121,0.00896118778197	(5, 0.016553197763406663)
5	22,0.00906342326255	(5, 0.016553197763406663)
5	124,0.00916194051616	(5, 0.016553197763406663)
6	139,0.00285674040826	(6, 0.0034219459612353014)
6	46,0.00302198886099	(6, 0.0034219459612353014)
6	6,0.00342194596124	(6, 0.0034219459612353014)
6	76,0.00417885225356	(6, 0.0034219459612353014)
6	22,0.00452460148294	(6, 0.0034219459612353014)
6	171,0.00461425560062	(6, 0.0034219459612353014)
6	18,0.00492643543799	(6, 0.0034219459612353014)
6	158,0.00500486233759	(6, 0.0034219459612353014)
6	35,0.00552490150151	(6, 0.0034219459612353014)
6	132,0.00555549829106	(6, 0.0034219459612353014)
7	66,0.0185872083727	(7, 0.032429483568074007)
7	167,0.0264976687745	(7, 0.032429483568074007)
7	51,0.0269490825389	(7, 0.032429483568074007)
7	32,0.0272457031735	(7, 0.032429483568074007)
7	169,0.0275830708195	(7, 0.032429483568074007)
7	80,0.0280729522526	(7, 0.032429483568074007)
7	133,0.0314656770262	(7, 0.032429483568074007)
7	149,0.0320972346444	(7, 0.032429483568074007)
7	160,0.0322565132098	(7, 0.032429483568074007)
7	7,0.0324294835681	(7, 0.032429483568074007)
8	121,0.00467423710857	(8, 0.0059936412231567033)
8	11,0.00469351721	(8, 0.0059936412231567033)
8	73,0.00528954426903	(8, 0.0059936412231567033)
8	3,0.00583957260178	(8, 0.0059936412231567033)
8	8,0.00599364122316	(8, 0.0059936412231567033)
8	109,0.00599616723389	(8, 0.0059936412231567033)
8	162,0.00600326281611	(8, 0.0059936412231567033)
8	71,0.00629136975996	(8, 0.0059936412231567033)
8	81,0.00632892220635	(8, 0.0059936412231567033)
8	18,0.00638471162592	(8, 0.0059936412231567033)
9	9,0.005657989619	(9, 0.0056579896190027098)
9	155,0.0138359145275	(9, 0.0056579896190027098)
9	114,0.0151512085453	(9, 0.0056579896190027098)
9	91,0.018788457258	(9, 0.0056579896190027098)
9	124,0.0188602935739	(9, 0.0056579896190027098)
9	53,0.0190192561054	(9, 0.0056579896190027098)
9	41,0.0204276693382	(9, 0.0056579896190027098)
9	65,0.0214145551818	(9, 0.0056579896190027098)
9	1,0.0234294886521	(9, 0.0056579896190027098)
9	16,0.0235749367334	(9, 0.0056579896190027098)
10	10,0.00949456787929	(10, 0.0094945678792917702)
10	47,0.0121493505547	(10, 0.0094945678792917702)
10	167,0.0219949632679	(10, 0.0094945678792917702)
10	99,0.0236709968245	(10, 0.0094945678792917702)
10	84,0.0238349691545	(10, 0.0094945678792917702)
10	173,0.0246538467883	(10, 0.0094945678792917702)
10	27,0.0252840739677	(10, 0.0094945678792917702)
10	166,0.0256414545749	(10, 0.0094945678792917702)
10	72,0.0260386285294	(10, 0.0094945678792917702)
10	19,0.0263994047463	(10, 0.0094945678792917702)
11	11,0.00274878166739	(11, 0.0027487816673889935)
11	119,0.00417342183321	(11, 0.0027487816673889935)
11	81,0.00489058751974	(11, 0.0027487816673889935)
11	96,0.00555738199455	(11, 0.0027487816673889935)
11	115,0.00569984876049	(11, 0.0027487816673889935)
11	37,0.00575830316898	(11, 0.0027487816673889935)
11	3,0.00595359008024	(11, 0.0027487816673889935)
11	4,0.00659286233915	(11, 0.0027487816673889935)
11	143,0.00665985640372	(11, 0.0027487816673889935)
11	13,0.00670190513562	(11, 0.0027487816673889935)
12	121,0.00277064469065	(12, 0.0041261069556252014)
12	22,0.00286484226866	(12, 0.0041261069556252014)
12	76,0.00319821010625	(12, 0.0041261069556252014)
12	126,0.00332287645731	(12, 0.0041261069556252014)
12	151,0.0034884344666	(12, 0.0041261069556252014)
12	18,0.00352343488401	(12, 0.0041261069556252014)
12	132,0.0035504742117	(12, 0.0041261069556252014)
12	61,0.00373309147062	(12, 0.0041261069556252014)
12	23,0.00382284806151	(12, 0.0041261069556252014)
12	78,0.00388099316535	(12, 0.0041261069556252014)
13	172,0.00302983661669	(13, 0.0046758396709022263)
13	17,0.00322270397124	(13, 0.0046758396709022263)
13	11,0.00339223942564	(13, 0.0046758396709022263)
13	3,0.00362291362783	(13, 0.0046758396709022263)
13	37,0.00386641641432	(13, 0.0046758396709022263)
13	162,0.00409740848579	(13, 0.0046758396709022263)
13	136,0.00418196656945	(13, 0.0046758396709022263)
13	81,0.00447539972393	(13, 0.0046758396709022263)
13	77,0.00451255235027	(13, 0.0046758396709022263)
13	90,0.00452729114449	(13, 0.0046758396709022263)
14	14,0.0039324696637	(14, 0.0039324696637037587)
14	72,0.00487078518214	(14, 0.0039324696637037587)
14	159,0.00625177591613	(14, 0.0039324696637037587)
14	109,0.00713463082258	(14, 0.0039324696637037587)
14	144,0.00755650795628	(14, 0.0039324696637037587)
14	84,0.00768921701628	(14, 0.0039324696637037587)
14	145,0.00778743285271	(14, 0.0039324696637037587)
14	123,0.00804489908454	(14, 0.0039324696637037587)
14	38,0.00850177261082	(14, 0.0039324696637037587)
14	12,0.00856857258048	(14, 0.0039324696637037587)
15	15,0.00336359060589	(15, 0.0033635906058887728)
15	17,0.00372675736074	(15, 0.0033635906058887728)
15	172,0.00535177703036	(15, 0.0033635906058887728)
15	174,0.00541099913922	(15, 0.0033635906058887728)
15	77,0.00545710186034	(15, 0.0033635906058887728)
15	69,0.00567146195823	(15, 0.0033635906058887728)
15	4,0.00573299644527	(15, 0.0033635906058887728)
15	49,0.00581621552068	(15, 0.0033635906058887728)
15	100,0.00605103939869	(15, 0.0033635906058887728)
15	161,0.00662495750593	(15, 0.0033635906058887728)
16	16,0.00625064073578	(16, 0.0062506407357758803)
16	170,0.00755279269754	(16, 0.0062506407357758803)
16	19,0.0089032887208	(16, 0.0062506407357758803)
16	0,0.00901113263357	(16, 0.0062506407357758803)
16	27,0.0100548644291	(16, 0.0062506407357758803)
16	73,0.0101557050827	(16, 0.0062506407357758803)
16	144,0.0102111519737	(16, 0.0062506407357758803)
16	114,0.0102641993345	(16, 0.0062506407357758803)
16	101,0.0103850332566	(16, 0.0062506407357758803)
16	140,0.010631372288	(16, 0.0062506407357758803)
17	17,0.00193067020509	(17, 0.0019306702050904459)
17	172,0.00323472650623	(17, 0.0019306702050904459)
17	100,0.00435760486655	(17, 0.0019306702050904459)
17	143,0.00444044847895	(17, 0.0019306702050904459)
17	77,0.00449699157863	(17, 0.0019306702050904459)
17	49,0.00492051639514	(17, 0.0019306702050904459)
17	37,0.00508971688177	(17, 0.0019306702050904459)
17	90,0.00532021891127	(17, 0.0019306702050904459)
17	136,0.00538681943188	(17, 0.0019306702050904459)
17	148,0.00573516048731	(17, 0.0019306702050904459)
18	18,0.00236978807275	(18, 0.0023697880727507202)
18	121,0.00294821143731	(18, 0.0023697880727507202)
18	22,0.0031982323106	(18, 0.0023697880727507202)
18	76,0.00320637037335	(18, 0.0023697880727507202)
18	88,0.00352035355395	(18, 0.0023697880727507202)
18	139,0.00355252341659	(18, 0.0023697880727507202)
18	35,0.00368901055909	(18, 0.0023697880727507202)
18	132,0.00382772649618	(18, 0.0023697880727507202)
18	61,0.00388132965389	(18, 0.0023697880727507202)
18	151,0.00406985316401	(18, 0.0023697880727507202)
19	19,0.00726160521478	(19, 0.0072616052147846787)
19	27,0.00762911540092	(19, 0.0072616052147846787)
19	43,0.0087289434671	(19, 0.0072616052147846787)
19	99,0.010189061934	(19, 0.0072616052147846787)
19	32,0.0119483126844	(19, 0.0072616052147846787)
19	107,0.0127694198312	(19, 0.0072616052147846787)
19	84,0.0135124325747	(19, 0.0072616052147846787)
19	39,0.0137169320318	(19, 0.0072616052147846787)
19	58,0.0139521305634	(19, 0.0072616052147846787)
19	73,0.0151615876564	(19, 0.0072616052147846787)
20	73,0.0056717857963	(20, 0.0059441088435190472)
20	20,0.00594410884352	(20, 0.0059441088435190472)
20	124,0.00721536923616	(20, 0.0059441088435190472)
20	93,0.00749769085859	(20, 0.0059441088435190472)
20	1,0.00823707959109	(20, 0.0059441088435190472)
20	89,0.00826306893864	(20, 0.0059441088435190472)
20	128,0.00863177216123	(20, 0.0059441088435190472)
20	109,0.00865053464572	(20, 0.0059441088435190472)
20	26,0.00867781792295	(20, 0.0059441088435190472)
20	157,0.00894350351399	(20, 0.0059441088435190472)
21	71,0.0022469724741	(21, 0.005306632775289589)
21	11,0.00314504645915	(21, 0.005306632775289589)
21	121,0.00349367478288	(21, 0.005306632775289589)
21	117,0.00350772021485	(21, 0.005306632775289589)
21	162,0.00351778978864	(21, 0.005306632775289589)
21	22,0.00504514669224	(21, 0.005306632775289589)
21	23,0.00518779149742	(21, 0.005306632775289589)
21	1,0.00527979551569	(21, 0.005306632775289589)
21	21,0.00530663277529	(21, 0.005306632775289589)
21	86,0.00549650268782	(21, 0.005306632775289589)
22	22,0.00260518899205	(22, 0.0026051889920500212)
22	139,0.00291781186686	(22, 0.0026051889920500212)
22	117,0.0033650040832	(22, 0.0026051889920500212)
22	132,0.0035960875802	(22, 0.0026051889920500212)
22	46,0.00360039697169	(22, 0.0026051889920500212)
22	76,0.00375499253835	(22, 0.0026051889920500212)
22	18,0.00384281757171	(22, 0.0026051889920500212)
22	121,0.00398629510934	(22, 0.0026051889920500212)
22	3,0.00407709539759	(22, 0.0026051889920500212)
22	151,0.00423525497866	(22, 0.0026051889920500212)
23	23,0.00180318692152	(23, 0.0018031869215209874)
23	61,0.00236827397343	(23, 0.0018031869215209874)
23	26,0.00495811245754	(23, 0.0018031869215209874)
23	121,0.0050022968739	(23, 0.0018031869215209874)
23	63,0.00525289313415	(23, 0.0018031869215209874)
23	162,0.00526713497685	(23, 0.0018031869215209874)
23	76,0.00595987786622	(23, 0.0018031869215209874)
23	78,0.0060052553115	(23, 0.0018031869215209874)
23	147,0.0061846811728	(23, 0.0018031869215209874)
23	70,0.00704510268298	(23, 0.0018031869215209874)
24	24,0.00335931109714	(24, 0.0033593110971356466)
24	107,0.00629452464295	(24, 0.0033593110971356466)
24	27,0.00733078056165	(24, 0.0033593110971356466)
24	61,0.00776027112053	(24, 0.0033593110971356466)
24	158,0.008004922998	(24, 0.0033593110971356466)
24	135,0.00853291790209	(24, 0.0033593110971356466)
24	50,0.0085385851581	(24, 0.0033593110971356466)
24	73,0.00876245212965	(24, 0.0033593110971356466)
24	22,0.00884158076887	(24, 0.0033593110971356466)
24	23,0.00902973061345	(24, 0.0033593110971356466)
25	69,0.0026612419075	(25, 0.0035095096624714961)
25	25,0.00350950966247	(25, 0.0035095096624714961)
25	40,0.00394929790207	(25, 0.0035095096624714961)
25	4,0.00445463232349	(25, 0.0035095096624714961)
25	148,0.00540306034706	(25, 0.0035095096624714961)
25	15,0.00542541109937	(25, 0.0035095096624714961)
25	79,0.00675130197703	(25, 0.0035095096624714961)
25	154,0.00677421603155	(25, 0.0035095096624714961)
25	172,0.00721744657853	(25, 0.0035095096624714961)
25	17,0.00761695251294	(25, 0.0035095096624714961)
26	63,0.00258745172004	(26, 0.0065799740649260616)
26	121,0.00270362434895	(26, 0.0065799740649260616)
26	18,0.00278454610094	(26, 0.0065799740649260616)
26	162,0.00310026936479	(26, 0.0065799740649260616)
26	11,0.0032428920285	(26, 0.0065799740649260616)
26	147,0.00334048039711	(26, 0.0065799740649260616)
26	76,0.00340054171761	(26, 0.0065799740649260616)
26	3,0.0034680118616	(26, 0.0065799740649260616)
26	151,0.0035125762665	(26, 0.0065799740649260616)
26	132,0.00354519020406	(26, 0.0065799740649260616)
27	78,0.00598047171533	(27, 0.007136429725193928)
27	73,0.00598790255773	(27, 0.007136429725193928)
27	121,0.00682213523351	(27, 0.007136429725193928)
27	61,0.00688648093386	(27, 0.007136429725193928)
27	170,0.00700840256695	(27, 0.007136429725193928)
27	27,0.00713642972519	(27, 0.007136429725193928)
27	26,0.00719756315906	(27, 0.007136429725193928)
27	128,0.00768205807334	(27, 0.007136429725193928)
27	107,0.00774967062157	(27, 0.007136429725193928)
27	101,0.00788588997709	(27, 0.007136429725193928)
28	1,0.0049482137626	(28, 0.0071765742124598828)
28	13,0.00580104728157	(28, 0.0071765742124598828)
28	73,0.00620505412553	(28, 0.0071765742124598828)
28	3,0.00668338208806	(28, 0.0071765742124598828)
28	28,0.00717657421246	(28, 0.0071765742124598828)
28	53,0.0072966805405	(28, 0.0071765742124598828)
28	155,0.00772288764822	(28, 0.0071765742124598828)
28	83,0.00797024247288	(28, 0.0071765742124598828)
28	26,0.00823510737381	(28, 0.0071765742124598828)
28	11,0.00826740889034	(28, 0.0071765742124598828)
29	29,0.002907342229	(29, 0.0029073422289983982)
29	77,0.00370919775015	(29, 0.0029073422289983982)
29	71,0.0046693403745	(29, 0.0029073422289983982)
29	135,0.00549334395503	(29, 0.0029073422289983982)
29	11,0.00575621217333	(29, 0.0029073422289983982)
29	13,0.00592729703223	(29, 0.0029073422289983982)
29	76,0.00627909975277	(29, 0.0029073422289983982)
29	162,0.00636363551074	(29, 0.0029073422289983982)
29	73,0.00636944615836	(29, 0.0029073422289983982)
29	171,0.00654989115957	(29, 0.0029073422289983982)
30	30,0.00616114462992	(30, 0.0061611446299182637)
30	103,0.0108658137617	(30, 0.0061611446299182637)
30	28,0.0114539773368	(30, 0.0061611446299182637)
30	91,0.0124284076054	(30, 0.0061611446299182637)
30	153,0.0132370701129	(30, 0.0061611446299182637)
30	1,0.0142785218602	(30, 0.0061611446299182637)
30	51,0.0143284625691	(30, 0.0061611446299182637)
30	114,0.0147044393412	(30, 0.0061611446299182637)
30	53,0.0148741951094	(30, 0.0061611446299182637)
30	102,0.0150896278125	(30, 0.0061611446299182637)
31	166,0.00889710828878	(31, 0.0089926264574911718)
31	31,0.00899262645749	(31, 0.0089926264574911718)
31	72,0.0122742526774	(31, 0.0089926264574911718)
31	116,0.0123726550758	(31, 0.0089926264574911718)
31	69,0.0125632857049	(31, 0.0089926264574911718)
31	48,0.0128984607402	(31, 0.0089926264574911718)
31	131,0.0135457835481	(31, 0.0089926264574911718)
31	124,0.0137717315482	(31, 0.0089926264574911718)
31	104,0.0146511520798	(31, 0.0089926264574911718)
31	4,0.014709366099	(31, 0.0089926264574911718)
32	156,0.00638378041606	(32, 0.0083553182985549989)
32	27,0.00799921744622	(32, 0.0083553182985549989)
32	32,0.00835531829855	(32, 0.0083553182985549989)
32	73,0.00840424756047	(32, 0.0083553182985549989)
32	50,0.00875409938183	(32, 0.0083553182985549989)
32	131,0.00991434764164	(32, 0.0083553182985549989)
32	107,0.0100468636737	(32, 0.0083553182985549989)
32	12,0.0105958851121	(32, 0.0083553182985549989)
32	109,0.010660797247	(32, 0.0083553182985549989)
32	164,0.0106794640538	(32, 0.0083553182985549989)
33	33,0.00696369082481	(33, 0.0069636908248074921)
33	69,0.00907326614366	(33, 0.0069636908248074921)
33	4,0.00964226572648	(33, 0.0069636908248074921)
33	116,0.0101853436367	(33, 0.0069636908248074921)
33	93,0.0103283700422	(33, 0.0069636908248074921)
33	28,0.0103881353513	(33, 0.0069636908248074921)
33	106,0.0104679897069	(33, 0.0069636908248074921)
33	40,0.0107894462952	(33, 0.0069636908248074921)
33	73,0.0109184629472	(33, 0.0069636908248074921)
33	156,0.011544364659	(33, 0.0069636908248074921)
34	17,0.00362182023781	(34, 0.0096534336489428763)
34	15,0.00434879456835	(34, 0.0096534336489428763)
34	172,0.00435924639883	(34, 0.0096534336489428763)
34	69,0.00455177999331	(34, 0.0096534336489428763)
34	40,0.00504792975819	(34, 0.0096534336489428763)
34	83,0.00533445216089	(34, 0.0096534336489428763)
34	120,0.00534825692339	(34, 0.0096534336489428763)
34	148,0.00558840969481	(34, 0.0096534336489428763)
34	4,0.00582177900096	(34, 0.0096534336489428763)
34	3,0.00614218512289	(34, 0.0096534336489428763)
35	35,0.00253137483373	(35, 0.0025313748337337017)
35	88,0.0043758972457	(35, 0.0025313748337337017)
35	18,0.00437882695628	(35, 0.0025313748337337017)
35	12,0.00509096847649	(35, 0.0025313748337337017)
35	38,0.00581311716449	(35, 0.0025313748337337017)
35	22,0.00600410001111	(35, 0.0025313748337337017)
35	159,0.00636562750914	(35, 0.0025313748337337017)
35	152,0.00638020250914	(35, 0.0025313748337337017)
35	139,0.00653549839785	(35, 0.0025313748337337017)
35	128,0.00656514078077	(35, 0.0025313748337337017)
36	76,0.00197013463297	(36, 0.0024406301940816913)
36	147,0.00201557326394	(36, 0.0024406301940816913)
36	46,0.00215456192122	(36, 0.0024406301940816913)
36	36,0.00244063019408	(36, 0.0024406301940816913)
36	18,0.00284210631607	(36, 0.0024406301940816913)
36	171,0.00296400938213	(36, 0.0024406301940816913)
36	63,0.0030364465074	(36, 0.0024406301940816913)
36	137,0.00413617819289	(36, 0.0024406301940816913)
36	22,0.00436573120371	(36, 0.0024406301940816913)
36	88,0.00446515277396	(36, 0.0024406301940816913)
37	37,0.00312080381323	(37, 0.003120803813234162)
37	3,0.00348898398343	(37, 0.003120803813234162)
37	77,0.00390095886262	(37, 0.003120803813234162)
37	100,0.00408653116857	(37, 0.003120803813234162)
37	11,0.00422036467868	(37, 0.003120803813234162)
37	17,0.00506319615118	(37, 0.003120803813234162)
37	90,0.00511681444072	(37, 0.003120803813234162)
37	136,0.00527914510067	(37, 0.003120803813234162)
37	143,0.00535302249268	(37, 0.003120803813234162)
37	21,0.00541714047753	(37, 0.003120803813234162)
38	38,0.00286909800395	(38, 0.0028690980039492884)
38	55,0.0063962054725	(38, 0.0028690980039492884)
38	12,0.00646732881348	(38, 0.0028690980039492884)
38	14,0.00693630090439	(38, 0.0028690980039492884)
38	43,0.00777153969143	(38, 0.0028690980039492884)
38	50,0.00883314144965	(38, 0.0028690980039492884)
38	107,0.00885755122528	(38, 0.0028690980039492884)
38	0,0.00905721174508	(38, 0.0028690980039492884)
38	105,0.00909071198611	(38, 0.0028690980039492884)
38	128,0.00920559734587	(38, 0.0028690980039492884)
39	39,0.00578702368569	(39, 0.0057870236856943039)
39	84,0.0117207379538	(39, 0.0057870236856943039)
39	99,0.0119640637332	(39, 0.0057870236856943039)
39	156,0.0121354441986	(39, 0.0057870236856943039)
39	169,0.0125937248226	(39, 0.0057870236856943039)
39	51,0.0126235848593	(39, 0.0057870236856943039)
39	101,0.0129036139431	(39, 0.0057870236856943039)
39	138,0.0129416907483	(39, 0.0057870236856943039)
39	107,0.0131108722554	(39, 0.0057870236856943039)
39	27,0.0134591502705	(39, 0.0057870236856943039)
40	40,0.00264956920345	(40, 0.0026495692034477934)
40	69,0.00319546897908	(40, 0.0026495692034477934)
40	79,0.00428681144511	(40, 0.0026495692034477934)
40	4,0.00479692749163	(40, 0.0026495692034477934)
40	25,0.00482187051134	(40, 0.0026495692034477934)
40	172,0.00492689386272	(40, 0.0026495692034477934)
40	148,0.00503179154535	(40, 0.0026495692034477934)
40	15,0.00503357982116	(40, 0.0026495692034477934)
40	17,0.00559426035928	(40, 0.0026495692034477934)
40	77,0.00633201633813	(40, 0.0026495692034477934)
41	41,0.00346241542457	(41, 0.0034624154245734852)
41	155,0.00488853496587	(41, 0.0034624154245734852)
41	1,0.00886539287561	(41, 0.0034624154245734852)
41	91,0.00915636202498	(41, 0.0034624154245734852)
41	20,0.00983269939101	(41, 0.0034624154245734852)
41	124,0.0111287526812	(41, 0.0034624154245734852)
41	102,0.011479764395	(41, 0.0034624154245734852)
41	114,0.0122286215808	(41, 0.0034624154245734852)
41	53,0.0125920050306	(41, 0.0034624154245734852)
41	101,0.0127247126193	(41, 0.0034624154245734852)
42	163,0.0107872313124	(42, 0.02362317066438669)
42	69,0.0110556338004	(42, 0.02362317066438669)
42	28,0.0129635363062	(42, 0.02362317066438669)
42	34,0.0130855873767	(42, 0.02362317066438669)
42	140,0.01336082338	(42, 0.02362317066438669)
42	53,0.0134465236593	(42, 0.02362317066438669)
42	4,0.0154892578902	(42, 0.02362317066438669)
42	118,0.0157039753344	(42, 0.02362317066438669)
42	110,0.0160658161865	(42, 0.02362317066438669)
42	65,0.0165539752574	(42, 0.02362317066438669)
43	22,0.00377643845565	(43, 0.007341808221186249)
43	12,0.0038145882336	(43, 0.007341808221186249)
43	128,0.00418246945663	(43, 0.007341808221186249)
43	121,0.00427758580785	(43, 0.007341808221186249)
43	78,0.0045216360281	(43, 0.007341808221186249)
43	158,0.00464962954544	(43, 0.007341808221186249)
43	61,0.00477062715609	(43, 0.007341808221186249)
43	18,0.00482671707053	(43, 0.007341808221186249)
43	50,0.00506424147682	(43, 0.007341808221186249)
43	23,0.00539599292026	(43, 0.007341808221186249)
44	109,0.0053028681285	(44, 0.020774148288572287)
44	124,0.00660378897823	(44, 0.020774148288572287)
44	116,0.0066607743369	(44, 0.020774148288572287)
44	93,0.00678181834149	(44, 0.020774148288572287)
44	73,0.00696180840779	(44, 0.020774148288572287)
44	144,0.00743430046316	(44, 0.020774148288572287)
44	84,0.00802239177819	(44, 0.020774148288572287)
44	159,0.00820303163473	(44, 0.020774148288572287)
44	12,0.00855486126322	(44, 0.020774148288572287)
44	115,0.00884941857158	(44, 0.020774148288572287)
45	45,0.00702158842281	(45, 0.0070215884228135303)
45	130,0.01126844848	(45, 0.0070215884228135303)
45	94,0.0118907215148	(45, 0.0070215884228135303)
45	133,0.01438536304	(45, 0.0070215884228135303)
45	34,0.0153201992431	(45, 0.0070215884228135303)
45	98,0.0155706379947	(45, 0.0070215884228135303)
45	129,0.0159088135324	(45, 0.0070215884228135303)
45	83,0.0166157067027	(45, 0.0070215884228135303)
45	15,0.0167574369997	(45, 0.0070215884228135303)
45	91,0.0168492851569	(45, 0.0070215884228135303)
46	46,0.00145595144183	(46, 0.0014559514418303839)
46	171,0.00216835679218	(46, 0.0014559514418303839)
46	36,0.00222168760245	(46, 0.0014559514418303839)
46	137,0.00291111203288	(46, 0.0014559514418303839)
46	76,0.0029430627814	(46, 0.0014559514418303839)
46	147,0.00384023429563	(46, 0.0014559514418303839)
46	63,0.00409835298071	(46, 0.0014559514418303839)
46	139,0.00446077399692	(46, 0.0014559514418303839)
46	18,0.00459127443621	(46, 0.0014559514418303839)
46	6,0.00473202960108	(46, 0.0014559514418303839)
47	99,0.0110784942101	(47, 0.011849420461889394)
47	27,0.0112849650477	(47, 0.011849420461889394)
47	10,0.0114082771585	(47, 0.011849420461889394)
47	47,0.0118494204619	(47, 0.011849420461889394)
47	19,0.0135174630183	(47, 0.011849420461889394)
47	43,0.0142201406745	(47, 0.011849420461889394)
47	84,0.0148939857004	(47, 0.011849420461889394)
47	138,0.0150457575281	(47, 0.011849420461889394)
47	173,0.0154920970545	(47, 0.011849420461889394)
47	0,0.0165112236255	(47, 0.011849420461889394)
48	48,0.00475509540746	(48, 0.004755095407463837)
48	56,0.00496252124844	(48, 0.004755095407463837)
48	120,0.00552966349894	(48, 0.004755095407463837)
48	69,0.00559120546666	(48, 0.004755095407463837)
48	97,0.00647470734172	(48, 0.004755095407463837)
48	40,0.00674988538665	(48, 0.004755095407463837)
48	174,0.00752378967352	(48, 0.004755095407463837)
48	4,0.00818776421336	(48, 0.004755095407463837)
48	154,0.00824212667051	(48, 0.004755095407463837)
48	15,0.00866707204508	(48, 0.004755095407463837)
49	49,0.004360532234	(49, 0.0043605322339967563)
49	59,0.00515304161693	(49, 0.0043605322339967563)
49	77,0.00587031047677	(49, 0.0043605322339967563)
49	98,0.00598563252416	(49, 0.0043605322339967563)
49	172,0.00659435164473	(49, 0.0043605322339967563)
49	15,0.00663753550672	(49, 0.0043605322339967563)
49	100,0.00681518932453	(49, 0.0043605322339967563)
49	17,0.00736032852337	(49, 0.0043605322339967563)
49	83,0.00819768452491	(49, 0.0043605322339967563)
49	37,0.00835624615357	(49, 0.0043605322339967563)
50	50,0.00257505871877	(50, 0.0025750587187662976)
50	12,0.00569585876129	(50, 0.0025750587187662976)
50	107,0.00601202783054	(50, 0.0025750587187662976)
50	158,0.00658563457071	(50, 0.0025750587187662976)
50	171,0.00722722963047	(50, 0.0025750587187662976)
50	128,0.00722952520045	(50, 0.0025750587187662976)
50	38,0.00726024339068	(50, 0.0025750587187662976)
50	22,0.00737285266824	(50, 0.0025750587187662976)
50	76,0.00739494076262	(50, 0.0025750587187662976)
50	35,0.00762180485339	(50, 0.0025750587187662976)
51	124,0.00373757816639	(51, 0.018260125651167823)
51	93,0.00677993418938	(51, 0.018260125651167823)
51	73,0.0067863588297	(51, 0.018260125651167823)
51	155,0.00728768088667	(51, 0.018260125651167823)
51	157,0.00735582822385	(51, 0.018260125651167823)
51	28,0.00749064682989	(51, 0.018260125651167823)
51	53,0.00812688473833	(51, 0.018260125651167823)
51	116,0.00890188983464	(51, 0.018260125651167823)
51	1,0.00938120784522	(51, 0.018260125651167823)
51	13,0.00974441685082	(51, 0.018260125651167823)
52	53,0.00609236993677	(52, 0.020392255055087894)
52	44,0.00700294687768	(52, 0.020392255055087894)
52	155,0.00707691549374	(52, 0.020392255055087894)
52	65,0.0081999033613	(52, 0.020392255055087894)
52	124,0.00843075159622	(52, 0.020392255055087894)
52	13,0.00863884585853	(52, 0.020392255055087894)
52	163,0.00893019708796	(52, 0.020392255055087894)
52	114,0.00913932990325	(52, 0.020392255055087894)
52	161,0.00916571047098	(52, 0.020392255055087894)
52	4,0.00943164888546	(52, 0.020392255055087894)
53	65,0.0043649661706	(53, 0.00469843441423759)
53	53,0.00469843441424	(53, 0.00469843441423759)
53	155,0.00579693636265	(53, 0.00469843441423759)
53	44,0.00612220293063	(53, 0.00469843441423759)
53	161,0.00705974184781	(53, 0.00469843441423759)
53	120,0.00750885385714	(53, 0.00469843441423759)
53	163,0.00778960245636	(53, 0.00469843441423759)
53	114,0.00827113708307	(53, 0.00469843441423759)
53	13,0.0089633375417	(53, 0.00469843441423759)
53	124,0.00925462674538	(53, 0.00469843441423759)
54	136,0.00311863410344	(54, 0.0057599644574042085)
54	162,0.00415609280536	(54, 0.0057599644574042085)
54	11,0.00478874909867	(54, 0.0057599644574042085)
54	63,0.00487474027465	(54, 0.0057599644574042085)
54	137,0.00500274385079	(54, 0.0057599644574042085)
54	147,0.00504287119936	(54, 0.0057599644574042085)
54	3,0.00514376143509	(54, 0.0057599644574042085)
54	71,0.00545212428417	(54, 0.0057599644574042085)
54	54,0.0057599644574	(54, 0.0057599644574042085)
54	90,0.00593314772762	(54, 0.0057599644574042085)
55	12,0.00309280635706	(55, 0.0057048565366694792)
55	159,0.00513659148281	(55, 0.0057048565366694792)
55	152,0.00554540612346	(55, 0.0057048565366694792)
55	134,0.00562909745469	(55, 0.0057048565366694792)
55	121,0.00570033381528	(55, 0.0057048565366694792)
55	55,0.00570485653667	(55, 0.0057048565366694792)
55	86,0.00572566250534	(55, 0.0057048565366694792)
55	128,0.00576721063983	(55, 0.0057048565366694792)
55	38,0.00583965749896	(55, 0.0057048565366694792)
55	18,0.0059941352332	(55, 0.0057048565366694792)
56	56,0.00312026692648	(56, 0.0031202669264784799)
56	120,0.00510802280922	(56, 0.0031202669264784799)
56	15,0.00549507564061	(56, 0.0031202669264784799)
56	69,0.00782237068098	(56, 0.0031202669264784799)
56	48,0.00787574406861	(56, 0.0031202669264784799)
56	174,0.00803853094276	(56, 0.0031202669264784799)
56	113,0.00852096740007	(56, 0.0031202669264784799)
56	4,0.00941075493168	(56, 0.0031202669264784799)
56	97,0.00959804723369	(56, 0.0031202669264784799)
56	44,0.00966880125803	(56, 0.0031202669264784799)
57	57,0.00737190845544	(57, 0.0073719084554379208)
57	122,0.01270935412	(57, 0.0073719084554379208)
57	15,0.0128457603489	(57, 0.0073719084554379208)
57	174,0.0149218598371	(57, 0.0073719084554379208)
57	56,0.0156946635199	(57, 0.0073719084554379208)
57	113,0.0172041333754	(57, 0.0073719084554379208)
57	120,0.0183323076499	(57, 0.0073719084554379208)
57	59,0.0191042024543	(57, 0.0073719084554379208)
57	2,0.0195328948667	(57, 0.0073719084554379208)
57	108,0.0209082634237	(57, 0.0073719084554379208)
58	24,0.00500053474449	(58, 0.019712656650909415)
58	107,0.00627524839665	(58, 0.019712656650909415)
58	27,0.00642076926418	(58, 0.019712656650909415)
58	50,0.00701101803171	(58, 0.019712656650909415)
58	43,0.00874384352083	(58, 0.019712656650909415)
58	61,0.00874821761813	(58, 0.019712656650909415)
58	158,0.00879869245848	(58, 0.019712656650909415)
58	38,0.00910694360932	(58, 0.019712656650909415)
58	12,0.00955917846299	(58, 0.019712656650909415)
58	78,0.00984866414373	(58, 0.019712656650909415)
59	83,0.0114436925359	(59, 0.013623894502011446)
59	15,0.0114497536076	(59, 0.013623894502011446)
59	94,0.0120541417716	(59, 0.013623894502011446)
59	113,0.0121813927486	(59, 0.013623894502011446)
59	65,0.0124338631717	(59, 0.013623894502011446)
59	130,0.0126210355045	(59, 0.013623894502011446)
59	59,0.013623894502	(59, 0.013623894502011446)
59	120,0.0144876862488	(59, 0.013623894502011446)
59	45,0.0147355530719	(59, 0.013623894502011446)
59	98,0.0147860627527	(59, 0.013623894502011446)
60	60,0.00453541397618	(60, 0.004535413976181543)
60	69,0.00471534510647	(60, 0.004535413976181543)
60	40,0.00475509451696	(60, 0.004535413976181543)
60	79,0.00494101553595	(60, 0.004535413976181543)
60	4,0.00608310771727	(60, 0.004535413976181543)
60	25,0.00653759190856	(60, 0.004535413976181543)
60	15,0.00659474060358	(60, 0.004535413976181543)
60	34,0.00694129355817	(60, 0.004535413976181543)
60	77,0.00740780458555	(60, 0.004535413976181543)
60	172,0.00749309474506	(60, 0.004535413976181543)
61	61,0.00236459930183	(61, 0.0023645993018274018)
61	23,0.00253763808781	(61, 0.0023645993018274018)
61	26,0.00398658566503	(61, 0.0023645993018274018)
61	121,0.0040207012877	(61, 0.0023645993018274018)
61	162,0.00450798470987	(61, 0.0023645993018274018)
61	76,0.00458075819861	(61, 0.0023645993018274018)
61	63,0.00459599907721	(61, 0.0023645993018274018)
61	78,0.00468392864895	(61, 0.0023645993018274018)
61	147,0.00494818170755	(61, 0.0023645993018274018)
61	22,0.00523233926911	(61, 0.0023645993018274018)
62	26,0.00474571572489	(62, 0.0065713883340866629)
62	78,0.00475354004126	(62, 0.0065713883340866629)
62	107,0.00597684369757	(62, 0.0065713883340866629)
62	73,0.00610466128814	(62, 0.0065713883340866629)
62	61,0.00619008493104	(62, 0.0065713883340866629)
62	62,0.00657138833409	(62, 0.0065713883340866629)
62	158,0.00681849647118	(62, 0.0065713883340866629)
62	121,0.00713640306453	(62, 0.0065713883340866629)
62	22,0.00743120289149	(62, 0.0065713883340866629)
62	1,0.0075837583698	(62, 0.0065713883340866629)
63	3,0.00219437976858	(63, 0.0035748590967391598)
63	11,0.00295936215466	(63, 0.0035748590967391598)
63	162,0.00340453541437	(63, 0.0035748590967391598)
63	63,0.00357485909674	(63, 0.0035748590967391598)
63	77,0.00364528161784	(63, 0.0035748590967391598)
63	37,0.00399608325881	(63, 0.0035748590967391598)
63	121,0.00414263124753	(63, 0.0035748590967391598)
63	136,0.00418362219609	(63, 0.0035748590967391598)
63	81,0.00426160819684	(63, 0.0035748590967391598)
63	71,0.00464036972509	(63, 0.0035748590967391598)
64	64,0.015354086429	(64, 0.01535408642901917)
64	45,0.0206653868289	(64, 0.01535408642901917)
64	130,0.0223174864877	(64, 0.01535408642901917)
64	118,0.0227236153437	(64, 0.01535408642901917)
64	133,0.0257339401211	(64, 0.01535408642901917)
64	33,0.0276413156774	(64, 0.01535408642901917)
64	34,0.0312077871061	(64, 0.01535408642901917)
64	113,0.0317501311288	(64, 0.01535408642901917)
64	94,0.0336236853016	(64, 0.01535408642901917)
64	15,0.0366996738296	(64, 0.01535408642901917)
65	65,0.00359757816667	(65, 0.003597578166670621)
65	161,0.00431896918514	(65, 0.003597578166670621)
65	83,0.00476973292336	(65, 0.003597578166670621)
65	68,0.00505351040013	(65, 0.003597578166670621)
65	155,0.00635305122795	(65, 0.003597578166670621)
65	1,0.00681728243013	(65, 0.003597578166670621)
65	59,0.00728540808586	(65, 0.003597578166670621)
65	13,0.00733158031032	(65, 0.003597578166670621)
65	71,0.00743854635714	(65, 0.003597578166670621)
65	100,0.00764642911763	(65, 0.003597578166670621)
66	66,0.0141416061021	(66, 0.014141606102068237)
66	130,0.0249813446591	(66, 0.014141606102068237)
66	133,0.0289347054868	(66, 0.014141606102068237)
66	140,0.0318237007033	(66, 0.014141606102068237)
66	118,0.0321803903338	(66, 0.014141606102068237)
66	91,0.0332905410982	(66, 0.014141606102068237)
66	33,0.0340235465504	(66, 0.014141606102068237)
66	141,0.0347367624863	(66, 0.014141606102068237)
66	169,0.0375517176054	(66, 0.014141606102068237)
66	149,0.0390469402841	(66, 0.014141606102068237)
67	67,0.00910769430182	(67, 0.0091076943018224797)
67	84,0.00953914298107	(67, 0.0091076943018224797)
67	169,0.0102945045383	(67, 0.0091076943018224797)
67	93,0.0109799261772	(67, 0.0091076943018224797)
67	140,0.0117158386885	(67, 0.0091076943018224797)
67	109,0.0126622601554	(67, 0.0091076943018224797)
67	28,0.0128926147671	(67, 0.0091076943018224797)
67	30,0.0133218537623	(67, 0.0091076943018224797)
67	116,0.0136338998357	(67, 0.0091076943018224797)
67	131,0.0137510121302	(67, 0.0091076943018224797)
68	68,0.00372341718888	(68, 0.0037234171888788779)
68	70,0.00631462849264	(68, 0.0037234171888788779)
68	23,0.00649354629391	(68, 0.0037234171888788779)
68	63,0.00675654728262	(68, 0.0037234171888788779)
68	61,0.00688183023592	(68, 0.0037234171888788779)
68	162,0.00766327689056	(68, 0.0037234171888788779)
68	147,0.00768748590266	(68, 0.0037234171888788779)
68	77,0.0078267716926	(68, 0.0037234171888788779)
68	26,0.00832570567025	(68, 0.0037234171888788779)
68	71,0.00841858661264	(68, 0.0037234171888788779)
69	15,0.0123598295019	(69, 0.012838664053357192)
69	69,0.0128386640534	(69, 0.012838664053357192)
69	48,0.012984883679	(69, 0.012838664053357192)
69	122,0.0138880647307	(69, 0.012838664053357192)
69	56,0.0139502668344	(69, 0.012838664053357192)
69	174,0.0140072852013	(69, 0.012838664053357192)
69	154,0.0153505066693	(69, 0.012838664053357192)
69	4,0.0158938747214	(69, 0.012838664053357192)
69	33,0.0161157054606	(69, 0.012838664053357192)
69	2,0.0163111100433	(69, 0.012838664053357192)
70	121,0.00353391090082	(70, 0.0046423914820262497)
70	3,0.00436330994113	(70, 0.0046423914820262497)
70	70,0.00464239148203	(70, 0.0046423914820262497)
70	132,0.00466632157909	(70, 0.0046423914820262497)
70	139,0.00512604809953	(70, 0.0046423914820262497)
70	63,0.00513840492696	(70, 0.0046423914820262497)
70	88,0.00526018764588	(70, 0.0046423914820262497)
70	22,0.00526887658834	(70, 0.0046423914820262497)
70	26,0.0055578347363	(70, 0.0046423914820262497)
70	18,0.00556148045897	(70, 0.0046423914820262497)
71	133,0.00880411563223	(71, 0.022175496214385984)
71	91,0.00903752382805	(71, 0.022175496214385984)
71	101,0.0128396937747	(71, 0.022175496214385984)
71	41,0.0132744743316	(71, 0.022175496214385984)
71	32,0.0139266202152	(71, 0.022175496214385984)
71	102,0.0141507572547	(71, 0.022175496214385984)
71	155,0.014637228927	(71, 0.022175496214385984)
71	95,0.015295057066	(71, 0.022175496214385984)
71	1,0.0154429740866	(71, 0.022175496214385984)
71	103,0.0155142334113	(71, 0.022175496214385984)
72	17,0.00613387095764	(72, 0.03682863438324098)
72	172,0.00632829231308	(72, 0.03682863438324098)
72	174,0.00636781044697	(72, 0.03682863438324098)
72	148,0.00665713263351	(72, 0.03682863438324098)
72	143,0.00681553312127	(72, 0.03682863438324098)
72	100,0.00800908683241	(72, 0.03682863438324098)
72	77,0.00847279014849	(72, 0.03682863438324098)
72	40,0.00857519600046	(72, 0.03682863438324098)
72	49,0.00870840575054	(72, 0.03682863438324098)
72	3,0.00877938359499	(72, 0.03682863438324098)
73	73,0.00381130150374	(73, 0.0038113015037386944)
73	13,0.00520557062669	(73, 0.0038113015037386944)
73	157,0.00644852369534	(73, 0.0038113015037386944)
73	124,0.00649136491882	(73, 0.0038113015037386944)
73	27,0.00767922281423	(73, 0.0038113015037386944)
73	53,0.00786242615859	(73, 0.0038113015037386944)
73	109,0.00809057838681	(73, 0.0038113015037386944)
73	114,0.00853158108866	(73, 0.0038113015037386944)
73	93,0.00900304516167	(73, 0.0038113015037386944)
73	155,0.00922112550029	(73, 0.0038113015037386944)
74	17,0.00277512185835	(74, 0.0032264522377134508)
74	136,0.0029362373469	(74, 0.0032264522377134508)
74	74,0.00322645223771	(74, 0.0032264522377134508)
74	37,0.00334075979366	(74, 0.0032264522377134508)
74	100,0.00351793592249	(74, 0.0032264522377134508)
74	77,0.00365356530292	(74, 0.0032264522377134508)
74	90,0.00393813315338	(74, 0.0032264522377134508)
74	127,0.00409840627511	(74, 0.0032264522377134508)
74	11,0.0054304657658	(74, 0.0032264522377134508)
74	172,0.00550039070229	(74, 0.0032264522377134508)
75	167,0.0212646763534	(75, 0.021269224600149024)
75	75,0.0212692246001	(75, 0.021269224600149024)
75	47,0.0309042043386	(75, 0.021269224600149024)
75	10,0.0325441648009	(75, 0.021269224600149024)
75	80,0.0331002125436	(75, 0.021269224600149024)
75	99,0.0348946834497	(75, 0.021269224600149024)
75	67,0.0362941520469	(75, 0.021269224600149024)
75	84,0.0365780028839	(75, 0.021269224600149024)
75	138,0.0370891220207	(75, 0.021269224600149024)
75	19,0.0381904324112	(75, 0.021269224600149024)
76	76,0.00193670367789	(76, 0.0019367036778889883)
76	147,0.00243745897619	(76, 0.0019367036778889883)
76	137,0.00251556076372	(76, 0.0019367036778889883)
76	171,0.00255199353794	(76, 0.0019367036778889883)
76	63,0.00268661951518	(76, 0.0019367036778889883)
76	3,0.00348282142703	(76, 0.0019367036778889883)
76	46,0.00371712068549	(76, 0.0019367036778889883)
76	22,0.00387028182067	(76, 0.0019367036778889883)
76	18,0.00395380385136	(76, 0.0019367036778889883)
76	126,0.00400385094113	(76, 0.0019367036778889883)
77	162,0.00286007715201	(77, 0.0031063962048883532)
77	77,0.00310639620489	(77, 0.0031063962048883532)
77	136,0.00314712570253	(77, 0.0031063962048883532)
77	63,0.00315855115228	(77, 0.0031063962048883532)
77	90,0.00315908838766	(77, 0.0031063962048883532)
77	11,0.0031915154825	(77, 0.0031063962048883532)
77	147,0.00322354735785	(77, 0.0031063962048883532)
77	3,0.00331500743521	(77, 0.0031063962048883532)
77	137,0.00359152613486	(77, 0.0031063962048883532)
77	37,0.00378820883252	(77, 0.0031063962048883532)
78	151,0.00216102514751	(78, 0.0040965822391154571)
78	63,0.00244866940759	(78, 0.0040965822391154571)
78	132,0.00259210360795	(78, 0.0040965822391154571)
78	76,0.00265791349811	(78, 0.0040965822391154571)
78	22,0.00292414939293	(78, 0.0040965822391154571)
78	121,0.00305154633486	(78, 0.0040965822391154571)
78	147,0.0032464086867	(78, 0.0040965822391154571)
78	18,0.00329193433207	(78, 0.0040965822391154571)
78	139,0.00393995256701	(78, 0.0040965822391154571)
78	78,0.00409658223912	(78, 0.0040965822391154571)
79	4,0.00267869607722	(79, 0.0029079522138728145)
79	69,0.00274904156213	(79, 0.0029079522138728145)
79	79,0.00290795221387	(79, 0.0029079522138728145)
79	40,0.00351665167215	(79, 0.0029079522138728145)
79	25,0.00581975684539	(79, 0.0029079522138728145)
79	56,0.0059592061472	(79, 0.0029079522138728145)
79	172,0.00667996900967	(79, 0.0029079522138728145)
79	34,0.00670300994738	(79, 0.0029079522138728145)
79	17,0.00671166257346	(79, 0.0029079522138728145)
79	148,0.00678178789415	(79, 0.0029079522138728145)
80	80,0.0109316617867	(80, 0.01093166178672118)
80	51,0.0131708064961	(80, 0.01093166178672118)
80	167,0.0164584604429	(80, 0.01093166178672118)
80	32,0.0199526876445	(80, 0.01093166178672118)
80	39,0.0268511739841	(80, 0.01093166178672118)
80	169,0.0275926677496	(80, 0.01093166178672118)
80	165,0.028254643048	(80, 0.01093166178672118)
80	27,0.0289636530857	(80, 0.01093166178672118)
80	156,0.0302783896562	(80, 0.01093166178672118)
80	58,0.0304486064921	(80, 0.01093166178672118)
81	81,0.00285183275744	(81, 0.0028518327574390085)
81	3,0.00391436374145	(81, 0.0028518327574390085)
81	132,0.00431891099288	(81, 0.0028518327574390085)
81	11,0.00466390802565	(81, 0.0028518327574390085)
81	121,0.00468799206063	(81, 0.0028518327574390085)
81	77,0.00485982491701	(81, 0.0028518327574390085)
81	151,0.00505728524553	(81, 0.0028518327574390085)
81	117,0.00508823758034	(81, 0.0028518327574390085)
81	22,0.00521268273289	(81, 0.0028518327574390085)
81	76,0.00561850374965	(81, 0.0028518327574390085)
82	27,0.00804287214637	(82, 0.013349171643991594)
82	107,0.00812629127217	(82, 0.013349171643991594)
82	50,0.0082560525131	(82, 0.013349171643991594)
82	12,0.00838292932033	(82, 0.013349171643991594)
82	73,0.00882888293999	(82, 0.013349171643991594)
82	24,0.00889055346991	(82, 0.013349171643991594)
82	13,0.00908180775767	(82, 0.013349171643991594)
82	38,0.00917731150795	(82, 0.013349171643991594)
82	105,0.00934806389129	(82, 0.013349171643991594)
82	61,0.0100378704366	(82, 0.013349171643991594)
83	13,0.00364867371598	(83, 0.0056319554176925898)
83	155,0.0045841537739	(83, 0.0056319554176925898)
83	65,0.00543793253082	(83, 0.0056319554176925898)
83	83,0.00563195541769	(83, 0.0056319554176925898)
83	17,0.00576087690832	(83, 0.0056319554176925898)
83	161,0.00586817968662	(83, 0.0056319554176925898)
83	120,0.00591260648765	(83, 0.0056319554176925898)
83	71,0.00593277960088	(83, 0.0056319554176925898)
83	11,0.00663481800792	(83, 0.0056319554176925898)
83	136,0.0067398699505	(83, 0.0056319554176925898)
84	84,0.0150279145008	(84, 0.015027914500781791)
84	169,0.0152408945937	(84, 0.015027914500781791)
84	67,0.0152907879277	(84, 0.015027914500781791)
84	166,0.0163984975094	(84, 0.015027914500781791)
84	99,0.0183386648895	(84, 0.015027914500781791)
84	140,0.0190083056101	(84, 0.015027914500781791)
84	149,0.021881067213	(84, 0.015027914500781791)
84	109,0.0220771184896	(84, 0.015027914500781791)
84	156,0.0222149852601	(84, 0.015027914500781791)
84	144,0.0222156267643	(84, 0.015027914500781791)
85	67,0.00957139564236	(85, 0.019941944289521646)
85	140,0.0164339828678	(85, 0.019941944289521646)
85	84,0.0178518501516	(85, 0.019941944289521646)
85	149,0.0196014438744	(85, 0.019941944289521646)
85	166,0.0198816945571	(85, 0.019941944289521646)
85	85,0.0199419442895	(85, 0.019941944289521646)
85	169,0.0207777607547	(85, 0.019941944289521646)
85	144,0.0226488337164	(85, 0.019941944289521646)
85	99,0.022895373812	(85, 0.019941944289521646)
85	93,0.0230302826914	(85, 0.019941944289521646)
86	86,0.00300972446282	(86, 0.0030097244628238817)
86	137,0.00365792883237	(86, 0.0030097244628238817)
86	162,0.00383479396753	(86, 0.0030097244628238817)
86	171,0.00397168698738	(86, 0.0030097244628238817)
86	150,0.00411015807763	(86, 0.0030097244628238817)
86	117,0.00416242160972	(86, 0.0030097244628238817)
86	11,0.00428174952574	(86, 0.0030097244628238817)
86	3,0.00428902305275	(86, 0.0030097244628238817)
86	18,0.00437778260737	(86, 0.0030097244628238817)
86	76,0.0045028028502	(86, 0.0030097244628238817)
87	1,0.0046714237096	(87, 0.011592904286825762)
87	121,0.004966033821	(87, 0.011592904286825762)
87	71,0.00503548019729	(87, 0.011592904286825762)
87	26,0.00537132794658	(87, 0.011592904286825762)
87	78,0.00550652668354	(87, 0.011592904286825762)
87	11,0.00593265274104	(87, 0.011592904286825762)
87	20,0.00609088826559	(87, 0.011592904286825762)
87	23,0.00610372922484	(87, 0.011592904286825762)
87	155,0.00629146734582	(87, 0.011592904286825762)
87	61,0.00630262062533	(87, 0.011592904286825762)
88	18,0.00236590871868	(88, 0.0032787182102987865)
88	147,0.0026144298884	(88, 0.0032787182102987865)
88	76,0.00285170262777	(88, 0.0032787182102987865)
88	88,0.0032787182103	(88, 0.0032787182102987865)
88	63,0.0033116426362	(88, 0.0032787182102987865)
88	35,0.00363873249042	(88, 0.0032787182102987865)
88	22,0.0037140794282	(88, 0.0032787182102987865)
88	46,0.00374361304444	(88, 0.0032787182102987865)
88	117,0.00382351692787	(88, 0.0032787182102987865)
88	171,0.00392145999601	(88, 0.0032787182102987865)
89	124,0.00470856448781	(89, 0.0061959763413475498)
89	155,0.00511499309327	(89, 0.0061959763413475498)
89	53,0.00581316298562	(89, 0.0061959763413475498)
89	89,0.00619597634135	(89, 0.0061959763413475498)
89	1,0.00649877253483	(89, 0.0061959763413475498)
89	73,0.00688071304004	(89, 0.0061959763413475498)
89	71,0.00721629917991	(89, 0.0061959763413475498)
89	20,0.00733965726264	(89, 0.0061959763413475498)
89	11,0.00791470006168	(89, 0.0061959763413475498)
89	13,0.00861149938636	(89, 0.0061959763413475498)
90	90,0.00226742285951	(90, 0.0022674228595091881)
90	11,0.00339795330184	(90, 0.0022674228595091881)
90	81,0.00372498763713	(90, 0.0022674228595091881)
90	162,0.00376779326086	(90, 0.0022674228595091881)
90	137,0.00403725219822	(90, 0.0022674228595091881)
90	96,0.00409750567387	(90, 0.0022674228595091881)
90	172,0.00453643835546	(90, 0.0022674228595091881)
90	136,0.00459147620449	(90, 0.0022674228595091881)
90	37,0.00463247249247	(90, 0.0022674228595091881)
90	3,0.00482275182966	(90, 0.0022674228595091881)
91	133,0.00868965232555	(91, 0.01382213561873385)
91	91,0.0138221356187	(91, 0.01382213561873385)
91	130,0.0173630463227	(91, 0.01382213561873385)
91	103,0.0233585612554	(91, 0.01382213561873385)
91	51,0.0234571943237	(91, 0.01382213561873385)
91	102,0.024658292903	(91, 0.01382213561873385)
91	34,0.0247091845205	(91, 0.01382213561873385)
91	66,0.0257980166898	(91, 0.01382213561873385)
91	155,0.026118944808	(91, 0.01382213561873385)
91	53,0.027350961612	(91, 0.01382213561873385)
92	78,0.00431172817965	(92, 0.011635787763796378)
92	61,0.00491881412678	(92, 0.011635787763796378)
92	24,0.00503222412924	(92, 0.011635787763796378)
92	158,0.00547070595455	(92, 0.011635787763796378)
92	128,0.00589497868678	(92, 0.011635787763796378)
92	26,0.00649740879957	(92, 0.011635787763796378)
92	22,0.00671768092013	(92, 0.011635787763796378)
92	12,0.00708544318308	(92, 0.011635787763796378)
92	23,0.00721677843694	(92, 0.011635787763796378)
92	27,0.00738942331551	(92, 0.011635787763796378)
93	22,0.00348645895369	(93, 0.0051011039015477679)
93	132,0.0037059451035	(93, 0.0051011039015477679)
93	158,0.00410571891111	(93, 0.0051011039015477679)
93	128,0.00427375779377	(93, 0.0051011039015477679)
93	121,0.00452066540283	(93, 0.0051011039015477679)
93	78,0.0048096352939	(93, 0.0051011039015477679)
93	76,0.00482094677493	(93, 0.0051011039015477679)
93	93,0.00510110390155	(93, 0.0051011039015477679)
93	12,0.00520681539664	(93, 0.0051011039015477679)
93	126,0.00539454432027	(93, 0.0051011039015477679)
94	94,0.00614013251727	(94, 0.0061401325172690865)
94	83,0.00967490673288	(94, 0.0061401325172690865)
94	155,0.011356459464	(94, 0.0061401325172690865)
94	59,0.0134003427793	(94, 0.0061401325172690865)
94	15,0.0134744289944	(94, 0.0061401325172690865)
94	65,0.0144447355709	(94, 0.0061401325172690865)
94	120,0.0145382240653	(94, 0.0061401325172690865)
94	45,0.0146851451414	(94, 0.0061401325172690865)
94	98,0.0152570445473	(94, 0.0061401325172690865)
94	161,0.0152982130545	(94, 0.0061401325172690865)
95	107,0.00516959915377	(95, 0.012472370368004256)
95	99,0.00653757879895	(95, 0.012472370368004256)
95	43,0.00711147958356	(95, 0.012472370368004256)
95	78,0.00773675823997	(95, 0.012472370368004256)
95	128,0.00777177561429	(95, 0.012472370368004256)
95	27,0.00786165418148	(95, 0.012472370368004256)
95	19,0.0088725588741	(95, 0.012472370368004256)
95	50,0.00951808531853	(95, 0.012472370368004256)
95	39,0.00972549401985	(95, 0.012472370368004256)
95	26,0.0100184132801	(95, 0.012472370368004256)
96	96,0.00302595905622	(96, 0.0030259590562231858)
96	162,0.00442726422593	(96, 0.0030259590562231858)
96	11,0.00514545503614	(96, 0.0030259590562231858)
96	17,0.00574230267198	(96, 0.0030259590562231858)
96	112,0.0058267474083	(96, 0.0030259590562231858)
96	90,0.0061540174985	(96, 0.0030259590562231858)
96	13,0.00624543408517	(96, 0.0030259590562231858)
96	161,0.00633911787012	(96, 0.0030259590562231858)
96	143,0.00682616691371	(96, 0.0030259590562231858)
96	119,0.00724834574236	(96, 0.0030259590562231858)
97	172,0.00415216896029	(97, 0.0083919785557967294)
97	40,0.00451305294088	(97, 0.0083919785557967294)
97	17,0.00453782723411	(97, 0.0083919785557967294)
97	69,0.00492102686374	(97, 0.0083919785557967294)
97	120,0.00508226407324	(97, 0.0083919785557967294)
97	79,0.00602321946961	(97, 0.0083919785557967294)
97	37,0.00623222588502	(97, 0.0083919785557967294)
97	4,0.00625357256691	(97, 0.0083919785557967294)
97	3,0.00643660153469	(97, 0.0083919785557967294)
97	90,0.00666784379581	(97, 0.0083919785557967294)
98	98,0.00291079460045	(98, 0.0029107946004537982)
98	15,0.00485672894376	(98, 0.0029107946004537982)
98	40,0.00542494181081	(98, 0.0029107946004537982)
98	25,0.00598426662665	(98, 0.0029107946004537982)
98	172,0.00633767229642	(98, 0.0029107946004537982)
98	154,0.00653482169322	(98, 0.0029107946004537982)
98	49,0.00670329851442	(98, 0.0029107946004537982)
98	4,0.00750435533283	(98, 0.0029107946004537982)
98	69,0.00787352841008	(98, 0.0029107946004537982)
98	174,0.00789150266044	(98, 0.0029107946004537982)
99	144,0.00548540921468	(99, 0.0068911210302718554)
99	84,0.005840556607	(99, 0.0068911210302718554)
99	156,0.00599474637854	(99, 0.0068911210302718554)
99	93,0.00601327646895	(99, 0.0068911210302718554)
99	73,0.00633486766729	(99, 0.0068911210302718554)
99	128,0.00658161572	(99, 0.0068911210302718554)
99	78,0.00663562257078	(99, 0.0068911210302718554)
99	109,0.00673014363476	(99, 0.0068911210302718554)
99	99,0.00689112103027	(99, 0.0068911210302718554)
99	38,0.00733501070975	(99, 0.0068911210302718554)
100	100,0.00225730068296	(100, 0.0022573006829576699)
100	77,0.0031028379271	(100, 0.0022573006829576699)
100	74,0.00332698966946	(100, 0.0022573006829576699)
100	90,0.00354296558095	(100, 0.0022573006829576699)
100	37,0.00354804220335	(100, 0.0022573006829576699)
100	17,0.00373137169828	(100, 0.0022573006829576699)
100	136,0.00378861514419	(100, 0.0022573006829576699)
100	21,0.00397849925744	(100, 0.0022573006829576699)
100	11,0.00411517673336	(100, 0.0022573006829576699)
100	127,0.00432104506472	(100, 0.0022573006829576699)
101	73,0.00613441230891	(101, 0.0066651156475504986)
101	1,0.00621942792725	(101, 0.0066651156475504986)
101	101,0.00666511564755	(101, 0.0066651156475504986)
101	124,0.00709677848761	(101, 0.0066651156475504986)
101	13,0.00741096953541	(101, 0.0066651156475504986)
101	60,0.00748563787092	(101, 0.0066651156475504986)
101	77,0.00769516482703	(101, 0.0066651156475504986)
101	29,0.00769844796396	(101, 0.0066651156475504986)
101	71,0.00783198070823	(101, 0.0066651156475504986)
101	69,0.0079427289877	(101, 0.0066651156475504986)
102	114,0.00920996541192	(102, 0.0095830533957020052)
102	91,0.00922765196943	(102, 0.0095830533957020052)
102	41,0.00939517072591	(102, 0.0095830533957020052)
102	102,0.0095830533957	(102, 0.0095830533957020052)
102	155,0.00982929276208	(102, 0.0095830533957020052)
102	1,0.0105120320397	(102, 0.0095830533957020052)
102	110,0.0109159691111	(102, 0.0095830533957020052)
102	103,0.0109784248929	(102, 0.0095830533957020052)
102	101,0.0111325678474	(102, 0.0095830533957020052)
102	16,0.0115778570492	(102, 0.0095830533957020052)
103	103,0.0060193273163	(103, 0.0060193273162982624)
103	91,0.00904271979963	(103, 0.0060193273162982624)
103	73,0.0103010935719	(103, 0.0060193273162982624)
103	101,0.0110774099556	(103, 0.0060193273162982624)
103	39,0.0115762316572	(103, 0.0060193273162982624)
103	1,0.0117356500655	(103, 0.0060193273162982624)
103	51,0.0118345551729	(103, 0.0060193273162982624)
103	114,0.0124189621189	(103, 0.0060193273162982624)
103	95,0.0127978460833	(103, 0.0060193273162982624)
103	102,0.0132014570957	(103, 0.0060193273162982624)
104	124,0.0040401228474	(104, 0.0087038592990156746)
104	93,0.00598764639119	(104, 0.0087038592990156746)
104	81,0.00650029167049	(104, 0.0087038592990156746)
104	119,0.00670989586394	(104, 0.0087038592990156746)
104	11,0.00697225781816	(104, 0.0087038592990156746)
104	73,0.007132172164	(104, 0.0087038592990156746)
104	115,0.00733848746664	(104, 0.0087038592990156746)
104	3,0.00800269755752	(104, 0.0087038592990156746)
104	40,0.00807769072837	(104, 0.0087038592990156746)
104	69,0.00826018072546	(104, 0.0087038592990156746)
105	27,0.00640614170364	(105, 0.010379637140734806)
105	43,0.00657644985828	(105, 0.010379637140734806)
105	99,0.00773387499261	(105, 0.010379637140734806)
105	19,0.00773876488164	(105, 0.010379637140734806)
105	38,0.00797956832828	(105, 0.010379637140734806)
105	50,0.00849349996476	(105, 0.010379637140734806)
105	24,0.00855682970338	(105, 0.010379637140734806)
105	107,0.00869349568942	(105, 0.010379637140734806)
105	144,0.00999986110912	(105, 0.010379637140734806)
105	12,0.0100415667049	(105, 0.010379637140734806)
106	106,0.00468803335204	(106, 0.0046880333520418916)
106	174,0.00720359920757	(106, 0.0046880333520418916)
106	116,0.00734647717717	(106, 0.0046880333520418916)
106	172,0.00741637148385	(106, 0.0046880333520418916)
106	157,0.00804839337848	(106, 0.0046880333520418916)
106	93,0.00834724192466	(106, 0.0046880333520418916)
106	154,0.00849848491318	(106, 0.0046880333520418916)
106	13,0.00925908132287	(106, 0.0046880333520418916)
106	69,0.00953376244614	(106, 0.0046880333520418916)
106	156,0.00994136375641	(106, 0.0046880333520418916)
107	22,0.0043885102676	(107, 0.0057715137219899919)
107	26,0.00501394553637	(107, 0.0057715137219899919)
107	76,0.00519992771329	(107, 0.0057715137219899919)
107	77,0.0052404477319	(107, 0.0057715137219899919)
107	139,0.00538820010814	(107, 0.0057715137219899919)
107	121,0.00558098125985	(107, 0.0057715137219899919)
107	1,0.00571592507794	(107, 0.0057715137219899919)
107	61,0.00576183904318	(107, 0.0057715137219899919)
107	107,0.00577151372199	(107, 0.0057715137219899919)
107	78,0.00613595891748	(107, 0.0057715137219899919)
108	77,0.00360225274982	(108, 0.012405488487922405)
108	172,0.00532769211328	(108, 0.012405488487922405)
108	174,0.0062445912443	(108, 0.012405488487922405)
108	4,0.00646463193506	(108, 0.012405488487922405)
108	17,0.00653026845595	(108, 0.012405488487922405)
108	40,0.00679323461826	(108, 0.012405488487922405)
108	100,0.0068234816819	(108, 0.012405488487922405)
108	49,0.0070264523054	(108, 0.012405488487922405)
108	37,0.00704125218722	(108, 0.012405488487922405)
108	171,0.00728870601344	(108, 0.012405488487922405)
109	109,0.0036839450314	(109, 0.0036839450314024125)
109	159,0.00500511829583	(109, 0.0036839450314024125)
109	134,0.00504624850556	(109, 0.0036839450314024125)
109	128,0.00553271022114	(109, 0.0036839450314024125)
109	12,0.00579473829736	(109, 0.0036839450314024125)
109	146,0.0062748724842	(109, 0.0036839450314024125)
109	84,0.00671170882799	(109, 0.0036839450314024125)
109	152,0.00694914302151	(109, 0.0036839450314024125)
109	14,0.00725592932736	(109, 0.0036839450314024125)
109	38,0.00740242481519	(109, 0.0036839450314024125)
110	1,0.00444106693521	(110, 0.0087124145634915415)
110	121,0.00506848566528	(110, 0.0087124145634915415)
110	68,0.00529984043874	(110, 0.0087124145634915415)
110	11,0.00530246636503	(110, 0.0087124145634915415)
110	26,0.00585484842866	(110, 0.0087124145634915415)
110	162,0.00617201066975	(110, 0.0087124145634915415)
110	61,0.00650685476924	(110, 0.0087124145634915415)
110	71,0.00657149609976	(110, 0.0087124145634915415)
110	155,0.00678824907549	(110, 0.0087124145634915415)
110	73,0.00696708350437	(110, 0.0087124145634915415)
111	73,0.00548447056004	(111, 0.01621403947091913)
111	124,0.00575633048968	(111, 0.01621403947091913)
111	93,0.00595649586124	(111, 0.01621403947091913)
111	101,0.00659171667448	(111, 0.01621403947091913)
111	157,0.00706229031207	(111, 0.01621403947091913)
111	13,0.00748270648413	(111, 0.01621403947091913)
111	144,0.0088293153965	(111, 0.01621403947091913)
111	109,0.00886030887941	(111, 0.01621403947091913)
111	27,0.00890029284468	(111, 0.01621403947091913)
111	116,0.00906716569092	(111, 0.01621403947091913)
112	11,0.00318353027793	(112, 0.0039481804026159605)
112	90,0.00326062400713	(112, 0.0039481804026159605)
112	112,0.00394818040262	(112, 0.0039481804026159605)
112	3,0.00403570955557	(112, 0.0039481804026159605)
112	162,0.00403827318512	(112, 0.0039481804026159605)
112	100,0.00416951842171	(112, 0.0039481804026159605)
112	21,0.00438670237499	(112, 0.0039481804026159605)
112	81,0.00466836660957	(112, 0.0039481804026159605)
112	77,0.00493476982388	(112, 0.0039481804026159605)
112	143,0.00502023612097	(112, 0.0039481804026159605)
113	113,0.00400279172267	(113, 0.0040027917226705617)
113	65,0.00783905134518	(113, 0.0040027917226705617)
113	130,0.0114566831706	(113, 0.0040027917226705617)
113	120,0.0127745925181	(113, 0.0040027917226705617)
113	44,0.0131003516658	(113, 0.0040027917226705617)
113	155,0.0141742305711	(113, 0.0040027917226705617)
113	15,0.0142004966259	(113, 0.0040027917226705617)
113	53,0.0142089236598	(113, 0.0040027917226705617)
113	161,0.0144977659885	(113, 0.0040027917226705617)
113	97,0.0146550168526	(113, 0.0040027917226705617)
114	114,0.00414008900971	(114, 0.0041400890097087559)
114	73,0.00531955005754	(114, 0.0041400890097087559)
114	53,0.00539078825861	(114, 0.0041400890097087559)
114	124,0.00607059815382	(114, 0.0041400890097087559)
114	104,0.00719202095519	(114, 0.0041400890097087559)
114	157,0.00764950257524	(114, 0.0041400890097087559)
114	13,0.0078246629113	(114, 0.0041400890097087559)
114	93,0.00840415574003	(114, 0.0041400890097087559)
114	140,0.00859368964698	(114, 0.0041400890097087559)
114	109,0.00869950086592	(114, 0.0041400890097087559)
115	119,0.00434226020332	(115, 0.005229747386879203)
115	115,0.00522974738688	(115, 0.005229747386879203)
115	11,0.00525483316226	(115, 0.005229747386879203)
115	37,0.00536302146699	(115, 0.005229747386879203)
115	17,0.00587123769877	(115, 0.005229747386879203)
115	96,0.00598255270338	(115, 0.005229747386879203)
115	136,0.00612898383203	(115, 0.005229747386879203)
115	172,0.00614378242073	(115, 0.005229747386879203)
115	81,0.00623175090014	(115, 0.005229747386879203)
115	3,0.006650088482	(115, 0.005229747386879203)
116	116,0.0036736694406	(116, 0.0036736694405976426)
116	93,0.00368578120209	(116, 0.0036736694405976426)
116	73,0.00624136370161	(116, 0.0036736694405976426)
116	144,0.00696080442524	(116, 0.0036736694405976426)
116	109,0.00696106017382	(116, 0.0036736694405976426)
116	156,0.00788854549793	(116, 0.0036736694405976426)
116	172,0.00797156079693	(116, 0.0036736694405976426)
116	128,0.00809812662571	(116, 0.0036736694405976426)
116	131,0.00816143668822	(116, 0.0036736694405976426)
116	159,0.00826327091983	(116, 0.0036736694405976426)
117	117,0.00182099853072	(117, 0.0018209985307195311)
117	21,0.00350725861755	(117, 0.0018209985307195311)
117	71,0.00362857079885	(117, 0.0018209985307195311)
117	11,0.00392792838564	(117, 0.0018209985307195311)
117	76,0.00396554348735	(117, 0.0018209985307195311)
117	162,0.00409495368581	(117, 0.0018209985307195311)
117	63,0.00435627144594	(117, 0.0018209985307195311)
117	77,0.00435904578321	(117, 0.0018209985307195311)
117	22,0.00438233328234	(117, 0.0018209985307195311)
117	81,0.0044109684245	(117, 0.0018209985307195311)
118	33,0.00920496396651	(118, 0.010467160931780564)
118	34,0.00979338122486	(118, 0.010467160931780564)
118	118,0.0104671609318	(118, 0.010467160931780564)
118	69,0.0112975056262	(118, 0.010467160931780564)
118	113,0.0117922733462	(118, 0.010467160931780564)
118	15,0.0129291216408	(118, 0.010467160931780564)
118	130,0.0138830727991	(118, 0.010467160931780564)
118	4,0.0141110040412	(118, 0.010467160931780564)
118	2,0.0144966372946	(118, 0.010467160931780564)
118	65,0.0150607813549	(118, 0.010467160931780564)
119	120,0.00476916118928	(119, 0.005748839332412289)
119	119,0.00574883933241	(119, 0.005748839332412289)
119	17,0.00614304653956	(119, 0.005748839332412289)
119	40,0.00625579256204	(119, 0.005748839332412289)
119	172,0.00659392435615	(119, 0.005748839332412289)
119	69,0.0066653610176	(119, 0.005748839332412289)
119	154,0.0071660180483	(119, 0.005748839332412289)
119	123,0.00725138292039	(119, 0.005748839332412289)
119	96,0.00752556927094	(119, 0.005748839332412289)
119	4,0.00776364615344	(119, 0.005748839332412289)
120	120,0.00385992242473	(120, 0.0038599224247270925)
120	65,0.00558221939525	(120, 0.0038599224247270925)
120	44,0.00667499772574	(120, 0.0038599224247270925)
120	97,0.00690325572871	(120, 0.0038599224247270925)
120	161,0.00735168182695	(120, 0.0038599224247270925)
120	53,0.00747462024728	(120, 0.0038599224247270925)
120	54,0.00759055095056	(120, 0.0038599224247270925)
120	155,0.00769719774368	(120, 0.0038599224247270925)
120	124,0.00829149669677	(120, 0.0038599224247270925)
120	17,0.00850869182766	(120, 0.0038599224247270925)
121	121,0.00393848550711	(121, 0.0039384855071142736)
121	1,0.00438900898331	(121, 0.0039384855071142736)
121	78,0.00461550344677	(121, 0.0039384855071142736)
121	22,0.00499058989183	(121, 0.0039384855071142736)
121	26,0.00499671019592	(121, 0.0039384855071142736)
121	11,0.00613179772745	(121, 0.0039384855071142736)
121	61,0.00644585186269	(121, 0.0039384855071142736)
121	23,0.00646555633522	(121, 0.0039384855071142736)
121	128,0.00661213186826	(121, 0.0039384855071142736)
121	73,0.00662090581886	(121, 0.0039384855071142736)
122	174,0.00589995779657	(122, 0.0078965272635678294)
122	154,0.00709916907028	(122, 0.0078965272635678294)
122	122,0.00789652726357	(122, 0.0078965272635678294)
122	69,0.00891108531521	(122, 0.0078965272635678294)
122	48,0.00971963152817	(122, 0.0078965272635678294)
122	172,0.0099235338029	(122, 0.0078965272635678294)
122	116,0.0100357647562	(122, 0.0078965272635678294)
122	2,0.01032609915	(122, 0.0078965272635678294)
122	4,0.0111329770303	(122, 0.0078965272635678294)
122	56,0.0114062837259	(122, 0.0078965272635678294)
123	172,0.00411194390512	(123, 0.005037608944451176)
123	123,0.00503760894445	(123, 0.005037608944451176)
123	119,0.00621676594724	(123, 0.005037608944451176)
123	81,0.00623355456496	(123, 0.005037608944451176)
123	40,0.00641754693865	(123, 0.005037608944451176)
123	90,0.00690412210628	(123, 0.005037608944451176)
123	17,0.00693707845394	(123, 0.005037608944451176)
123	96,0.00694980985725	(123, 0.005037608944451176)
123	146,0.00695150859581	(123, 0.005037608944451176)
123	115,0.00700601314166	(123, 0.005037608944451176)
124	124,0.00657500061314	(124, 0.0065750006131437)
124	101,0.00874660258417	(124, 0.0065750006131437)
124	169,0.0107955693072	(124, 0.0065750006131437)
124	73,0.0113216457411	(124, 0.0065750006131437)
124	41,0.0116953884239	(124, 0.0065750006131437)
124	157,0.0121035242085	(124, 0.0065750006131437)
124	27,0.0121222397442	(124, 0.0065750006131437)
124	140,0.0123326112017	(124, 0.0065750006131437)
124	53,0.012680155059	(124, 0.0065750006131437)
124	155,0.0129595124011	(124, 0.0065750006131437)
125	13,0.00907493804879	(125, 0.010741503545462223)
125	155,0.00953544342155	(125, 0.010741503545462223)
125	65,0.00994147835259	(125, 0.010741503545462223)
125	73,0.0102253129712	(125, 0.010741503545462223)
125	114,0.0106863879885	(125, 0.010741503545462223)
125	125,0.0107415035455	(125, 0.010741503545462223)
125	41,0.011135618606	(125, 0.010741503545462223)
125	68,0.0113547208354	(125, 0.010741503545462223)
125	161,0.0121969652576	(125, 0.010741503545462223)
125	71,0.0122131205414	(125, 0.010741503545462223)
126	126,0.0044130293647	(126, 0.0044130293647026532)
126	81,0.00444595384166	(126, 0.0044130293647026532)
126	121,0.0051484071141	(126, 0.0044130293647026532)
126	132,0.00515688626369	(126, 0.0044130293647026532)
126	3,0.00528573237552	(126, 0.0044130293647026532)
126	119,0.00551704598926	(126, 0.0044130293647026532)
126	12,0.00552559640515	(126, 0.0044130293647026532)
126	11,0.00565419044501	(126, 0.0044130293647026532)
126	128,0.00583953340132	(126, 0.0044130293647026532)
126	151,0.00596179788376	(126, 0.0044130293647026532)
127	17,0.00293102909355	(127, 0.0041510771644881865)
127	136,0.00372343646904	(127, 0.0041510771644881865)
127	74,0.00382443089005	(127, 0.0041510771644881865)
127	127,0.00415107716449	(127, 0.0041510771644881865)
127	100,0.00435306895463	(127, 0.0041510771644881865)
127	77,0.00444385262617	(127, 0.0041510771644881865)
127	59,0.00448266332388	(127, 0.0041510771644881865)
127	37,0.00459611066444	(127, 0.0041510771644881865)
127	49,0.00535149292927	(127, 0.0041510771644881865)
127	172,0.00629419279011	(127, 0.0041510771644881865)
128	128,0.00310427282289	(128, 0.0031042728228930548)
128	12,0.00442478248314	(128, 0.0031042728228930548)
128	78,0.00466463203196	(128, 0.0031042728228930548)
128	139,0.00491609339028	(128, 0.0031042728228930548)
128	22,0.00509113396658	(128, 0.0031042728228930548)
128	121,0.00517922963392	(128, 0.0031042728228930548)
128	159,0.00520263148842	(128, 0.0031042728228930548)
128	158,0.00525478101016	(128, 0.0031042728228930548)
128	50,0.00567213710244	(128, 0.0031042728228930548)
128	151,0.005834456127	(128, 0.0031042728228930548)
129	49,0.00693888502246	(129, 0.013321944357810662)
129	98,0.00769158190798	(129, 0.013321944357810662)
129	77,0.00954467224134	(129, 0.013321944357810662)
129	15,0.00972317889198	(129, 0.013321944357810662)
129	59,0.00994238003898	(129, 0.013321944357810662)
129	100,0.00995645421108	(129, 0.013321944357810662)
129	83,0.0111212481485	(129, 0.013321944357810662)
129	102,0.0114245843213	(129, 0.013321944357810662)
129	25,0.0117619422563	(129, 0.013321944357810662)
129	94,0.0125245915076	(129, 0.013321944357810662)
130	130,0.00897954702602	(130, 0.0089795470260166672)
130	13,0.0100597090136	(130, 0.0089795470260166672)
130	34,0.0102370233407	(130, 0.0089795470260166672)
130	33,0.0106833110005	(130, 0.0089795470260166672)
130	65,0.0107512225644	(130, 0.0089795470260166672)
130	53,0.011382690807	(130, 0.0089795470260166672)
130	155,0.0115897881805	(130, 0.0089795470260166672)
130	91,0.0116039737073	(130, 0.0089795470260166672)
130	69,0.0116201035529	(130, 0.0089795470260166672)
130	124,0.0121389678315	(130, 0.0089795470260166672)
131	166,0.00705144298814	(131, 0.0080067002097697244)
131	116,0.0073858901861	(131, 0.0080067002097697244)
131	131,0.00800670020977	(131, 0.0080067002097697244)
131	72,0.00933253520794	(131, 0.0080067002097697244)
131	144,0.00957525295561	(131, 0.0080067002097697244)
131	156,0.010580892207	(131, 0.0080067002097697244)
131	84,0.01165681506	(131, 0.0080067002097697244)
131	104,0.0121960400145	(131, 0.0080067002097697244)
131	93,0.0125049860279	(131, 0.0080067002097697244)
131	165,0.0127584403429	(131, 0.0080067002097697244)
132	132,0.00258127555663	(132, 0.0025812755566296352)
132	18,0.00265296018595	(132, 0.0025812755566296352)
132	22,0.00289155550965	(132, 0.0025812755566296352)
132	158,0.0035239102863	(132, 0.0025812755566296352)
132	139,0.00357181124438	(132, 0.0025812755566296352)
132	46,0.0035759383638	(132, 0.0025812755566296352)
132	76,0.00361058111524	(132, 0.0025812755566296352)
132	121,0.00376218145849	(132, 0.0025812755566296352)
132	171,0.00397285791314	(132, 0.0025812755566296352)
132	147,0.00403075925488	(132, 0.0025812755566296352)
133	133,0.00295719895137	(133, 0.0029571989513724039)
133	130,0.00996132452701	(133, 0.0029571989513724039)
133	34,0.0101062729758	(133, 0.0029571989513724039)
133	91,0.0101891669831	(133, 0.0029571989513724039)
133	102,0.0124259451525	(133, 0.0029571989513724039)
133	103,0.0130789886223	(133, 0.0029571989513724039)
133	153,0.0136934920676	(133, 0.0029571989513724039)
133	53,0.014440371552	(133, 0.0029571989513724039)
133	155,0.0145581016617	(133, 0.0029571989513724039)
133	65,0.014612203883	(133, 0.0029571989513724039)
134	121,0.00281205213394	(134, 0.0063187674982022567)
134	78,0.00372121309826	(134, 0.0063187674982022567)
134	128,0.00384450951837	(134, 0.0063187674982022567)
134	22,0.00460660228145	(134, 0.0063187674982022567)
134	18,0.00474194392392	(134, 0.0063187674982022567)
134	61,0.00552266663582	(134, 0.0063187674982022567)
134	26,0.00570407368294	(134, 0.0063187674982022567)
134	73,0.00611747837963	(134, 0.0063187674982022567)
134	88,0.00629613741252	(134, 0.0063187674982022567)
134	134,0.0063187674982	(134, 0.0063187674982022567)
135	147,0.00214012366685	(135, 0.0036183587086351973)
135	76,0.00269003649259	(135, 0.0036183587086351973)
135	63,0.00286148301462	(135, 0.0036183587086351973)
135	137,0.00288042114476	(135, 0.0036183587086351973)
135	162,0.00343241092256	(135, 0.0036183587086351973)
135	135,0.00361835870864	(135, 0.0036183587086351973)
135	171,0.0036318267256	(135, 0.0036183587086351973)
135	77,0.00418168832231	(135, 0.0036183587086351973)
135	3,0.00445394399148	(135, 0.0036183587086351973)
135	23,0.00453350016164	(135, 0.0036183587086351973)
136	121,0.00511825693462	(136, 0.0052619029188337493)
136	136,0.00526190291883	(136, 0.0052619029188337493)
136	162,0.00604611434104	(136, 0.0052619029188337493)
136	11,0.00620507158938	(136, 0.0052619029188337493)
136	151,0.00676062380796	(136, 0.0052619029188337493)
136	132,0.00697407149432	(136, 0.0052619029188337493)
136	126,0.00699231560072	(136, 0.0052619029188337493)
136	54,0.00716071249554	(136, 0.0052619029188337493)
136	18,0.00722154762921	(136, 0.0052619029188337493)
136	78,0.00752115462711	(136, 0.0052619029188337493)
137	137,0.00174111836212	(137, 0.0017411183621220043)
137	63,0.00220348509478	(137, 0.0017411183621220043)
137	147,0.00230492179542	(137, 0.0017411183621220043)
137	3,0.00313772270698	(137, 0.0017411183621220043)
137	171,0.00322519116788	(137, 0.0017411183621220043)
137	76,0.003541561567	(137, 0.0017411183621220043)
137	136,0.00400254545724	(137, 0.0017411183621220043)
137	36,0.00409253345602	(137, 0.0017411183621220043)
137	90,0.0042314919321	(137, 0.0017411183621220043)
137	77,0.0044288047354	(137, 0.0017411183621220043)
138	78,0.00465810242195	(138, 0.0059275768549789578)
138	128,0.00529772459049	(138, 0.0059275768549789578)
138	158,0.0053112187723	(138, 0.0059275768549789578)
138	107,0.00559360682587	(138, 0.0059275768549789578)
138	138,0.00592757685498	(138, 0.0059275768549789578)
138	99,0.00727410090277	(138, 0.0059275768549789578)
138	55,0.00748362005807	(138, 0.0059275768549789578)
138	38,0.0076573797083	(138, 0.0059275768549789578)
138	61,0.00787032840364	(138, 0.0059275768549789578)
138	139,0.00789741676473	(138, 0.0059275768549789578)
139	139,0.00118494138715	(139, 0.0011849413871530012)
139	46,0.00309954740114	(139, 0.0011849413871530012)
139	151,0.00349389560756	(139, 0.0011849413871530012)
139	18,0.00370007189776	(139, 0.0011849413871530012)
139	22,0.00372722626237	(139, 0.0011849413871530012)
139	76,0.00373789022173	(139, 0.0011849413871530012)
139	132,0.00381953564448	(139, 0.0011849413871530012)
139	121,0.00466665780656	(139, 0.0011849413871530012)
139	171,0.00489955133721	(139, 0.0011849413871530012)
139	63,0.0050278387025	(139, 0.0011849413871530012)
140	93,0.00682342641106	(140, 0.0080836237108108094)
140	73,0.00701371444174	(140, 0.0080836237108108094)
140	157,0.00750336628717	(140, 0.0080836237108108094)
140	124,0.00778789914778	(140, 0.0080836237108108094)
140	140,0.00808362371081	(140, 0.0080836237108108094)
140	116,0.00857522089509	(140, 0.0080836237108108094)
140	69,0.00863383696518	(140, 0.0080836237108108094)
140	104,0.00943893048471	(140, 0.0080836237108108094)
140	144,0.00964263630437	(140, 0.0080836237108108094)
140	101,0.010243092552	(140, 0.0080836237108108094)
141	48,0.0105781289334	(141, 0.012283287462461479)
141	124,0.0112851071546	(141, 0.012283287462461479)
141	141,0.0122832874625	(141, 0.012283287462461479)
141	120,0.0139269078611	(141, 0.012283287462461479)
141	97,0.0140874188796	(141, 0.012283287462461479)
141	56,0.0142588701448	(141, 0.012283287462461479)
141	4,0.0143065706625	(141, 0.012283287462461479)
141	69,0.0145893259716	(141, 0.012283287462461479)
141	33,0.0150601787855	(141, 0.012283287462461479)
141	155,0.0152818214289	(141, 0.012283287462461479)
142	61,0.00687952459343	(142, 0.020552695149072056)
142	38,0.00796935573957	(142, 0.020552695149072056)
142	12,0.00803504404136	(142, 0.020552695149072056)
142	23,0.00833809081728	(142, 0.020552695149072056)
142	73,0.00857994699592	(142, 0.020552695149072056)
142	78,0.00889313382355	(142, 0.020552695149072056)
142	105,0.00914339728414	(142, 0.020552695149072056)
142	55,0.0091460751328	(142, 0.020552695149072056)
142	16,0.00921329228035	(142, 0.020552695149072056)
142	24,0.00941944691432	(142, 0.020552695149072056)
143	143,0.00289941861685	(143, 0.0028994186168453504)
143	162,0.00316216967957	(143, 0.0028994186168453504)
143	112,0.00318771825827	(143, 0.0028994186168453504)
143	3,0.00330462474182	(143, 0.0028994186168453504)
143	90,0.00335456960752	(143, 0.0028994186168453504)
143	11,0.00344354464752	(143, 0.0028994186168453504)
143	137,0.00362981524062	(143, 0.0028994186168453504)
143	63,0.00419259129433	(143, 0.0028994186168453504)
143	21,0.00445353627785	(143, 0.0028994186168453504)
143	136,0.0045373714132	(143, 0.0028994186168453504)
144	144,0.00356316350138	(144, 0.0035631635013778497)
144	14,0.00698886222209	(144, 0.0035631635013778497)
144	38,0.00709937850094	(144, 0.0035631635013778497)
144	12,0.00782691757554	(144, 0.0035631635013778497)
144	50,0.00881002932781	(144, 0.0035631635013778497)
144	145,0.00919458788284	(144, 0.0035631635013778497)
144	159,0.00993051860671	(144, 0.0035631635013778497)
144	99,0.0100014646422	(144, 0.0035631635013778497)
144	27,0.0100266151598	(144, 0.0035631635013778497)
144	156,0.0100929690015	(144, 0.0035631635013778497)
145	145,0.00540051211722	(145, 0.0054005121172154636)
145	78,0.00551993223546	(145, 0.0054005121172154636)
145	128,0.0055409186735	(145, 0.0054005121172154636)
145	38,0.0055610406207	(145, 0.0054005121172154636)
145	158,0.00560320271524	(145, 0.0054005121172154636)
145	24,0.00641963759848	(145, 0.0054005121172154636)
145	55,0.00642363025355	(145, 0.0054005121172154636)
145	12,0.0071251078969	(145, 0.0054005121172154636)
145	14,0.00755440144166	(145, 0.0054005121172154636)
145	99,0.00824367601439	(145, 0.0054005121172154636)
146	146,0.00168774471226	(146, 0.0016877447122558605)
146	159,0.00458650263109	(146, 0.0016877447122558605)
146	12,0.00557712139982	(146, 0.0016877447122558605)
146	137,0.00577942608374	(146, 0.0016877447122558605)
146	132,0.00590069291028	(146, 0.0016877447122558605)
146	18,0.00590222076056	(146, 0.0016877447122558605)
146	81,0.00616589739348	(146, 0.0016877447122558605)
146	46,0.00636045843851	(146, 0.0016877447122558605)
146	3,0.0064203256708	(146, 0.0016877447122558605)
146	151,0.00665178430926	(146, 0.0016877447122558605)
147	76,0.00211122908429	(147, 0.0022246563633213645)
147	147,0.00222465636332	(147, 0.0022246563633213645)
147	63,0.00229723956325	(147, 0.0022246563633213645)
147	132,0.00329570179266	(147, 0.0022246563633213645)
147	22,0.00332771789975	(147, 0.0022246563633213645)
147	18,0.0033734939545	(147, 0.0022246563633213645)
147	23,0.00339637455274	(147, 0.0022246563633213645)
147	121,0.00351404958254	(147, 0.0022246563633213645)
147	151,0.00358609668251	(147, 0.0022246563633213645)
147	126,0.00403474095323	(147, 0.0022246563633213645)
148	148,0.00231509025734	(148, 0.0023150902573396948)
148	17,0.00313587327414	(148, 0.0023150902573396948)
148	143,0.00339487765009	(148, 0.0023150902573396948)
148	100,0.00441677278962	(148, 0.0023150902573396948)
148	90,0.00505663592499	(148, 0.0023150902573396948)
148	49,0.00542123592427	(148, 0.0023150902573396948)
148	172,0.00575872701424	(148, 0.0023150902573396948)
148	112,0.00620314977194	(148, 0.0023150902573396948)
148	37,0.00629171212495	(148, 0.0023150902573396948)
148	3,0.00644602809648	(148, 0.0023150902573396948)
149	149,0.00782994149519	(149, 0.0078299414951939483)
149	32,0.0129395325803	(149, 0.0078299414951939483)
149	169,0.0151738963178	(149, 0.0078299414951939483)
149	33,0.0161013851868	(149, 0.0078299414951939483)
149	156,0.0242269454009	(149, 0.0078299414951939483)
149	45,0.0244916690178	(149, 0.0078299414951939483)
149	27,0.0245964972532	(149, 0.0078299414951939483)
149	111,0.0248405182779	(149, 0.0078299414951939483)
149	165,0.025154130846	(149, 0.0078299414951939483)
149	91,0.0251755259911	(149, 0.0078299414951939483)
150	3,0.00246778335854	(150, 0.0040170900884587439)
150	11,0.00269467320607	(150, 0.0040170900884587439)
150	121,0.00292975196486	(150, 0.0040170900884587439)
150	162,0.00313784120083	(150, 0.0040170900884587439)
150	71,0.00357455768767	(150, 0.0040170900884587439)
150	63,0.00367832619994	(150, 0.0040170900884587439)
150	150,0.00401709008846	(150, 0.0040170900884587439)
150	132,0.00429098661298	(150, 0.0040170900884587439)
150	117,0.00433248261469	(150, 0.0040170900884587439)
150	76,0.00436665378429	(150, 0.0040170900884587439)
151	121,0.00265413349641	(151, 0.0034282897439438672)
151	151,0.00342828974394	(151, 0.0034282897439438672)
151	132,0.00373009497696	(151, 0.0034282897439438672)
151	81,0.00405363332848	(151, 0.0034282897439438672)
151	3,0.00418555424879	(151, 0.0034282897439438672)
151	63,0.00456431821565	(151, 0.0034282897439438672)
151	22,0.00456849510736	(151, 0.0034282897439438672)
151	70,0.00481403905644	(151, 0.0034282897439438672)
151	78,0.00495433433144	(151, 0.0034282897439438672)
151	117,0.00499475447919	(151, 0.0034282897439438672)
152	152,0.00349432902855	(152, 0.0034943290285471057)
152	121,0.00531289506057	(152, 0.0034943290285471057)
152	35,0.0058378756882	(152, 0.0034943290285471057)
152	139,0.00591338054789	(152, 0.0034943290285471057)
152	18,0.00601435498091	(152, 0.0034943290285471057)
152	88,0.00606135772479	(152, 0.0034943290285471057)
152	117,0.00636670816529	(152, 0.0034943290285471057)
152	81,0.00679459238821	(152, 0.0034943290285471057)
152	12,0.00700174328625	(152, 0.0034943290285471057)
152	22,0.00701315389302	(152, 0.0034943290285471057)
153	133,0.00521004391436	(153, 0.010436610355519457)
153	130,0.00963156995739	(153, 0.010436610355519457)
153	34,0.00988016127712	(153, 0.010436610355519457)
153	153,0.0104366103555	(153, 0.010436610355519457)
153	91,0.0108214362244	(153, 0.010436610355519457)
153	102,0.0115326732978	(153, 0.010436610355519457)
153	103,0.013494022899	(153, 0.010436610355519457)
153	28,0.0139348612296	(153, 0.010436610355519457)
153	1,0.014592231119	(153, 0.010436610355519457)
153	53,0.0147547155057	(153, 0.010436610355519457)
154	154,0.00161605150002	(154, 0.0016160515000246661)
154	40,0.00589020416645	(154, 0.0016160515000246661)
154	174,0.00683534058943	(154, 0.0016160515000246661)
154	69,0.00745376056785	(154, 0.0016160515000246661)
154	172,0.00770723124941	(154, 0.0016160515000246661)
154	4,0.00817458109891	(154, 0.0016160515000246661)
154	2,0.00940319509579	(154, 0.0016160515000246661)
154	48,0.0095710671558	(154, 0.0016160515000246661)
154	56,0.00961230299548	(154, 0.0016160515000246661)
154	15,0.00980372587277	(154, 0.0016160515000246661)
155	71,0.00290126681541	(155, 0.0053944396938354188)
155	11,0.00332512131161	(155, 0.0053944396938354188)
155	162,0.00378064081618	(155, 0.0053944396938354188)
155	1,0.0043578742069	(155, 0.0053944396938354188)
155	121,0.00492404354859	(155, 0.0053944396938354188)
155	77,0.00505013878962	(155, 0.0053944396938354188)
155	3,0.00537207915944	(155, 0.0053944396938354188)
155	155,0.00539443969384	(155, 0.0053944396938354188)
155	117,0.00541941995569	(155, 0.0053944396938354188)
155	81,0.00563428512461	(155, 0.0053944396938354188)
156	73,0.00498067643907	(156, 0.0060740828033342686)
156	144,0.00563996330499	(156, 0.0060740828033342686)
156	156,0.00607408280333	(156, 0.0060740828033342686)
156	109,0.00624158625521	(156, 0.0060740828033342686)
156	27,0.00723072566629	(156, 0.0060740828033342686)
156	38,0.00805863964213	(156, 0.0060740828033342686)
156	84,0.00833483353042	(156, 0.0060740828033342686)
156	93,0.00846886054013	(156, 0.0060740828033342686)
156	107,0.00850789738727	(156, 0.0060740828033342686)
156	50,0.00863756571457	(156, 0.0060740828033342686)
157	22,0.0044346649267	(157, 0.006483469889337682)
157	126,0.00471745633646	(157, 0.006483469889337682)
157	12,0.00479060909421	(157, 0.006483469889337682)
157	121,0.00533402032317	(157, 0.006483469889337682)
157	76,0.00535627915627	(157, 0.006483469889337682)
157	73,0.0053726722811	(157, 0.006483469889337682)
157	128,0.00557971643387	(157, 0.006483469889337682)
157	78,0.00570949872034	(157, 0.006483469889337682)
157	132,0.00571936686751	(157, 0.006483469889337682)
157	3,0.00584572654088	(157, 0.006483469889337682)
158	77,0.00280274094559	(158, 0.0095091773963996151)
158	3,0.00328893968088	(158, 0.0095091773963996151)
158	37,0.00389433426998	(158, 0.0095091773963996151)
158	171,0.00418627290026	(158, 0.0095091773963996151)
158	137,0.00429446935718	(158, 0.0095091773963996151)
158	11,0.00442526888825	(158, 0.0095091773963996151)
158	136,0.00443663537371	(158, 0.0095091773963996151)
158	63,0.00474199868988	(158, 0.0095091773963996151)
158	100,0.00483103126548	(158, 0.0095091773963996151)
158	172,0.00486344025817	(158, 0.0095091773963996151)
159	146,0.00260466499482	(159, 0.0062791696486979515)
159	137,0.00354585875961	(159, 0.0062791696486979515)
159	81,0.00412331924415	(159, 0.0062791696486979515)
159	147,0.00422402507411	(159, 0.0062791696486979515)
159	90,0.00428317572565	(159, 0.0062791696486979515)
159	46,0.00433258726122	(159, 0.0062791696486979515)
159	36,0.00438717315375	(159, 0.0062791696486979515)
159	3,0.00441420895582	(159, 0.0062791696486979515)
159	18,0.0044218683986	(159, 0.0062791696486979515)
159	63,0.00454569771066	(159, 0.0062791696486979515)
160	73,0.00852778473021	(160, 0.039107586702938658)
160	38,0.00898154948229	(160, 0.039107586702938658)
160	109,0.00929292521285	(160, 0.039107586702938658)
160	164,0.00949061926826	(160, 0.039107586702938658)
160	27,0.0100345407976	(160, 0.039107586702938658)
160	12,0.010191598133	(160, 0.039107586702938658)
160	105,0.0103135565785	(160, 0.039107586702938658)
160	84,0.0105934476469	(160, 0.039107586702938658)
160	50,0.0112127649214	(160, 0.039107586702938658)
160	0,0.0112871666219	(160, 0.039107586702938658)
161	161,0.00214790217908	(161, 0.0021479021790825068)
161	65,0.00466626167453	(161, 0.0021479021790825068)
161	44,0.00590840777148	(161, 0.0021479021790825068)
161	155,0.00639828204505	(161, 0.0021479021790825068)
161	68,0.00661962606931	(161, 0.0021479021790825068)
161	17,0.00709120797317	(161, 0.0021479021790825068)
161	83,0.00750656587481	(161, 0.0021479021790825068)
161	13,0.0076950053639	(161, 0.0021479021790825068)
161	1,0.00771700975675	(161, 0.0021479021790825068)
161	71,0.00821784468518	(161, 0.0021479021790825068)
162	162,0.00273101037473	(162, 0.0027310103747342621)
162	117,0.00312692935575	(162, 0.0027310103747342621)
162	76,0.00371462251229	(162, 0.0027310103747342621)
162	18,0.00409578439293	(162, 0.0027310103747342621)
162	147,0.0043552073483	(162, 0.0027310103747342621)
162	11,0.00456781377314	(162, 0.0027310103747342621)
162	12,0.00458405882409	(162, 0.0027310103747342621)
162	137,0.0046324240446	(162, 0.0027310103747342621)
162	81,0.00464852218525	(162, 0.0027310103747342621)
162	90,0.0047429651	(162, 0.0027310103747342621)
163	17,0.00478898507771	(163, 0.0071195564721826211)
163	100,0.0052948778721	(163, 0.0071195564721826211)
163	143,0.00536133651748	(163, 0.0071195564721826211)
163	172,0.00540484614992	(163, 0.0071195564721826211)
163	148,0.00545709768972	(163, 0.0071195564721826211)
163	3,0.00551281759131	(163, 0.0071195564721826211)
163	37,0.00579389791045	(163, 0.0071195564721826211)
163	11,0.00588877932578	(163, 0.0071195564721826211)
163	40,0.00597403295169	(163, 0.0071195564721826211)
163	83,0.00601827068528	(163, 0.0071195564721826211)
164	156,0.00586107947708	(164, 0.0084648473982271415)
164	27,0.00737635550945	(164, 0.0084648473982271415)
164	73,0.00790817473557	(164, 0.0084648473982271415)
164	164,0.00846484739823	(164, 0.0084648473982271415)
164	32,0.00879080732937	(164, 0.0084648473982271415)
164	144,0.00903371734386	(164, 0.0084648473982271415)
164	131,0.00948307945841	(164, 0.0084648473982271415)
164	109,0.00955777875992	(164, 0.0084648473982271415)
164	107,0.0104245916515	(164, 0.0084648473982271415)
164	50,0.0110523014549	(164, 0.0084648473982271415)
165	93,0.00527103670243	(165, 0.0096586403207597742)
165	116,0.00689949674676	(165, 0.0096586403207597742)
165	131,0.0075523562174	(165, 0.0096586403207597742)
165	73,0.00800529674953	(165, 0.0096586403207597742)
165	144,0.00845488403926	(165, 0.0096586403207597742)
165	156,0.00885242961951	(165, 0.0096586403207597742)
165	157,0.0088613622	(165, 0.0096586403207597742)
165	165,0.00965864032076	(165, 0.0096586403207597742)
165	27,0.0105467983966	(165, 0.0096586403207597742)
165	145,0.0110330749505	(165, 0.0096586403207597742)
166	116,0.00772852421129	(166, 0.010177625970619353)
166	69,0.00882041012442	(166, 0.010177625970619353)
166	124,0.00883757983761	(166, 0.010177625970619353)
166	144,0.00952228375214	(166, 0.010177625970619353)
166	13,0.0100475397781	(166, 0.010177625970619353)
166	166,0.0101776259706	(166, 0.010177625970619353)
166	104,0.0104070207336	(166, 0.010177625970619353)
166	157,0.0107131012076	(166, 0.010177625970619353)
166	93,0.0111128857687	(166, 0.010177625970619353)
166	140,0.0111854178996	(166, 0.010177625970619353)
167	51,0.00846128705722	(167, 0.011054512028523211)
167	39,0.00999119027922	(167, 0.011054512028523211)
167	167,0.0110545120285	(167, 0.011054512028523211)
167	32,0.0117343349555	(167, 0.011054512028523211)
167	27,0.0117879430769	(167, 0.011054512028523211)
167	169,0.0151014926063	(167, 0.011054512028523211)
167	19,0.0156215636738	(167, 0.011054512028523211)
167	156,0.0164006197477	(167, 0.011054512028523211)
167	138,0.0164444787223	(167, 0.011054512028523211)
167	84,0.0173761353897	(167, 0.011054512028523211)
168	12,0.00539906080482	(168, 0.0056176841945619928)
168	121,0.00550889747128	(168, 0.0056176841945619928)
168	168,0.00561768419456	(168, 0.0056176841945619928)
168	18,0.00579756071489	(168, 0.0056176841945619928)
168	86,0.00588386256252	(168, 0.0056176841945619928)
168	55,0.0064835448961	(168, 0.0056176841945619928)
168	152,0.00656397265359	(168, 0.0056176841945619928)
168	151,0.00689409716305	(168, 0.0056176841945619928)
168	38,0.00735294863896	(168, 0.0056176841945619928)
168	117,0.0076083183768	(168, 0.0056176841945619928)
169	156,0.0075412001102	(169, 0.0080999715678907441)
169	169,0.00809997156789	(169, 0.0080999715678907441)
169	99,0.00975064668549	(169, 0.0080999715678907441)
169	109,0.0100395490716	(169, 0.0080999715678907441)
169	73,0.0103126844364	(169, 0.0080999715678907441)
169	144,0.0103511903062	(169, 0.0080999715678907441)
169	84,0.0104316693379	(169, 0.0080999715678907441)
169	27,0.0111738143023	(169, 0.0080999715678907441)
169	39,0.0121933391976	(169, 0.0080999715678907441)
169	116,0.012838778462	(169, 0.0080999715678907441)
170	99,0.00679602965059	(170, 0.0071526709823796801)
170	170,0.00715267098238	(170, 0.0071526709823796801)
170	27,0.00829117669358	(170, 0.0071526709823796801)
170	84,0.00858521129198	(170, 0.0071526709823796801)
170	144,0.00864369360387	(170, 0.0071526709823796801)
170	109,0.0100565253418	(170, 0.0071526709823796801)
170	19,0.0101075639085	(170, 0.0071526709823796801)
170	73,0.0102278581881	(170, 0.0071526709823796801)
170	0,0.0109221376281	(170, 0.0071526709823796801)
170	140,0.0116021154844	(170, 0.0071526709823796801)
171	156,0.00685487518509	(171, 0.020713230288950925)
171	27,0.00769516544233	(171, 0.020713230288950925)
171	32,0.0077331569776	(171, 0.020713230288950925)
171	73,0.00819229233021	(171, 0.020713230288950925)
171	164,0.00947321453899	(171, 0.020713230288950925)
171	107,0.00952722175174	(171, 0.020713230288950925)
171	144,0.011225351832	(171, 0.020713230288950925)
171	51,0.011300223857	(171, 0.020713230288950925)
171	169,0.0115242567514	(171, 0.020713230288950925)
171	19,0.0115245988999	(171, 0.020713230288950925)
172	172,0.00177278930122	(172, 0.0017727893012192233)
172	3,0.00315799074263	(172, 0.0017727893012192233)
172	137,0.00318516976449	(172, 0.0017727893012192233)
172	17,0.00373500603244	(172, 0.0017727893012192233)
172	90,0.00409144707751	(172, 0.0017727893012192233)
172	81,0.00446467013847	(172, 0.0017727893012192233)
172	77,0.00450180303542	(172, 0.0017727893012192233)
172	37,0.0045371116117	(172, 0.0017727893012192233)
172	136,0.00466306640165	(172, 0.0017727893012192233)
172	171,0.00520181596236	(172, 0.0017727893012192233)
173	158,0.00680302065546	(173, 0.01222766851609813)
173	38,0.00686004581658	(173, 0.01222766851609813)
173	24,0.00728937093286	(173, 0.01222766851609813)
173	107,0.00730918155241	(173, 0.01222766851609813)
173	27,0.00739608794593	(173, 0.01222766851609813)
173	128,0.00890193667515	(173, 0.01222766851609813)
173	78,0.00913876106983	(173, 0.01222766851609813)
173	61,0.00945339542991	(173, 0.01222766851609813)
173	156,0.00953052991659	(173, 0.01222766851609813)
173	145,0.0100963468806	(173, 0.01222766851609813)
174	174,0.00299572346901	(174, 0.0029957234690076318)
174	15,0.00407460378903	(174, 0.0029957234690076318)
174	56,0.00442375402895	(174, 0.0029957234690076318)
174	120,0.00594243686448	(174, 0.0029957234690076318)
174	17,0.00605372515889	(174, 0.0029957234690076318)
174	69,0.0061741953456	(174, 0.0029957234690076318)
174	4,0.00686351840936	(174, 0.0029957234690076318)
174	172,0.00729586720787	(174, 0.0029957234690076318)
174	154,0.00739705826162	(174, 0.0029957234690076318)
174	2,0.00747578336719	(174, 0.0029957234690076318)
