0	0,0.00760993269605	(0, 0.0076099326960542158)
0	99,0.0176485437076	(0, 0.0076099326960542158)
0	170,0.0194588658424	(0, 0.0076099326960542158)
0	38,0.0196214980174	(0, 0.0076099326960542158)
0	84,0.0198499548608	(0, 0.0076099326960542158)
0	173,0.0218932333655	(0, 0.0076099326960542158)
0	144,0.0232723289766	(0, 0.0076099326960542158)
0	138,0.0234277213454	(0, 0.0076099326960542158)
0	109,0.0240484464501	(0, 0.0076099326960542158)
0	55,0.0241439121583	(0, 0.0076099326960542158)
1	1,0.00778927043269	(1, 0.0077892704326924626)
1	91,0.00998085260255	(1, 0.0077892704326924626)
1	103,0.0100315933137	(1, 0.0077892704326924626)
1	28,0.0101017411206	(1, 0.0077892704326924626)
1	102,0.0118447471117	(1, 0.0077892704326924626)
1	153,0.0130254409358	(1, 0.0077892704326924626)
1	155,0.0131530848451	(1, 0.0077892704326924626)
1	30,0.014863368905	(1, 0.0077892704326924626)
1	114,0.015662125698	(1, 0.0077892704326924626)
1	41,0.0157563017498	(1, 0.0077892704326924626)
2	4,0.00747068292123	(2, 0.012878284358340826)
2	154,0.00748239233429	(2, 0.012878284358340826)
2	69,0.0107332699893	(2, 0.012878284358340826)
2	174,0.0111322760459	(2, 0.012878284358340826)
2	40,0.0111989984151	(2, 0.012878284358340826)
2	2,0.0128782843583	(2, 0.012878284358340826)
2	172,0.013066966203	(2, 0.012878284358340826)
2	25,0.014022296913	(2, 0.012878284358340826)
2	15,0.0159511319514	(2, 0.012878284358340826)
2	56,0.0163045084651	(2, 0.012878284358340826)
3	3,0.00277408767129	(3, 0.0027740876712937764)
3	63,0.00547102803845	(3, 0.0027740876712937764)
3	11,0.00599768128162	(3, 0.0027740876712937764)
3	81,0.00607581979656	(3, 0.0027740876712937764)
3	162,0.00645610299958	(3, 0.0027740876712937764)
3	121,0.0065380612656	(3, 0.0027740876712937764)
3	150,0.00680785981253	(3, 0.0027740876712937764)
3	132,0.00686386812681	(3, 0.0027740876712937764)
3	151,0.00745851497667	(3, 0.0027740876712937764)
3	21,0.00789822851815	(3, 0.0027740876712937764)
4	172,0.00638085275656	(4, 0.0088713090940172913)
4	40,0.00777889650904	(4, 0.0088713090940172913)
4	13,0.00792230575576	(4, 0.0088713090940172913)
4	17,0.00804809800798	(4, 0.0088713090940172913)
4	37,0.00816977718277	(4, 0.0088713090940172913)
4	69,0.00836091259714	(4, 0.0088713090940172913)
4	4,0.00887130909402	(4, 0.0088713090940172913)
4	120,0.00934021198921	(4, 0.0088713090940172913)
4	15,0.00957027359419	(4, 0.0088713090940172913)
4	77,0.0097507580501	(4, 0.0088713090940172913)
5	73,0.00772424616409	(5, 0.028379884545673181)
5	95,0.0132954594308	(5, 0.028379884545673181)
5	107,0.0140314518001	(5, 0.028379884545673181)
5	1,0.0148366096085	(5, 0.028379884545673181)
5	93,0.0152617354034	(5, 0.028379884545673181)
5	26,0.0153355296083	(5, 0.028379884545673181)
5	124,0.0159747467468	(5, 0.028379884545673181)
5	78,0.016032829837	(5, 0.028379884545673181)
5	101,0.0162880487348	(5, 0.028379884545673181)
5	41,0.0169880597094	(5, 0.028379884545673181)
6	139,0.00424810386724	(6, 0.0058402994526539518)
6	46,0.00479363409927	(6, 0.0058402994526539518)
6	6,0.00584029945265	(6, 0.0058402994526539518)
6	76,0.00712598204917	(6, 0.0058402994526539518)
6	22,0.00724702024912	(6, 0.0058402994526539518)
6	18,0.00780488009646	(6, 0.0058402994526539518)
6	35,0.00790819689523	(6, 0.0058402994526539518)
6	158,0.00833978937618	(6, 0.0058402994526539518)
6	132,0.00850793138411	(6, 0.0058402994526539518)
6	171,0.00863853490265	(6, 0.0058402994526539518)
7	66,0.0284490106572	(7, 0.049505754789403791)
7	167,0.0414774470164	(7, 0.049505754789403791)
7	32,0.0445257983222	(7, 0.049505754789403791)
7	169,0.0447117882936	(7, 0.049505754789403791)
7	80,0.0453195680703	(7, 0.049505754789403791)
7	51,0.0457091809057	(7, 0.049505754789403791)
7	7,0.0495057547894	(7, 0.049505754789403791)
7	160,0.0502503619946	(7, 0.049505754789403791)
7	133,0.0519033266632	(7, 0.049505754789403791)
7	149,0.0519761143646	(7, 0.049505754789403791)
8	11,0.00721838644337	(8, 0.0098674559901680524)
8	121,0.00769419685955	(8, 0.0098674559901680524)
8	1,0.00980590348221	(8, 0.0098674559901680524)
8	8,0.00986745599017	(8, 0.0098674559901680524)
8	162,0.0104590144456	(8, 0.0098674559901680524)
8	73,0.0104889244613	(8, 0.0098674559901680524)
8	71,0.01072244006	(8, 0.0098674559901680524)
8	155,0.0109805274869	(8, 0.0098674559901680524)
8	78,0.0111224916835	(8, 0.0098674559901680524)
8	18,0.011684294987	(8, 0.0098674559901680524)
9	9,0.00865934394342	(9, 0.0086593439434188794)
9	155,0.0227501236871	(9, 0.0086593439434188794)
9	114,0.02439977303	(9, 0.0086593439434188794)
9	91,0.02652004673	(9, 0.0086593439434188794)
9	53,0.027401860542	(9, 0.0086593439434188794)
9	124,0.0311318660598	(9, 0.0086593439434188794)
9	41,0.0342894012015	(9, 0.0086593439434188794)
9	65,0.0345833905151	(9, 0.0086593439434188794)
9	28,0.0361393022473	(9, 0.0086593439434188794)
9	1,0.0382787123224	(9, 0.0086593439434188794)
10	10,0.0129986442782	(10, 0.012998644278210368)
10	47,0.0194940619827	(10, 0.012998644278210368)
10	167,0.0339794729852	(10, 0.012998644278210368)
10	99,0.0386220013712	(10, 0.012998644278210368)
10	84,0.0390340638156	(10, 0.012998644278210368)
10	173,0.0397156663624	(10, 0.012998644278210368)
10	166,0.040013993258	(10, 0.012998644278210368)
10	72,0.0419362388887	(10, 0.012998644278210368)
10	14,0.0425165788742	(10, 0.012998644278210368)
10	138,0.0429525308507	(10, 0.012998644278210368)
11	11,0.00430154015633	(11, 0.0043015401563293422)
11	119,0.00558800454203	(11, 0.0043015401563293422)
11	81,0.00696260059996	(11, 0.0043015401563293422)
11	115,0.00779922706427	(11, 0.0043015401563293422)
11	96,0.00862995138289	(11, 0.0043015401563293422)
11	3,0.00882702875505	(11, 0.0043015401563293422)
11	13,0.00969979459898	(11, 0.0043015401563293422)
11	37,0.0105257829842	(11, 0.0043015401563293422)
11	86,0.011018648282	(11, 0.0043015401563293422)
11	124,0.0112754075197	(11, 0.0043015401563293422)
12	22,0.00476445973459	(12, 0.0049038954814609641)
12	12,0.00490389548146	(12, 0.0049038954814609641)
12	126,0.00536496036899	(12, 0.0049038954814609641)
12	76,0.00543475956471	(12, 0.0049038954814609641)
12	121,0.00602065365615	(12, 0.0049038954814609641)
12	151,0.00622517491291	(12, 0.0049038954814609641)
12	137,0.00667736652861	(12, 0.0049038954814609641)
12	132,0.00672364256649	(12, 0.0049038954814609641)
12	86,0.00675891414505	(12, 0.0049038954814609641)
12	18,0.00680141322955	(12, 0.0049038954814609641)
13	17,0.00521800680688	(13, 0.0088443790464075491)
13	11,0.00543476064432	(13, 0.0088443790464075491)
13	172,0.00543900223913	(13, 0.0088443790464075491)
13	3,0.00595477813118	(13, 0.0088443790464075491)
13	90,0.00605776730334	(13, 0.0088443790464075491)
13	37,0.00680125975782	(13, 0.0088443790464075491)
13	162,0.00682182293877	(13, 0.0088443790464075491)
13	81,0.00701911405608	(13, 0.0088443790464075491)
13	71,0.00754303895794	(13, 0.0088443790464075491)
13	77,0.00760329247259	(13, 0.0088443790464075491)
14	14,0.00567722729787	(14, 0.0056772272978671033)
14	72,0.00842747600941	(14, 0.0056772272978671033)
14	159,0.00918533757221	(14, 0.0056772272978671033)
14	144,0.0117135780734	(14, 0.0056772272978671033)
14	145,0.0122238130973	(14, 0.0056772272978671033)
14	109,0.012709552592	(14, 0.0056772272978671033)
14	84,0.0134825620213	(14, 0.0056772272978671033)
14	38,0.0135031991551	(14, 0.0056772272978671033)
14	12,0.013630153964	(14, 0.0056772272978671033)
14	123,0.0136330888239	(14, 0.0056772272978671033)
15	17,0.00622373885341	(15, 0.0068482669789991209)
15	15,0.006848266979	(15, 0.0068482669789991209)
15	77,0.00740749448105	(15, 0.0068482669789991209)
15	100,0.00821912060357	(15, 0.0068482669789991209)
15	59,0.00846785870916	(15, 0.0068482669789991209)
15	49,0.00866237571079	(15, 0.0068482669789991209)
15	174,0.00960433764374	(15, 0.0068482669789991209)
15	172,0.00976048460512	(15, 0.0068482669789991209)
15	4,0.0105038709816	(15, 0.0068482669789991209)
15	161,0.0105833371726	(15, 0.0068482669789991209)
16	16,0.00954569178397	(16, 0.0095456917839655837)
16	170,0.011403495431	(16, 0.0095456917839655837)
16	0,0.0139727194548	(16, 0.0095456917839655837)
16	19,0.0141827915422	(16, 0.0095456917839655837)
16	114,0.0176247601285	(16, 0.0095456917839655837)
16	27,0.0179642657846	(16, 0.0095456917839655837)
16	101,0.0180295084643	(16, 0.0095456917839655837)
16	144,0.0180480140914	(16, 0.0095456917839655837)
16	73,0.0188215281464	(16, 0.0095456917839655837)
16	140,0.0192860162244	(16, 0.0095456917839655837)
17	17,0.00281763343395	(17, 0.0028176334339536382)
17	172,0.00542883359387	(17, 0.0028176334339536382)
17	100,0.00709856188796	(17, 0.0028176334339536382)
17	77,0.007255414375	(17, 0.0028176334339536382)
17	143,0.00734330785776	(17, 0.0028176334339536382)
17	90,0.00745381594082	(17, 0.0028176334339536382)
17	37,0.00822531099416	(17, 0.0028176334339536382)
17	136,0.00838347359898	(17, 0.0028176334339536382)
17	49,0.00874106864108	(17, 0.0028176334339536382)
17	3,0.00890763001188	(17, 0.0028176334339536382)
18	18,0.00402353183946	(18, 0.0040235318394649076)
18	88,0.00454363341574	(18, 0.0040235318394649076)
18	22,0.00530559353179	(18, 0.0040235318394649076)
18	139,0.00562684503866	(18, 0.0040235318394649076)
18	76,0.00569746387816	(18, 0.0040235318394649076)
18	121,0.00579109605893	(18, 0.0040235318394649076)
18	35,0.00584438295676	(18, 0.0040235318394649076)
18	61,0.00634323304713	(18, 0.0040235318394649076)
18	132,0.00672506285277	(18, 0.0040235318394649076)
18	23,0.00741536775121	(18, 0.0040235318394649076)
19	19,0.0104269967378	(19, 0.010426996737846186)
19	27,0.013623403393	(19, 0.010426996737846186)
19	43,0.0141509750662	(19, 0.010426996737846186)
19	99,0.0154362280976	(19, 0.010426996737846186)
19	164,0.0218683900492	(19, 0.010426996737846186)
19	84,0.0219209837992	(19, 0.010426996737846186)
19	32,0.0221134563794	(19, 0.010426996737846186)
19	107,0.0221446963326	(19, 0.010426996737846186)
19	138,0.022517543532	(19, 0.010426996737846186)
19	170,0.022567076388	(19, 0.010426996737846186)
20	73,0.00853804130183	(20, 0.0094351579744442401)
20	124,0.00940733102317	(20, 0.0094351579744442401)
20	20,0.00943515797444	(20, 0.0094351579744442401)
20	93,0.0115389194119	(20, 0.0094351579744442401)
20	157,0.0118605175524	(20, 0.0094351579744442401)
20	109,0.01230362007	(20, 0.0094351579744442401)
20	1,0.0127864423938	(20, 0.0094351579744442401)
20	89,0.0130931203949	(20, 0.0094351579744442401)
20	155,0.0147162218952	(20, 0.0094351579744442401)
20	128,0.0148476636747	(20, 0.0094351579744442401)
21	121,0.00418741801305	(21, 0.0090055253409864391)
21	11,0.0051051461551	(21, 0.0090055253409864391)
21	71,0.00534884608741	(21, 0.0090055253409864391)
21	162,0.00545110673644	(21, 0.0090055253409864391)
21	117,0.00599107839317	(21, 0.0090055253409864391)
21	22,0.00703594780935	(21, 0.0090055253409864391)
21	23,0.00714135617321	(21, 0.0090055253409864391)
21	86,0.0077003998101	(21, 0.0090055253409864391)
21	76,0.00776281166293	(21, 0.0090055253409864391)
21	3,0.00818709444763	(21, 0.0090055253409864391)
22	22,0.00405406495715	(22, 0.0040540649571512511)
22	117,0.00469594680131	(22, 0.0040540649571512511)
22	139,0.00489377240643	(22, 0.0040540649571512511)
22	76,0.00502979178813	(22, 0.0040540649571512511)
22	132,0.00563103648222	(22, 0.0040540649571512511)
22	46,0.005771374077	(22, 0.0040540649571512511)
22	3,0.00638329865524	(22, 0.0040540649571512511)
22	18,0.00671270950546	(22, 0.0040540649571512511)
22	63,0.00684453212193	(22, 0.0040540649571512511)
22	121,0.00685079547378	(22, 0.0040540649571512511)
23	23,0.00309120562559	(23, 0.0030912056255861494)
23	61,0.0034932027389	(23, 0.0030912056255861494)
23	26,0.00730539507339	(23, 0.0030912056255861494)
23	121,0.0090325223605	(23, 0.0030912056255861494)
23	63,0.00968347309058	(23, 0.0030912056255861494)
23	76,0.00981493412893	(23, 0.0030912056255861494)
23	78,0.0100171485084	(23, 0.0030912056255861494)
23	147,0.0103797116998	(23, 0.0030912056255861494)
23	70,0.01065264431	(23, 0.0030912056255861494)
23	162,0.0106815938748	(23, 0.0030912056255861494)
24	24,0.00425439585964	(24, 0.0042543958596368463)
24	107,0.0112616114592	(24, 0.0042543958596368463)
24	27,0.0122124566184	(24, 0.0042543958596368463)
24	135,0.0137971399914	(24, 0.0042543958596368463)
24	61,0.0139074868019	(24, 0.0042543958596368463)
24	158,0.0142833535089	(24, 0.0042543958596368463)
24	50,0.0142886921135	(24, 0.0042543958596368463)
24	12,0.0149881699941	(24, 0.0042543958596368463)
24	22,0.0150102467189	(24, 0.0042543958596368463)
24	73,0.01505358224	(24, 0.0042543958596368463)
25	69,0.00399376453914	(25, 0.0061986003999389035)
25	40,0.00446597384234	(25, 0.0061986003999389035)
25	25,0.00619860039994	(25, 0.0061986003999389035)
25	4,0.00727847736533	(25, 0.0061986003999389035)
25	15,0.00788106833375	(25, 0.0061986003999389035)
25	154,0.00824597403739	(25, 0.0061986003999389035)
25	148,0.00983008639947	(25, 0.0061986003999389035)
25	172,0.0103352921729	(25, 0.0061986003999389035)
25	79,0.0114272019164	(25, 0.0061986003999389035)
25	56,0.0117688762377	(25, 0.0061986003999389035)
26	121,0.00413463685534	(26, 0.010668180350848008)
26	18,0.00425436290601	(26, 0.010668180350848008)
26	22,0.00455010620855	(26, 0.010668180350848008)
26	76,0.00504108368921	(26, 0.010668180350848008)
26	151,0.00523199280971	(26, 0.010668180350848008)
26	126,0.00551452985718	(26, 0.010668180350848008)
26	132,0.00559942071939	(26, 0.010668180350848008)
26	3,0.00572325924454	(26, 0.010668180350848008)
26	63,0.00589137410264	(26, 0.010668180350848008)
26	150,0.00662955403137	(26, 0.010668180350848008)
27	78,0.00967564339574	(27, 0.011917513958200452)
27	73,0.010334977572	(27, 0.011917513958200452)
27	170,0.0107192185635	(27, 0.011917513958200452)
27	26,0.0112817222671	(27, 0.011917513958200452)
27	61,0.011417935202	(27, 0.011917513958200452)
27	121,0.0116066427661	(27, 0.011917513958200452)
27	101,0.0118428165843	(27, 0.011917513958200452)
27	27,0.0119175139582	(27, 0.011917513958200452)
27	19,0.0125475091432	(27, 0.011917513958200452)
27	107,0.0126418528135	(27, 0.011917513958200452)
28	1,0.00756802456931	(28, 0.0090923758916745308)
28	13,0.0087955536862	(28, 0.0090923758916745308)
28	28,0.00909237589167	(28, 0.0090923758916745308)
28	3,0.010884704937	(28, 0.0090923758916745308)
28	73,0.0116253867658	(28, 0.0090923758916745308)
28	83,0.0123689179775	(28, 0.0090923758916745308)
28	155,0.0124053140888	(28, 0.0090923758916745308)
28	53,0.012833534308	(28, 0.0090923758916745308)
28	65,0.0128871889148	(28, 0.0090923758916745308)
28	93,0.013916883048	(28, 0.0090923758916745308)
29	29,0.00472211448301	(29, 0.004722114483006485)
29	77,0.00633612767115	(29, 0.004722114483006485)
29	71,0.00785599090165	(29, 0.004722114483006485)
29	135,0.00802942092268	(29, 0.004722114483006485)
29	73,0.00856044631199	(29, 0.004722114483006485)
29	13,0.00893317316554	(29, 0.004722114483006485)
29	1,0.00899169449659	(29, 0.004722114483006485)
29	76,0.00984835031722	(29, 0.004722114483006485)
29	3,0.00994746362205	(29, 0.004722114483006485)
29	11,0.0102052133249	(29, 0.004722114483006485)
30	30,0.0141524852278	(30, 0.014152485227817788)
30	91,0.0159864751507	(30, 0.014152485227817788)
30	28,0.0165696075676	(30, 0.014152485227817788)
30	103,0.0169064100591	(30, 0.014152485227817788)
30	153,0.018807187691	(30, 0.014152485227817788)
30	1,0.0198691474864	(30, 0.014152485227817788)
30	133,0.0202367668424	(30, 0.014152485227817788)
30	53,0.0203447364692	(30, 0.014152485227817788)
30	102,0.0205175190728	(30, 0.014152485227817788)
30	114,0.0217227625167	(30, 0.014152485227817788)
31	166,0.0141770217112	(31, 0.016301426645374071)
31	31,0.0163014266454	(31, 0.016301426645374071)
31	124,0.0179512943289	(31, 0.016301426645374071)
31	116,0.0180267213938	(31, 0.016301426645374071)
31	72,0.0181875075349	(31, 0.016301426645374071)
31	104,0.0184748805469	(31, 0.016301426645374071)
31	131,0.0202097311449	(31, 0.016301426645374071)
31	144,0.0209301462299	(31, 0.016301426645374071)
31	69,0.0210431754681	(31, 0.016301426645374071)
31	48,0.0230115923058	(31, 0.016301426645374071)
32	32,0.0105418904802	(32, 0.010541890480228905)
32	156,0.0123057468907	(32, 0.010541890480228905)
32	27,0.0134332262217	(32, 0.010541890480228905)
32	164,0.0163073448615	(32, 0.010541890480228905)
32	73,0.0165322590452	(32, 0.010541890480228905)
32	50,0.0186385655212	(32, 0.010541890480228905)
32	131,0.0196699713223	(32, 0.010541890480228905)
32	107,0.0196947775955	(32, 0.010541890480228905)
32	13,0.0218532742556	(32, 0.010541890480228905)
32	165,0.0220712219461	(32, 0.010541890480228905)
33	33,0.00834464436731	(33, 0.0083446443673104616)
33	4,0.0141138966035	(33, 0.0083446443673104616)
33	69,0.0152820065233	(33, 0.0083446443673104616)
33	116,0.0160661177387	(33, 0.0083446443673104616)
33	106,0.016097115545	(33, 0.0083446443673104616)
33	28,0.0170546606285	(33, 0.0083446443673104616)
33	40,0.0185054858834	(33, 0.0083446443673104616)
33	73,0.0187082924936	(33, 0.0083446443673104616)
33	93,0.0192098204695	(33, 0.0083446443673104616)
33	1,0.0195203764409	(33, 0.0083446443673104616)
34	15,0.00536392230589	(34, 0.015438763779891665)
34	69,0.00615296445867	(34, 0.015438763779891665)
34	17,0.00636756228282	(34, 0.015438763779891665)
34	40,0.00696879929581	(34, 0.015438763779891665)
34	172,0.00727263567398	(34, 0.015438763779891665)
34	120,0.00785971856465	(34, 0.015438763779891665)
34	174,0.008881791315	(34, 0.015438763779891665)
34	4,0.00904698621342	(34, 0.015438763779891665)
34	148,0.0090897747055	(34, 0.015438763779891665)
34	154,0.00977087158661	(34, 0.015438763779891665)
35	35,0.00408305751618	(35, 0.0040830575161809653)
35	88,0.00642283675161	(35, 0.0040830575161809653)
35	18,0.00713969664061	(35, 0.0040830575161809653)
35	22,0.00972606070138	(35, 0.0040830575161809653)
35	12,0.00974211186872	(35, 0.0040830575161809653)
35	38,0.0101854415114	(35, 0.0040830575161809653)
35	139,0.0103896842689	(35, 0.0040830575161809653)
35	121,0.0108112919419	(35, 0.0040830575161809653)
35	152,0.0108405084704	(35, 0.0040830575161809653)
35	61,0.0109535946982	(35, 0.0040830575161809653)
36	147,0.0030942228103	(36, 0.0043335487822512252)
36	76,0.00316510621809	(36, 0.0043335487822512252)
36	18,0.00409238694042	(36, 0.0043335487822512252)
36	46,0.00411968415596	(36, 0.0043335487822512252)
36	36,0.00433354878225	(36, 0.0043335487822512252)
36	63,0.00456078047777	(36, 0.0043335487822512252)
36	171,0.00540520073304	(36, 0.0043335487822512252)
36	88,0.00632052405983	(36, 0.0043335487822512252)
36	22,0.00635765479984	(36, 0.0043335487822512252)
36	132,0.00686472213577	(36, 0.0043335487822512252)
37	37,0.00501504835947	(37, 0.0050150483594655565)
37	100,0.00600872742045	(37, 0.0050150483594655565)
37	11,0.00602017696434	(37, 0.0050150483594655565)
37	77,0.0060575019166	(37, 0.0050150483594655565)
37	3,0.00621331623129	(37, 0.0050150483594655565)
37	90,0.00648473317802	(37, 0.0050150483594655565)
37	21,0.00782899592074	(37, 0.0050150483594655565)
37	17,0.00825151624487	(37, 0.0050150483594655565)
37	70,0.00834813987209	(37, 0.0050150483594655565)
37	136,0.00877778885355	(37, 0.0050150483594655565)
38	38,0.00324428191548	(38, 0.0032442819154785783)
38	12,0.00848147448089	(38, 0.0032442819154785783)
38	14,0.0092210044124	(38, 0.0032442819154785783)
38	55,0.00968693423546	(38, 0.0032442819154785783)
38	50,0.0139150301834	(38, 0.0032442819154785783)
38	24,0.0141103212971	(38, 0.0032442819154785783)
38	105,0.0142778246668	(38, 0.0032442819154785783)
38	43,0.0143544822191	(38, 0.0032442819154785783)
38	159,0.0144864366686	(38, 0.0032442819154785783)
38	128,0.0145427429037	(38, 0.0032442819154785783)
39	39,0.00869467434626	(39, 0.0086946743462562488)
39	101,0.0186935374557	(39, 0.0086946743462562488)
39	51,0.0199343949952	(39, 0.0086946743462562488)
39	99,0.0200597700421	(39, 0.0086946743462562488)
39	27,0.0200705958832	(39, 0.0086946743462562488)
39	169,0.0200994915925	(39, 0.0086946743462562488)
39	156,0.0203577412366	(39, 0.0086946743462562488)
39	107,0.0206980533225	(39, 0.0086946743462562488)
39	84,0.0208926284384	(39, 0.0086946743462562488)
39	95,0.0223199392576	(39, 0.0086946743462562488)
40	40,0.00497993544489	(40, 0.0049799354448930395)
40	172,0.00651121517363	(40, 0.0049799354448930395)
40	69,0.0074186723596	(40, 0.0049799354448930395)
40	4,0.00761043155459	(40, 0.0049799354448930395)
40	79,0.00848353877054	(40, 0.0049799354448930395)
40	77,0.009102959765	(40, 0.0049799354448930395)
40	17,0.00936723222993	(40, 0.0049799354448930395)
40	148,0.00939724066973	(40, 0.0049799354448930395)
40	37,0.0100135920909	(40, 0.0049799354448930395)
40	25,0.0101981923158	(40, 0.0049799354448930395)
41	41,0.00604202239869	(41, 0.0060420223986893109)
41	155,0.0085411882831	(41, 0.0060420223986893109)
41	91,0.0139374155357	(41, 0.0060420223986893109)
41	1,0.0153631254128	(41, 0.0060420223986893109)
41	20,0.0164216401996	(41, 0.0060420223986893109)
41	124,0.0171379721277	(41, 0.0060420223986893109)
41	101,0.0183505133409	(41, 0.0060420223986893109)
41	114,0.0191125887005	(41, 0.0060420223986893109)
41	53,0.0193901675947	(41, 0.0060420223986893109)
41	28,0.0195596351287	(41, 0.0060420223986893109)
42	163,0.0169546719868	(42, 0.033025522653352776)
42	69,0.0211033300107	(42, 0.033025522653352776)
42	28,0.0217114490876	(42, 0.033025522653352776)
42	118,0.0223778038414	(42, 0.033025522653352776)
42	34,0.0233235150671	(42, 0.033025522653352776)
42	53,0.0233847061908	(42, 0.033025522653352776)
42	97,0.0244070982392	(42, 0.033025522653352776)
42	65,0.0249902094686	(42, 0.033025522653352776)
42	44,0.0254693257728	(42, 0.033025522653352776)
42	4,0.0270697303816	(42, 0.033025522653352776)
43	22,0.00569410344008	(43, 0.012557634643232321)
43	78,0.00641990634661	(43, 0.012557634643232321)
43	12,0.00654496326295	(43, 0.012557634643232321)
43	121,0.00665886610111	(43, 0.012557634643232321)
43	128,0.00677889895313	(43, 0.012557634643232321)
43	61,0.00681823202362	(43, 0.012557634643232321)
43	158,0.00685191970198	(43, 0.012557634643232321)
43	50,0.00803944208301	(43, 0.012557634643232321)
43	18,0.00827720164967	(43, 0.012557634643232321)
43	23,0.00832179173746	(43, 0.012557634643232321)
44	116,0.009153826941	(44, 0.034492044963252033)
44	109,0.0103787041408	(44, 0.034492044963252033)
44	93,0.0112562002315	(44, 0.034492044963252033)
44	124,0.0115727457884	(44, 0.034492044963252033)
44	144,0.0128401818275	(44, 0.034492044963252033)
44	73,0.0131513732728	(44, 0.034492044963252033)
44	123,0.0135792877907	(44, 0.034492044963252033)
44	12,0.0137973266665	(44, 0.034492044963252033)
44	159,0.0138846269041	(44, 0.034492044963252033)
44	115,0.0151542109746	(44, 0.034492044963252033)
45	45,0.0141333491836	(45, 0.014133349183565154)
45	130,0.0178762537377	(45, 0.014133349183565154)
45	94,0.020737094583	(45, 0.014133349183565154)
45	34,0.0212594823839	(45, 0.014133349183565154)
45	133,0.0225934504552	(45, 0.014133349183565154)
45	129,0.0239606958428	(45, 0.014133349183565154)
45	98,0.0240757486447	(45, 0.014133349183565154)
45	25,0.0255079346334	(45, 0.014133349183565154)
45	15,0.0259512652472	(45, 0.014133349183565154)
45	83,0.0263915918078	(45, 0.014133349183565154)
46	46,0.00207675362638	(46, 0.0020767536263780178)
46	36,0.0032240755784	(46, 0.0020767536263780178)
46	137,0.00445430400536	(46, 0.0020767536263780178)
46	171,0.0047079685996	(46, 0.0020767536263780178)
46	76,0.00505189184535	(46, 0.0020767536263780178)
46	147,0.00644534102503	(46, 0.0020767536263780178)
46	63,0.00661651677431	(46, 0.0020767536263780178)
46	139,0.0074598400057	(46, 0.0020767536263780178)
46	6,0.00763410134561	(46, 0.0020767536263780178)
46	146,0.00790399071152	(46, 0.0020767536263780178)
47	47,0.0141205001658	(47, 0.014120500165837461)
47	10,0.0176419435018	(47, 0.014120500165837461)
47	99,0.0212043184427	(47, 0.014120500165837461)
47	19,0.0226315939854	(47, 0.014120500165837461)
47	27,0.0230390020259	(47, 0.014120500165837461)
47	138,0.0235045829101	(47, 0.014120500165837461)
47	173,0.0251332763166	(47, 0.014120500165837461)
47	84,0.0261249171945	(47, 0.014120500165837461)
47	43,0.0264740362756	(47, 0.014120500165837461)
47	167,0.0292525027438	(47, 0.014120500165837461)
48	56,0.00920503638544	(48, 0.0097845711919375567)
48	120,0.00973426766189	(48, 0.0097845711919375567)
48	48,0.00978457119194	(48, 0.0097845711919375567)
48	69,0.0103591505833	(48, 0.0097845711919375567)
48	97,0.0112234609093	(48, 0.0097845711919375567)
48	40,0.0121897452379	(48, 0.0097845711919375567)
48	4,0.0137285324097	(48, 0.0097845711919375567)
48	44,0.0140746928102	(48, 0.0097845711919375567)
48	124,0.0143825019093	(48, 0.0097845711919375567)
48	174,0.0144274720166	(48, 0.0097845711919375567)
49	49,0.00534322131221	(49, 0.0053432213122129096)
49	59,0.00689875543385	(49, 0.0053432213122129096)
49	77,0.00906280363069	(49, 0.0053432213122129096)
49	98,0.00930034239414	(49, 0.0053432213122129096)
49	100,0.00942516779525	(49, 0.0053432213122129096)
49	17,0.0116225281152	(49, 0.0053432213122129096)
49	172,0.0116586108097	(49, 0.0053432213122129096)
49	15,0.0118160670564	(49, 0.0053432213122129096)
49	83,0.0123497393866	(49, 0.0053432213122129096)
49	37,0.0127435726279	(49, 0.0053432213122129096)
50	50,0.00366886771261	(50, 0.0036688677126113702)
50	107,0.0103547883789	(50, 0.0036688677126113702)
50	12,0.0110038984452	(50, 0.0036688677126113702)
50	158,0.0111831570495	(50, 0.0036688677126113702)
50	171,0.0126953951519	(50, 0.0036688677126113702)
50	22,0.012795743911	(50, 0.0036688677126113702)
50	128,0.0128905610198	(50, 0.0036688677126113702)
50	38,0.0131280100488	(50, 0.0036688677126113702)
50	76,0.01366289121	(50, 0.0036688677126113702)
50	78,0.0151968022694	(50, 0.0036688677126113702)
51	124,0.00552865865963	(51, 0.027282891163246378)
51	73,0.00849312388467	(51, 0.027282891163246378)
51	157,0.0103376372109	(51, 0.027282891163246378)
51	155,0.0105474909812	(51, 0.027282891163246378)
51	53,0.0118792355536	(51, 0.027282891163246378)
51	93,0.0125583548132	(51, 0.027282891163246378)
51	20,0.0130249154775	(51, 0.027282891163246378)
51	41,0.0132313158434	(51, 0.027282891163246378)
51	1,0.0134779980987	(51, 0.027282891163246378)
51	13,0.0144961632014	(51, 0.027282891163246378)
52	53,0.009770028016	(52, 0.033768653160108165)
52	44,0.0110681246765	(52, 0.033768653160108165)
52	155,0.0111104201703	(52, 0.033768653160108165)
52	124,0.0115701273731	(52, 0.033768653160108165)
52	65,0.0118785747162	(52, 0.033768653160108165)
52	13,0.0120710525124	(52, 0.033768653160108165)
52	163,0.013383928757	(52, 0.033768653160108165)
52	161,0.0134025674682	(52, 0.033768653160108165)
52	4,0.014736543514	(52, 0.033768653160108165)
52	114,0.0148094012419	(52, 0.033768653160108165)
53	65,0.00617092481369	(53, 0.010250531415708836)
53	161,0.00994378142558	(53, 0.010250531415708836)
53	53,0.0102505314157	(53, 0.010250531415708836)
53	120,0.0106246401866	(53, 0.010250531415708836)
53	44,0.0107973043852	(53, 0.010250531415708836)
53	155,0.0112033801485	(53, 0.010250531415708836)
53	13,0.0132888408026	(53, 0.010250531415708836)
53	163,0.0133783053471	(53, 0.010250531415708836)
53	34,0.0141322766345	(53, 0.010250531415708836)
53	113,0.0141875903512	(53, 0.010250531415708836)
54	136,0.00431936519277	(54, 0.0068904837928477104)
54	54,0.00689048379285	(54, 0.0068904837928477104)
54	3,0.00747097636937	(54, 0.0068904837928477104)
54	137,0.00755444675288	(54, 0.0068904837928477104)
54	162,0.00806731943619	(54, 0.0068904837928477104)
54	11,0.00827122171564	(54, 0.0068904837928477104)
54	63,0.00846328149851	(54, 0.0068904837928477104)
54	37,0.00858723126341	(54, 0.0068904837928477104)
54	147,0.00862221195803	(54, 0.0068904837928477104)
54	71,0.00864947238569	(54, 0.0068904837928477104)
55	12,0.00583815397081	(55, 0.0070040366756154594)
55	55,0.00700403667562	(55, 0.0070040366756154594)
55	38,0.00777587529649	(55, 0.0070040366756154594)
55	159,0.00828875905361	(55, 0.0070040366756154594)
55	152,0.00916094649176	(55, 0.0070040366756154594)
55	121,0.00931355322513	(55, 0.0070040366756154594)
55	128,0.009808783943	(55, 0.0070040366756154594)
55	134,0.0101881868064	(55, 0.0070040366756154594)
55	18,0.0102079937164	(55, 0.0070040366756154594)
55	86,0.0106884844537	(55, 0.0070040366756154594)
56	56,0.00624452905988	(56, 0.0062445290598849706)
56	15,0.00820564126072	(56, 0.0062445290598849706)
56	120,0.00966730352476	(56, 0.0062445290598849706)
56	113,0.0129373836055	(56, 0.0062445290598849706)
56	174,0.0138983496841	(56, 0.0062445290598849706)
56	2,0.0154711445324	(56, 0.0062445290598849706)
56	69,0.0159060977228	(56, 0.0062445290598849706)
56	44,0.0164599559976	(56, 0.0062445290598849706)
56	34,0.0171991879691	(56, 0.0062445290598849706)
56	48,0.017364850273	(56, 0.0062445290598849706)
57	57,0.00490561061268	(57, 0.0049056106126824945)
57	122,0.0209209378511	(57, 0.0049056106126824945)
57	174,0.0244423643317	(57, 0.0049056106126824945)
57	15,0.0256768808477	(57, 0.0049056106126824945)
57	56,0.0272832874508	(57, 0.0049056106126824945)
57	59,0.0277423257002	(57, 0.0049056106126824945)
57	120,0.029735554733	(57, 0.0049056106126824945)
57	108,0.031403679694	(57, 0.0049056106126824945)
57	2,0.0320048789549	(57, 0.0049056106126824945)
57	54,0.0321724332391	(57, 0.0049056106126824945)
58	24,0.00741114214883	(58, 0.034586302647595636)
58	107,0.0101554753943	(58, 0.034586302647595636)
58	50,0.0107104469185	(58, 0.034586302647595636)
58	27,0.0120177527707	(58, 0.034586302647595636)
58	61,0.0126204585425	(58, 0.034586302647595636)
58	158,0.013737684608	(58, 0.034586302647595636)
58	105,0.0146776363587	(58, 0.034586302647595636)
58	12,0.0146989597687	(58, 0.034586302647595636)
58	38,0.0147153066461	(58, 0.034586302647595636)
58	43,0.0149996214731	(58, 0.034586302647595636)
59	15,0.0176918941168	(59, 0.022674236609489154)
59	94,0.0179465599984	(59, 0.022674236609489154)
59	113,0.0181991972754	(59, 0.022674236609489154)
59	83,0.0194441050011	(59, 0.022674236609489154)
59	65,0.0203860043565	(59, 0.022674236609489154)
59	130,0.0216225155353	(59, 0.022674236609489154)
59	59,0.0226742366095	(59, 0.022674236609489154)
59	120,0.0231562464937	(59, 0.022674236609489154)
59	45,0.0234439954486	(59, 0.022674236609489154)
59	44,0.0238840727699	(59, 0.022674236609489154)
60	60,0.00701625027068	(60, 0.0070162502706756103)
60	69,0.00753397534797	(60, 0.0070162502706756103)
60	40,0.00755543207007	(60, 0.0070162502706756103)
60	79,0.00920947187751	(60, 0.0070162502706756103)
60	4,0.0107504440554	(60, 0.0070162502706756103)
60	172,0.0118341391114	(60, 0.0070162502706756103)
60	25,0.0119832701768	(60, 0.0070162502706756103)
60	34,0.0120414731705	(60, 0.0070162502706756103)
60	15,0.0121103265892	(60, 0.0070162502706756103)
60	77,0.012504723038	(60, 0.0070162502706756103)
61	61,0.00377701857545	(61, 0.0037770185754486619)
61	23,0.00446981821511	(61, 0.0037770185754486619)
61	121,0.00605226798866	(61, 0.0037770185754486619)
61	162,0.00650851308789	(61, 0.0037770185754486619)
61	63,0.00698520078015	(61, 0.0037770185754486619)
61	26,0.00703094439855	(61, 0.0037770185754486619)
61	147,0.00718296636478	(61, 0.0037770185754486619)
61	76,0.00719822210219	(61, 0.0037770185754486619)
61	78,0.00767760689093	(61, 0.0037770185754486619)
61	22,0.0085102900877	(61, 0.0037770185754486619)
62	26,0.00752720759762	(62, 0.0099696935640759213)
62	78,0.00759966666887	(62, 0.0099696935640759213)
62	61,0.00893749799605	(62, 0.0099696935640759213)
62	107,0.00924135420731	(62, 0.0099696935640759213)
62	73,0.00927954976931	(62, 0.0099696935640759213)
62	62,0.00996969356408	(62, 0.0099696935640759213)
62	121,0.010753250547	(62, 0.0099696935640759213)
62	23,0.0114278220679	(62, 0.0099696935640759213)
62	158,0.0115627668784	(62, 0.0099696935640759213)
62	22,0.0118024863099	(62, 0.0099696935640759213)
63	3,0.00380280719238	(63, 0.0052224087285970911)
63	77,0.00467791442433	(63, 0.0052224087285970911)
63	63,0.0052224087286	(63, 0.0052224087285970911)
63	11,0.00595478248798	(63, 0.0052224087285970911)
63	37,0.00599911801723	(63, 0.0052224087285970911)
63	147,0.00643986759094	(63, 0.0052224087285970911)
63	171,0.00682549242228	(63, 0.0052224087285970911)
63	162,0.0068829761661	(63, 0.0052224087285970911)
63	76,0.00690436755118	(63, 0.0052224087285970911)
63	136,0.00720305487578	(63, 0.0052224087285970911)
64	64,0.0204956311535	(64, 0.020495631153516325)
64	45,0.0354379159483	(64, 0.020495631153516325)
64	118,0.0362203267724	(64, 0.020495631153516325)
64	130,0.0380931501371	(64, 0.020495631153516325)
64	133,0.0440999266163	(64, 0.020495631153516325)
64	33,0.0446083226076	(64, 0.020495631153516325)
64	34,0.0506549671588	(64, 0.020495631153516325)
64	113,0.0522284425307	(64, 0.020495631153516325)
64	94,0.0550679302919	(64, 0.020495631153516325)
64	15,0.0591296476337	(64, 0.020495631153516325)
65	65,0.00519664939796	(65, 0.0051966493979624462)
65	161,0.00567138784118	(65, 0.0051966493979624462)
65	83,0.00772178557025	(65, 0.0051966493979624462)
65	155,0.00990170550804	(65, 0.0051966493979624462)
65	68,0.0101837738678	(65, 0.0051966493979624462)
65	120,0.0103581790512	(65, 0.0051966493979624462)
65	59,0.0107429887131	(65, 0.0051966493979624462)
65	13,0.0119474543006	(65, 0.0051966493979624462)
65	17,0.011994788926	(65, 0.0051966493979624462)
65	1,0.0120771606252	(65, 0.0051966493979624462)
66	66,0.0215184931194	(66, 0.021518493119362828)
66	130,0.0434959171376	(66, 0.021518493119362828)
66	133,0.0456986498407	(66, 0.021518493119362828)
66	118,0.0484328078154	(66, 0.021518493119362828)
66	140,0.0517599741057	(66, 0.021518493119362828)
66	33,0.0539666537546	(66, 0.021518493119362828)
66	91,0.0545175757813	(66, 0.021518493119362828)
66	141,0.0561337583339	(66, 0.021518493119362828)
66	169,0.0617493006866	(66, 0.021518493119362828)
66	149,0.0636169287918	(66, 0.021518493119362828)
67	67,0.0160427337025	(67, 0.016042733702517228)
67	84,0.0176413846509	(67, 0.016042733702517228)
67	169,0.0178514104149	(67, 0.016042733702517228)
67	93,0.0186596913978	(67, 0.016042733702517228)
67	149,0.0199945351011	(67, 0.016042733702517228)
67	28,0.0209167505359	(67, 0.016042733702517228)
67	140,0.020925698528	(67, 0.016042733702517228)
67	30,0.0211542243466	(67, 0.016042733702517228)
67	116,0.0214680093075	(67, 0.016042733702517228)
67	131,0.0214733026915	(67, 0.016042733702517228)
68	68,0.00537223273278	(68, 0.0053722327327765714)
68	23,0.0099924396113	(68, 0.0053722327327765714)
68	70,0.0104718130614	(68, 0.0053722327327765714)
68	61,0.0109980004234	(68, 0.0053722327327765714)
68	63,0.0124222219762	(68, 0.0053722327327765714)
68	26,0.0130503721207	(68, 0.0053722327327765714)
68	162,0.013232594274	(68, 0.0053722327327765714)
68	135,0.0133065242706	(68, 0.0053722327327765714)
68	71,0.0133071040195	(68, 0.0053722327327765714)
68	77,0.0135489294124	(68, 0.0053722327327765714)
69	122,0.0238418174573	(69, 0.027894648026775385)
69	15,0.0244692180658	(69, 0.027894648026775385)
69	174,0.026760868883	(69, 0.027894648026775385)
69	154,0.0270231629268	(69, 0.027894648026775385)
69	113,0.0276861883776	(69, 0.027894648026775385)
69	69,0.0278946480268	(69, 0.027894648026775385)
69	48,0.0281973163599	(69, 0.027894648026775385)
69	56,0.0283157332406	(69, 0.027894648026775385)
69	2,0.0305319825994	(69, 0.027894648026775385)
69	4,0.0316961158629	(69, 0.027894648026775385)
70	3,0.00639827427769	(70, 0.0083173530270000944)
70	77,0.00677423846734	(70, 0.0083173530270000944)
70	121,0.00739717212958	(70, 0.0083173530270000944)
70	11,0.00782535489463	(70, 0.0083173530270000944)
70	21,0.00820030534562	(70, 0.0083173530270000944)
70	70,0.008317353027	(70, 0.0083173530270000944)
70	117,0.00859318908905	(70, 0.0083173530270000944)
70	71,0.00881076234805	(70, 0.0083173530270000944)
70	162,0.00892631967457	(70, 0.0083173530270000944)
70	132,0.00926857174657	(70, 0.0083173530270000944)
71	91,0.013118451734	(71, 0.038470969571804729)
71	133,0.0149465911456	(71, 0.038470969571804729)
71	41,0.0212471746631	(71, 0.038470969571804729)
71	101,0.0222017084342	(71, 0.038470969571804729)
71	155,0.0229501911341	(71, 0.038470969571804729)
71	28,0.0236230612562	(71, 0.038470969571804729)
71	102,0.0238937652011	(71, 0.038470969571804729)
71	95,0.0248753944317	(71, 0.038470969571804729)
71	1,0.0258874949743	(71, 0.038470969571804729)
71	53,0.0267430243817	(71, 0.038470969571804729)
72	174,0.0101769392904	(72, 0.061993470708070222)
72	17,0.0102539266381	(72, 0.061993470708070222)
72	172,0.0112393873966	(72, 0.061993470708070222)
72	148,0.0119491115187	(72, 0.061993470708070222)
72	143,0.0125116090199	(72, 0.061993470708070222)
72	100,0.0139870402191	(72, 0.061993470708070222)
72	49,0.0147472068039	(72, 0.061993470708070222)
72	77,0.0147617295673	(72, 0.061993470708070222)
72	59,0.0153909228655	(72, 0.061993470708070222)
72	15,0.0154663094753	(72, 0.061993470708070222)
73	73,0.00494222569328	(73, 0.0049422256932772964)
73	13,0.00695198601543	(73, 0.0049422256932772964)
73	157,0.00979442165918	(73, 0.0049422256932772964)
73	124,0.00991574438891	(73, 0.0049422256932772964)
73	53,0.0115190904182	(73, 0.0049422256932772964)
73	93,0.0132285591122	(73, 0.0049422256932772964)
73	27,0.0133346824466	(73, 0.0049422256932772964)
73	114,0.0136746752614	(73, 0.0049422256932772964)
73	109,0.0141677079166	(73, 0.0049422256932772964)
73	116,0.01544027957	(73, 0.0049422256932772964)
74	74,0.00433122201483	(74, 0.0043312220148252669)
74	17,0.00476707112564	(74, 0.0043312220148252669)
74	136,0.00601039931051	(74, 0.0043312220148252669)
74	100,0.00663923725728	(74, 0.0043312220148252669)
74	127,0.00718055620974	(74, 0.0043312220148252669)
74	37,0.00810953378048	(74, 0.0043312220148252669)
74	90,0.00821984260119	(74, 0.0043312220148252669)
74	77,0.00845894124817	(74, 0.0043312220148252669)
74	59,0.00916882063317	(74, 0.0043312220148252669)
74	49,0.0093094739364	(74, 0.0043312220148252669)
75	167,0.0341104304784	(75, 0.034872203593707116)
75	75,0.0348722035937	(75, 0.034872203593707116)
75	80,0.049514359092	(75, 0.034872203593707116)
75	47,0.0528561257062	(75, 0.034872203593707116)
75	10,0.05595781042	(75, 0.034872203593707116)
75	99,0.0579684655844	(75, 0.034872203593707116)
75	67,0.0593759524744	(75, 0.034872203593707116)
75	166,0.0609083393047	(75, 0.034872203593707116)
75	169,0.0616033574152	(75, 0.034872203593707116)
75	19,0.0623805238112	(75, 0.034872203593707116)
76	76,0.00293351210192	(76, 0.0029335121019181264)
76	147,0.00394707805368	(76, 0.0029335121019181264)
76	63,0.00406507816774	(76, 0.0029335121019181264)
76	137,0.00414877832859	(76, 0.0029335121019181264)
76	171,0.00519023820897	(76, 0.0029335121019181264)
76	22,0.00540165304587	(76, 0.0029335121019181264)
76	3,0.00577873064164	(76, 0.0029335121019181264)
76	46,0.00601290134585	(76, 0.0029335121019181264)
76	18,0.00601592655463	(76, 0.0029335121019181264)
76	126,0.00632651983291	(76, 0.0029335121019181264)
77	162,0.00452857177474	(77, 0.0051429610037282128)
77	3,0.00462225887829	(77, 0.0051429610037282128)
77	136,0.00467068401129	(77, 0.0051429610037282128)
77	137,0.00491192169305	(77, 0.0051429610037282128)
77	90,0.00498489865574	(77, 0.0051429610037282128)
77	147,0.00505800639647	(77, 0.0051429610037282128)
77	63,0.00511619292525	(77, 0.0051429610037282128)
77	77,0.00514296100373	(77, 0.0051429610037282128)
77	11,0.00547335003645	(77, 0.0051429610037282128)
77	37,0.0065374863107	(77, 0.0051429610037282128)
78	151,0.00391123154401	(78, 0.0066483794891021479)
78	76,0.00429000952506	(78, 0.0066483794891021479)
78	132,0.00451109519065	(78, 0.0066483794891021479)
78	63,0.0045247667235	(78, 0.0066483794891021479)
78	147,0.00531297761691	(78, 0.0066483794891021479)
78	22,0.00535682889984	(78, 0.0066483794891021479)
78	18,0.00543342506301	(78, 0.0066483794891021479)
78	121,0.00547500315304	(78, 0.0066483794891021479)
78	61,0.00602520011897	(78, 0.0066483794891021479)
78	78,0.0066483794891	(78, 0.0066483794891021479)
79	4,0.00428654699465	(79, 0.0044766551492764969)
79	79,0.00447665514928	(79, 0.0044766551492764969)
79	40,0.00583854650244	(79, 0.0044766551492764969)
79	69,0.00610962072975	(79, 0.0044766551492764969)
79	25,0.00835486893936	(79, 0.0044766551492764969)
79	148,0.0100236985565	(79, 0.0044766551492764969)
79	56,0.0102455259234	(79, 0.0044766551492764969)
79	34,0.0106783884892	(79, 0.0044766551492764969)
79	17,0.0108008838578	(79, 0.0044766551492764969)
79	15,0.0108311869943	(79, 0.0044766551492764969)
80	80,0.0162907054856	(80, 0.016290705485617406)
80	51,0.0191435496638	(80, 0.016290705485617406)
80	167,0.0294315751922	(80, 0.016290705485617406)
80	32,0.032457989487	(80, 0.016290705485617406)
80	165,0.0424764305998	(80, 0.016290705485617406)
80	169,0.0425534178141	(80, 0.016290705485617406)
80	27,0.0459556123039	(80, 0.016290705485617406)
80	39,0.0461704884508	(80, 0.016290705485617406)
80	156,0.0479363105926	(80, 0.016290705485617406)
80	149,0.0492132178637	(80, 0.016290705485617406)
81	81,0.00395330518527	(81, 0.0039533051852690014)
81	11,0.00608601293928	(81, 0.0039533051852690014)
81	3,0.00629076967019	(81, 0.0039533051852690014)
81	117,0.00686390931561	(81, 0.0039533051852690014)
81	121,0.00716010106425	(81, 0.0039533051852690014)
81	132,0.00771279543605	(81, 0.0039533051852690014)
81	151,0.00819036904121	(81, 0.0039533051852690014)
81	115,0.00839284620985	(81, 0.0039533051852690014)
81	22,0.0085298344058	(81, 0.0039533051852690014)
81	18,0.00865764823596	(81, 0.0039533051852690014)
82	27,0.0118899520697	(82, 0.018998069891837992)
82	164,0.0155261174787	(82, 0.018998069891837992)
82	107,0.0156111978083	(82, 0.018998069891837992)
82	38,0.0164027264688	(82, 0.018998069891837992)
82	24,0.0164727662699	(82, 0.018998069891837992)
82	73,0.0172331798729	(82, 0.018998069891837992)
82	19,0.0175144758295	(82, 0.018998069891837992)
82	13,0.0176727414172	(82, 0.018998069891837992)
82	43,0.0177859550205	(82, 0.018998069891837992)
82	105,0.0178459547559	(82, 0.018998069891837992)
83	13,0.00643470207049	(83, 0.0076667192378374648)
83	161,0.00711314135878	(83, 0.0076667192378374648)
83	17,0.0076275196551	(83, 0.0076667192378374648)
83	83,0.00766671923784	(83, 0.0076667192378374648)
83	155,0.00797207632254	(83, 0.0076667192378374648)
83	65,0.00797928858894	(83, 0.0076667192378374648)
83	71,0.00818276095294	(83, 0.0076667192378374648)
83	136,0.00904993514833	(83, 0.0076667192378374648)
83	11,0.00910090108838	(83, 0.0076667192378374648)
83	120,0.0097039130561	(83, 0.0076667192378374648)
84	84,0.0202721932606	(84, 0.02027219326062564)
84	166,0.0203501800972	(84, 0.02027219326062564)
84	67,0.0205092604266	(84, 0.02027219326062564)
84	169,0.0242407866139	(84, 0.02027219326062564)
84	140,0.0271388681624	(84, 0.02027219326062564)
84	99,0.0294982978371	(84, 0.02027219326062564)
84	144,0.0307038164535	(84, 0.02027219326062564)
84	109,0.0310742067356	(84, 0.02027219326062564)
84	156,0.0326868206159	(84, 0.02027219326062564)
84	72,0.032964388371	(84, 0.02027219326062564)
85	67,0.020435504647	(85, 0.026766993279157669)
85	85,0.0267669932792	(85, 0.026766993279157669)
85	140,0.0317024530998	(85, 0.026766993279157669)
85	149,0.0335704686073	(85, 0.026766993279157669)
85	166,0.0361514399737	(85, 0.026766993279157669)
85	84,0.0369647083222	(85, 0.026766993279157669)
85	169,0.0390944364069	(85, 0.026766993279157669)
85	144,0.0434368721284	(85, 0.026766993279157669)
85	99,0.0444335804954	(85, 0.026766993279157669)
85	93,0.0458805136146	(85, 0.026766993279157669)
86	86,0.00447477728025	(86, 0.0044747772802492605)
86	137,0.00495156199825	(86, 0.0044747772802492605)
86	162,0.00571830977259	(86, 0.0044747772802492605)
86	3,0.00590278793366	(86, 0.0044747772802492605)
86	76,0.00592292121536	(86, 0.0044747772802492605)
86	11,0.00597493481614	(86, 0.0044747772802492605)
86	150,0.00625707695002	(86, 0.0044747772802492605)
86	117,0.00632529214355	(86, 0.0044747772802492605)
86	171,0.00639384076798	(86, 0.0044747772802492605)
86	126,0.00676045575506	(86, 0.0044747772802492605)
87	121,0.00792233140652	(87, 0.018501456459787475)
87	78,0.00801006721679	(87, 0.018501456459787475)
87	26,0.00836459736437	(87, 0.018501456459787475)
87	1,0.00903717660488	(87, 0.018501456459787475)
87	61,0.00937712996743	(87, 0.018501456459787475)
87	23,0.00962660182418	(87, 0.018501456459787475)
87	11,0.0106877870048	(87, 0.018501456459787475)
87	71,0.0114099278071	(87, 0.018501456459787475)
87	20,0.0114382415186	(87, 0.018501456459787475)
87	89,0.0114410471948	(87, 0.018501456459787475)
88	18,0.00445594341716	(88, 0.0051794266880250883)
88	76,0.00453089986277	(88, 0.0051794266880250883)
88	147,0.0045951051381	(88, 0.0051794266880250883)
88	88,0.00517942668803	(88, 0.0051794266880250883)
88	63,0.00587150756345	(88, 0.0051794266880250883)
88	117,0.00595740380932	(88, 0.0051794266880250883)
88	46,0.00596337910808	(88, 0.0051794266880250883)
88	139,0.00597915879025	(88, 0.0051794266880250883)
88	35,0.00614047578646	(88, 0.0051794266880250883)
88	171,0.00616882583931	(88, 0.0051794266880250883)
89	124,0.00660094272305	(89, 0.0087188972892921837)
89	155,0.0073163998949	(89, 0.0087188972892921837)
89	89,0.00871889728929	(89, 0.0087188972892921837)
89	1,0.00904970273169	(89, 0.0087188972892921837)
89	53,0.00923130369945	(89, 0.0087188972892921837)
89	73,0.00967001095559	(89, 0.0087188972892921837)
89	20,0.0102304199189	(89, 0.0087188972892921837)
89	71,0.0119950431928	(89, 0.0087188972892921837)
89	13,0.0125400293713	(89, 0.0087188972892921837)
89	11,0.0135675287353	(89, 0.0087188972892921837)
90	90,0.00317274273492	(90, 0.0031727427349242301)
90	11,0.00632432468393	(90, 0.0031727427349242301)
90	137,0.00647306286495	(90, 0.0031727427349242301)
90	162,0.006523542956	(90, 0.0031727427349242301)
90	81,0.00654882267165	(90, 0.0031727427349242301)
90	172,0.00684604753915	(90, 0.0031727427349242301)
90	96,0.0074108392735	(90, 0.0031727427349242301)
90	37,0.00751375066377	(90, 0.0031727427349242301)
90	136,0.0076332828751	(90, 0.0031727427349242301)
90	3,0.00771200492702	(90, 0.0031727427349242301)
91	133,0.0130625052128	(91, 0.02117581284118265)
91	91,0.0211758128412	(91, 0.02117581284118265)
91	130,0.0293173028155	(91, 0.02117581284118265)
91	66,0.0359622491748	(91, 0.02117581284118265)
91	103,0.0365195406995	(91, 0.02117581284118265)
91	34,0.0407969654498	(91, 0.02117581284118265)
91	51,0.0410590619932	(91, 0.02117581284118265)
91	102,0.041961291982	(91, 0.02117581284118265)
91	53,0.0426044804298	(91, 0.02117581284118265)
91	114,0.042964572711	(91, 0.02117581284118265)
92	78,0.00637870809895	(92, 0.017153851823439693)
92	24,0.00800693487242	(92, 0.017153851823439693)
92	61,0.00874954689533	(92, 0.017153851823439693)
92	128,0.00884197206557	(92, 0.017153851823439693)
92	158,0.0100215621808	(92, 0.017153851823439693)
92	12,0.010496859385	(92, 0.017153851823439693)
92	26,0.0105286495596	(92, 0.017153851823439693)
92	107,0.0107453457119	(92, 0.017153851823439693)
92	27,0.0116747135685	(92, 0.017153851823439693)
92	22,0.0117604949006	(92, 0.017153851823439693)
93	22,0.00561146948617	(93, 0.0069927366575745567)
93	132,0.00625893956427	(93, 0.0069927366575745567)
93	93,0.00699273665757	(93, 0.0069927366575745567)
93	128,0.00714889758073	(93, 0.0069927366575745567)
93	158,0.00727740558645	(93, 0.0069927366575745567)
93	121,0.00799254531058	(93, 0.0069927366575745567)
93	3,0.0084117745443	(93, 0.0069927366575745567)
93	78,0.00860829036836	(93, 0.0069927366575745567)
93	12,0.00865878398712	(93, 0.0069927366575745567)
93	76,0.00893861991502	(93, 0.0069927366575745567)
94	94,0.00887677104567	(94, 0.0088767710456655047)
94	83,0.0170253545415	(94, 0.0088767710456655047)
94	155,0.0204043703416	(94, 0.0088767710456655047)
94	59,0.0220835211773	(94, 0.0088767710456655047)
94	15,0.0222658912832	(94, 0.0088767710456655047)
94	45,0.0240599493598	(94, 0.0088767710456655047)
94	120,0.0247569193423	(94, 0.0088767710456655047)
94	161,0.0255394145108	(94, 0.0088767710456655047)
94	65,0.0258599681323	(94, 0.0088767710456655047)
94	98,0.0263165084062	(94, 0.0088767710456655047)
95	99,0.00895543925584	(95, 0.026443527336214408)
95	107,0.00969611645376	(95, 0.026443527336214408)
95	43,0.0116574051231	(95, 0.026443527336214408)
95	19,0.012211324528	(95, 0.026443527336214408)
95	138,0.0128816926976	(95, 0.026443527336214408)
95	78,0.012900099454	(95, 0.026443527336214408)
95	128,0.0130986082411	(95, 0.026443527336214408)
95	27,0.0140805519578	(95, 0.026443527336214408)
95	55,0.0144684245372	(95, 0.026443527336214408)
95	50,0.0147713416392	(95, 0.026443527336214408)
96	96,0.00479890255925	(96, 0.0047989025592509223)
96	17,0.00727884425816	(96, 0.0047989025592509223)
96	13,0.00786250684739	(96, 0.0047989025592509223)
96	162,0.00868886545105	(96, 0.0047989025592509223)
96	161,0.00873893724266	(96, 0.0047989025592509223)
96	11,0.00900542692318	(96, 0.0047989025592509223)
96	143,0.0100705364943	(96, 0.0047989025592509223)
96	112,0.0106962344818	(96, 0.0047989025592509223)
96	119,0.0108261250384	(96, 0.0047989025592509223)
96	4,0.0109368772142	(96, 0.0047989025592509223)
97	69,0.00628847830585	(97, 0.013437396283287264)
97	40,0.00639014449496	(97, 0.013437396283287264)
97	172,0.00695467317258	(97, 0.013437396283287264)
97	120,0.00777017234636	(97, 0.013437396283287264)
97	17,0.00831930954384	(97, 0.013437396283287264)
97	4,0.00912943162106	(97, 0.013437396283287264)
97	79,0.010361119819	(97, 0.013437396283287264)
97	3,0.0107436305309	(97, 0.013437396283287264)
97	13,0.0110854283746	(97, 0.013437396283287264)
97	119,0.0112762697943	(97, 0.013437396283287264)
98	98,0.00383849884308	(98, 0.0038384988430831776)
98	15,0.00801219634066	(98, 0.0038384988430831776)
98	40,0.00853046979179	(98, 0.0038384988430831776)
98	25,0.00952910859411	(98, 0.0038384988430831776)
98	49,0.0108954668559	(98, 0.0038384988430831776)
98	172,0.0110969916544	(98, 0.0038384988430831776)
98	154,0.0113191329737	(98, 0.0038384988430831776)
98	83,0.0119757243893	(98, 0.0038384988430831776)
98	174,0.0127637885143	(98, 0.0038384988430831776)
98	4,0.0130792444889	(98, 0.0038384988430831776)
99	144,0.00931136520171	(99, 0.011216431094624701)
99	84,0.00943717783292	(99, 0.011216431094624701)
99	93,0.0109211757775	(99, 0.011216431094624701)
99	99,0.0112164310946	(99, 0.011216431094624701)
99	109,0.0119981000054	(99, 0.011216431094624701)
99	73,0.0120824374154	(99, 0.011216431094624701)
99	156,0.0122328993065	(99, 0.011216431094624701)
99	159,0.0125264304836	(99, 0.011216431094624701)
99	78,0.0127633468587	(99, 0.011216431094624701)
99	116,0.0130241074053	(99, 0.011216431094624701)
100	100,0.00364069439698	(100, 0.0036406943969788481)
100	21,0.00560683698309	(100, 0.0036406943969788481)
100	11,0.00610841738784	(100, 0.0036406943969788481)
100	37,0.00639794670641	(100, 0.0036406943969788481)
100	77,0.006504827683	(100, 0.0036406943969788481)
100	17,0.00669055345744	(100, 0.0036406943969788481)
100	90,0.0067239580624	(100, 0.0036406943969788481)
100	74,0.00673750764035	(100, 0.0036406943969788481)
100	143,0.006862111053	(100, 0.0036406943969788481)
100	136,0.00752792361605	(100, 0.0036406943969788481)
101	73,0.0100679073485	(101, 0.010492052644731929)
101	101,0.0104920526447	(101, 0.010492052644731929)
101	13,0.011013794623	(101, 0.010492052644731929)
101	1,0.0110692477804	(101, 0.010492052644731929)
101	124,0.0119183889686	(101, 0.010492052644731929)
101	60,0.012250076682	(101, 0.010492052644731929)
101	29,0.0122609211962	(101, 0.010492052644731929)
101	69,0.01269189279	(101, 0.010492052644731929)
101	77,0.0133042781437	(101, 0.010492052644731929)
101	102,0.0134256216914	(101, 0.010492052644731929)
102	91,0.0116504456992	(102, 0.013841956738159933)
102	41,0.0133600197935	(102, 0.013841956738159933)
102	155,0.0137504123943	(102, 0.013841956738159933)
102	102,0.0138419567382	(102, 0.013841956738159933)
102	114,0.0142108201915	(102, 0.013841956738159933)
102	1,0.0153461917681	(102, 0.013841956738159933)
102	101,0.0161915120815	(102, 0.013841956738159933)
102	110,0.0164063586104	(102, 0.013841956738159933)
102	53,0.0171466226922	(102, 0.013841956738159933)
102	103,0.0175912416857	(102, 0.013841956738159933)
103	103,0.00848326549006	(103, 0.0084832654900581766)
103	73,0.0151120218576	(103, 0.0084832654900581766)
103	91,0.0152351101436	(103, 0.0084832654900581766)
103	101,0.0156011196375	(103, 0.0084832654900581766)
103	1,0.0187741315617	(103, 0.0084832654900581766)
103	30,0.0189520897569	(103, 0.0084832654900581766)
103	93,0.0195312037598	(103, 0.0084832654900581766)
103	114,0.0199582400078	(103, 0.0084832654900581766)
103	39,0.0201918868381	(103, 0.0084832654900581766)
103	26,0.0202103792621	(103, 0.0084832654900581766)
104	124,0.00632105379522	(104, 0.012204418452433934)
104	93,0.00926102472473	(104, 0.012204418452433934)
104	81,0.00979033015872	(104, 0.012204418452433934)
104	73,0.0108356830023	(104, 0.012204418452433934)
104	119,0.0109447288631	(104, 0.012204418452433934)
104	115,0.0112692706578	(104, 0.012204418452433934)
104	11,0.0118986626015	(104, 0.012204418452433934)
104	104,0.0122044184524	(104, 0.012204418452433934)
104	3,0.01326020762	(104, 0.012204418452433934)
104	53,0.0133347056874	(104, 0.012204418452433934)
105	27,0.0115959888168	(105, 0.017250504178366325)
105	43,0.0127799296937	(105, 0.017250504178366325)
105	24,0.0134312203118	(105, 0.017250504178366325)
105	19,0.0142152296966	(105, 0.017250504178366325)
105	38,0.0155787178274	(105, 0.017250504178366325)
105	99,0.0161165456031	(105, 0.017250504178366325)
105	107,0.0166719769174	(105, 0.017250504178366325)
105	105,0.0172505041784	(105, 0.017250504178366325)
105	50,0.0176279422955	(105, 0.017250504178366325)
105	144,0.0192547439978	(105, 0.017250504178366325)
106	106,0.00626129886408	(106, 0.0062612988640752569)
106	174,0.0111853263986	(106, 0.0062612988640752569)
106	116,0.0131108555871	(106, 0.0062612988640752569)
106	172,0.0145351945444	(106, 0.0062612988640752569)
106	157,0.0153130608231	(106, 0.0062612988640752569)
106	165,0.0153963057356	(106, 0.0062612988640752569)
106	54,0.0158302656475	(106, 0.0062612988640752569)
106	93,0.0160298660616	(106, 0.0062612988640752569)
106	13,0.0163770414298	(106, 0.0062612988640752569)
106	156,0.016594917407	(106, 0.0062612988640752569)
107	107,0.00682366328528	(107, 0.0068236632852750924)
107	26,0.00828707640521	(107, 0.0068236632852750924)
107	22,0.00843245928594	(107, 0.0068236632852750924)
107	139,0.0095411773686	(107, 0.0068236632852750924)
107	78,0.00957503238407	(107, 0.0068236632852750924)
107	121,0.0101342486567	(107, 0.0068236632852750924)
107	61,0.0102138456216	(107, 0.0068236632852750924)
107	158,0.0106301169802	(107, 0.0068236632852750924)
107	128,0.0107598147216	(107, 0.0068236632852750924)
107	76,0.0107990399338	(107, 0.0068236632852750924)
108	77,0.0069034276759	(108, 0.01830275680004316)
108	172,0.00899830008472	(108, 0.01830275680004316)
108	174,0.00976689041395	(108, 0.01830275680004316)
108	49,0.0104683677131	(108, 0.01830275680004316)
108	17,0.0105443952175	(108, 0.01830275680004316)
108	4,0.0107082783439	(108, 0.01830275680004316)
108	40,0.0110540113137	(108, 0.01830275680004316)
108	100,0.0113478613396	(108, 0.01830275680004316)
108	15,0.0122055385997	(108, 0.01830275680004316)
108	79,0.0124054246525	(108, 0.01830275680004316)
109	109,0.006233227571	(109, 0.0062332275710041476)
109	159,0.00688138925062	(109, 0.0062332275710041476)
109	134,0.00983716509559	(109, 0.0062332275710041476)
109	146,0.00988514401714	(109, 0.0062332275710041476)
109	12,0.0105744729856	(109, 0.0062332275710041476)
109	128,0.0106264473269	(109, 0.0062332275710041476)
109	14,0.0110247326362	(109, 0.0062332275710041476)
109	84,0.0111899460995	(109, 0.0062332275710041476)
109	152,0.0123346378621	(109, 0.0062332275710041476)
109	38,0.0127600161989	(109, 0.0062332275710041476)
110	1,0.00619743172169	(110, 0.01257325577581333)
110	11,0.00754711276115	(110, 0.01257325577581333)
110	121,0.00847685470739	(110, 0.01257325577581333)
110	68,0.00928175459153	(110, 0.01257325577581333)
110	155,0.00980486757379	(110, 0.01257325577581333)
110	162,0.0104059375351	(110, 0.01257325577581333)
110	3,0.0105091201202	(110, 0.01257325577581333)
110	71,0.0108347779761	(110, 0.01257325577581333)
110	26,0.0112591444437	(110, 0.01257325577581333)
110	70,0.0115318648226	(110, 0.01257325577581333)
111	73,0.00712227922712	(111, 0.025426608510126996)
111	124,0.00782134448952	(111, 0.025426608510126996)
111	93,0.00805704361445	(111, 0.025426608510126996)
111	157,0.00857952657818	(111, 0.025426608510126996)
111	13,0.00922548220748	(111, 0.025426608510126996)
111	101,0.0114407773145	(111, 0.025426608510126996)
111	116,0.0120940372437	(111, 0.025426608510126996)
111	109,0.0124218066748	(111, 0.025426608510126996)
111	128,0.0134166647895	(111, 0.025426608510126996)
111	78,0.0135692326013	(111, 0.025426608510126996)
112	11,0.00490406542186	(112, 0.0065245590095941225)
112	90,0.00527309230281	(112, 0.0065245590095941225)
112	3,0.00571660217772	(112, 0.0065245590095941225)
112	100,0.00591180358964	(112, 0.0065245590095941225)
112	162,0.00607669044777	(112, 0.0065245590095941225)
112	112,0.00652455900959	(112, 0.0065245590095941225)
112	21,0.00683981382164	(112, 0.0065245590095941225)
112	77,0.00708798475417	(112, 0.0065245590095941225)
112	71,0.00752744805716	(112, 0.0065245590095941225)
112	143,0.00767726230946	(112, 0.0065245590095941225)
113	113,0.00727156899033	(113, 0.0072715689903262385)
113	65,0.0143787488913	(113, 0.0072715689903262385)
113	130,0.0165536357892	(113, 0.0072715689903262385)
113	44,0.0215882975865	(113, 0.0072715689903262385)
113	53,0.0239301605517	(113, 0.0072715689903262385)
113	97,0.0244087437498	(113, 0.0072715689903262385)
113	120,0.0245125018765	(113, 0.0072715689903262385)
113	161,0.0249919917281	(113, 0.0072715689903262385)
113	15,0.0260956110776	(113, 0.0072715689903262385)
113	155,0.0264692727962	(113, 0.0072715689903262385)
114	124,0.0090920404354	(114, 0.0095817802287115512)
114	73,0.00920780053092	(114, 0.0095817802287115512)
114	114,0.00958178022871	(114, 0.0095817802287115512)
114	53,0.0098734647322	(114, 0.0095817802287115512)
114	93,0.0110678097454	(114, 0.0095817802287115512)
114	104,0.0114012073843	(114, 0.0095817802287115512)
114	13,0.0114234681489	(114, 0.0095817802287115512)
114	157,0.0121376613212	(114, 0.0095817802287115512)
114	109,0.0126472961931	(114, 0.0095817802287115512)
114	144,0.0135092663613	(114, 0.0095817802287115512)
115	119,0.00603766665976	(115, 0.0064642322767010088)
115	115,0.0064642322767	(115, 0.0064642322767010088)
115	11,0.00741423507275	(115, 0.0064642322767010088)
115	96,0.0089647540282	(115, 0.0064642322767010088)
115	37,0.00973065501511	(115, 0.0064642322767010088)
115	81,0.00974362761437	(115, 0.0064642322767010088)
115	3,0.0100410513499	(115, 0.0064642322767010088)
115	136,0.0110569635101	(115, 0.0064642322767010088)
115	17,0.0116769072129	(115, 0.0064642322767010088)
115	90,0.011990223679	(115, 0.0064642322767010088)
116	116,0.00558851996567	(116, 0.0055885199656714084)
116	93,0.00595639425042	(116, 0.0055885199656714084)
116	73,0.0116738071124	(116, 0.0055885199656714084)
116	109,0.0116912747362	(116, 0.0055885199656714084)
116	144,0.0132235094717	(116, 0.0055885199656714084)
116	3,0.0136092246767	(116, 0.0055885199656714084)
116	172,0.0137862684339	(116, 0.0055885199656714084)
116	124,0.0139501956547	(116, 0.0055885199656714084)
116	128,0.0139651573158	(116, 0.0055885199656714084)
116	156,0.01461236381	(116, 0.0055885199656714084)
117	117,0.00215199247132	(117, 0.0021519924713152821)
117	21,0.00566482198684	(117, 0.0021519924713152821)
117	71,0.00585603363772	(117, 0.0021519924713152821)
117	76,0.00653365086237	(117, 0.0021519924713152821)
117	22,0.00708235709847	(117, 0.0021519924713152821)
117	11,0.00720446945209	(117, 0.0021519924713152821)
117	77,0.0072595102925	(117, 0.0021519924713152821)
117	81,0.0072600262107	(117, 0.0021519924713152821)
117	162,0.00767166566121	(117, 0.0021519924713152821)
117	121,0.0079743627908	(117, 0.0021519924713152821)
118	33,0.0156830426359	(118, 0.019253003197882639)
118	118,0.0192530031979	(118, 0.019253003197882639)
118	130,0.0204744618587	(118, 0.019253003197882639)
118	34,0.0204748388387	(118, 0.019253003197882639)
118	113,0.0209940368052	(118, 0.019253003197882639)
118	69,0.025339909632	(118, 0.019253003197882639)
118	45,0.0273506590412	(118, 0.019253003197882639)
118	4,0.0287429612472	(118, 0.019253003197882639)
118	25,0.0288583172244	(118, 0.019253003197882639)
118	15,0.0291111817409	(118, 0.019253003197882639)
119	120,0.00739949774945	(119, 0.011295078197981931)
119	40,0.00843677150113	(119, 0.011295078197981931)
119	69,0.00874563796688	(119, 0.011295078197981931)
119	17,0.00972690373663	(119, 0.011295078197981931)
119	4,0.00974611739458	(119, 0.011295078197981931)
119	172,0.00980473932336	(119, 0.011295078197981931)
119	124,0.0101592748621	(119, 0.011295078197981931)
119	97,0.0102193648504	(119, 0.011295078197981931)
119	154,0.0106100621608	(119, 0.011295078197981931)
119	119,0.011295078198	(119, 0.011295078197981931)
120	120,0.00664885780814	(120, 0.0066488578081371165)
120	65,0.0078724956225	(120, 0.0066488578081371165)
120	44,0.0083949850675	(120, 0.0066488578081371165)
120	161,0.00849852007083	(120, 0.0066488578081371165)
120	155,0.0103778780137	(120, 0.0066488578081371165)
120	53,0.0113274567504	(120, 0.0066488578081371165)
120	13,0.0126765200339	(120, 0.0066488578081371165)
120	124,0.0131994256466	(120, 0.0066488578081371165)
120	54,0.0132851716419	(120, 0.0066488578081371165)
120	68,0.0133270602895	(120, 0.0066488578081371165)
121	121,0.005481157899	(121, 0.0054811578990041224)
121	22,0.00652239391235	(121, 0.0054811578990041224)
121	78,0.00739107072785	(121, 0.0054811578990041224)
121	1,0.00775055562963	(121, 0.0054811578990041224)
121	26,0.0079656632124	(121, 0.0054811578990041224)
121	73,0.00850210648142	(121, 0.0054811578990041224)
121	128,0.00931473134351	(121, 0.0054811578990041224)
121	11,0.0100604169661	(121, 0.0054811578990041224)
121	61,0.0100714925477	(121, 0.0054811578990041224)
121	132,0.0101268326132	(121, 0.0054811578990041224)
122	122,0.00954306199252	(122, 0.0095430619925205833)
122	174,0.010562209964	(122, 0.0095430619925205833)
122	154,0.0133960589704	(122, 0.0095430619925205833)
122	2,0.0163805537842	(122, 0.0095430619925205833)
122	69,0.0166125854223	(122, 0.0095430619925205833)
122	48,0.017340726903	(122, 0.0095430619925205833)
122	116,0.0182054062559	(122, 0.0095430619925205833)
122	4,0.0197044210946	(122, 0.0095430619925205833)
122	56,0.0199473967705	(122, 0.0095430619925205833)
122	172,0.020219755288	(122, 0.0095430619925205833)
123	172,0.00674241791892	(123, 0.0070027989393938554)
123	123,0.00700279893939	(123, 0.0070027989393938554)
123	81,0.00979332959892	(123, 0.0070027989393938554)
123	40,0.0104647424978	(123, 0.0070027989393938554)
123	146,0.0108869123956	(123, 0.0070027989393938554)
123	119,0.0109437148901	(123, 0.0070027989393938554)
123	90,0.0112726956679	(123, 0.0070027989393938554)
123	96,0.0122397119778	(123, 0.0070027989393938554)
123	115,0.0122869688505	(123, 0.0070027989393938554)
123	137,0.0125206402813	(123, 0.0070027989393938554)
124	124,0.0107369847185	(124, 0.010736984718518814)
124	101,0.0138589978871	(124, 0.010736984718518814)
124	41,0.016382931062	(124, 0.010736984718518814)
124	73,0.0177589135026	(124, 0.010736984718518814)
124	169,0.0181434116264	(124, 0.010736984718518814)
124	27,0.0182207214659	(124, 0.010736984718518814)
124	140,0.018328581403	(124, 0.010736984718518814)
124	114,0.0184774945894	(124, 0.010736984718518814)
124	157,0.0185400502566	(124, 0.010736984718518814)
124	53,0.0196961945814	(124, 0.010736984718518814)
125	13,0.0132856419236	(125, 0.018147319972334122)
125	73,0.016881848369	(125, 0.018147319972334122)
125	65,0.0169992364379	(125, 0.018147319972334122)
125	155,0.0171962565119	(125, 0.018147319972334122)
125	68,0.01798935752	(125, 0.018147319972334122)
125	125,0.0181473199723	(125, 0.018147319972334122)
125	161,0.0183184180396	(125, 0.018147319972334122)
125	61,0.018734216595	(125, 0.018147319972334122)
125	23,0.0188188716603	(125, 0.018147319972334122)
125	41,0.0189071180971	(125, 0.018147319972334122)
126	126,0.00713378249743	(126, 0.0071337824974308742)
126	81,0.00805432192618	(126, 0.0071337824974308742)
126	121,0.0081262026426	(126, 0.0071337824974308742)
126	3,0.00829467492979	(126, 0.0071337824974308742)
126	132,0.00852255743427	(126, 0.0071337824974308742)
126	119,0.00879660789245	(126, 0.0071337824974308742)
126	11,0.00907881306653	(126, 0.0071337824974308742)
126	128,0.00911693330258	(126, 0.0071337824974308742)
126	151,0.00953126061898	(126, 0.0071337824974308742)
126	78,0.00965297858956	(126, 0.0071337824974308742)
127	17,0.00474161686547	(127, 0.0066909794436375222)
127	74,0.00555875783144	(127, 0.0066909794436375222)
127	136,0.00592748316739	(127, 0.0066909794436375222)
127	127,0.00669097944364	(127, 0.0066909794436375222)
127	100,0.00684754826126	(127, 0.0066909794436375222)
127	59,0.00705158760361	(127, 0.0066909794436375222)
127	77,0.00776415319119	(127, 0.0066909794436375222)
127	37,0.0083734378434	(127, 0.0066909794436375222)
127	49,0.00875373015166	(127, 0.0066909794436375222)
127	172,0.0114946896519	(127, 0.0066909794436375222)
128	128,0.00428435493654	(128, 0.0042843549365411205)
128	78,0.00668212409151	(128, 0.0042843549365411205)
128	12,0.00691798005029	(128, 0.0042843549365411205)
128	158,0.00697355671558	(128, 0.0042843549365411205)
128	22,0.00706938813713	(128, 0.0042843549365411205)
128	121,0.00722792959691	(128, 0.0042843549365411205)
128	139,0.00786256060671	(128, 0.0042843549365411205)
128	151,0.00835615725027	(128, 0.0042843549365411205)
128	132,0.00857912253168	(128, 0.0042843549365411205)
128	18,0.00858958851253	(128, 0.0042843549365411205)
129	98,0.0104065022735	(129, 0.017909542699953845)
129	49,0.0109511069632	(129, 0.017909542699953845)
129	15,0.014921872911	(129, 0.017909542699953845)
129	59,0.0149887963414	(129, 0.017909542699953845)
129	94,0.0151745794402	(129, 0.017909542699953845)
129	83,0.0155703045105	(129, 0.017909542699953845)
129	100,0.0158743434995	(129, 0.017909542699953845)
129	77,0.017403680349	(129, 0.017909542699953845)
129	25,0.0176900717489	(129, 0.017909542699953845)
129	129,0.0179095427	(129, 0.017909542699953845)
130	130,0.0147867163049	(130, 0.014786716304944459)
130	65,0.0174762751244	(130, 0.014786716304944459)
130	13,0.0175450266409	(130, 0.014786716304944459)
130	34,0.0177695839906	(130, 0.014786716304944459)
130	91,0.0181283901882	(130, 0.014786716304944459)
130	53,0.0196690832869	(130, 0.014786716304944459)
130	28,0.0199028397102	(130, 0.014786716304944459)
130	155,0.020244827932	(130, 0.014786716304944459)
130	73,0.0202571409592	(130, 0.014786716304944459)
130	157,0.020389123185	(130, 0.014786716304944459)
131	116,0.0124956491817	(131, 0.013961547195578799)
131	166,0.0125756825387	(131, 0.013961547195578799)
131	131,0.0139615471956	(131, 0.013961547195578799)
131	72,0.0151578810153	(131, 0.013961547195578799)
131	144,0.0172871845172	(131, 0.013961547195578799)
131	104,0.0179904504801	(131, 0.013961547195578799)
131	156,0.0184443723133	(131, 0.013961547195578799)
131	84,0.0188784985069	(131, 0.013961547195578799)
131	93,0.0213568711686	(131, 0.013961547195578799)
131	165,0.0217536728084	(131, 0.013961547195578799)
132	132,0.0036641216946	(132, 0.0036641216945988968)
132	22,0.00402877825691	(132, 0.0036641216945988968)
132	18,0.00455755776547	(132, 0.0036641216945988968)
132	139,0.00484448017603	(132, 0.0036641216945988968)
132	158,0.00506755225552	(132, 0.0036641216945988968)
132	76,0.00562888632398	(132, 0.0036641216945988968)
132	46,0.00576660567283	(132, 0.0036641216945988968)
132	147,0.00606591014694	(132, 0.0036641216945988968)
132	121,0.00630560864781	(132, 0.0036641216945988968)
132	151,0.00730162831783	(132, 0.0036641216945988968)
133	133,0.00850353714349	(133, 0.0085035371434882649)
133	114,0.0166385301068	(133, 0.0085035371434882649)
133	103,0.0169797799078	(133, 0.0085035371434882649)
133	110,0.017715941542	(133, 0.0085035371434882649)
133	91,0.0178225324051	(133, 0.0085035371434882649)
133	34,0.0182473607783	(133, 0.0085035371434882649)
133	53,0.0185999757521	(133, 0.0085035371434882649)
133	130,0.0189908509854	(133, 0.0085035371434882649)
133	102,0.019682318756	(133, 0.0085035371434882649)
133	153,0.0213596210188	(133, 0.0085035371434882649)
134	121,0.00553936518559	(134, 0.008050829069596175)
134	128,0.0065883184199	(134, 0.008050829069596175)
134	78,0.00750660278297	(134, 0.008050829069596175)
134	134,0.0080508290696	(134, 0.008050829069596175)
134	73,0.00905585147427	(134, 0.008050829069596175)
134	22,0.00909845832012	(134, 0.008050829069596175)
134	18,0.00952788494739	(134, 0.008050829069596175)
134	109,0.0100763456916	(134, 0.008050829069596175)
134	152,0.0114455489572	(134, 0.008050829069596175)
134	26,0.0115523032862	(134, 0.008050829069596175)
135	147,0.00380248414752	(135, 0.0044937484955511597)
135	135,0.00449374849555	(135, 0.0044937484955511597)
135	76,0.00479082660806	(135, 0.0044937484955511597)
135	137,0.00499368309721	(135, 0.0044937484955511597)
135	63,0.00548722333756	(135, 0.0044937484955511597)
135	162,0.00613332697027	(135, 0.0044937484955511597)
135	171,0.00681183445962	(135, 0.0044937484955511597)
135	77,0.00720651372848	(135, 0.0044937484955511597)
135	3,0.00796255889377	(135, 0.0044937484955511597)
135	117,0.00803809149688	(135, 0.0044937484955511597)
136	121,0.00743701379437	(136, 0.0087965127889313051)
136	11,0.00877260877105	(136, 0.0087965127889313051)
136	136,0.00879651278893	(136, 0.0087965127889313051)
136	78,0.00897605429161	(136, 0.0087965127889313051)
136	126,0.00959898511407	(136, 0.0087965127889313051)
136	3,0.0104628356643	(136, 0.0087965127889313051)
136	162,0.0104955132856	(136, 0.0087965127889313051)
136	132,0.0106151316646	(136, 0.0087965127889313051)
136	151,0.0108556014906	(136, 0.0087965127889313051)
136	23,0.0109829694697	(136, 0.0087965127889313051)
137	137,0.00238781238129	(137, 0.0023878123812857183)
137	63,0.00358461392646	(137, 0.0023878123812857183)
137	147,0.00377559919665	(137, 0.0023878123812857183)
137	3,0.00517638333185	(137, 0.0023878123812857183)
137	76,0.00576213223297	(137, 0.0023878123812857183)
137	171,0.00597303912482	(137, 0.0023878123812857183)
137	90,0.00625104009692	(137, 0.0023878123812857183)
137	36,0.00676238020176	(137, 0.0023878123812857183)
137	117,0.00688408510566	(137, 0.0023878123812857183)
137	150,0.00773416223981	(137, 0.0023878123812857183)
138	78,0.00701929365834	(138, 0.0093500505577704101)
138	158,0.00811991190549	(138, 0.0093500505577704101)
138	128,0.00826244429239	(138, 0.0093500505577704101)
138	107,0.00893904327574	(138, 0.0093500505577704101)
138	138,0.00935005055777	(138, 0.0093500505577704101)
138	55,0.012038693422	(138, 0.0093500505577704101)
138	139,0.0121423688765	(138, 0.0093500505577704101)
138	61,0.0123802899684	(138, 0.0093500505577704101)
138	22,0.0125723259275	(138, 0.0093500505577704101)
138	159,0.0127418561532	(138, 0.0093500505577704101)
139	139,0.00209295565069	(139, 0.002092955650691627)
139	46,0.00428293065301	(139, 0.002092955650691627)
139	18,0.00594204256772	(139, 0.002092955650691627)
139	76,0.00605017051682	(139, 0.002092955650691627)
139	22,0.00683021234088	(139, 0.002092955650691627)
139	151,0.00684722844947	(139, 0.002092955650691627)
139	171,0.00717521814479	(139, 0.002092955650691627)
139	132,0.00767036971567	(139, 0.002092955650691627)
139	6,0.00845535718304	(139, 0.002092955650691627)
139	63,0.00850644875185	(139, 0.002092955650691627)
140	93,0.0115809842853	(140, 0.01177907775999274)
140	140,0.01177907776	(140, 0.01177907775999274)
140	73,0.0119456884919	(140, 0.01177907775999274)
140	124,0.0121165313191	(140, 0.01177907775999274)
140	157,0.0121807804332	(140, 0.01177907775999274)
140	104,0.0127150769546	(140, 0.01177907775999274)
140	116,0.0145289875772	(140, 0.01177907775999274)
140	69,0.0146605376783	(140, 0.01177907775999274)
140	53,0.0151467079967	(140, 0.01177907775999274)
140	131,0.0168819473639	(140, 0.01177907775999274)
141	141,0.0192610117608	(141, 0.019261011760768824)
141	48,0.0204386884078	(141, 0.019261011760768824)
141	124,0.0213220823373	(141, 0.019261011760768824)
141	4,0.0227068301864	(141, 0.019261011760768824)
141	56,0.0231283776544	(141, 0.019261011760768824)
141	155,0.0234457962871	(141, 0.019261011760768824)
141	120,0.0234786159258	(141, 0.019261011760768824)
141	69,0.0247702826586	(141, 0.019261011760768824)
141	97,0.0249671447147	(141, 0.019261011760768824)
141	33,0.0250281783851	(141, 0.019261011760768824)
142	61,0.0109825751308	(142, 0.034321181705202562)
142	38,0.0131493716537	(142, 0.034321181705202562)
142	12,0.0133681314287	(142, 0.034321181705202562)
142	23,0.0134065306481	(142, 0.034321181705202562)
142	16,0.0140083590154	(142, 0.034321181705202562)
142	73,0.0140804087312	(142, 0.034321181705202562)
142	105,0.0144886994285	(142, 0.034321181705202562)
142	24,0.0153261646347	(142, 0.034321181705202562)
142	55,0.015487437643	(142, 0.034321181705202562)
142	135,0.0155122701391	(142, 0.034321181705202562)
143	143,0.00380785453984	(143, 0.0038078545398442095)
143	3,0.00471360402601	(143, 0.0038078545398442095)
143	112,0.00490231696409	(143, 0.0038078545398442095)
143	11,0.00501833024996	(143, 0.0038078545398442095)
143	162,0.00523563252595	(143, 0.0038078545398442095)
143	90,0.00542742746624	(143, 0.0038078545398442095)
143	137,0.00661552039215	(143, 0.0038078545398442095)
143	17,0.00664480098538	(143, 0.0038078545398442095)
143	21,0.00665861003199	(143, 0.0038078545398442095)
143	150,0.00690195289371	(143, 0.0038078545398442095)
144	144,0.00640210088059	(144, 0.006402100880594219)
144	12,0.01157220652	(144, 0.006402100880594219)
144	14,0.0119703737149	(144, 0.006402100880594219)
144	38,0.0120831795311	(144, 0.006402100880594219)
144	145,0.0141979793238	(144, 0.006402100880594219)
144	50,0.014674214146	(144, 0.006402100880594219)
144	116,0.0146876876077	(144, 0.006402100880594219)
144	159,0.0155426034024	(144, 0.006402100880594219)
144	73,0.0161805464331	(144, 0.006402100880594219)
144	13,0.0162248962148	(144, 0.006402100880594219)
145	145,0.00872696662696	(145, 0.0087269666269636989)
145	38,0.00917367472408	(145, 0.0087269666269636989)
145	128,0.00941614085495	(145, 0.0087269666269636989)
145	158,0.00957407937223	(145, 0.0087269666269636989)
145	55,0.00973449594057	(145, 0.0087269666269636989)
145	78,0.00985987870084	(145, 0.0087269666269636989)
145	24,0.00995074203507	(145, 0.0087269666269636989)
145	12,0.0115420101561	(145, 0.0087269666269636989)
145	14,0.0124968967971	(145, 0.0087269666269636989)
145	22,0.0133076072245	(145, 0.0087269666269636989)
146	146,0.00293643272184	(146, 0.0029364327218360277)
146	159,0.00797410299963	(146, 0.0029364327218360277)
146	137,0.0102705710843	(146, 0.0029364327218360277)
146	12,0.0103828638705	(146, 0.0029364327218360277)
146	81,0.0105526480677	(146, 0.0029364327218360277)
146	132,0.010973740747	(146, 0.0029364327218360277)
146	172,0.0111110099745	(146, 0.0029364327218360277)
146	46,0.0111736800334	(146, 0.0029364327218360277)
146	18,0.0113572722358	(146, 0.0029364327218360277)
146	3,0.0114173127114	(146, 0.0029364327218360277)
147	63,0.00287906369433	(147, 0.0030472904970449952)
147	147,0.00304729049704	(147, 0.0030472904970449952)
147	76,0.00384216908642	(147, 0.0030472904970449952)
147	132,0.00500293794329	(147, 0.0030472904970449952)
147	151,0.006084180456	(147, 0.0030472904970449952)
147	22,0.00617066085227	(147, 0.0030472904970449952)
147	18,0.00619994925148	(147, 0.0030472904970449952)
147	121,0.00627863186867	(147, 0.0030472904970449952)
147	3,0.00651723605027	(147, 0.0030472904970449952)
147	23,0.00681393375865	(147, 0.0030472904970449952)
148	148,0.00377414654972	(148, 0.0037741465497213742)
148	17,0.00488238232283	(148, 0.0037741465497213742)
148	143,0.00608384996114	(148, 0.0037741465497213742)
148	100,0.00695765477657	(148, 0.0037741465497213742)
148	90,0.00824394375152	(148, 0.0037741465497213742)
148	49,0.00932565105317	(148, 0.0037741465497213742)
148	172,0.0100501585213	(148, 0.0037741465497213742)
148	112,0.0108045167629	(148, 0.0037741465497213742)
148	37,0.0110349569537	(148, 0.0037741465497213742)
148	79,0.0111437092407	(148, 0.0037741465497213742)
149	149,0.0118344722947	(149, 0.011834472294708194)
149	32,0.0192438329733	(149, 0.011834472294708194)
149	169,0.0223721880307	(149, 0.011834472294708194)
149	33,0.0265732790711	(149, 0.011834472294708194)
149	27,0.03332079122	(149, 0.011834472294708194)
149	156,0.0338417346191	(149, 0.011834472294708194)
149	165,0.0347351124934	(149, 0.011834472294708194)
149	131,0.0351197179084	(149, 0.011834472294708194)
149	111,0.0360197670252	(149, 0.011834472294708194)
149	157,0.038131539378	(149, 0.011834472294708194)
150	3,0.00320321056179	(150, 0.0059857855452912275)
150	11,0.00411308750442	(150, 0.0059857855452912275)
150	162,0.00517366898593	(150, 0.0059857855452912275)
150	121,0.00541594672566	(150, 0.0059857855452912275)
150	71,0.00555671374654	(150, 0.0059857855452912275)
150	150,0.00598578554529	(150, 0.0059857855452912275)
150	86,0.00624748110406	(150, 0.0059857855452912275)
150	143,0.00660222332998	(150, 0.0059857855452912275)
150	63,0.00681273072442	(150, 0.0059857855452912275)
150	117,0.00713156132875	(150, 0.0059857855452912275)
151	121,0.00354467416101	(151, 0.0051031005892257812)
151	151,0.00510310058923	(151, 0.0051031005892257812)
151	132,0.00529752159437	(151, 0.0051031005892257812)
151	78,0.00658540341859	(151, 0.0051031005892257812)
151	22,0.00665489411239	(151, 0.0051031005892257812)
151	61,0.00676432720571	(151, 0.0051031005892257812)
151	70,0.00679100601823	(151, 0.0051031005892257812)
151	63,0.00727335852219	(151, 0.0051031005892257812)
151	18,0.00751925600723	(151, 0.0051031005892257812)
151	23,0.00765139997746	(151, 0.0051031005892257812)
152	152,0.00595836802657	(152, 0.0059583680265662764)
152	121,0.00695106373028	(152, 0.0059583680265662764)
152	18,0.00849958776348	(152, 0.0059583680265662764)
152	88,0.00896949789674	(152, 0.0059583680265662764)
152	35,0.00958362585968	(152, 0.0059583680265662764)
152	117,0.00968773436342	(152, 0.0059583680265662764)
152	22,0.00992616690535	(152, 0.0059583680265662764)
152	139,0.0101078438239	(152, 0.0059583680265662764)
152	81,0.0102669801205	(152, 0.0059583680265662764)
152	12,0.0107739717594	(152, 0.0059583680265662764)
153	133,0.00971690197457	(153, 0.014492593176345794)
153	153,0.0144925931763	(153, 0.014492593176345794)
153	34,0.0155973423464	(153, 0.014492593176345794)
153	91,0.0156178655188	(153, 0.014492593176345794)
153	130,0.0159147842745	(153, 0.014492593176345794)
153	102,0.0172663451552	(153, 0.014492593176345794)
153	103,0.0204348325579	(153, 0.014492593176345794)
153	28,0.0217601645895	(153, 0.014492593176345794)
153	53,0.021904825098	(153, 0.014492593176345794)
153	30,0.0220646590894	(153, 0.014492593176345794)
154	154,0.00419598122825	(154, 0.0041959812282476487)
154	40,0.0100544399014	(154, 0.0041959812282476487)
154	69,0.0102716791212	(154, 0.0041959812282476487)
154	172,0.0108932513333	(154, 0.0041959812282476487)
154	4,0.011499100466	(154, 0.0041959812282476487)
154	116,0.011642050075	(154, 0.0041959812282476487)
154	174,0.0120660242218	(154, 0.0041959812282476487)
154	2,0.0148955109348	(154, 0.0041959812282476487)
154	48,0.0155026242859	(154, 0.0041959812282476487)
154	123,0.015850818286	(154, 0.0041959812282476487)
155	162,0.0060716563264	(155, 0.0097627182289004733)
155	11,0.00624802566914	(155, 0.0097627182289004733)
155	71,0.00630069636436	(155, 0.0097627182289004733)
155	121,0.00662133288951	(155, 0.0097627182289004733)
155	1,0.00840692597876	(155, 0.0097627182289004733)
155	117,0.00885284687785	(155, 0.0097627182289004733)
155	73,0.00945938850528	(155, 0.0097627182289004733)
155	70,0.00976269159782	(155, 0.0097627182289004733)
155	155,0.0097627182289	(155, 0.0097627182289004733)
155	3,0.0102652645518	(155, 0.0097627182289004733)
156	73,0.00820654141795	(156, 0.0086172660960200202)
156	156,0.00861726609602	(156, 0.0086172660960200202)
156	144,0.0103588361129	(156, 0.0086172660960200202)
156	109,0.0105200259213	(156, 0.0086172660960200202)
156	27,0.0117981878702	(156, 0.0086172660960200202)
156	107,0.0126744923525	(156, 0.0086172660960200202)
156	50,0.0139058552356	(156, 0.0086172660960200202)
156	38,0.0139777479319	(156, 0.0086172660960200202)
156	128,0.0143184608567	(156, 0.0086172660960200202)
156	19,0.0145039318335	(156, 0.0086172660960200202)
157	22,0.00719254099029	(157, 0.010289466635182758)
157	12,0.0072999299588	(157, 0.010289466635182758)
157	73,0.00787299297027	(157, 0.010289466635182758)
157	93,0.00833562756688	(157, 0.010289466635182758)
157	128,0.00852936641546	(157, 0.010289466635182758)
157	126,0.00863169683418	(157, 0.010289466635182758)
157	121,0.0088318563391	(157, 0.010289466635182758)
157	132,0.0088723431918	(157, 0.010289466635182758)
157	78,0.0092909459598	(157, 0.010289466635182758)
157	3,0.00936843493757	(157, 0.010289466635182758)
158	77,0.00408103516716	(158, 0.01442671472871892)
158	3,0.00595701276919	(158, 0.01442671472871892)
158	37,0.00637536158476	(158, 0.01442671472871892)
158	171,0.00651567401007	(158, 0.01442671472871892)
158	136,0.00666457217874	(158, 0.01442671472871892)
158	76,0.00688235024465	(158, 0.01442671472871892)
158	147,0.00692623523973	(158, 0.01442671472871892)
158	63,0.00702068159556	(158, 0.01442671472871892)
158	137,0.00716459077336	(158, 0.01442671472871892)
158	11,0.00757288462971	(158, 0.01442671472871892)
159	146,0.00365086647237	(159, 0.0086380179334439797)
159	137,0.00616576826951	(159, 0.0086380179334439797)
159	81,0.006190955558	(159, 0.0086380179334439797)
159	3,0.00706666581245	(159, 0.0086380179334439797)
159	147,0.00736616211592	(159, 0.0086380179334439797)
159	46,0.00763988255579	(159, 0.0086380179334439797)
159	18,0.0076792014095	(159, 0.0086380179334439797)
159	63,0.00770451505702	(159, 0.0086380179334439797)
159	150,0.00781981681618	(159, 0.0086380179334439797)
159	151,0.00795055920622	(159, 0.0086380179334439797)
160	164,0.0119673575493	(160, 0.059862459894427192)
160	73,0.013147742238	(160, 0.059862459894427192)
160	27,0.0135239041963	(160, 0.059862459894427192)
160	109,0.0161930690827	(160, 0.059862459894427192)
160	38,0.0170154157407	(160, 0.059862459894427192)
160	41,0.0178397808018	(160, 0.059862459894427192)
160	107,0.0179768372674	(160, 0.059862459894427192)
160	105,0.0186701312031	(160, 0.059862459894427192)
160	32,0.0188724969746	(160, 0.059862459894427192)
160	12,0.0189494831769	(160, 0.059862459894427192)
161	161,0.00324819969709	(161, 0.0032481996970935693)
161	65,0.00794372468874	(161, 0.0032481996970935693)
161	44,0.00974196532927	(161, 0.0032481996970935693)
161	68,0.00976945631605	(161, 0.0032481996970935693)
161	155,0.0104572380781	(161, 0.0032481996970935693)
161	17,0.0115818288689	(161, 0.0032481996970935693)
161	83,0.0117041334212	(161, 0.0032481996970935693)
161	1,0.0129634225322	(161, 0.0032481996970935693)
161	13,0.0132089139414	(161, 0.0032481996970935693)
161	71,0.0135017706056	(161, 0.0032481996970935693)
162	162,0.00440573157322	(162, 0.0044057315732239149)
162	117,0.00527259562878	(162, 0.0044057315732239149)
162	18,0.00528439557315	(162, 0.0044057315732239149)
162	76,0.00574606666117	(162, 0.0044057315732239149)
162	121,0.00637813930441	(162, 0.0044057315732239149)
162	11,0.00666032923185	(162, 0.0044057315732239149)
162	147,0.00678648772002	(162, 0.0044057315732239149)
162	150,0.0068299356977	(162, 0.0044057315732239149)
162	88,0.00707731199026	(162, 0.0044057315732239149)
162	81,0.00731009696427	(162, 0.0044057315732239149)
163	17,0.00732639884243	(163, 0.010954988092459306)
163	172,0.0075654499798	(163, 0.010954988092459306)
163	3,0.00825666215033	(163, 0.010954988092459306)
163	37,0.00825699747316	(163, 0.010954988092459306)
163	100,0.00873462550729	(163, 0.010954988092459306)
163	40,0.00926801295915	(163, 0.010954988092459306)
163	11,0.0095283967365	(163, 0.010954988092459306)
163	90,0.00976017444235	(163, 0.010954988092459306)
163	148,0.0103828045229	(163, 0.010954988092459306)
163	143,0.010520449958	(163, 0.010954988092459306)
164	156,0.0105773996339	(164, 0.012910960514063735)
164	73,0.0124086970675	(164, 0.012910960514063735)
164	144,0.012559374924	(164, 0.012910960514063735)
164	27,0.0128886891559	(164, 0.012910960514063735)
164	164,0.0129109605141	(164, 0.012910960514063735)
164	109,0.014004806966	(164, 0.012910960514063735)
164	131,0.0150192018296	(164, 0.012910960514063735)
164	32,0.0165327400815	(164, 0.012910960514063735)
164	116,0.0168667485799	(164, 0.012910960514063735)
164	13,0.0173619229334	(164, 0.012910960514063735)
165	93,0.00932021394764	(165, 0.0126319651882044)
165	157,0.0122341209417	(165, 0.0126319651882044)
165	116,0.0122930677554	(165, 0.0126319651882044)
165	165,0.0126319651882	(165, 0.0126319651882044)
165	73,0.0141891551587	(165, 0.0126319651882044)
165	144,0.0146919181314	(165, 0.0126319651882044)
165	131,0.0147569934863	(165, 0.0126319651882044)
165	156,0.0158860525136	(165, 0.0126319651882044)
165	124,0.0164282183255	(165, 0.0126319651882044)
165	13,0.0184974072121	(165, 0.0126319651882044)
166	116,0.0129374298778	(166, 0.017582169249217936)
166	69,0.0140299209679	(166, 0.017582169249217936)
166	124,0.0150001585415	(166, 0.017582169249217936)
166	144,0.017525381556	(166, 0.017582169249217936)
166	166,0.0175821692492	(166, 0.017582169249217936)
166	13,0.0184184922261	(166, 0.017582169249217936)
166	140,0.0185450631984	(166, 0.017582169249217936)
166	104,0.0186200165768	(166, 0.017582169249217936)
166	157,0.0191620027067	(166, 0.017582169249217936)
166	93,0.0192279192415	(166, 0.017582169249217936)
167	51,0.0153713386952	(167, 0.020439043814917103)
167	39,0.0174539335961	(167, 0.020439043814917103)
167	167,0.0204390438149	(167, 0.020439043814917103)
167	27,0.0225401906521	(167, 0.020439043814917103)
167	32,0.023069983678	(167, 0.020439043814917103)
167	138,0.0232797327729	(167, 0.020439043814917103)
167	19,0.0240914298603	(167, 0.020439043814917103)
167	164,0.0281419872405	(167, 0.020439043814917103)
167	156,0.028875342678	(167, 0.020439043814917103)
167	107,0.0296722037685	(167, 0.020439043814917103)
168	55,0.00940844155515	(168, 0.01198835022088659)
168	12,0.00989138687445	(168, 0.01198835022088659)
168	121,0.0110800862389	(168, 0.01198835022088659)
168	38,0.0114945114422	(168, 0.01198835022088659)
168	18,0.0119316771744	(168, 0.01198835022088659)
168	168,0.0119883502209	(168, 0.01198835022088659)
168	152,0.0121937009028	(168, 0.01198835022088659)
168	86,0.0122906529972	(168, 0.01198835022088659)
168	151,0.0127873844263	(168, 0.01198835022088659)
168	61,0.0134140917249	(168, 0.01198835022088659)
169	169,0.0134855651447	(169, 0.013485565144670801)
169	156,0.0139192682379	(169, 0.013485565144670801)
169	73,0.0148299417165	(169, 0.013485565144670801)
169	27,0.015177349841	(169, 0.013485565144670801)
169	109,0.0163216576893	(169, 0.013485565144670801)
169	99,0.017491160068	(169, 0.013485565144670801)
169	144,0.0179196846175	(169, 0.013485565144670801)
169	84,0.0185834959956	(169, 0.013485565144670801)
169	170,0.0195245397007	(169, 0.013485565144670801)
169	41,0.0195412205719	(169, 0.013485565144670801)
170	170,0.00838238857382	(170, 0.008382388573815746)
170	99,0.0111644286648	(170, 0.008382388573815746)
170	144,0.0143867233518	(170, 0.008382388573815746)
170	27,0.0150561636268	(170, 0.008382388573815746)
170	19,0.0154940466405	(170, 0.008382388573815746)
170	84,0.0171272890378	(170, 0.008382388573815746)
170	73,0.0171711142322	(170, 0.008382388573815746)
170	0,0.0175521752338	(170, 0.008382388573815746)
170	109,0.0184241918653	(170, 0.008382388573815746)
170	124,0.0207620379425	(170, 0.008382388573815746)
171	156,0.00961179486642	(171, 0.034276880489582946)
171	27,0.012430022234	(171, 0.034276880489582946)
171	32,0.0141236792855	(171, 0.034276880489582946)
171	164,0.0147422422998	(171, 0.034276880489582946)
171	73,0.0156063078822	(171, 0.034276880489582946)
171	107,0.0174681195367	(171, 0.034276880489582946)
171	144,0.0184631954888	(171, 0.034276880489582946)
171	169,0.0186902265473	(171, 0.034276880489582946)
171	19,0.0191594167341	(171, 0.034276880489582946)
171	51,0.020335843178	(171, 0.034276880489582946)
172	172,0.0034483427464	(172, 0.0034483427464000651)
172	137,0.00479121398416	(172, 0.0034483427464000651)
172	17,0.00638045398772	(172, 0.0034483427464000651)
172	3,0.00643482674245	(172, 0.0034483427464000651)
172	90,0.00700377547896	(172, 0.0034483427464000651)
172	136,0.00701595183137	(172, 0.0034483427464000651)
172	77,0.00800623020974	(172, 0.0034483427464000651)
172	37,0.00821394080529	(172, 0.0034483427464000651)
172	171,0.00841676830768	(172, 0.0034483427464000651)
172	147,0.0093905341126	(172, 0.0034483427464000651)
173	158,0.0112022756022	(173, 0.018103555468060355)
173	107,0.0112595469823	(173, 0.018103555468060355)
173	38,0.011690301864	(173, 0.018103555468060355)
173	27,0.0129580509757	(173, 0.018103555468060355)
173	24,0.0131211208717	(173, 0.018103555468060355)
173	78,0.0149471186394	(173, 0.018103555468060355)
173	156,0.015048729037	(173, 0.018103555468060355)
173	61,0.0151821025025	(173, 0.018103555468060355)
173	128,0.0153602593205	(173, 0.018103555468060355)
173	138,0.0168948271022	(173, 0.018103555468060355)
174	174,0.00474129844999	(174, 0.0047412984499866717)
174	56,0.00600249501161	(174, 0.0047412984499866717)
174	15,0.00688412542783	(174, 0.0047412984499866717)
174	120,0.00939893366376	(174, 0.0047412984499866717)
174	69,0.00951007066576	(174, 0.0047412984499866717)
174	4,0.0110175672612	(174, 0.0047412984499866717)
174	17,0.011024403167	(174, 0.0047412984499866717)
174	48,0.0128475954846	(174, 0.0047412984499866717)
174	2,0.0128845916064	(174, 0.0047412984499866717)
174	40,0.0132570535382	(174, 0.0047412984499866717)
