0	0,0.0824157051241	(0, 0.082415705124103081)
0	84,0.225879451763	(0, 0.082415705124103081)
0	99,0.235265158533	(0, 0.082415705124103081)
0	38,0.251099793234	(0, 0.082415705124103081)
0	109,0.251852513215	(0, 0.082415705124103081)
0	170,0.27238884167	(0, 0.082415705124103081)
0	173,0.280509547759	(0, 0.082415705124103081)
0	144,0.283827471521	(0, 0.082415705124103081)
0	14,0.302526194488	(0, 0.082415705124103081)
0	138,0.302837545171	(0, 0.082415705124103081)
1	1,0.0869121259299	(1, 0.086912125929896861)
1	102,0.115746742941	(1, 0.086912125929896861)
1	103,0.123988309089	(1, 0.086912125929896861)
1	28,0.125110940822	(1, 0.086912125929896861)
1	91,0.129146468343	(1, 0.086912125929896861)
1	153,0.14964308559	(1, 0.086912125929896861)
1	155,0.158373526538	(1, 0.086912125929896861)
1	114,0.174049761713	(1, 0.086912125929896861)
1	41,0.185245869533	(1, 0.086912125929896861)
1	53,0.186027972479	(1, 0.086912125929896861)
2	154,0.0948245387987	(2, 0.15438386420364864)
2	4,0.110678014267	(2, 0.15438386420364864)
2	69,0.127935319189	(2, 0.15438386420364864)
2	174,0.13364680364	(2, 0.15438386420364864)
2	40,0.150502025388	(2, 0.15438386420364864)
2	2,0.154383864204	(2, 0.15438386420364864)
2	172,0.182008958583	(2, 0.15438386420364864)
2	25,0.190299410042	(2, 0.15438386420364864)
2	15,0.201325885343	(2, 0.15438386420364864)
2	56,0.203355739438	(2, 0.15438386420364864)
3	3,0.0394978337415	(3, 0.039497833741497478)
3	63,0.0619756158835	(3, 0.039497833741497478)
3	132,0.0713016565088	(3, 0.039497833741497478)
3	81,0.0776302599631	(3, 0.039497833741497478)
3	121,0.0863742361018	(3, 0.039497833741497478)
3	162,0.0877480615418	(3, 0.039497833741497478)
3	147,0.0897077788152	(3, 0.039497833741497478)
3	150,0.0936797213454	(3, 0.039497833741497478)
3	11,0.093780581406	(3, 0.039497833741497478)
3	151,0.0951510261394	(3, 0.039497833741497478)
4	13,0.0727373475247	(4, 0.098830594268220398)
4	172,0.0759589128613	(4, 0.098830594268220398)
4	17,0.0901023512108	(4, 0.098830594268220398)
4	4,0.0988305942682	(4, 0.098830594268220398)
4	69,0.0999988864539	(4, 0.098830594268220398)
4	40,0.101424844459	(4, 0.098830594268220398)
4	37,0.103185541576	(4, 0.098830594268220398)
4	120,0.117888433154	(4, 0.098830594268220398)
4	77,0.120659999139	(4, 0.098830594268220398)
4	11,0.120690639335	(4, 0.098830594268220398)
5	73,0.0819400397688	(5, 0.32210734905638477)
5	107,0.155135420143	(5, 0.32210734905638477)
5	93,0.160900765873	(5, 0.32210734905638477)
5	78,0.161524476752	(5, 0.32210734905638477)
5	26,0.16975722906	(5, 0.32210734905638477)
5	158,0.17791739595	(5, 0.32210734905638477)
5	1,0.179694256348	(5, 0.32210734905638477)
5	128,0.182104128546	(5, 0.32210734905638477)
5	22,0.185260695968	(5, 0.32210734905638477)
5	95,0.189286249608	(5, 0.32210734905638477)
6	139,0.0482463419265	(6, 0.075155440476304236)
6	46,0.0581807133811	(6, 0.075155440476304236)
6	6,0.0751554404763	(6, 0.075155440476304236)
6	22,0.0811898465051	(6, 0.075155440476304236)
6	76,0.0821490869156	(6, 0.075155440476304236)
6	18,0.0903528590639	(6, 0.075155440476304236)
6	158,0.0945654096838	(6, 0.075155440476304236)
6	35,0.095667702664	(6, 0.075155440476304236)
6	132,0.0982228675494	(6, 0.075155440476304236)
6	171,0.101840684437	(6, 0.075155440476304236)
7	66,0.373331325772	(7, 0.65143524885830639)
7	51,0.551990116516	(7, 0.65143524885830639)
7	169,0.556252766163	(7, 0.65143524885830639)
7	167,0.55663446669	(7, 0.65143524885830639)
7	80,0.561632355563	(7, 0.65143524885830639)
7	32,0.565848330795	(7, 0.65143524885830639)
7	133,0.598798908924	(7, 0.65143524885830639)
7	160,0.624384908273	(7, 0.65143524885830639)
7	7,0.651435248858	(7, 0.65143524885830639)
7	149,0.664311812292	(7, 0.65143524885830639)
8	11,0.0837611094986	(8, 0.13433593571050609)
8	121,0.0969773519754	(8, 0.13433593571050609)
8	71,0.110768520549	(8, 0.13433593571050609)
8	73,0.112806324247	(8, 0.13433593571050609)
8	162,0.115080859939	(8, 0.13433593571050609)
8	1,0.116341510094	(8, 0.13433593571050609)
8	78,0.124605401734	(8, 0.13433593571050609)
8	13,0.126577014597	(8, 0.13433593571050609)
8	155,0.13425703614	(8, 0.13433593571050609)
8	8,0.134335935711	(8, 0.13433593571050609)
9	9,0.129938330312	(9, 0.12993833031183541)
9	155,0.255016750242	(9, 0.12993833031183541)
9	114,0.267293035645	(9, 0.12993833031183541)
9	53,0.316134848915	(9, 0.12993833031183541)
9	91,0.330557956633	(9, 0.12993833031183541)
9	124,0.343907240042	(9, 0.12993833031183541)
9	41,0.377290245358	(9, 0.12993833031183541)
9	65,0.407727870069	(9, 0.12993833031183541)
9	28,0.426221041768	(9, 0.12993833031183541)
9	1,0.43376175225	(9, 0.12993833031183541)
10	10,0.167844029244	(10, 0.16784402924432912)
10	47,0.23246520764	(10, 0.16784402924432912)
10	99,0.438626187102	(10, 0.16784402924432912)
10	167,0.439595815887	(10, 0.16784402924432912)
10	173,0.453212094958	(10, 0.16784402924432912)
10	84,0.474259683842	(10, 0.16784402924432912)
10	27,0.493243032052	(10, 0.16784402924432912)
10	14,0.50347945148	(10, 0.16784402924432912)
10	166,0.518944439864	(10, 0.16784402924432912)
10	138,0.523937474485	(10, 0.16784402924432912)
11	11,0.0420211820141	(11, 0.042021182014102217)
11	119,0.0877399186632	(11, 0.042021182014102217)
11	81,0.0929382993077	(11, 0.042021182014102217)
11	37,0.107261497725	(11, 0.042021182014102217)
11	96,0.10930901536	(11, 0.042021182014102217)
11	115,0.109579415537	(11, 0.042021182014102217)
11	3,0.110216342791	(11, 0.042021182014102217)
11	13,0.125185649249	(11, 0.042021182014102217)
11	71,0.131852912484	(11, 0.042021182014102217)
11	112,0.13449344048	(11, 0.042021182014102217)
12	22,0.0507472156044	(12, 0.061352203761093696)
12	12,0.0613522037611	(12, 0.061352203761093696)
12	121,0.0620148910723	(12, 0.061352203761093696)
12	76,0.0669531821136	(12, 0.061352203761093696)
12	151,0.0679129885713	(12, 0.061352203761093696)
12	126,0.068864154269	(12, 0.061352203761093696)
12	18,0.0729716406739	(12, 0.061352203761093696)
12	132,0.0805963725215	(12, 0.061352203761093696)
12	86,0.0824564569077	(12, 0.061352203761093696)
12	78,0.0903676795022	(12, 0.061352203761093696)
13	11,0.0501860983272	(13, 0.10005959408681701)
13	3,0.0705166945433	(13, 0.10005959408681701)
13	162,0.073323915369	(13, 0.10005959408681701)
13	172,0.080608132494	(13, 0.10005959408681701)
13	81,0.0808605449695	(13, 0.10005959408681701)
13	17,0.0845821765668	(13, 0.10005959408681701)
13	90,0.0846580225377	(13, 0.10005959408681701)
13	37,0.0870711271709	(13, 0.10005959408681701)
13	143,0.0910243676373	(13, 0.10005959408681701)
13	71,0.0938862257194	(13, 0.10005959408681701)
14	14,0.0794076659162	(14, 0.07940766591619064)
14	72,0.0938748851622	(14, 0.07940766591619064)
14	159,0.118530104946	(14, 0.07940766591619064)
14	109,0.155663169509	(14, 0.07940766591619064)
14	144,0.157339370182	(14, 0.07940766591619064)
14	84,0.164147249347	(14, 0.07940766591619064)
14	145,0.168163136766	(14, 0.07940766591619064)
14	123,0.173124261195	(14, 0.07940766591619064)
14	12,0.183790870683	(14, 0.07940766591619064)
14	131,0.190590350891	(14, 0.07940766591619064)
15	15,0.071548611087	(15, 0.071548611087014213)
15	17,0.0723611751895	(15, 0.071548611087014213)
15	77,0.0868385044118	(15, 0.071548611087014213)
15	49,0.0996181441084	(15, 0.071548611087014213)
15	100,0.0997788672384	(15, 0.071548611087014213)
15	172,0.119696616441	(15, 0.071548611087014213)
15	59,0.119981621692	(15, 0.071548611087014213)
15	174,0.125260919813	(15, 0.071548611087014213)
15	161,0.127878839364	(15, 0.071548611087014213)
15	4,0.134345776592	(15, 0.071548611087014213)
16	16,0.11693842671	(16, 0.11693842670973767)
16	170,0.14293045201	(16, 0.11693842670973767)
16	0,0.172043369195	(16, 0.11693842670973767)
16	19,0.186557754774	(16, 0.11693842670973767)
16	114,0.201807290459	(16, 0.11693842670973767)
16	144,0.205671454361	(16, 0.11693842670973767)
16	101,0.20658865544	(16, 0.11693842670973767)
16	73,0.223051781301	(16, 0.11693842670973767)
16	27,0.223780476177	(16, 0.11693842670973767)
16	78,0.233745853267	(16, 0.11693842670973767)
17	17,0.0410235173448	(17, 0.04102351734475098)
17	172,0.0614224346873	(17, 0.04102351734475098)
17	77,0.0781879406666	(17, 0.04102351734475098)
17	100,0.0842184171372	(17, 0.04102351734475098)
17	143,0.0881100685521	(17, 0.04102351734475098)
17	37,0.0983703743565	(17, 0.04102351734475098)
17	49,0.0989690478919	(17, 0.04102351734475098)
17	90,0.0997702451017	(17, 0.04102351734475098)
17	136,0.10026920203	(17, 0.04102351734475098)
17	3,0.105935602019	(17, 0.04102351734475098)
18	18,0.0457910763318	(18, 0.045791076331752154)
18	88,0.0586435117732	(18, 0.045791076331752154)
18	22,0.0613656333841	(18, 0.045791076331752154)
18	121,0.0625721833904	(18, 0.045791076331752154)
18	76,0.0706887087331	(18, 0.045791076331752154)
18	61,0.0709008690326	(18, 0.045791076331752154)
18	35,0.0717074103924	(18, 0.045791076331752154)
18	132,0.0769423603479	(18, 0.045791076331752154)
18	139,0.0774009255148	(18, 0.045791076331752154)
18	23,0.0826525436085	(18, 0.045791076331752154)
19	19,0.152971935329	(19, 0.15297193532887599)
19	43,0.159715546295	(19, 0.15297193532887599)
19	27,0.180839127121	(19, 0.15297193532887599)
19	99,0.198524813565	(19, 0.15297193532887599)
19	107,0.250753895079	(19, 0.15297193532887599)
19	32,0.257320731181	(19, 0.15297193532887599)
19	164,0.268189425545	(19, 0.15297193532887599)
19	39,0.278248410551	(19, 0.15297193532887599)
19	84,0.281441792176	(19, 0.15297193532887599)
19	101,0.31528907077	(19, 0.15297193532887599)
20	73,0.10793007985	(20, 0.12886677058693657)
20	20,0.128866770587	(20, 0.12886677058693657)
20	124,0.129789120472	(20, 0.12886677058693657)
20	93,0.141424621016	(20, 0.12886677058693657)
20	109,0.15332654148	(20, 0.12886677058693657)
20	1,0.164405810554	(20, 0.12886677058693657)
20	89,0.16563662846	(20, 0.12886677058693657)
20	157,0.171541725684	(20, 0.12886677058693657)
20	128,0.17372037323	(20, 0.12886677058693657)
20	101,0.175304830774	(20, 0.12886677058693657)
21	121,0.0562781072718	(21, 0.10848879017535737)
21	71,0.0579498527258	(21, 0.10848879017535737)
21	11,0.064050375296	(21, 0.10848879017535737)
21	162,0.0696291505191	(21, 0.10848879017535737)
21	117,0.072829401855	(21, 0.10848879017535737)
21	22,0.0895961351813	(21, 0.10848879017535737)
21	86,0.0966078176858	(21, 0.10848879017535737)
21	23,0.0978078657554	(21, 0.10848879017535737)
21	76,0.102721535333	(21, 0.10848879017535737)
21	63,0.104740280383	(21, 0.10848879017535737)
22	22,0.0471806032921	(22, 0.047180603292134388)
22	117,0.0556679297594	(22, 0.047180603292134388)
22	139,0.0622662750962	(22, 0.047180603292134388)
22	76,0.064050793207	(22, 0.047180603292134388)
22	132,0.066617791806	(22, 0.047180603292134388)
22	46,0.0751367132305	(22, 0.047180603292134388)
22	121,0.0820523371108	(22, 0.047180603292134388)
22	3,0.0821320052811	(22, 0.047180603292134388)
22	18,0.0824114337046	(22, 0.047180603292134388)
22	63,0.0840401389723	(22, 0.047180603292134388)
23	23,0.0344893277466	(23, 0.034489327746644656)
23	61,0.0364010567106	(23, 0.034489327746644656)
23	26,0.089779542782	(23, 0.034489327746644656)
23	121,0.105487676231	(23, 0.034489327746644656)
23	78,0.111830450824	(23, 0.034489327746644656)
23	162,0.122493205955	(23, 0.034489327746644656)
23	63,0.125164582975	(23, 0.034489327746644656)
23	76,0.12962699046	(23, 0.034489327746644656)
23	147,0.137368219368	(23, 0.034489327746644656)
23	70,0.143652240622	(23, 0.034489327746644656)
24	24,0.0585339214448	(24, 0.05853392144478467)
24	107,0.136204861755	(24, 0.05853392144478467)
24	27,0.146726992416	(24, 0.05853392144478467)
24	61,0.162200306271	(24, 0.05853392144478467)
24	135,0.170106526309	(24, 0.05853392144478467)
24	158,0.172172942979	(24, 0.05853392144478467)
24	73,0.181953261934	(24, 0.05853392144478467)
24	22,0.184424417479	(24, 0.05853392144478467)
24	50,0.185440428185	(24, 0.05853392144478467)
24	23,0.186729613879	(24, 0.05853392144478467)
25	69,0.0634394080251	(25, 0.065429405363511259)
25	25,0.0654294053635	(25, 0.065429405363511259)
25	40,0.0807828565619	(25, 0.065429405363511259)
25	4,0.0987423483377	(25, 0.065429405363511259)
25	15,0.111432390965	(25, 0.065429405363511259)
25	148,0.115853789695	(25, 0.065429405363511259)
25	154,0.126906807137	(25, 0.065429405363511259)
25	79,0.15551605851	(25, 0.065429405363511259)
25	172,0.163354930714	(25, 0.065429405363511259)
25	60,0.165123142405	(25, 0.065429405363511259)
26	18,0.0467275444287	(26, 0.13441450934455015)
26	121,0.0481098470332	(26, 0.13441450934455015)
26	151,0.0588239826468	(26, 0.13441450934455015)
26	11,0.0619329781498	(26, 0.13441450934455015)
26	63,0.062776700833	(26, 0.13441450934455015)
26	3,0.0661615476734	(26, 0.13441450934455015)
26	22,0.0661993024433	(26, 0.13441450934455015)
26	162,0.0666270634221	(26, 0.13441450934455015)
26	150,0.0692983002709	(26, 0.13441450934455015)
26	76,0.0710235551477	(26, 0.13441450934455015)
27	78,0.110247108003	(27, 0.15084589453777383)
27	73,0.127472450865	(27, 0.15084589453777383)
27	26,0.128875985562	(27, 0.15084589453777383)
27	61,0.129413651158	(27, 0.15084589453777383)
27	170,0.130430599666	(27, 0.15084589453777383)
27	121,0.134170077887	(27, 0.15084589453777383)
27	107,0.138409650793	(27, 0.15084589453777383)
27	101,0.141124503565	(27, 0.15084589453777383)
27	27,0.150845894538	(27, 0.15084589453777383)
27	128,0.15731483394	(27, 0.15084589453777383)
28	13,0.097334809625	(28, 0.12658317036682298)
28	1,0.103890771228	(28, 0.12658317036682298)
28	28,0.126583170367	(28, 0.12658317036682298)
28	73,0.131320091933	(28, 0.12658317036682298)
28	3,0.133012223104	(28, 0.12658317036682298)
28	53,0.150182238033	(28, 0.12658317036682298)
28	155,0.156015439564	(28, 0.12658317036682298)
28	93,0.156860083506	(28, 0.12658317036682298)
28	65,0.160644842886	(28, 0.12658317036682298)
28	157,0.161944688109	(28, 0.12658317036682298)
29	29,0.0595677460386	(29, 0.059567746038603937)
29	77,0.0753285303438	(29, 0.059567746038603937)
29	71,0.0940596094312	(29, 0.059567746038603937)
29	135,0.110116289072	(29, 0.059567746038603937)
29	13,0.113357004573	(29, 0.059567746038603937)
29	11,0.116185120477	(29, 0.059567746038603937)
29	172,0.121221757958	(29, 0.059567746038603937)
29	76,0.12132474969	(29, 0.059567746038603937)
29	73,0.121910731174	(29, 0.059567746038603937)
29	3,0.122102974759	(29, 0.059567746038603937)
30	30,0.12100920473	(30, 0.12100920473007985)
30	28,0.200004240214	(30, 0.12100920473007985)
30	91,0.222867400003	(30, 0.12100920473007985)
30	103,0.230612266068	(30, 0.12100920473007985)
30	1,0.258663890152	(30, 0.12100920473007985)
30	53,0.25869516248	(30, 0.12100920473007985)
30	153,0.262905297773	(30, 0.12100920473007985)
30	73,0.274574563888	(30, 0.12100920473007985)
30	102,0.278093823277	(30, 0.12100920473007985)
30	51,0.279113263738	(30, 0.12100920473007985)
31	166,0.178097885086	(31, 0.20466229148650941)
31	31,0.204662291487	(31, 0.20466229148650941)
31	116,0.230327675273	(31, 0.20466229148650941)
31	72,0.239400315904	(31, 0.20466229148650941)
31	104,0.24214809872	(31, 0.20466229148650941)
31	69,0.246865665106	(31, 0.20466229148650941)
31	124,0.250377002357	(31, 0.20466229148650941)
31	48,0.255687659675	(31, 0.20466229148650941)
31	131,0.263306899048	(31, 0.20466229148650941)
31	123,0.283358843857	(31, 0.20466229148650941)
32	156,0.121780952149	(32, 0.14079140595689485)
32	32,0.140791405957	(32, 0.14079140595689485)
32	27,0.150078671921	(32, 0.14079140595689485)
32	73,0.177050045865	(32, 0.14079140595689485)
32	50,0.193343552889	(32, 0.14079140595689485)
32	107,0.200513785888	(32, 0.14079140595689485)
32	164,0.210581403658	(32, 0.14079140595689485)
32	131,0.216035534533	(32, 0.14079140595689485)
32	109,0.242403332101	(32, 0.14079140595689485)
32	144,0.242499771158	(32, 0.14079140595689485)
33	33,0.100283374578	(33, 0.10028337457755171)
33	4,0.187151293222	(33, 0.10028337457755171)
33	69,0.190672739593	(33, 0.10028337457755171)
33	106,0.201784754043	(33, 0.10028337457755171)
33	116,0.201960262215	(33, 0.10028337457755171)
33	156,0.221633120188	(33, 0.10028337457755171)
33	28,0.237223055615	(33, 0.10028337457755171)
33	40,0.24034599009	(33, 0.10028337457755171)
33	93,0.243331327496	(33, 0.10028337457755171)
33	2,0.245225919707	(33, 0.10028337457755171)
34	15,0.0732481921769	(34, 0.21234690399319969)
34	17,0.0735944486969	(34, 0.21234690399319969)
34	69,0.0859890022735	(34, 0.21234690399319969)
34	172,0.0891476988025	(34, 0.21234690399319969)
34	40,0.0914442241566	(34, 0.21234690399319969)
34	120,0.106920906135	(34, 0.21234690399319969)
34	174,0.10767692254	(34, 0.21234690399319969)
34	148,0.110147006933	(34, 0.21234690399319969)
34	4,0.114405272452	(34, 0.21234690399319969)
34	154,0.12554471699	(34, 0.21234690399319969)
35	35,0.0483680227351	(35, 0.048368022735081589)
35	88,0.0776321764165	(35, 0.048368022735081589)
35	18,0.086426627727	(35, 0.048368022735081589)
35	22,0.117090765038	(35, 0.048368022735081589)
35	12,0.117768053418	(35, 0.048368022735081589)
35	139,0.123546694334	(35, 0.048368022735081589)
35	38,0.133051592669	(35, 0.048368022735081589)
35	121,0.133973243651	(35, 0.048368022735081589)
35	158,0.135763675376	(35, 0.048368022735081589)
35	152,0.138604164576	(35, 0.048368022735081589)
36	76,0.0410528506615	(36, 0.048767384790525434)
36	147,0.0424382228919	(36, 0.048767384790525434)
36	46,0.0432809902309	(36, 0.048767384790525434)
36	36,0.0487673847905	(36, 0.048767384790525434)
36	18,0.0542692736624	(36, 0.048767384790525434)
36	63,0.0600799352013	(36, 0.048767384790525434)
36	171,0.0681512264134	(36, 0.048767384790525434)
36	88,0.0780103316585	(36, 0.048767384790525434)
36	35,0.0829855824897	(36, 0.048767384790525434)
36	139,0.0858789501917	(36, 0.048767384790525434)
37	3,0.0590433159258	(37, 0.067376868372457571)
37	100,0.0655000765623	(37, 0.067376868372457571)
37	37,0.0673768683725	(37, 0.067376868372457571)
37	11,0.0728866385298	(37, 0.067376868372457571)
37	77,0.0807279750448	(37, 0.067376868372457571)
37	21,0.0901594773649	(37, 0.067376868372457571)
37	17,0.100703294048	(37, 0.067376868372457571)
37	71,0.102256244406	(37, 0.067376868372457571)
37	90,0.102701730616	(37, 0.067376868372457571)
37	143,0.105081001102	(37, 0.067376868372457571)
38	38,0.0475786408142	(38, 0.047578640814216491)
38	12,0.109654209648	(38, 0.047578640814216491)
38	55,0.114324150827	(38, 0.047578640814216491)
38	14,0.126169729592	(38, 0.047578640814216491)
38	43,0.154879487964	(38, 0.047578640814216491)
38	50,0.171711001102	(38, 0.047578640814216491)
38	128,0.174166558725	(38, 0.047578640814216491)
38	105,0.174655171892	(38, 0.047578640814216491)
38	107,0.178434876888	(38, 0.047578640814216491)
38	0,0.181188932851	(38, 0.047578640814216491)
39	39,0.108033036068	(39, 0.10803303606812392)
39	169,0.24343377279	(39, 0.10803303606812392)
39	51,0.246441630853	(39, 0.10803303606812392)
39	156,0.249307958855	(39, 0.10803303606812392)
39	84,0.256064879808	(39, 0.10803303606812392)
39	101,0.257677729448	(39, 0.10803303606812392)
39	27,0.263619467283	(39, 0.10803303606812392)
39	99,0.264421259533	(39, 0.10803303606812392)
39	107,0.267751834648	(39, 0.10803303606812392)
39	95,0.282621186828	(39, 0.10803303606812392)
40	40,0.0482697385679	(40, 0.048269738567949576)
40	69,0.0530251133792	(40, 0.048269738567949576)
40	79,0.094241686918	(40, 0.048269738567949576)
40	4,0.0943989388237	(40, 0.048269738567949576)
40	148,0.100639318171	(40, 0.048269738567949576)
40	25,0.109877202373	(40, 0.048269738567949576)
40	15,0.110764232633	(40, 0.048269738567949576)
40	172,0.118003342641	(40, 0.048269738567949576)
40	60,0.127613634052	(40, 0.048269738567949576)
40	17,0.132573519621	(40, 0.048269738567949576)
41	41,0.0662726075122	(41, 0.066272607512172538)
41	155,0.105880385735	(41, 0.066272607512172538)
41	20,0.174039531953	(41, 0.066272607512172538)
41	1,0.175616649447	(41, 0.066272607512172538)
41	91,0.180101072191	(41, 0.066272607512172538)
41	124,0.199257193045	(41, 0.066272607512172538)
41	102,0.218864231509	(41, 0.066272607512172538)
41	101,0.221439135048	(41, 0.066272607512172538)
41	114,0.225156187402	(41, 0.066272607512172538)
41	53,0.228809288087	(41, 0.066272607512172538)
42	163,0.177013388669	(42, 0.37284227438856032)
42	53,0.240129311436	(42, 0.37284227438856032)
42	69,0.253886558572	(42, 0.37284227438856032)
42	28,0.260594149126	(42, 0.37284227438856032)
42	97,0.267203453095	(42, 0.37284227438856032)
42	44,0.283603684575	(42, 0.37284227438856032)
42	34,0.288481988628	(42, 0.37284227438856032)
42	140,0.298125883257	(42, 0.37284227438856032)
42	65,0.300856028574	(42, 0.37284227438856032)
42	118,0.303689756245	(42, 0.37284227438856032)
43	12,0.0754267895226	(43, 0.13963469955511898)
43	22,0.0773377705938	(43, 0.13963469955511898)
43	128,0.0857125490601	(43, 0.13963469955511898)
43	121,0.0942057575621	(43, 0.13963469955511898)
43	78,0.0945785958165	(43, 0.13963469955511898)
43	50,0.0956325773274	(43, 0.13963469955511898)
43	158,0.0974223596286	(43, 0.13963469955511898)
43	61,0.104529433477	(43, 0.13963469955511898)
43	107,0.107438568351	(43, 0.13963469955511898)
43	55,0.109542600128	(43, 0.13963469955511898)
44	109,0.110465051916	(44, 0.45376898199213944)
44	116,0.126293719646	(44, 0.45376898199213944)
44	93,0.144603351387	(44, 0.45376898199213944)
44	124,0.145313024735	(44, 0.45376898199213944)
44	144,0.150566189384	(44, 0.45376898199213944)
44	159,0.155583750682	(44, 0.45376898199213944)
44	84,0.164470270558	(44, 0.45376898199213944)
44	115,0.171200935767	(44, 0.45376898199213944)
44	73,0.174004926535	(44, 0.45376898199213944)
44	12,0.174042032991	(44, 0.45376898199213944)
45	45,0.171838064927	(45, 0.17183806492706358)
45	130,0.214841108281	(45, 0.17183806492706358)
45	34,0.237655773316	(45, 0.17183806492706358)
45	94,0.238665745503	(45, 0.17183806492706358)
45	98,0.289161988801	(45, 0.17183806492706358)
45	133,0.30335945008	(45, 0.17183806492706358)
45	129,0.303525896274	(45, 0.17183806492706358)
45	25,0.307274873213	(45, 0.17183806492706358)
45	15,0.312307176688	(45, 0.17183806492706358)
45	53,0.321984808773	(45, 0.17183806492706358)
46	46,0.0225341048923	(46, 0.022534104892266066)
46	36,0.0402802778469	(46, 0.022534104892266066)
46	171,0.054501163994	(46, 0.022534104892266066)
46	76,0.0569189330712	(46, 0.022534104892266066)
46	137,0.0598126667641	(46, 0.022534104892266066)
46	147,0.0702938954108	(46, 0.022534104892266066)
46	63,0.0794872712884	(46, 0.022534104892266066)
46	139,0.0871700415112	(46, 0.022534104892266066)
46	6,0.0890316721668	(46, 0.022534104892266066)
46	18,0.0925525370381	(46, 0.022534104892266066)
47	99,0.192542861981	(47, 0.26288651469089647)
47	10,0.241610688519	(47, 0.26288651469089647)
47	19,0.249141126633	(47, 0.26288651469089647)
47	138,0.251298001347	(47, 0.26288651469089647)
47	27,0.258264440922	(47, 0.26288651469089647)
47	47,0.262886514691	(47, 0.26288651469089647)
47	84,0.269166086859	(47, 0.26288651469089647)
47	43,0.295100998574	(47, 0.26288651469089647)
47	173,0.320971026029	(47, 0.26288651469089647)
47	0,0.324814491074	(47, 0.26288651469089647)
48	56,0.0938892793308	(48, 0.11641826312829721)
48	120,0.101055777684	(48, 0.11641826312829721)
48	48,0.116418263128	(48, 0.11641826312829721)
48	69,0.130222830098	(48, 0.11641826312829721)
48	97,0.130265384318	(48, 0.11641826312829721)
48	174,0.151963278381	(48, 0.11641826312829721)
48	40,0.156766881759	(48, 0.11641826312829721)
48	4,0.164553301586	(48, 0.11641826312829721)
48	15,0.177951268302	(48, 0.11641826312829721)
48	124,0.183323645265	(48, 0.11641826312829721)
49	49,0.0803492580317	(49, 0.080349258031740936)
49	59,0.109750989116	(49, 0.080349258031740936)
49	77,0.110786478108	(49, 0.080349258031740936)
49	15,0.116542076944	(49, 0.080349258031740936)
49	172,0.119858645547	(49, 0.080349258031740936)
49	98,0.122227622782	(49, 0.080349258031740936)
49	17,0.129112603502	(49, 0.080349258031740936)
49	100,0.135240009546	(49, 0.080349258031740936)
49	83,0.159095616934	(49, 0.080349258031740936)
49	174,0.161918588138	(49, 0.080349258031740936)
50	50,0.0496625099908	(50, 0.04966250999075561)
50	107,0.119521218643	(50, 0.04966250999075561)
50	12,0.131765815332	(50, 0.04966250999075561)
50	158,0.145519868551	(50, 0.04966250999075561)
50	171,0.151112026823	(50, 0.04966250999075561)
50	128,0.164028025989	(50, 0.04966250999075561)
50	22,0.165739805571	(50, 0.04966250999075561)
50	76,0.166767304937	(50, 0.04966250999075561)
50	38,0.172051820126	(50, 0.04966250999075561)
50	156,0.184451317395	(50, 0.04966250999075561)
51	124,0.0693624713926	(51, 0.33254417960043053)
51	73,0.134624724612	(51, 0.33254417960043053)
51	157,0.136589001415	(51, 0.33254417960043053)
51	53,0.137790734708	(51, 0.33254417960043053)
51	155,0.140283478443	(51, 0.33254417960043053)
51	93,0.166765596095	(51, 0.33254417960043053)
51	28,0.179167982644	(51, 0.33254417960043053)
51	41,0.186160547225	(51, 0.33254417960043053)
51	1,0.187980303748	(51, 0.33254417960043053)
51	20,0.189342754349	(51, 0.33254417960043053)
52	53,0.111257189869	(52, 0.42793665621203003)
52	44,0.126405081734	(52, 0.42793665621203003)
52	124,0.14371215836	(52, 0.42793665621203003)
52	155,0.150886651029	(52, 0.42793665621203003)
52	13,0.152362820835	(52, 0.42793665621203003)
52	65,0.155894783715	(52, 0.42793665621203003)
52	163,0.157043905364	(52, 0.42793665621203003)
52	161,0.16470344877	(52, 0.42793665621203003)
52	114,0.177353378359	(52, 0.42793665621203003)
52	120,0.188177700631	(52, 0.42793665621203003)
53	65,0.079313715135	(53, 0.11153105139346078)
53	53,0.111531051393	(53, 0.11153105139346078)
53	155,0.12010373771	(53, 0.11153105139346078)
53	44,0.132931429482	(53, 0.11153105139346078)
53	161,0.135751982193	(53, 0.11153105139346078)
53	120,0.156053869634	(53, 0.11153105139346078)
53	163,0.161330152774	(53, 0.11153105139346078)
53	34,0.171514121874	(53, 0.11153105139346078)
53	114,0.175394960731	(53, 0.11153105139346078)
53	13,0.178857521822	(53, 0.11153105139346078)
54	136,0.0501119174787	(54, 0.090742366160271357)
54	54,0.0907423661603	(54, 0.090742366160271357)
54	137,0.0929724366919	(54, 0.090742366160271357)
54	162,0.094972885887	(54, 0.090742366160271357)
54	3,0.0958092243367	(54, 0.090742366160271357)
54	63,0.102350313732	(54, 0.090742366160271357)
54	17,0.104711749206	(54, 0.090742366160271357)
54	11,0.106419232727	(54, 0.090742366160271357)
54	147,0.10753303942	(54, 0.090742366160271357)
54	71,0.107881838053	(54, 0.090742366160271357)
55	12,0.074514272323	(55, 0.092054504309357452)
55	55,0.0920545043094	(55, 0.092054504309357452)
55	121,0.103019680102	(55, 0.092054504309357452)
55	38,0.105129075574	(55, 0.092054504309357452)
55	18,0.106703607808	(55, 0.092054504309357452)
55	159,0.112369928426	(55, 0.092054504309357452)
55	128,0.115453661438	(55, 0.092054504309357452)
55	151,0.117983893944	(55, 0.092054504309357452)
55	152,0.121578154083	(55, 0.092054504309357452)
55	78,0.121723465378	(55, 0.092054504309357452)
56	56,0.0723468059367	(56, 0.072346805936742031)
56	15,0.0985741676222	(56, 0.072346805936742031)
56	120,0.110780334474	(56, 0.072346805936742031)
56	174,0.154423692073	(56, 0.072346805936742031)
56	113,0.172627236979	(56, 0.072346805936742031)
56	69,0.177931608541	(56, 0.072346805936742031)
56	2,0.185344371439	(56, 0.072346805936742031)
56	44,0.186112255788	(56, 0.072346805936742031)
56	97,0.189482583275	(56, 0.072346805936742031)
56	48,0.200300478421	(56, 0.072346805936742031)
57	57,0.116022518962	(57, 0.11602251896234027)
57	122,0.268319987152	(57, 0.11602251896234027)
57	15,0.304091342225	(57, 0.11602251896234027)
57	174,0.321681669111	(57, 0.11602251896234027)
57	56,0.33282625535	(57, 0.11602251896234027)
57	120,0.388033507393	(57, 0.11602251896234027)
57	59,0.390081015834	(57, 0.11602251896234027)
57	2,0.400350460082	(57, 0.11602251896234027)
57	108,0.406220668458	(57, 0.11602251896234027)
57	113,0.429678259675	(57, 0.11602251896234027)
58	24,0.103232362812	(58, 0.39901589142642202)
58	107,0.118087363231	(58, 0.39901589142642202)
58	27,0.140415002863	(58, 0.39901589142642202)
58	50,0.142499049951	(58, 0.39901589142642202)
58	61,0.167543286793	(58, 0.39901589142642202)
58	43,0.179126921052	(58, 0.39901589142642202)
58	158,0.179807320239	(58, 0.39901589142642202)
58	105,0.194839497037	(58, 0.39901589142642202)
58	23,0.198539627897	(58, 0.39901589142642202)
58	38,0.200633231054	(58, 0.39901589142642202)
59	15,0.193855754782	(59, 0.25905791072899004)
59	83,0.216238194063	(59, 0.25905791072899004)
59	113,0.222341511752	(59, 0.25905791072899004)
59	94,0.232275099443	(59, 0.25905791072899004)
59	65,0.239122607564	(59, 0.25905791072899004)
59	120,0.253843892238	(59, 0.25905791072899004)
59	59,0.259057910729	(59, 0.25905791072899004)
59	97,0.260891324601	(59, 0.25905791072899004)
59	130,0.262442559057	(59, 0.25905791072899004)
59	44,0.264536114603	(59, 0.25905791072899004)
60	60,0.0878556728494	(60, 0.087855672849396424)
60	79,0.101239355972	(60, 0.087855672849396424)
60	69,0.104199364284	(60, 0.087855672849396424)
60	40,0.113584641992	(60, 0.087855672849396424)
60	34,0.118083282458	(60, 0.087855672849396424)
60	4,0.130016258499	(60, 0.087855672849396424)
60	25,0.144933837435	(60, 0.087855672849396424)
60	77,0.151746359722	(60, 0.087855672849396424)
60	172,0.158982280656	(60, 0.087855672849396424)
60	15,0.160382106659	(60, 0.087855672849396424)
61	61,0.0403501913396	(61, 0.040350191339632996)
61	23,0.0505242238501	(61, 0.040350191339632996)
61	26,0.0742511617577	(61, 0.040350191339632996)
61	121,0.0788178886279	(61, 0.040350191339632996)
61	63,0.0842484999042	(61, 0.040350191339632996)
61	78,0.0866008697191	(61, 0.040350191339632996)
61	76,0.0881464171002	(61, 0.040350191339632996)
61	162,0.089339187558	(61, 0.040350191339632996)
61	147,0.0946387046727	(61, 0.040350191339632996)
61	22,0.103443185338	(61, 0.040350191339632996)
62	78,0.0858956045099	(62, 0.12065579284881052)
62	26,0.0873134221797	(62, 0.12065579284881052)
62	107,0.103022210374	(62, 0.12065579284881052)
62	61,0.110553583642	(62, 0.12065579284881052)
62	73,0.11828395747	(62, 0.12065579284881052)
62	62,0.120655792849	(62, 0.12065579284881052)
62	158,0.132486004927	(62, 0.12065579284881052)
62	121,0.133338390331	(62, 0.12065579284881052)
62	139,0.138277150438	(62, 0.12065579284881052)
62	22,0.139479429406	(62, 0.12065579284881052)
63	3,0.0425012709172	(63, 0.066857881488906756)
63	11,0.0649577745329	(63, 0.066857881488906756)
63	63,0.0668578814889	(63, 0.066857881488906756)
63	77,0.0679006585143	(63, 0.066857881488906756)
63	162,0.0770145681713	(63, 0.066857881488906756)
63	37,0.0824218800681	(63, 0.066857881488906756)
63	71,0.0880064528982	(63, 0.066857881488906756)
63	121,0.0895484967903	(63, 0.066857881488906756)
63	171,0.0905909588025	(63, 0.066857881488906756)
63	76,0.0911056162881	(63, 0.066857881488906756)
64	64,0.272556425606	(64, 0.27255642560592125)
64	45,0.423734585202	(64, 0.27255642560592125)
64	118,0.447859269753	(64, 0.27255642560592125)
64	130,0.457379824808	(64, 0.27255642560592125)
64	33,0.541102512983	(64, 0.27255642560592125)
64	133,0.548795663633	(64, 0.27255642560592125)
64	34,0.607990986294	(64, 0.27255642560592125)
64	113,0.628747886279	(64, 0.27255642560592125)
64	94,0.682444379275	(64, 0.27255642560592125)
64	15,0.701297322846	(64, 0.27255642560592125)
65	65,0.0714213290322	(65, 0.071421329032236885)
65	161,0.0774527247953	(65, 0.071421329032236885)
65	83,0.0860033110591	(65, 0.071421329032236885)
65	68,0.106396421065	(65, 0.071421329032236885)
65	155,0.134299011309	(65, 0.071421329032236885)
65	59,0.143196802828	(65, 0.071421329032236885)
65	1,0.147930983129	(65, 0.071421329032236885)
65	13,0.149252923193	(65, 0.071421329032236885)
65	100,0.152260784657	(65, 0.071421329032236885)
65	44,0.15575862346	(65, 0.071421329032236885)
66	66,0.286326697357	(66, 0.28632669735705857)
66	130,0.523479821625	(66, 0.28632669735705857)
66	133,0.586253956943	(66, 0.28632669735705857)
66	118,0.629667125306	(66, 0.28632669735705857)
66	140,0.641517841867	(66, 0.28632669735705857)
66	91,0.660408740424	(66, 0.28632669735705857)
66	141,0.693156053805	(66, 0.28632669735705857)
66	33,0.698061332064	(66, 0.28632669735705857)
66	169,0.760739630798	(66, 0.28632669735705857)
66	53,0.788686719226	(66, 0.28632669735705857)
67	67,0.173990999836	(67, 0.1739909998357663)
67	84,0.219097875205	(67, 0.1739909998357663)
67	169,0.220331402972	(67, 0.1739909998357663)
67	93,0.2319946008	(67, 0.1739909998357663)
67	116,0.252399342065	(67, 0.1739909998357663)
67	28,0.262213732743	(67, 0.1739909998357663)
67	140,0.265605157102	(67, 0.1739909998357663)
67	149,0.278332860533	(67, 0.1739909998357663)
67	131,0.279810131793	(67, 0.1739909998357663)
67	109,0.281084938331	(67, 0.1739909998357663)
68	68,0.0671453114347	(68, 0.067145311434677737)
68	70,0.117722677134	(68, 0.067145311434677737)
68	23,0.123466654449	(68, 0.067145311434677737)
68	61,0.128226697094	(68, 0.067145311434677737)
68	63,0.141779388438	(68, 0.067145311434677737)
68	162,0.149751470149	(68, 0.067145311434677737)
68	147,0.151724601315	(68, 0.067145311434677737)
68	135,0.165123425309	(68, 0.067145311434677737)
68	71,0.166032069297	(68, 0.067145311434677737)
68	26,0.167927402581	(68, 0.067145311434677737)
69	15,0.242440256858	(69, 0.28846399841420833)
69	174,0.275637688256	(69, 0.28846399841420833)
69	122,0.279135114312	(69, 0.28846399841420833)
69	69,0.288463998414	(69, 0.28846399841420833)
69	56,0.298316754381	(69, 0.28846399841420833)
69	154,0.300642132944	(69, 0.28846399841420833)
69	2,0.315829737834	(69, 0.28846399841420833)
69	48,0.32001731784	(69, 0.28846399841420833)
69	4,0.322807013956	(69, 0.28846399841420833)
69	25,0.327536416021	(69, 0.28846399841420833)
70	121,0.0806630606459	(70, 0.094800675965802383)
70	3,0.0873632742104	(70, 0.094800675965802383)
70	70,0.0948006759658	(70, 0.094800675965802383)
70	11,0.101198414999	(70, 0.094800675965802383)
70	132,0.104342532555	(70, 0.094800675965802383)
70	117,0.109228982089	(70, 0.094800675965802383)
70	139,0.11063879628	(70, 0.094800675965802383)
70	81,0.112504027376	(70, 0.094800675965802383)
70	77,0.114212076834	(70, 0.094800675965802383)
70	22,0.115992782434	(70, 0.094800675965802383)
71	133,0.170554419568	(71, 0.44303592819503212)
71	91,0.170756761724	(71, 0.44303592819503212)
71	101,0.248572575165	(71, 0.44303592819503212)
71	41,0.249280410805	(71, 0.44303592819503212)
71	102,0.251144681557	(71, 0.44303592819503212)
71	155,0.268951016471	(71, 0.44303592819503212)
71	28,0.275381270983	(71, 0.44303592819503212)
71	95,0.283266944041	(71, 0.44303592819503212)
71	1,0.290093513	(71, 0.44303592819503212)
71	34,0.294444029308	(71, 0.44303592819503212)
72	174,0.121774629812	(72, 0.74050971201882387)
72	17,0.12402708127	(72, 0.74050971201882387)
72	172,0.140196595022	(72, 0.74050971201882387)
72	148,0.140362345056	(72, 0.74050971201882387)
72	143,0.146512692152	(72, 0.74050971201882387)
72	100,0.170954100392	(72, 0.74050971201882387)
72	77,0.174874082206	(72, 0.74050971201882387)
72	49,0.17574562919	(72, 0.74050971201882387)
72	15,0.181433880171	(72, 0.74050971201882387)
72	4,0.187828036076	(72, 0.74050971201882387)
73	73,0.0635791163037	(73, 0.063579116303685304)
73	13,0.0946411943502	(73, 0.063579116303685304)
73	124,0.125790056454	(73, 0.063579116303685304)
73	157,0.129380255195	(73, 0.063579116303685304)
73	27,0.144916088116	(73, 0.063579116303685304)
73	53,0.148233442699	(73, 0.063579116303685304)
73	114,0.165051051977	(73, 0.063579116303685304)
73	109,0.172789950385	(73, 0.063579116303685304)
73	1,0.174445588487	(73, 0.063579116303685304)
73	93,0.175071683963	(73, 0.063579116303685304)
74	17,0.0546401268324	(74, 0.057698727592266907)
74	74,0.0576987275923	(74, 0.057698727592266907)
74	136,0.0588800138833	(74, 0.057698727592266907)
74	100,0.0658823665801	(74, 0.057698727592266907)
74	37,0.071806145346	(74, 0.057698727592266907)
74	127,0.0720709481539	(74, 0.057698727592266907)
74	90,0.0820810806567	(74, 0.057698727592266907)
74	77,0.0834726737555	(74, 0.057698727592266907)
74	49,0.105485732151	(74, 0.057698727592266907)
74	11,0.116342227	(74, 0.057698727592266907)
75	75,0.452720555012	(75, 0.45272055501157166)
75	167,0.486236248987	(75, 0.45272055501157166)
75	80,0.667026385311	(75, 0.45272055501157166)
75	47,0.69718637581	(75, 0.45272055501157166)
75	99,0.705201495312	(75, 0.45272055501157166)
75	67,0.711596002221	(75, 0.45272055501157166)
75	10,0.718488365516	(75, 0.45272055501157166)
75	85,0.732810759176	(75, 0.45272055501157166)
75	166,0.755090169802	(75, 0.45272055501157166)
75	84,0.760898632667	(75, 0.45272055501157166)
76	76,0.0346031782913	(76, 0.034603178291266634)
76	147,0.0431896573454	(76, 0.034603178291266634)
76	63,0.0449880023209	(76, 0.034603178291266634)
76	137,0.0523585567457	(76, 0.034603178291266634)
76	171,0.0598405904614	(76, 0.034603178291266634)
76	22,0.07152220592	(76, 0.034603178291266634)
76	18,0.0741669058735	(76, 0.034603178291266634)
76	46,0.0744261244963	(76, 0.034603178291266634)
76	3,0.0750175202921	(76, 0.034603178291266634)
76	36,0.0814696626499	(76, 0.034603178291266634)
77	162,0.0546955377723	(77, 0.075794983234794458)
77	63,0.0570351562581	(77, 0.075794983234794458)
77	11,0.0587253648798	(77, 0.075794983234794458)
77	90,0.0625856198497	(77, 0.075794983234794458)
77	3,0.0644581636286	(77, 0.075794983234794458)
77	147,0.0671534872714	(77, 0.075794983234794458)
77	136,0.0683109580722	(77, 0.075794983234794458)
77	77,0.0757949832348	(77, 0.075794983234794458)
77	137,0.077109414856	(77, 0.075794983234794458)
77	71,0.0849673228997	(77, 0.075794983234794458)
78	151,0.0481920834234	(78, 0.090920349031920658)
78	76,0.0523306916591	(78, 0.090920349031920658)
78	63,0.0532499341964	(78, 0.090920349031920658)
78	132,0.057156797882	(78, 0.090920349031920658)
78	18,0.0624990836615	(78, 0.090920349031920658)
78	147,0.0625953614853	(78, 0.090920349031920658)
78	22,0.0626617481971	(78, 0.090920349031920658)
78	121,0.0692234068462	(78, 0.090920349031920658)
78	61,0.08020057293	(78, 0.090920349031920658)
78	23,0.0852661732811	(78, 0.090920349031920658)
79	79,0.0542671358814	(79, 0.054267135881417163)
79	4,0.0573803361705	(79, 0.054267135881417163)
79	69,0.0628796940949	(79, 0.054267135881417163)
79	40,0.0722785576919	(79, 0.054267135881417163)
79	25,0.109269277221	(79, 0.054267135881417163)
79	56,0.125831409566	(79, 0.054267135881417163)
79	172,0.134968919381	(79, 0.054267135881417163)
79	34,0.137885711866	(79, 0.054267135881417163)
79	17,0.139489087645	(79, 0.054267135881417163)
79	148,0.140666339839	(79, 0.054267135881417163)
80	80,0.194335553118	(80, 0.19433555311818301)
80	51,0.238593779196	(80, 0.19433555311818301)
80	167,0.301245356852	(80, 0.19433555311818301)
80	32,0.395122651889	(80, 0.19433555311818301)
80	27,0.5111544807	(80, 0.19433555311818301)
80	169,0.52120830905	(80, 0.19433555311818301)
80	39,0.527888334183	(80, 0.19433555311818301)
80	58,0.545944144875	(80, 0.19433555311818301)
80	160,0.55525892383	(80, 0.19433555311818301)
80	165,0.570318352859	(80, 0.19433555311818301)
81	81,0.0557253146783	(81, 0.055725314678325553)
81	3,0.0686036048058	(81, 0.055725314678325553)
81	11,0.0697194692034	(81, 0.055725314678325553)
81	132,0.070496560147	(81, 0.055725314678325553)
81	121,0.0793793458012	(81, 0.055725314678325553)
81	22,0.0821125596851	(81, 0.055725314678325553)
81	151,0.0912148797849	(81, 0.055725314678325553)
81	117,0.092912799777	(81, 0.055725314678325553)
81	37,0.102010051628	(81, 0.055725314678325553)
81	18,0.102759714337	(81, 0.055725314678325553)
82	24,0.150724416376	(82, 0.2817598761871703)
82	38,0.154841799998	(82, 0.2817598761871703)
82	12,0.160095210107	(82, 0.2817598761871703)
82	105,0.168456650012	(82, 0.2817598761871703)
82	27,0.176874203957	(82, 0.2817598761871703)
82	50,0.183590823701	(82, 0.2817598761871703)
82	73,0.187041532	(82, 0.2817598761871703)
82	107,0.200479139335	(82, 0.2817598761871703)
82	61,0.202701640956	(82, 0.2817598761871703)
82	13,0.207796643265	(82, 0.2817598761871703)
83	13,0.0720680052268	(83, 0.098299212984115106)
83	71,0.0948452967065	(83, 0.098299212984115106)
83	161,0.0972255275778	(83, 0.098299212984115106)
83	83,0.0982992129841	(83, 0.098299212984115106)
83	155,0.0996478757901	(83, 0.098299212984115106)
83	11,0.10321011191	(83, 0.098299212984115106)
83	17,0.103695293898	(83, 0.098299212984115106)
83	136,0.110647041061	(83, 0.098299212984115106)
83	3,0.110775044974	(83, 0.098299212984115106)
83	65,0.113099433866	(83, 0.098299212984115106)
84	84,0.26962719766	(84, 0.26962719765976562)
84	67,0.279634731775	(84, 0.26962719765976562)
84	166,0.293270159194	(84, 0.26962719765976562)
84	169,0.301755423784	(84, 0.26962719765976562)
84	99,0.35384394521	(84, 0.26962719765976562)
84	140,0.358696596593	(84, 0.26962719765976562)
84	144,0.401944695964	(84, 0.26962719765976562)
84	156,0.416459263977	(84, 0.26962719765976562)
84	109,0.416703230883	(84, 0.26962719765976562)
84	149,0.426754134759	(84, 0.26962719765976562)
85	67,0.223013320952	(85, 0.36987730795917195)
85	140,0.367796061329	(85, 0.36987730795917195)
85	85,0.369877307959	(85, 0.36987730795917195)
85	84,0.413258338107	(85, 0.36987730795917195)
85	149,0.421578812012	(85, 0.36987730795917195)
85	166,0.422745221841	(85, 0.36987730795917195)
85	169,0.453915223116	(85, 0.36987730795917195)
85	144,0.491468823802	(85, 0.36987730795917195)
85	99,0.51119183702	(85, 0.36987730795917195)
85	93,0.529947561738	(85, 0.36987730795917195)
86	86,0.0553791070088	(86, 0.055379107008779196)
86	137,0.0659089211003	(86, 0.055379107008779196)
86	117,0.0815149873934	(86, 0.055379107008779196)
86	171,0.0818587101502	(86, 0.055379107008779196)
86	12,0.0832020163529	(86, 0.055379107008779196)
86	76,0.0832706322564	(86, 0.055379107008779196)
86	11,0.0841364320069	(86, 0.055379107008779196)
86	3,0.0859052215377	(86, 0.055379107008779196)
86	162,0.087074381934	(86, 0.055379107008779196)
86	126,0.0891583487996	(86, 0.055379107008779196)
87	1,0.091538298275	(87, 0.24043063793977756)
87	121,0.0918695556497	(87, 0.24043063793977756)
87	78,0.106307604642	(87, 0.24043063793977756)
87	26,0.106468360789	(87, 0.24043063793977756)
87	71,0.106523247466	(87, 0.24043063793977756)
87	11,0.113865702505	(87, 0.24043063793977756)
87	23,0.125614691017	(87, 0.24043063793977756)
87	155,0.126140646133	(87, 0.24043063793977756)
87	22,0.126428044738	(87, 0.24043063793977756)
87	61,0.130067604501	(87, 0.24043063793977756)
88	76,0.0496537158737	(88, 0.077728369912801409)
88	18,0.0567022015524	(88, 0.077728369912801409)
88	147,0.058703045063	(88, 0.077728369912801409)
88	171,0.0640224334994	(88, 0.077728369912801409)
88	22,0.066936732387	(88, 0.077728369912801409)
88	46,0.0681812756201	(88, 0.077728369912801409)
88	63,0.0692849401166	(88, 0.077728369912801409)
88	117,0.070288172303	(88, 0.077728369912801409)
88	139,0.0757915345228	(88, 0.077728369912801409)
88	88,0.0777283699128	(88, 0.077728369912801409)
89	124,0.0807842794904	(89, 0.14808522889782216)
89	155,0.0978265742152	(89, 0.14808522889782216)
89	53,0.103931672005	(89, 0.14808522889782216)
89	1,0.121876410468	(89, 0.14808522889782216)
89	73,0.140612437301	(89, 0.14808522889782216)
89	89,0.148085228898	(89, 0.14808522889782216)
89	28,0.151685177913	(89, 0.14808522889782216)
89	13,0.151940615551	(89, 0.14808522889782216)
89	161,0.153388819604	(89, 0.14808522889782216)
89	65,0.158238201144	(89, 0.14808522889782216)
90	90,0.038030035166	(90, 0.038030035166010959)
90	11,0.0712105357063	(90, 0.038030035166010959)
90	162,0.0777982680954	(90, 0.038030035166010959)
90	81,0.0827250837862	(90, 0.038030035166010959)
90	137,0.0848939067848	(90, 0.038030035166010959)
90	96,0.0850859660832	(90, 0.038030035166010959)
90	172,0.0890750287812	(90, 0.038030035166010959)
90	37,0.090565461953	(90, 0.038030035166010959)
90	136,0.0913435150091	(90, 0.038030035166010959)
90	17,0.0953385340022	(90, 0.038030035166010959)
91	133,0.179993755532	(91, 0.23245844470779709)
91	91,0.232458444708	(91, 0.23245844470779709)
91	130,0.343531841376	(91, 0.23245844470779709)
91	103,0.441718487657	(91, 0.23245844470779709)
91	34,0.468307258383	(91, 0.23245844470779709)
91	66,0.473723281426	(91, 0.23245844470779709)
91	102,0.483757563727	(91, 0.23245844470779709)
91	51,0.492786567966	(91, 0.23245844470779709)
91	101,0.524903999752	(91, 0.23245844470779709)
91	53,0.525689211565	(91, 0.23245844470779709)
92	78,0.0813997928123	(92, 0.22494014139216839)
92	61,0.0999029123279	(92, 0.22494014139216839)
92	24,0.100673390292	(92, 0.22494014139216839)
92	158,0.112607150778	(92, 0.22494014139216839)
92	128,0.112864346214	(92, 0.22494014139216839)
92	12,0.123090633796	(92, 0.22494014139216839)
92	26,0.128107882786	(92, 0.22494014139216839)
92	22,0.137561619489	(92, 0.22494014139216839)
92	23,0.142186855722	(92, 0.22494014139216839)
92	107,0.14670885942	(92, 0.22494014139216839)
93	22,0.0632130395325	(93, 0.091861604166485103)
93	132,0.0699441543492	(93, 0.091861604166485103)
93	128,0.0861607120275	(93, 0.091861604166485103)
93	121,0.0918245336639	(93, 0.091861604166485103)
93	93,0.0918616041665	(93, 0.091861604166485103)
93	158,0.0922454286297	(93, 0.091861604166485103)
93	12,0.0957901455799	(93, 0.091861604166485103)
93	76,0.0959903218691	(93, 0.091861604166485103)
93	3,0.102260187266	(93, 0.091861604166485103)
93	78,0.102928196357	(93, 0.091861604166485103)
94	94,0.113309054998	(94, 0.11330905499801371)
94	83,0.199881728564	(94, 0.11330905499801371)
94	155,0.239202416757	(94, 0.11330905499801371)
94	59,0.270645226647	(94, 0.11330905499801371)
94	15,0.289090298932	(94, 0.11330905499801371)
94	161,0.29614864542	(94, 0.11330905499801371)
94	45,0.306349162476	(94, 0.11330905499801371)
94	120,0.306429928982	(94, 0.11330905499801371)
94	98,0.30776702316	(94, 0.11330905499801371)
94	65,0.309854271592	(94, 0.11330905499801371)
95	99,0.111696283221	(95, 0.29089218399771416)
95	107,0.122885446919	(95, 0.29089218399771416)
95	43,0.157987258123	(95, 0.29089218399771416)
95	128,0.164451247417	(95, 0.29089218399771416)
95	138,0.166889101371	(95, 0.29089218399771416)
95	27,0.169229967757	(95, 0.29089218399771416)
95	78,0.171490623362	(95, 0.29089218399771416)
95	19,0.172781253997	(95, 0.29089218399771416)
95	84,0.17555784946	(95, 0.29089218399771416)
95	50,0.192734442278	(95, 0.29089218399771416)
96	96,0.0609801069747	(96, 0.06098010697466244)
96	13,0.0966043709148	(96, 0.06098010697466244)
96	162,0.0989283915943	(96, 0.06098010697466244)
96	17,0.0995279484328	(96, 0.06098010697466244)
96	11,0.101560241701	(96, 0.06098010697466244)
96	161,0.115671275037	(96, 0.06098010697466244)
96	143,0.126691855949	(96, 0.06098010697466244)
96	112,0.12946736136	(96, 0.06098010697466244)
96	119,0.138342097708	(96, 0.06098010697466244)
96	90,0.139263061966	(96, 0.06098010697466244)
97	172,0.0700998699587	(97, 0.16284811254925857)
97	40,0.0736054012539	(97, 0.16284811254925857)
97	69,0.0761050146436	(97, 0.16284811254925857)
97	120,0.102964237796	(97, 0.16284811254925857)
97	17,0.102975828042	(97, 0.16284811254925857)
97	4,0.116306138998	(97, 0.16284811254925857)
97	3,0.121225244087	(97, 0.16284811254925857)
97	79,0.125243953911	(97, 0.16284811254925857)
97	37,0.139350899711	(97, 0.16284811254925857)
97	123,0.140215637183	(97, 0.16284811254925857)
98	98,0.0514008597336	(98, 0.051400859733599064)
98	40,0.0998644748657	(98, 0.051400859733599064)
98	15,0.102549514901	(98, 0.051400859733599064)
98	25,0.123284686879	(98, 0.051400859733599064)
98	154,0.124067527817	(98, 0.051400859733599064)
98	172,0.129684438355	(98, 0.051400859733599064)
98	49,0.145779243066	(98, 0.051400859733599064)
98	4,0.160051187637	(98, 0.051400859733599064)
98	174,0.160468921817	(98, 0.051400859733599064)
98	83,0.161562998964	(98, 0.051400859733599064)
99	144,0.103697694797	(99, 0.13492196192681158)
99	84,0.106334856287	(99, 0.13492196192681158)
99	73,0.113240119315	(99, 0.13492196192681158)
99	109,0.117989775296	(99, 0.13492196192681158)
99	93,0.126753859138	(99, 0.13492196192681158)
99	78,0.129841872711	(99, 0.13492196192681158)
99	156,0.130831455353	(99, 0.13492196192681158)
99	99,0.134921961927	(99, 0.13492196192681158)
99	128,0.139555988186	(99, 0.13492196192681158)
99	116,0.141945741192	(99, 0.13492196192681158)
100	100,0.0399143688445	(100, 0.039914368844500905)
100	77,0.0616479394833	(100, 0.039914368844500905)
100	37,0.0736498051103	(100, 0.039914368844500905)
100	74,0.0740963951352	(100, 0.039914368844500905)
100	21,0.074645990524	(100, 0.039914368844500905)
100	90,0.0752619010676	(100, 0.039914368844500905)
100	17,0.0766160901901	(100, 0.039914368844500905)
100	136,0.0772926705476	(100, 0.039914368844500905)
100	11,0.0796719500377	(100, 0.039914368844500905)
100	3,0.0802122260199	(100, 0.039914368844500905)
101	73,0.125063484959	(101, 0.12671837580563736)
101	101,0.126718375806	(101, 0.12671837580563736)
101	1,0.131480192883	(101, 0.12671837580563736)
101	13,0.131766428757	(101, 0.12671837580563736)
101	69,0.135489995756	(101, 0.12671837580563736)
101	60,0.137043629062	(101, 0.12671837580563736)
101	124,0.139931388118	(101, 0.12671837580563736)
101	29,0.161065425014	(101, 0.12671837580563736)
101	102,0.16296001681	(101, 0.12671837580563736)
101	4,0.165341499607	(101, 0.12671837580563736)
102	91,0.155858147629	(102, 0.16969476786977952)
102	102,0.16969476787	(102, 0.16969476786977952)
102	114,0.170996228192	(102, 0.16969476786977952)
102	101,0.17622917934	(102, 0.16969476786977952)
102	41,0.177626597804	(102, 0.16969476786977952)
102	155,0.183131666702	(102, 0.16969476786977952)
102	1,0.185892259401	(102, 0.16969476786977952)
102	110,0.188538479839	(102, 0.16969476786977952)
102	53,0.199666638896	(102, 0.16969476786977952)
102	103,0.205770165573	(102, 0.16969476786977952)
103	103,0.131493791305	(103, 0.13149379130478558)
103	73,0.181787888676	(103, 0.13149379130478558)
103	101,0.205474813364	(103, 0.13149379130478558)
103	91,0.223500107483	(103, 0.13149379130478558)
103	93,0.226978019488	(103, 0.13149379130478558)
103	114,0.235949056305	(103, 0.13149379130478558)
103	26,0.245161947985	(103, 0.13149379130478558)
103	128,0.247120150226	(103, 0.13149379130478558)
103	39,0.249400032795	(103, 0.13149379130478558)
103	107,0.251673596943	(103, 0.13149379130478558)
104	124,0.0829901016263	(104, 0.16019723952344439)
104	93,0.123396663243	(104, 0.16019723952344439)
104	119,0.128343439278	(104, 0.16019723952344439)
104	81,0.129152081147	(104, 0.16019723952344439)
104	115,0.137803872473	(104, 0.16019723952344439)
104	11,0.139585369248	(104, 0.16019723952344439)
104	73,0.148500887622	(104, 0.16019723952344439)
104	3,0.159771334995	(104, 0.16019723952344439)
104	104,0.160197239523	(104, 0.16019723952344439)
104	37,0.166086825556	(104, 0.16019723952344439)
105	43,0.138558339214	(105, 0.17314682083416047)
105	24,0.146896216731	(105, 0.17314682083416047)
105	27,0.155386154405	(105, 0.17314682083416047)
105	105,0.173146820834	(105, 0.17314682083416047)
105	107,0.174501669134	(105, 0.17314682083416047)
105	19,0.176088253433	(105, 0.17314682083416047)
105	50,0.200400459712	(105, 0.17314682083416047)
105	38,0.202422760859	(105, 0.17314682083416047)
105	99,0.216461242174	(105, 0.17314682083416047)
105	61,0.217596815649	(105, 0.17314682083416047)
106	106,0.0976315921784	(106, 0.097631592178350643)
106	116,0.135537935597	(106, 0.097631592178350643)
106	157,0.137770075779	(106, 0.097631592178350643)
106	93,0.139871647617	(106, 0.097631592178350643)
106	172,0.153424616679	(106, 0.097631592178350643)
106	174,0.165695453189	(106, 0.097631592178350643)
106	156,0.181968394547	(106, 0.097631592178350643)
106	54,0.18310895982	(106, 0.097631592178350643)
106	13,0.186227607228	(106, 0.097631592178350643)
106	165,0.195516097123	(106, 0.097631592178350643)
107	107,0.101563048556	(107, 0.10156304855598672)
107	22,0.103339759022	(107, 0.10156304855598672)
107	26,0.108127447321	(107, 0.10156304855598672)
107	139,0.11351056808	(107, 0.10156304855598672)
107	78,0.119892535224	(107, 0.10156304855598672)
107	76,0.120981316375	(107, 0.10156304855598672)
107	77,0.122539765583	(107, 0.10156304855598672)
107	121,0.123197425448	(107, 0.10156304855598672)
107	1,0.124213062851	(107, 0.10156304855598672)
107	158,0.129858798155	(107, 0.10156304855598672)
108	77,0.0779620836242	(108, 0.21437530689187212)
108	172,0.119951090866	(108, 0.21437530689187212)
108	174,0.129645577713	(108, 0.21437530689187212)
108	100,0.140834563424	(108, 0.21437530689187212)
108	49,0.14182799479	(108, 0.21437530689187212)
108	17,0.142105799929	(108, 0.21437530689187212)
108	4,0.142735853752	(108, 0.21437530689187212)
108	40,0.146798682979	(108, 0.21437530689187212)
108	15,0.15097634571	(108, 0.21437530689187212)
108	171,0.158313682364	(108, 0.21437530689187212)
109	109,0.0752585537997	(109, 0.075258553799721017)
109	159,0.0856883411218	(109, 0.075258553799721017)
109	134,0.114435390426	(109, 0.075258553799721017)
109	128,0.121890697066	(109, 0.075258553799721017)
109	146,0.122871606648	(109, 0.075258553799721017)
109	12,0.13348688773	(109, 0.075258553799721017)
109	84,0.136049567703	(109, 0.075258553799721017)
109	152,0.136526890576	(109, 0.075258553799721017)
109	14,0.148520919177	(109, 0.075258553799721017)
109	38,0.148832674127	(109, 0.075258553799721017)
110	1,0.0839624791537	(110, 0.15762120277112762)
110	121,0.0935669589928	(110, 0.15762120277112762)
110	11,0.0979752367147	(110, 0.15762120277112762)
110	162,0.11642524979	(110, 0.15762120277112762)
110	3,0.117176266707	(110, 0.15762120277112762)
110	73,0.121786490667	(110, 0.15762120277112762)
110	13,0.131072902517	(110, 0.15762120277112762)
110	155,0.133363985657	(110, 0.15762120277112762)
110	26,0.134176820799	(110, 0.15762120277112762)
110	71,0.135402758901	(110, 0.15762120277112762)
111	73,0.0974335276563	(111, 0.36488113033137742)
111	101,0.112939927198	(111, 0.36488113033137742)
111	93,0.116053708006	(111, 0.36488113033137742)
111	124,0.11770971418	(111, 0.36488113033137742)
111	13,0.137795647545	(111, 0.36488113033137742)
111	78,0.154599974522	(111, 0.36488113033137742)
111	128,0.158651343157	(111, 0.36488113033137742)
111	109,0.158876064037	(111, 0.36488113033137742)
111	157,0.159447604266	(111, 0.36488113033137742)
111	1,0.16440929545	(111, 0.36488113033137742)
112	11,0.0626992529414	(112, 0.083136465830210435)
112	90,0.0641564225405	(112, 0.083136465830210435)
112	3,0.0696873867186	(112, 0.083136465830210435)
112	100,0.0805178720057	(112, 0.083136465830210435)
112	112,0.0831364658302	(112, 0.083136465830210435)
112	162,0.0840905894248	(112, 0.083136465830210435)
112	81,0.0880298378832	(112, 0.083136465830210435)
112	21,0.0941098652362	(112, 0.083136465830210435)
112	77,0.0943542980481	(112, 0.083136465830210435)
112	17,0.0976153519382	(112, 0.083136465830210435)
113	113,0.117100414333	(113, 0.1171004143328752)
113	65,0.156669161608	(113, 0.1171004143328752)
113	130,0.222156638485	(113, 0.1171004143328752)
113	155,0.274352126719	(113, 0.1171004143328752)
113	44,0.274709870785	(113, 0.1171004143328752)
113	161,0.28163117943	(113, 0.1171004143328752)
113	53,0.292946084229	(113, 0.1171004143328752)
113	120,0.296863677501	(113, 0.1171004143328752)
113	15,0.306595369004	(113, 0.1171004143328752)
113	97,0.322382745599	(113, 0.1171004143328752)
114	114,0.0887429300059	(114, 0.088742930005857243)
114	53,0.099442133469	(114, 0.088742930005857243)
114	124,0.0996547276598	(114, 0.088742930005857243)
114	73,0.110431019106	(114, 0.088742930005857243)
114	13,0.152109795713	(114, 0.088742930005857243)
114	104,0.154769424055	(114, 0.088742930005857243)
114	155,0.162085216178	(114, 0.088742930005857243)
114	157,0.165970883705	(114, 0.088742930005857243)
114	140,0.171377462387	(114, 0.088742930005857243)
114	109,0.174787181268	(114, 0.088742930005857243)
115	119,0.0850232925033	(115, 0.090152362378153827)
115	115,0.0901523623782	(115, 0.090152362378153827)
115	11,0.0930796295967	(115, 0.090152362378153827)
115	37,0.115215157828	(115, 0.090152362378153827)
115	96,0.117149895853	(115, 0.090152362378153827)
115	3,0.132654275449	(115, 0.090152362378153827)
115	136,0.13275827656	(115, 0.090152362378153827)
115	17,0.133261184648	(115, 0.090152362378153827)
115	81,0.133837453503	(115, 0.090152362378153827)
115	172,0.150339865139	(115, 0.090152362378153827)
116	116,0.0641425079725	(116, 0.064142507972485038)
116	93,0.0704739347211	(116, 0.064142507972485038)
116	109,0.134950311354	(116, 0.064142507972485038)
116	73,0.145331515484	(116, 0.064142507972485038)
116	144,0.151613511293	(116, 0.064142507972485038)
116	159,0.166331690896	(116, 0.064142507972485038)
116	131,0.167374190191	(116, 0.064142507972485038)
116	124,0.170725864306	(116, 0.064142507972485038)
116	84,0.171986429521	(116, 0.064142507972485038)
116	172,0.172720365722	(116, 0.064142507972485038)
117	117,0.0296129344139	(117, 0.029612934413905133)
117	71,0.0698782756539	(117, 0.029612934413905133)
117	21,0.0758158285779	(117, 0.029612934413905133)
117	22,0.0827597221179	(117, 0.029612934413905133)
117	76,0.0867377892129	(117, 0.029612934413905133)
117	11,0.0901508228574	(117, 0.029612934413905133)
117	121,0.0905652269919	(117, 0.029612934413905133)
117	81,0.0908647991421	(117, 0.029612934413905133)
117	162,0.0916878502729	(117, 0.029612934413905133)
117	77,0.0975646755016	(117, 0.029612934413905133)
118	33,0.17737395744	(118, 0.28926339576082749)
118	34,0.185548209848	(118, 0.28926339576082749)
118	69,0.234449469496	(118, 0.28926339576082749)
118	15,0.271860523805	(118, 0.28926339576082749)
118	113,0.27372345855	(118, 0.28926339576082749)
118	2,0.285517833912	(118, 0.28926339576082749)
118	4,0.288433679079	(118, 0.28926339576082749)
118	118,0.289263395761	(118, 0.28926339576082749)
118	130,0.297497846574	(118, 0.28926339576082749)
118	25,0.299289664996	(118, 0.28926339576082749)
119	120,0.096077180705	(119, 0.11984985436010488)
119	17,0.105406069747	(119, 0.11984985436010488)
119	172,0.117030479738	(119, 0.11984985436010488)
119	119,0.11984985436	(119, 0.11984985436010488)
119	4,0.123779697144	(119, 0.11984985436010488)
119	40,0.123901218981	(119, 0.11984985436010488)
119	154,0.128378081987	(119, 0.11984985436010488)
119	69,0.134552104322	(119, 0.11984985436010488)
119	97,0.134974245967	(119, 0.11984985436010488)
119	13,0.138870016477	(119, 0.11984985436010488)
120	120,0.0713829517747	(120, 0.071382951774677586)
120	65,0.111170839481	(120, 0.071382951774677586)
120	44,0.127545680216	(120, 0.071382951774677586)
120	161,0.128806074068	(120, 0.071382951774677586)
120	97,0.132808251821	(120, 0.071382951774677586)
120	53,0.140377170441	(120, 0.071382951774677586)
120	155,0.143007545777	(120, 0.071382951774677586)
120	124,0.149759783543	(120, 0.071382951774677586)
120	54,0.160144205604	(120, 0.071382951774677586)
120	17,0.166617186957	(120, 0.071382951774677586)
121	121,0.076127593801	(121, 0.076127593800962651)
121	78,0.0852892427851	(121, 0.076127593800962651)
121	22,0.0875420699862	(121, 0.076127593800962651)
121	1,0.0924439044627	(121, 0.076127593800962651)
121	26,0.0933610658158	(121, 0.076127593800962651)
121	73,0.107298225925	(121, 0.076127593800962651)
121	128,0.119461583257	(121, 0.076127593800962651)
121	61,0.119899878294	(121, 0.076127593800962651)
121	23,0.122419796404	(121, 0.076127593800962651)
121	158,0.125677438566	(121, 0.076127593800962651)
122	122,0.119944840405	(122, 0.11994484040538098)
122	174,0.12407887544	(122, 0.11994484040538098)
122	154,0.155513889744	(122, 0.11994484040538098)
122	2,0.183605193848	(122, 0.11994484040538098)
122	69,0.201235467396	(122, 0.11994484040538098)
122	48,0.213639931562	(122, 0.11994484040538098)
122	116,0.229098219093	(122, 0.11994484040538098)
122	4,0.237410477732	(122, 0.11994484040538098)
122	56,0.242266163264	(122, 0.11994484040538098)
122	172,0.244582053306	(122, 0.11994484040538098)
123	172,0.0850575565819	(123, 0.086700907582727874)
123	123,0.0867009075827	(123, 0.086700907582727874)
123	81,0.123319353592	(123, 0.086700907582727874)
123	146,0.128088688168	(123, 0.086700907582727874)
123	119,0.136312319647	(123, 0.086700907582727874)
123	40,0.13781950091	(123, 0.086700907582727874)
123	90,0.138762366929	(123, 0.086700907582727874)
123	115,0.146191969402	(123, 0.086700907582727874)
123	96,0.148272480004	(123, 0.086700907582727874)
123	137,0.153597292171	(123, 0.086700907582727874)
124	124,0.136086457485	(124, 0.13608645748546483)
124	101,0.174187608953	(124, 0.13608645748546483)
124	41,0.206362324295	(124, 0.13608645748546483)
124	169,0.22346203599	(124, 0.13608645748546483)
124	73,0.242887520812	(124, 0.13608645748546483)
124	155,0.247637314171	(124, 0.13608645748546483)
124	157,0.247984110787	(124, 0.13608645748546483)
124	53,0.248132578843	(124, 0.13608645748546483)
124	140,0.248855089626	(124, 0.13608645748546483)
124	27,0.251033829927	(124, 0.13608645748546483)
125	13,0.183254190234	(125, 0.23000277968292998)
125	73,0.199952178719	(125, 0.23000277968292998)
125	155,0.21000844327	(125, 0.23000277968292998)
125	23,0.222622540075	(125, 0.23000277968292998)
125	114,0.223277663218	(125, 0.23000277968292998)
125	61,0.227651950203	(125, 0.23000277968292998)
125	41,0.228496927722	(125, 0.23000277968292998)
125	125,0.230002779683	(125, 0.23000277968292998)
125	29,0.237075684315	(125, 0.23000277968292998)
125	16,0.237809422492	(125, 0.23000277968292998)
126	126,0.0932645709423	(126, 0.093264570942282979)
126	81,0.0970706457385	(126, 0.093264570942282979)
126	121,0.1032686086	(126, 0.093264570942282979)
126	132,0.10533148765	(126, 0.093264570942282979)
126	11,0.109753447318	(126, 0.093264570942282979)
126	3,0.111019826447	(126, 0.093264570942282979)
126	12,0.113423620498	(126, 0.093264570942282979)
126	128,0.114068806861	(126, 0.093264570942282979)
126	119,0.114542254443	(126, 0.093264570942282979)
126	22,0.115790653232	(126, 0.093264570942282979)
127	17,0.0583381385021	(127, 0.080344755140880159)
127	136,0.0731972312238	(127, 0.080344755140880159)
127	74,0.0751666076714	(127, 0.080344755140880159)
127	127,0.0803447551409	(127, 0.080344755140880159)
127	77,0.0894775835054	(127, 0.080344755140880159)
127	100,0.0897673729393	(127, 0.080344755140880159)
127	59,0.095697925693	(127, 0.080344755140880159)
127	37,0.101914707007	(127, 0.080344755140880159)
127	49,0.115384807828	(127, 0.080344755140880159)
127	172,0.130723103675	(127, 0.080344755140880159)
128	128,0.056208773113	(128, 0.05620877311296419)
128	12,0.0842883614337	(128, 0.05620877311296419)
128	78,0.0855109517846	(128, 0.05620877311296419)
128	121,0.0928295380947	(128, 0.05620877311296419)
128	22,0.095233502924	(128, 0.05620877311296419)
128	159,0.102577138717	(128, 0.05620877311296419)
128	139,0.106069458014	(128, 0.05620877311296419)
128	18,0.108409255901	(128, 0.05620877311296419)
128	107,0.110239278727	(128, 0.05620877311296419)
128	158,0.110574633492	(128, 0.05620877311296419)
129	98,0.117227445514	(129, 0.22939522686095595)
129	49,0.121849424334	(129, 0.22939522686095595)
129	15,0.17204225095	(129, 0.22939522686095595)
129	100,0.174763118247	(129, 0.22939522686095595)
129	77,0.179097880872	(129, 0.22939522686095595)
129	59,0.180991425345	(129, 0.22939522686095595)
129	83,0.193764166352	(129, 0.22939522686095595)
129	25,0.208988163783	(129, 0.22939522686095595)
129	94,0.215360835329	(129, 0.22939522686095595)
129	129,0.229395226861	(129, 0.22939522686095595)
130	130,0.171635285585	(130, 0.17163528558481853)
130	34,0.199809323947	(130, 0.17163528558481853)
130	13,0.204608486047	(130, 0.17163528558481853)
130	65,0.207186125413	(130, 0.17163528558481853)
130	91,0.227033117699	(130, 0.17163528558481853)
130	53,0.233703201027	(130, 0.17163528558481853)
130	28,0.236098911694	(130, 0.17163528558481853)
130	157,0.243100702308	(130, 0.17163528558481853)
130	155,0.244231908257	(130, 0.17163528558481853)
130	69,0.244511346923	(130, 0.17163528558481853)
131	166,0.146374733221	(131, 0.16951827575053385)
131	116,0.155534867725	(131, 0.16951827575053385)
131	131,0.169518275751	(131, 0.16951827575053385)
131	72,0.179286972438	(131, 0.16951827575053385)
131	144,0.221516704399	(131, 0.16951827575053385)
131	104,0.223026383741	(131, 0.16951827575053385)
131	84,0.231381432272	(131, 0.16951827575053385)
131	156,0.249004938711	(131, 0.16951827575053385)
131	93,0.266601634346	(131, 0.16951827575053385)
131	73,0.296982536389	(131, 0.16951827575053385)
132	132,0.0480208732467	(132, 0.048020873246695454)
132	18,0.051811022245	(132, 0.048020873246695454)
132	22,0.0576636231876	(132, 0.048020873246695454)
132	139,0.0679601443968	(132, 0.048020873246695454)
132	46,0.0700367485177	(132, 0.048020873246695454)
132	146,0.0733374706114	(132, 0.048020873246695454)
132	158,0.0745199212185	(132, 0.048020873246695454)
132	76,0.0746768881738	(132, 0.048020873246695454)
132	151,0.0766437591242	(132, 0.048020873246695454)
132	147,0.0788215554001	(132, 0.048020873246695454)
133	133,0.070781988088	(133, 0.070781988087982112)
133	130,0.191279127877	(133, 0.070781988087982112)
133	34,0.199810921726	(133, 0.070781988087982112)
133	91,0.204367830242	(133, 0.070781988087982112)
133	102,0.235095766926	(133, 0.070781988087982112)
133	103,0.247627028444	(133, 0.070781988087982112)
133	114,0.251782309147	(133, 0.070781988087982112)
133	53,0.259201573864	(133, 0.070781988087982112)
133	153,0.278332662395	(133, 0.070781988087982112)
133	65,0.282548644593	(133, 0.070781988087982112)
134	121,0.0804283556413	(134, 0.10994206266929719)
134	128,0.0842163690584	(134, 0.10994206266929719)
134	78,0.0960484635119	(134, 0.10994206266929719)
134	73,0.105506346568	(134, 0.10994206266929719)
134	134,0.109942062669	(134, 0.10994206266929719)
134	22,0.11067739752	(134, 0.10994206266929719)
134	109,0.113154650203	(134, 0.10994206266929719)
134	18,0.121562894003	(134, 0.10994206266929719)
134	88,0.126939036666	(134, 0.10994206266929719)
134	26,0.135332680379	(134, 0.10994206266929719)
135	147,0.0458117153907	(135, 0.070737505052788321)
135	137,0.0545079994617	(135, 0.070737505052788321)
135	63,0.0565973036883	(135, 0.070737505052788321)
135	76,0.0578185295289	(135, 0.070737505052788321)
135	162,0.0679125939562	(135, 0.070737505052788321)
135	135,0.0707375050528	(135, 0.070737505052788321)
135	77,0.0720388660416	(135, 0.070737505052788321)
135	171,0.0748577939744	(135, 0.070737505052788321)
135	117,0.0819456668356	(135, 0.070737505052788321)
135	3,0.0849731096583	(135, 0.070737505052788321)
136	136,0.0963488031926	(136, 0.096348803192628493)
136	54,0.113695739663	(136, 0.096348803192628493)
136	126,0.117585492804	(136, 0.096348803192628493)
136	121,0.121997659501	(136, 0.096348803192628493)
136	11,0.124415708248	(136, 0.096348803192628493)
136	132,0.135140872316	(136, 0.096348803192628493)
136	151,0.13734018441	(136, 0.096348803192628493)
136	3,0.140869973466	(136, 0.096348803192628493)
136	78,0.14344635768	(136, 0.096348803192628493)
136	162,0.146394887868	(136, 0.096348803192628493)
137	137,0.0330210150609	(137, 0.033021015060899203)
137	63,0.0444341795155	(137, 0.033021015060899203)
137	147,0.0465310079773	(137, 0.033021015060899203)
137	76,0.0690089167937	(137, 0.033021015060899203)
137	171,0.0704886681448	(137, 0.033021015060899203)
137	3,0.0704998760431	(137, 0.033021015060899203)
137	90,0.0793382996721	(137, 0.033021015060899203)
137	36,0.080970053212	(137, 0.033021015060899203)
137	117,0.0873591064874	(137, 0.033021015060899203)
137	136,0.0919028648921	(137, 0.033021015060899203)
138	78,0.0997301076269	(138, 0.11394472758636577)
138	128,0.109372894314	(138, 0.11394472758636577)
138	138,0.113944727586	(138, 0.11394472758636577)
138	158,0.11448883247	(138, 0.11394472758636577)
138	107,0.122253243589	(138, 0.11394472758636577)
138	55,0.143751941855	(138, 0.11394472758636577)
138	99,0.14490168663	(138, 0.11394472758636577)
138	159,0.147371920594	(138, 0.11394472758636577)
138	38,0.158094592397	(138, 0.11394472758636577)
138	139,0.158881286132	(138, 0.11394472758636577)
139	139,0.0268013351171	(139, 0.026801335117081507)
139	46,0.0587416061334	(139, 0.026801335117081507)
139	18,0.0685207937943	(139, 0.026801335117081507)
139	151,0.0688529646168	(139, 0.026801335117081507)
139	76,0.0782138991767	(139, 0.026801335117081507)
139	22,0.081944992181	(139, 0.026801335117081507)
139	132,0.0832539936033	(139, 0.026801335117081507)
139	121,0.101503301308	(139, 0.026801335117081507)
139	35,0.103243646462	(139, 0.026801335117081507)
139	171,0.103484830684	(139, 0.026801335117081507)
140	69,0.117032952785	(140, 0.15902272926639346)
140	93,0.119381099991	(140, 0.15902272926639346)
140	124,0.121197587032	(140, 0.15902272926639346)
140	73,0.130884324734	(140, 0.15902272926639346)
140	116,0.134044717468	(140, 0.15902272926639346)
140	157,0.141397040589	(140, 0.15902272926639346)
140	104,0.149964124936	(140, 0.15902272926639346)
140	140,0.159022729266	(140, 0.15902272926639346)
140	53,0.166821695084	(140, 0.15902272926639346)
140	13,0.173223399602	(140, 0.15902272926639346)
141	141,0.192454595383	(141, 0.19245459538344459)
141	48,0.234841831607	(141, 0.19245459538344459)
141	124,0.275499077276	(141, 0.19245459538344459)
141	56,0.292733616951	(141, 0.19245459538344459)
141	33,0.296828093386	(141, 0.19245459538344459)
141	4,0.299794186624	(141, 0.19245459538344459)
141	120,0.302785296478	(141, 0.19245459538344459)
141	97,0.304206207446	(141, 0.19245459538344459)
141	69,0.308909565802	(141, 0.19245459538344459)
141	2,0.318797368676	(141, 0.19245459538344459)
142	61,0.130883804908	(142, 0.39998133353939191)
142	23,0.163530455707	(142, 0.39998133353939191)
142	12,0.170744157656	(142, 0.39998133353939191)
142	38,0.173653380091	(142, 0.39998133353939191)
142	24,0.174621920401	(142, 0.39998133353939191)
142	105,0.177147110779	(142, 0.39998133353939191)
142	135,0.178312424394	(142, 0.39998133353939191)
142	73,0.178322575392	(142, 0.39998133353939191)
142	16,0.183408651822	(142, 0.39998133353939191)
142	55,0.190701155826	(142, 0.39998133353939191)
143	143,0.047203281444	(143, 0.047203281443983815)
143	3,0.0519435506096	(143, 0.047203281443983815)
143	112,0.0665476211289	(143, 0.047203281443983815)
143	11,0.0712067720098	(143, 0.047203281443983815)
143	162,0.0747320588792	(143, 0.047203281443983815)
143	90,0.0748768520642	(143, 0.047203281443983815)
143	137,0.0777581022716	(143, 0.047203281443983815)
143	17,0.0813638727922	(143, 0.047203281443983815)
143	150,0.0891985989484	(143, 0.047203281443983815)
143	21,0.0923147818108	(143, 0.047203281443983815)
144	144,0.0781415469552	(144, 0.078141546955196095)
144	38,0.134510687088	(144, 0.078141546955196095)
144	14,0.140887339615	(144, 0.078141546955196095)
144	12,0.14430801876	(144, 0.078141546955196095)
144	50,0.174209624989	(144, 0.078141546955196095)
144	145,0.189264327515	(144, 0.078141546955196095)
144	159,0.19097244561	(144, 0.078141546955196095)
144	73,0.194266413514	(144, 0.078141546955196095)
144	116,0.196286515318	(144, 0.078141546955196095)
144	109,0.20060583443	(144, 0.078141546955196095)
145	158,0.10844082211	(145, 0.11232737380927971)
145	78,0.108901217955	(145, 0.11232737380927971)
145	128,0.11071792083	(145, 0.11232737380927971)
145	145,0.112327373809	(145, 0.11232737380927971)
145	38,0.11989133128	(145, 0.11232737380927971)
145	24,0.120133758957	(145, 0.11232737380927971)
145	55,0.125416990059	(145, 0.11232737380927971)
145	12,0.144902930734	(145, 0.11232737380927971)
145	22,0.155528146434	(145, 0.11232737380927971)
145	14,0.159507251139	(145, 0.11232737380927971)
146	146,0.0354433485905	(146, 0.035443348590533934)
146	159,0.0834655702783	(146, 0.035443348590533934)
146	12,0.11752376735	(146, 0.035443348590533934)
146	18,0.134014386983	(146, 0.035443348590533934)
146	137,0.134815331923	(146, 0.035443348590533934)
146	132,0.135609529892	(146, 0.035443348590533934)
146	81,0.13690026434	(146, 0.035443348590533934)
146	46,0.140249006197	(146, 0.035443348590533934)
146	151,0.146693059425	(146, 0.035443348590533934)
146	172,0.150117790455	(146, 0.035443348590533934)
147	63,0.0418764062325	(147, 0.04456176190054964)
147	76,0.0423605991023	(147, 0.04456176190054964)
147	147,0.0445617619005	(147, 0.04456176190054964)
147	132,0.0572209788446	(147, 0.04456176190054964)
147	151,0.0606694948708	(147, 0.04456176190054964)
147	18,0.0613534357602	(147, 0.04456176190054964)
147	22,0.0665943875453	(147, 0.04456176190054964)
147	121,0.0695013942003	(147, 0.04456176190054964)
147	23,0.0749935717484	(147, 0.04456176190054964)
147	126,0.0813288401309	(147, 0.04456176190054964)
148	148,0.048300533863	(148, 0.04830053386296438)
148	17,0.061499100867	(148, 0.04830053386296438)
148	143,0.0761314223346	(148, 0.04830053386296438)
148	100,0.091753182761	(148, 0.04830053386296438)
148	90,0.0988369218425	(148, 0.04830053386296438)
148	172,0.117416842437	(148, 0.04830053386296438)
148	112,0.121622872244	(148, 0.04830053386296438)
148	49,0.12520785962	(148, 0.04830053386296438)
148	3,0.128660454102	(148, 0.04830053386296438)
148	40,0.135297224239	(148, 0.04830053386296438)
149	149,0.152906481933	(149, 0.15290648193282777)
149	32,0.253903759234	(149, 0.15290648193282777)
149	169,0.305323674356	(149, 0.15290648193282777)
149	33,0.313405267923	(149, 0.15290648193282777)
149	27,0.457735807511	(149, 0.15290648193282777)
149	111,0.466071974707	(149, 0.15290648193282777)
149	156,0.471779508425	(149, 0.15290648193282777)
149	165,0.482267304236	(149, 0.15290648193282777)
149	91,0.489833589243	(149, 0.15290648193282777)
149	45,0.491086502852	(149, 0.15290648193282777)
150	3,0.0382988257667	(150, 0.076085696631393834)
150	11,0.056044728003	(150, 0.076085696631393834)
150	162,0.0624740568295	(150, 0.076085696631393834)
150	71,0.0658982751495	(150, 0.076085696631393834)
150	121,0.0713183327049	(150, 0.076085696631393834)
150	150,0.0760856966314	(150, 0.076085696631393834)
150	86,0.0768426572638	(150, 0.076085696631393834)
150	63,0.0773884883275	(150, 0.076085696631393834)
150	143,0.0844673404985	(150, 0.076085696631393834)
150	76,0.0881929040339	(150, 0.076085696631393834)
151	121,0.0404034124427	(151, 0.063830833487916905)
151	132,0.0637228822196	(151, 0.063830833487916905)
151	151,0.0638308334879	(151, 0.063830833487916905)
151	22,0.0694295955086	(151, 0.063830833487916905)
151	78,0.077084514348	(151, 0.063830833487916905)
151	18,0.0777426232397	(151, 0.063830833487916905)
151	76,0.0850561321319	(151, 0.063830833487916905)
151	63,0.0854352583047	(151, 0.063830833487916905)
151	61,0.0867247259734	(151, 0.063830833487916905)
151	3,0.0869295897663	(151, 0.063830833487916905)
152	152,0.0760372456155	(152, 0.076037245615496254)
152	121,0.0938205629447	(152, 0.076037245615496254)
152	18,0.105978492178	(152, 0.076037245615496254)
152	117,0.118777205928	(152, 0.076037245615496254)
152	139,0.123355430272	(152, 0.076037245615496254)
152	88,0.124455892969	(152, 0.076037245615496254)
152	35,0.126501868704	(152, 0.076037245615496254)
152	12,0.126948580685	(152, 0.076037245615496254)
152	22,0.127248628479	(152, 0.076037245615496254)
152	81,0.130196144772	(152, 0.076037245615496254)
153	133,0.112651091725	(153, 0.18520457515006669)
153	153,0.18520457515	(153, 0.18520457515006669)
153	130,0.190127122785	(153, 0.18520457515006669)
153	34,0.193145544526	(153, 0.18520457515006669)
153	91,0.208524713729	(153, 0.18520457515006669)
153	102,0.219435775555	(153, 0.18520457515006669)
153	103,0.249402125355	(153, 0.18520457515006669)
153	95,0.273055789653	(153, 0.18520457515006669)
153	1,0.288667589142	(153, 0.18520457515006669)
153	28,0.29056620905	(153, 0.18520457515006669)
154	154,0.0383004376655	(154, 0.038300437665469381)
154	40,0.10973644045	(154, 0.038300437665469381)
154	172,0.125303799189	(154, 0.038300437665469381)
154	174,0.129360399895	(154, 0.038300437665469381)
154	4,0.133816066123	(154, 0.038300437665469381)
154	69,0.139747038373	(154, 0.038300437665469381)
154	116,0.157429140391	(154, 0.038300437665469381)
154	2,0.178600192754	(154, 0.038300437665469381)
154	17,0.201265943532	(154, 0.038300437665469381)
154	48,0.206045322569	(154, 0.038300437665469381)
155	11,0.077859592388	(155, 0.10686873922302921)
155	71,0.0853696523528	(155, 0.10686873922302921)
155	162,0.0932700346815	(155, 0.10686873922302921)
155	1,0.0939884046578	(155, 0.10686873922302921)
155	121,0.0980344143508	(155, 0.10686873922302921)
155	155,0.106868739223	(155, 0.10686873922302921)
155	81,0.117182048227	(155, 0.10686873922302921)
155	73,0.117326914745	(155, 0.10686873922302921)
155	3,0.120486212212	(155, 0.10686873922302921)
155	117,0.120574282197	(155, 0.10686873922302921)
156	73,0.0965390105713	(156, 0.10914309495566527)
156	156,0.109143094956	(156, 0.10914309495566527)
156	109,0.129902832324	(156, 0.10914309495566527)
156	144,0.13806657989	(156, 0.10914309495566527)
156	107,0.143526685566	(156, 0.10914309495566527)
156	50,0.161695088533	(156, 0.10914309495566527)
156	27,0.161958844756	(156, 0.10914309495566527)
156	128,0.165386261054	(156, 0.10914309495566527)
156	38,0.176980784453	(156, 0.10914309495566527)
156	78,0.188233206312	(156, 0.10914309495566527)
157	22,0.0770404028706	(157, 0.13517987658161068)
157	126,0.0923479968813	(157, 0.13517987658161068)
157	12,0.0957204517697	(157, 0.13517987658161068)
157	132,0.0999442850248	(157, 0.13517987658161068)
157	121,0.0999463862641	(157, 0.13517987658161068)
157	3,0.102973922991	(157, 0.13517987658161068)
157	78,0.104889225012	(157, 0.13517987658161068)
157	73,0.105076755461	(157, 0.13517987658161068)
157	128,0.105464371358	(157, 0.13517987658161068)
157	76,0.107054822702	(157, 0.13517987658161068)
158	77,0.0519981555469	(158, 0.1747684877029175)
158	3,0.0673448645013	(158, 0.1747684877029175)
158	37,0.0799482003021	(158, 0.1747684877029175)
158	136,0.0829555113628	(158, 0.1747684877029175)
158	171,0.0850603080658	(158, 0.1747684877029175)
158	76,0.085824366281	(158, 0.1747684877029175)
158	63,0.0861235374621	(158, 0.1747684877029175)
158	11,0.087149303109	(158, 0.1747684877029175)
158	147,0.0911374546507	(158, 0.1747684877029175)
158	137,0.0924395128285	(158, 0.1747684877029175)
159	146,0.0435416941855	(159, 0.10349479883895978)
159	137,0.0769805977428	(159, 0.10349479883895978)
159	18,0.0840518503076	(159, 0.10349479883895978)
159	150,0.0877739935014	(159, 0.10349479883895978)
159	46,0.0901011212634	(159, 0.10349479883895978)
159	147,0.0937319496497	(159, 0.10349479883895978)
159	36,0.0947985804086	(159, 0.10349479883895978)
159	81,0.0957089128184	(159, 0.10349479883895978)
159	3,0.0988413457568	(159, 0.10349479883895978)
159	90,0.100668196385	(159, 0.10349479883895978)
160	164,0.1602172356	(160, 0.70868603989358758)
160	27,0.170713520717	(160, 0.70868603989358758)
160	73,0.191716232884	(160, 0.70868603989358758)
160	32,0.201961344433	(160, 0.70868603989358758)
160	43,0.213647307648	(160, 0.70868603989358758)
160	38,0.214228108624	(160, 0.70868603989358758)
160	105,0.219875531494	(160, 0.70868603989358758)
160	107,0.223418575215	(160, 0.70868603989358758)
160	109,0.231491729129	(160, 0.70868603989358758)
160	50,0.235606057945	(160, 0.70868603989358758)
161	161,0.0411994634285	(161, 0.041199463428474463)
161	65,0.0969445247764	(161, 0.041199463428474463)
161	44,0.122335030685	(161, 0.041199463428474463)
161	17,0.1231849184	(161, 0.041199463428474463)
161	83,0.131155426018	(161, 0.041199463428474463)
161	68,0.133719883252	(161, 0.041199463428474463)
161	155,0.143391483659	(161, 0.041199463428474463)
161	100,0.156263944655	(161, 0.041199463428474463)
161	13,0.159975543272	(161, 0.041199463428474463)
161	120,0.163729013584	(161, 0.041199463428474463)
162	162,0.0551744925658	(162, 0.055174492565790656)
162	76,0.0677520465649	(162, 0.055174492565790656)
162	117,0.0699325219236	(162, 0.055174492565790656)
162	147,0.0715496454112	(162, 0.055174492565790656)
162	18,0.0721081395453	(162, 0.055174492565790656)
162	88,0.0790424366489	(162, 0.055174492565790656)
162	63,0.0857655600723	(162, 0.055174492565790656)
162	90,0.0870162356233	(162, 0.055174492565790656)
162	150,0.090908136902	(162, 0.055174492565790656)
162	121,0.0949885510728	(162, 0.055174492565790656)
163	17,0.0911534112604	(163, 0.13458343329270567)
163	172,0.0987735232573	(163, 0.13458343329270567)
163	3,0.102705865414	(163, 0.13458343329270567)
163	40,0.103144852563	(163, 0.13458343329270567)
163	100,0.110847186859	(163, 0.13458343329270567)
163	148,0.116116036341	(163, 0.13458343329270567)
163	37,0.120271345859	(163, 0.13458343329270567)
163	11,0.121216348345	(163, 0.13458343329270567)
163	143,0.127728790732	(163, 0.13458343329270567)
163	83,0.131463739303	(163, 0.13458343329270567)
164	27,0.125304788734	(164, 0.1537033333929764)
164	156,0.129451518353	(164, 0.1537033333929764)
164	164,0.153703333393	(164, 0.1537033333929764)
164	32,0.162147830091	(164, 0.1537033333929764)
164	73,0.162705421507	(164, 0.1537033333929764)
164	144,0.172978075498	(164, 0.1537033333929764)
164	131,0.198365267717	(164, 0.1537033333929764)
164	109,0.204762566308	(164, 0.1537033333929764)
164	107,0.211936011342	(164, 0.1537033333929764)
164	50,0.224168454973	(164, 0.1537033333929764)
165	93,0.115725320014	(165, 0.17668818014197393)
165	116,0.148864195746	(165, 0.17668818014197393)
165	157,0.166368910022	(165, 0.17668818014197393)
165	165,0.176688180142	(165, 0.17668818014197393)
165	144,0.177310095237	(165, 0.17668818014197393)
165	131,0.178508974544	(165, 0.17668818014197393)
165	73,0.181165264565	(165, 0.17668818014197393)
165	156,0.210982929173	(165, 0.17668818014197393)
165	124,0.216351887533	(165, 0.17668818014197393)
165	111,0.226446293867	(165, 0.17668818014197393)
166	116,0.146929560132	(166, 0.1958796226654802)
166	144,0.168779104869	(166, 0.1958796226654802)
166	124,0.178476223619	(166, 0.1958796226654802)
166	69,0.186074299967	(166, 0.1958796226654802)
166	104,0.195771885627	(166, 0.1958796226654802)
166	166,0.195879622665	(166, 0.1958796226654802)
166	157,0.206919412061	(166, 0.1958796226654802)
166	13,0.207262389946	(166, 0.1958796226654802)
166	140,0.209155039054	(166, 0.1958796226654802)
166	93,0.209711232358	(166, 0.1958796226654802)
167	51,0.196210896592	(167, 0.25409339041624879)
167	39,0.213324479584	(167, 0.25409339041624879)
167	167,0.254093390416	(167, 0.25409339041624879)
167	27,0.277268387797	(167, 0.25409339041624879)
167	32,0.290145321336	(167, 0.25409339041624879)
167	19,0.300528931492	(167, 0.25409339041624879)
167	138,0.341392806171	(167, 0.25409339041624879)
167	169,0.34688305794	(167, 0.25409339041624879)
167	164,0.357327291135	(167, 0.25409339041624879)
167	99,0.376175735884	(167, 0.25409339041624879)
168	12,0.106644050671	(168, 0.13517301863076628)
168	55,0.119277245204	(168, 0.13517301863076628)
168	86,0.123485185111	(168, 0.13517301863076628)
168	152,0.12593681937	(168, 0.13517301863076628)
168	18,0.134113390707	(168, 0.13517301863076628)
168	38,0.13490468576	(168, 0.13517301863076628)
168	168,0.135173018631	(168, 0.13517301863076628)
168	121,0.137091946661	(168, 0.13517301863076628)
168	151,0.148175191179	(168, 0.13517301863076628)
168	134,0.155724183592	(168, 0.13517301863076628)
169	156,0.141305994019	(169, 0.1507037579811823)
169	169,0.150703757981	(169, 0.1507037579811823)
169	73,0.170888857206	(169, 0.1507037579811823)
169	144,0.173714593206	(169, 0.1507037579811823)
169	27,0.174944639209	(169, 0.1507037579811823)
169	99,0.18132065958	(169, 0.1507037579811823)
169	109,0.186334427651	(169, 0.1507037579811823)
169	84,0.194180491421	(169, 0.1507037579811823)
169	93,0.231587506058	(169, 0.1507037579811823)
169	170,0.236972315232	(169, 0.1507037579811823)
170	170,0.110395839704	(170, 0.11039583970399246)
170	99,0.13752647665	(170, 0.11039583970399246)
170	27,0.178791173494	(170, 0.11039583970399246)
170	144,0.17991172126	(170, 0.11039583970399246)
170	19,0.18784761447	(170, 0.11039583970399246)
170	73,0.200405792403	(170, 0.11039583970399246)
170	84,0.209829420158	(170, 0.11039583970399246)
170	109,0.210942790768	(170, 0.11039583970399246)
170	0,0.21771979004	(170, 0.11039583970399246)
170	114,0.230696709514	(170, 0.11039583970399246)
171	156,0.135828394743	(171, 0.42644230859077664)
171	27,0.143610329737	(171, 0.42644230859077664)
171	32,0.157871397407	(171, 0.42644230859077664)
171	164,0.17292714517	(171, 0.42644230859077664)
171	73,0.173481668538	(171, 0.42644230859077664)
171	107,0.198189264128	(171, 0.42644230859077664)
171	169,0.227793856402	(171, 0.42644230859077664)
171	19,0.228066264939	(171, 0.42644230859077664)
171	51,0.229476580462	(171, 0.42644230859077664)
171	102,0.232421835277	(171, 0.42644230859077664)
172	172,0.0287708728316	(172, 0.028770872831573969)
172	3,0.0713520226564	(172, 0.028770872831573969)
172	137,0.0715656711131	(172, 0.028770872831573969)
172	17,0.0761024325386	(172, 0.028770872831573969)
172	77,0.0886189932505	(172, 0.028770872831573969)
172	90,0.091370675007	(172, 0.028770872831573969)
172	37,0.0936252661913	(172, 0.028770872831573969)
172	136,0.0990100050013	(172, 0.028770872831573969)
172	81,0.0990307694438	(172, 0.028770872831573969)
172	40,0.108941587164	(172, 0.028770872831573969)
173	158,0.136219575387	(173, 0.24086881929204976)
173	107,0.140714069246	(173, 0.24086881929204976)
173	38,0.147450981914	(173, 0.24086881929204976)
173	24,0.155226339951	(173, 0.24086881929204976)
173	27,0.16329272925	(173, 0.24086881929204976)
173	61,0.186901718844	(173, 0.24086881929204976)
173	78,0.187373785901	(173, 0.24086881929204976)
173	128,0.189250491516	(173, 0.24086881929204976)
173	55,0.205173039676	(173, 0.24086881929204976)
173	156,0.207342193029	(173, 0.24086881929204976)
174	174,0.0587124603546	(174, 0.058712460354616698)
174	15,0.0842183010062	(174, 0.058712460354616698)
174	56,0.0966128377906	(174, 0.058712460354616698)
174	120,0.121409053174	(174, 0.058712460354616698)
174	69,0.124335641963	(174, 0.058712460354616698)
174	17,0.127560679862	(174, 0.058712460354616698)
174	4,0.13929182535	(174, 0.058712460354616698)
174	2,0.148469913323	(174, 0.058712460354616698)
174	154,0.15939712336	(174, 0.058712460354616698)
174	172,0.164441223695	(174, 0.058712460354616698)
