0	0,0.00129151912528	(0, 0.0012915191252793788)
0	170,0.00312772903296	(0, 0.0012915191252793788)
0	99,0.00313110219289	(0, 0.0012915191252793788)
0	38,0.00328864446685	(0, 0.0012915191252793788)
0	84,0.00354421900447	(0, 0.0012915191252793788)
0	78,0.00361816421178	(0, 0.0012915191252793788)
0	109,0.00368967977211	(0, 0.0012915191252793788)
0	55,0.00400978657164	(0, 0.0012915191252793788)
0	128,0.00402851127958	(0, 0.0012915191252793788)
0	173,0.00427436597302	(0, 0.0012915191252793788)
1	1,0.00122551895435	(1, 0.0012255189543482897)
1	102,0.0016936025047	(1, 0.0012255189543482897)
1	103,0.00177279432383	(1, 0.0012255189543482897)
1	155,0.00211340477689	(1, 0.0012255189543482897)
1	91,0.0021942917159	(1, 0.0012255189543482897)
1	28,0.00223949203906	(1, 0.0012255189543482897)
1	153,0.00224646397869	(1, 0.0012255189543482897)
1	114,0.00233745093082	(1, 0.0012255189543482897)
1	41,0.00247240402146	(1, 0.0012255189543482897)
1	53,0.0027193186893	(1, 0.0012255189543482897)
2	154,0.00112767062138	(2, 0.0024850824600149948)
2	4,0.00115268259604	(2, 0.0024850824600149948)
2	69,0.00170392173321	(2, 0.0024850824600149948)
2	40,0.00185633250302	(2, 0.0024850824600149948)
2	174,0.00190697273148	(2, 0.0024850824600149948)
2	172,0.00206669637151	(2, 0.0024850824600149948)
2	2,0.00248508246001	(2, 0.0024850824600149948)
2	25,0.00266052924798	(2, 0.0024850824600149948)
2	56,0.0027383847505	(2, 0.0024850824600149948)
2	17,0.00280817161808	(2, 0.0024850824600149948)
3	3,0.000536699500952	(3, 0.00053669950095165859)
3	63,0.000866060407271	(3, 0.00053669950095165859)
3	132,0.00101734492043	(3, 0.00053669950095165859)
3	81,0.00103228213605	(3, 0.00053669950095165859)
3	121,0.00113596333751	(3, 0.00053669950095165859)
3	11,0.00116468957175	(3, 0.00053669950095165859)
3	162,0.00124113747712	(3, 0.00053669950095165859)
3	147,0.00127872254643	(3, 0.00053669950095165859)
3	151,0.00132394053927	(3, 0.00053669950095165859)
3	76,0.00140540952895	(3, 0.00053669950095165859)
4	172,0.000926771533788	(4, 0.0015614950226991954)
4	17,0.00127386749922	(4, 0.0015614950226991954)
4	37,0.00133657840159	(4, 0.0015614950226991954)
4	13,0.00139109843618	(4, 0.0015614950226991954)
4	40,0.00149072126548	(4, 0.0015614950226991954)
4	4,0.0015614950227	(4, 0.0015614950226991954)
4	77,0.00156376145945	(4, 0.0015614950226991954)
4	69,0.00156441277933	(4, 0.0015614950226991954)
4	3,0.00169943750178	(4, 0.0015614950226991954)
4	136,0.00175211969501	(4, 0.0015614950226991954)
5	73,0.000959238176004	(5, 0.0048189543606459318)
5	26,0.00238888403646	(5, 0.0048189543606459318)
5	93,0.00241973510471	(5, 0.0048189543606459318)
5	78,0.00253041500738	(5, 0.0048189543606459318)
5	107,0.00253174229791	(5, 0.0048189543606459318)
5	158,0.00260215495457	(5, 0.0048189543606459318)
5	124,0.00271777061362	(5, 0.0048189543606459318)
5	121,0.00275857505873	(5, 0.0048189543606459318)
5	128,0.0027775161685	(5, 0.0048189543606459318)
5	22,0.0028277437724	(5, 0.0048189543606459318)
6	139,0.000891273334229	(6, 0.001052451135760947)
6	46,0.000907948617298	(6, 0.001052451135760947)
6	6,0.00105245113576	(6, 0.001052451135760947)
6	76,0.00116345150115	(6, 0.001052451135760947)
6	158,0.00132896158679	(6, 0.001052451135760947)
6	22,0.00133884289519	(6, 0.001052451135760947)
6	18,0.00139909364694	(6, 0.001052451135760947)
6	171,0.00142692897048	(6, 0.001052451135760947)
6	35,0.00162280826501	(6, 0.001052451135760947)
6	132,0.00164679367015	(6, 0.001052451135760947)
7	66,0.00597485060951	(7, 0.010137311972398151)
7	80,0.00733722734015	(7, 0.010137311972398151)
7	167,0.00735090868567	(7, 0.010137311972398151)
7	51,0.00786569771451	(7, 0.010137311972398151)
7	32,0.00835445926177	(7, 0.010137311972398151)
7	169,0.00874992547656	(7, 0.010137311972398151)
7	160,0.00944590795205	(7, 0.010137311972398151)
7	149,0.00975690408537	(7, 0.010137311972398151)
7	7,0.0101373119724	(7, 0.010137311972398151)
7	133,0.0102088878121	(7, 0.010137311972398151)
8	121,0.0012841634618	(8, 0.0016909837099905573)
8	11,0.0014617716919	(8, 0.0016909837099905573)
8	73,0.00166479948596	(8, 0.0016909837099905573)
8	8,0.00169098370999	(8, 0.0016909837099905573)
8	18,0.00175958156451	(8, 0.0016909837099905573)
8	78,0.00178866826395	(8, 0.0016909837099905573)
8	151,0.0018822408394	(8, 0.0016909837099905573)
8	22,0.0018827409545	(8, 0.0016909837099905573)
8	162,0.00189301429647	(8, 0.0016909837099905573)
8	132,0.00192417795764	(8, 0.0016909837099905573)
9	9,0.00199630208668	(9, 0.0019963020866812999)
9	155,0.00349892752976	(9, 0.0019963020866812999)
9	114,0.00424490683202	(9, 0.0019963020866812999)
9	53,0.00484636259561	(9, 0.0019963020866812999)
9	91,0.00490346037189	(9, 0.0019963020866812999)
9	124,0.00493659065936	(9, 0.0019963020866812999)
9	41,0.00536056387392	(9, 0.0019963020866812999)
9	65,0.00548138573943	(9, 0.0019963020866812999)
9	1,0.00629190099972	(9, 0.0019963020866812999)
9	28,0.00629251704621	(9, 0.0019963020866812999)
10	10,0.00249767337438	(10, 0.0024976733743752363)
10	47,0.00443319715508	(10, 0.0024976733743752363)
10	84,0.00569510618166	(10, 0.0024976733743752363)
10	167,0.00588250292048	(10, 0.0024976733743752363)
10	99,0.00598625987229	(10, 0.0024976733743752363)
10	166,0.00627546107356	(10, 0.0024976733743752363)
10	72,0.00645298710216	(10, 0.0024976733743752363)
10	173,0.0067660641011	(10, 0.0024976733743752363)
10	14,0.00685247047414	(10, 0.0024976733743752363)
10	67,0.00706485697386	(10, 0.0024976733743752363)
11	11,0.000839839744587	(11, 0.00083983974458749203)
11	119,0.00113407902568	(11, 0.00083983974458749203)
11	81,0.00127838757704	(11, 0.00083983974458749203)
11	3,0.00157069984424	(11, 0.00083983974458749203)
11	115,0.00159651654791	(11, 0.00083983974458749203)
11	96,0.0017459644038	(11, 0.00083983974458749203)
11	37,0.00175479910955	(11, 0.00083983974458749203)
11	124,0.00199271758736	(11, 0.00083983974458749203)
11	112,0.00204063026557	(11, 0.00083983974458749203)
11	4,0.00204770574579	(11, 0.00083983974458749203)
12	22,0.000795174056631	(12, 0.001102661172229748)
12	121,0.0009088001476	(12, 0.001102661172229748)
12	76,0.000919769598853	(12, 0.001102661172229748)
12	151,0.000966335646163	(12, 0.001102661172229748)
12	126,0.000984041401332	(12, 0.001102661172229748)
12	132,0.00105538493144	(12, 0.001102661172229748)
12	12,0.00110266117223	(12, 0.001102661172229748)
12	18,0.00116040880474	(12, 0.001102661172229748)
12	78,0.0012498294706	(12, 0.001102661172229748)
12	63,0.00127832954989	(12, 0.001102661172229748)
13	11,0.000922740577795	(13, 0.0014615642773803473)
13	172,0.00096280674569	(13, 0.0014615642773803473)
13	3,0.00100200931784	(13, 0.0014615642773803473)
13	17,0.00106448020699	(13, 0.0014615642773803473)
13	162,0.00117241268822	(13, 0.0014615642773803473)
13	81,0.00119925019211	(13, 0.0014615642773803473)
13	136,0.0012022552155	(13, 0.0014615642773803473)
13	37,0.00121181121269	(13, 0.0014615642773803473)
13	77,0.00129467900268	(13, 0.0014615642773803473)
13	90,0.00133311270748	(13, 0.0014615642773803473)
14	14,0.00120730723254	(14, 0.0012073072325377273)
14	72,0.00160474439363	(14, 0.0012073072325377273)
14	159,0.00164749205489	(14, 0.0012073072325377273)
14	109,0.00216202463106	(14, 0.0012073072325377273)
14	144,0.00225192721056	(14, 0.0012073072325377273)
14	12,0.00229916296078	(14, 0.0012073072325377273)
14	123,0.00230408765409	(14, 0.0012073072325377273)
14	145,0.00234806395811	(14, 0.0012073072325377273)
14	84,0.00241734411232	(14, 0.0012073072325377273)
14	38,0.00255524027363	(14, 0.0012073072325377273)
15	17,0.000879749691815	(15, 0.0011058772610960238)
15	15,0.0011058772611	(15, 0.0011058772610960238)
15	77,0.00134976012162	(15, 0.0011058772610960238)
15	172,0.00139915722353	(15, 0.0011058772610960238)
15	49,0.00161535301345	(15, 0.0011058772610960238)
15	174,0.00163205680391	(15, 0.0011058772610960238)
15	100,0.00166329993141	(15, 0.0011058772610960238)
15	161,0.00176243989786	(15, 0.0011058772610960238)
15	69,0.00181595366595	(15, 0.0011058772610960238)
15	4,0.0018338950197	(15, 0.0011058772610960238)
16	16,0.00177012703347	(16, 0.0017701270334717523)
16	170,0.00194736606631	(16, 0.0017701270334717523)
16	0,0.00255833037965	(16, 0.0017701270334717523)
16	19,0.00282853920509	(16, 0.0017701270334717523)
16	144,0.00299645138824	(16, 0.0017701270334717523)
16	114,0.00300703230656	(16, 0.0017701270334717523)
16	109,0.00304988762419	(16, 0.0017701270334717523)
16	101,0.00306749492632	(16, 0.0017701270334717523)
16	140,0.00313980351885	(16, 0.0017701270334717523)
16	73,0.00323356448791	(16, 0.0017701270334717523)
17	17,0.000521600391098	(17, 0.0005216003910977424)
17	172,0.000911356223416	(17, 0.0005216003910977424)
17	77,0.00123994196195	(17, 0.0005216003910977424)
17	100,0.00129789247114	(17, 0.0005216003910977424)
17	143,0.00135570200936	(17, 0.0005216003910977424)
17	49,0.00146010504679	(17, 0.0005216003910977424)
17	37,0.00147146523278	(17, 0.0005216003910977424)
17	90,0.00148512801903	(17, 0.0005216003910977424)
17	136,0.0015244666077	(17, 0.0005216003910977424)
17	148,0.00164941753244	(17, 0.0005216003910977424)
18	18,0.000668337338272	(18, 0.00066833733827230987)
18	121,0.000941724186442	(18, 0.00066833733827230987)
18	22,0.000991883036621	(18, 0.00066833733827230987)
18	61,0.00104951712646	(18, 0.00066833733827230987)
18	139,0.00106023054408	(18, 0.00066833733827230987)
18	76,0.00107123434655	(18, 0.00066833733827230987)
18	151,0.00111429403873	(18, 0.00066833733827230987)
18	88,0.0011545686183	(18, 0.00066833733827230987)
18	132,0.00119146107416	(18, 0.00066833733827230987)
18	23,0.00119950094569	(18, 0.00066833733827230987)
19	27,0.00234309981085	(19, 0.0023669002182270149)
19	19,0.00236690021823	(19, 0.0023669002182270149)
19	43,0.00253143285187	(19, 0.0023669002182270149)
19	99,0.00303393278796	(19, 0.0023669002182270149)
19	32,0.00330682224653	(19, 0.0023669002182270149)
19	39,0.00360149787139	(19, 0.0023669002182270149)
19	164,0.00360317778459	(19, 0.0023669002182270149)
19	107,0.00367212498699	(19, 0.0023669002182270149)
19	84,0.00385587505113	(19, 0.0023669002182270149)
19	101,0.0039039502336	(19, 0.0023669002182270149)
20	73,0.00155595346619	(20, 0.001849873593193682)
20	20,0.00184987359319	(20, 0.001849873593193682)
20	124,0.00185894159432	(20, 0.001849873593193682)
20	93,0.00200092179172	(20, 0.001849873593193682)
20	1,0.00231935920421	(20, 0.001849873593193682)
20	89,0.00256550382686	(20, 0.001849873593193682)
20	128,0.00263751196554	(20, 0.001849873593193682)
20	26,0.00268869933191	(20, 0.001849873593193682)
20	157,0.0026933638983	(20, 0.001849873593193682)
20	109,0.00270409190062	(20, 0.001849873593193682)
21	71,0.000707091164604	(21, 0.0016124082942149771)
21	11,0.00100973375657	(21, 0.0016124082942149771)
21	117,0.00112979723327	(21, 0.0016124082942149771)
21	162,0.00114068688716	(21, 0.0016124082942149771)
21	121,0.00114292927119	(21, 0.0016124082942149771)
21	23,0.00145594215602	(21, 0.0016124082942149771)
21	22,0.00146783876942	(21, 0.0016124082942149771)
21	76,0.00156876918333	(21, 0.0016124082942149771)
21	1,0.00159940934448	(21, 0.0016124082942149771)
21	135,0.00160922534264	(21, 0.0016124082942149771)
22	22,0.000852196733527	(22, 0.00085219673352660713)
22	117,0.000883738537723	(22, 0.00085219673352660713)
22	139,0.00100879387409	(22, 0.00085219673352660713)
22	46,0.00107990854904	(22, 0.00085219673352660713)
22	18,0.00116800520219	(22, 0.00085219673352660713)
22	76,0.0011683307257	(22, 0.00085219673352660713)
22	81,0.00119636977566	(22, 0.00085219673352660713)
22	3,0.00121045649678	(22, 0.00085219673352660713)
22	132,0.00123096054987	(22, 0.00085219673352660713)
22	137,0.0012642704765	(22, 0.00085219673352660713)
23	23,0.000647449412329	(23, 0.00064744941232946173)
23	61,0.000929009074247	(23, 0.00064744941232946173)
23	121,0.00155701384017	(23, 0.00064744941232946173)
23	162,0.00157469658469	(23, 0.00064744941232946173)
23	63,0.00166370749246	(23, 0.00064744941232946173)
23	26,0.00168219049283	(23, 0.00064744941232946173)
23	147,0.00183460281509	(23, 0.00064744941232946173)
23	76,0.00193966577962	(23, 0.00064744941232946173)
23	78,0.00206610527028	(23, 0.00064744941232946173)
23	71,0.00207496929293	(23, 0.00064744941232946173)
24	24,0.000985558184031	(24, 0.00098555818403136424)
24	107,0.00185872704459	(24, 0.00098555818403136424)
24	27,0.00207479614669	(24, 0.00098555818403136424)
24	61,0.00210611048183	(24, 0.00098555818403136424)
24	158,0.002236945714	(24, 0.00098555818403136424)
24	12,0.00225537687473	(24, 0.00098555818403136424)
24	50,0.0023179067714	(24, 0.00098555818403136424)
24	135,0.00235218885381	(24, 0.00098555818403136424)
24	22,0.00240201672824	(24, 0.00098555818403136424)
24	73,0.00242144769744	(24, 0.00098555818403136424)
25	69,0.000946166948117	(25, 0.001077572435969569)
25	25,0.00107757243597	(25, 0.001077572435969569)
25	40,0.00127836805503	(25, 0.001077572435969569)
25	148,0.00129099157365	(25, 0.001077572435969569)
25	4,0.00137665848044	(25, 0.001077572435969569)
25	15,0.00147614106924	(25, 0.001077572435969569)
25	79,0.00205025549612	(25, 0.001077572435969569)
25	154,0.00207264605205	(25, 0.001077572435969569)
25	17,0.00212033667311	(25, 0.001077572435969569)
25	172,0.0021806314042	(25, 0.001077572435969569)
26	18,0.000789907441897	(26, 0.0018479626706902979)
26	121,0.000815577619736	(26, 0.0018479626706902979)
26	63,0.000835702616194	(26, 0.0018479626706902979)
26	11,0.000871501354127	(26, 0.0018479626706902979)
26	76,0.000951640391452	(26, 0.0018479626706902979)
26	22,0.00101156110079	(26, 0.0018479626706902979)
26	151,0.00102999538149	(26, 0.0018479626706902979)
26	132,0.00103668489816	(26, 0.0018479626706902979)
26	3,0.00104273099089	(26, 0.0018479626706902979)
26	162,0.00104565150505	(26, 0.0018479626706902979)
27	27,0.00185278352293	(27, 0.0018527835229312007)
27	73,0.00188391634319	(27, 0.0018527835229312007)
27	78,0.00190157063952	(27, 0.0018527835229312007)
27	61,0.00199781313578	(27, 0.0018527835229312007)
27	26,0.00209860048955	(27, 0.0018527835229312007)
27	121,0.00221421064671	(27, 0.0018527835229312007)
27	170,0.00222560011721	(27, 0.0018527835229312007)
27	101,0.00230584858475	(27, 0.0018527835229312007)
27	107,0.00232791723049	(27, 0.0018527835229312007)
27	23,0.00237468318885	(27, 0.0018527835229312007)
28	1,0.00161291073462	(28, 0.0019376431803809907)
28	13,0.00180503378351	(28, 0.0019376431803809907)
28	28,0.00193764318038	(28, 0.0019376431803809907)
28	53,0.00195211739289	(28, 0.0019376431803809907)
28	73,0.00195529689274	(28, 0.0019376431803809907)
28	3,0.00197249868256	(28, 0.0019376431803809907)
28	155,0.00200943586638	(28, 0.0019376431803809907)
28	124,0.00202036946343	(28, 0.0019376431803809907)
28	83,0.00221133392185	(28, 0.0019376431803809907)
28	93,0.00233997207248	(28, 0.0019376431803809907)
29	29,0.00103302160718	(29, 0.001033021607181049)
29	77,0.00111375778368	(29, 0.001033021607181049)
29	71,0.00140211245214	(29, 0.001033021607181049)
29	135,0.0015151409662	(29, 0.001033021607181049)
29	11,0.00170002584785	(29, 0.001033021607181049)
29	73,0.00184105048584	(29, 0.001033021607181049)
29	76,0.0018459086089	(29, 0.001033021607181049)
29	137,0.00185436059563	(29, 0.001033021607181049)
29	37,0.00187524973459	(29, 0.001033021607181049)
29	136,0.00189235518846	(29, 0.001033021607181049)
30	30,0.00232645902053	(30, 0.0023264590205347054)
30	103,0.00276022525426	(30, 0.0023264590205347054)
30	91,0.00312740619168	(30, 0.0023264590205347054)
30	28,0.00341936499559	(30, 0.0023264590205347054)
30	153,0.00351802896355	(30, 0.0023264590205347054)
30	1,0.00372307853887	(30, 0.0023264590205347054)
30	114,0.00383586026985	(30, 0.0023264590205347054)
30	53,0.00388875194108	(30, 0.0023264590205347054)
30	51,0.00414933596412	(30, 0.0023264590205347054)
30	155,0.00415942750025	(30, 0.0023264590205347054)
31	166,0.00185822102556	(31, 0.0027553532741444921)
31	31,0.00275535327414	(31, 0.0027553532741444921)
31	72,0.00301120345939	(31, 0.0027553532741444921)
31	116,0.00340148378992	(31, 0.0027553532741444921)
31	131,0.00357611658546	(31, 0.0027553532741444921)
31	144,0.00373886988485	(31, 0.0027553532741444921)
31	69,0.00398188622173	(31, 0.0027553532741444921)
31	104,0.00412226613724	(31, 0.0027553532741444921)
31	124,0.00417231125226	(31, 0.0027553532741444921)
31	123,0.00432045252707	(31, 0.0027553532741444921)
32	156,0.00198065558751	(32, 0.0024997107221004723)
32	27,0.00222539371795	(32, 0.0024997107221004723)
32	32,0.0024997107221	(32, 0.0024997107221004723)
32	73,0.00251656728451	(32, 0.0024997107221004723)
32	50,0.00272761481554	(32, 0.0024997107221004723)
32	107,0.00298253403175	(32, 0.0024997107221004723)
32	131,0.00300094230371	(32, 0.0024997107221004723)
32	164,0.00316210782198	(32, 0.0024997107221004723)
32	144,0.00335928367519	(32, 0.0024997107221004723)
32	12,0.00355724805318	(32, 0.0024997107221004723)
33	33,0.00239843595938	(33, 0.0023984359593758669)
33	73,0.00291785713543	(33, 0.0023984359593758669)
33	69,0.00301318158336	(33, 0.0023984359593758669)
33	156,0.00306174045126	(33, 0.0023984359593758669)
33	106,0.00306634792604	(33, 0.0023984359593758669)
33	116,0.00308744612425	(33, 0.0023984359593758669)
33	93,0.00310638243827	(33, 0.0023984359593758669)
33	4,0.00311330884781	(33, 0.0023984359593758669)
33	28,0.00316978846932	(33, 0.0023984359593758669)
33	102,0.00333673976808	(33, 0.0023984359593758669)
34	17,0.000992520204861	(34, 0.0028199073218879624)
34	15,0.00123139706334	(34, 0.0028199073218879624)
34	69,0.00141816023402	(34, 0.0028199073218879624)
34	172,0.00142587972448	(34, 0.0028199073218879624)
34	120,0.00149422233504	(34, 0.0028199073218879624)
34	83,0.00158176848872	(34, 0.0028199073218879624)
34	40,0.0016497809495	(34, 0.0028199073218879624)
34	4,0.00167927188596	(34, 0.0028199073218879624)
34	174,0.00169400043878	(34, 0.0028199073218879624)
34	148,0.00173196203415	(34, 0.0028199073218879624)
35	35,0.000924530719539	(35, 0.0009245307195390025)
35	18,0.00126942524872	(35, 0.0009245307195390025)
35	88,0.00143157818705	(35, 0.0009245307195390025)
35	12,0.00157043542907	(35, 0.0009245307195390025)
35	22,0.00172386521564	(35, 0.0009245307195390025)
35	38,0.00175567728422	(35, 0.0009245307195390025)
35	128,0.00181700333678	(35, 0.0009245307195390025)
35	139,0.00184690378129	(35, 0.0009245307195390025)
35	158,0.00186834201463	(35, 0.0009245307195390025)
35	159,0.00191176627484	(35, 0.0009245307195390025)
36	76,0.000501548121028	(36, 0.00063197722288265118)
36	46,0.000586793851556	(36, 0.00063197722288265118)
36	147,0.000601586100071	(36, 0.00063197722288265118)
36	36,0.000631977222883	(36, 0.00063197722288265118)
36	18,0.000775190313793	(36, 0.00063197722288265118)
36	63,0.000857504823197	(36, 0.00063197722288265118)
36	171,0.000903214490189	(36, 0.00063197722288265118)
36	137,0.00116186635427	(36, 0.00063197722288265118)
36	22,0.00126686516425	(36, 0.00063197722288265118)
36	139,0.00130603984659	(36, 0.00063197722288265118)
37	37,0.000920959936841	(37, 0.00092095993684143532)
37	11,0.00105292376524	(37, 0.00092095993684143532)
37	3,0.00111392569537	(37, 0.00092095993684143532)
37	100,0.0012556059818	(37, 0.00092095993684143532)
37	77,0.00138283469433	(37, 0.00092095993684143532)
37	17,0.00140934318361	(37, 0.00092095993684143532)
37	90,0.00146235779422	(37, 0.00092095993684143532)
37	143,0.0015771835939	(37, 0.00092095993684143532)
37	136,0.00168802538415	(37, 0.00092095993684143532)
37	21,0.00175351685114	(37, 0.00092095993684143532)
38	38,0.000810256969502	(38, 0.00081025696950210943)
38	55,0.00147919069763	(38, 0.00081025696950210943)
38	12,0.00156049843884	(38, 0.00081025696950210943)
38	14,0.00189265782313	(38, 0.00081025696950210943)
38	43,0.00238317428278	(38, 0.00081025696950210943)
38	128,0.00252135768473	(38, 0.00081025696950210943)
38	152,0.00255087760398	(38, 0.00081025696950210943)
38	105,0.00255840778347	(38, 0.00081025696950210943)
38	159,0.00259651003556	(38, 0.00081025696950210943)
38	18,0.00268040331469	(38, 0.00081025696950210943)
39	39,0.00192404295562	(39, 0.001924042955624577)
39	84,0.00315331289913	(39, 0.001924042955624577)
39	156,0.00351303008654	(39, 0.001924042955624577)
39	169,0.00360169188943	(39, 0.001924042955624577)
39	99,0.00360559938962	(39, 0.001924042955624577)
39	27,0.00369623757573	(39, 0.001924042955624577)
39	101,0.00382971593101	(39, 0.001924042955624577)
39	51,0.00385684295452	(39, 0.001924042955624577)
39	93,0.00398123331154	(39, 0.001924042955624577)
39	144,0.00404219617302	(39, 0.001924042955624577)
40	40,0.000820212967327	(40, 0.00082021296732659682)
40	69,0.00101378409702	(40, 0.00082021296732659682)
40	79,0.00123540891052	(40, 0.00082021296732659682)
40	172,0.00137643612617	(40, 0.00082021296732659682)
40	17,0.00142492119789	(40, 0.00082021296732659682)
40	4,0.0014421710536	(40, 0.00082021296732659682)
40	15,0.00147185364952	(40, 0.00082021296732659682)
40	25,0.00151149211485	(40, 0.00082021296732659682)
40	148,0.00155112625969	(40, 0.00082021296732659682)
40	56,0.00179390330319	(40, 0.00082021296732659682)
41	41,0.000841584289572	(41, 0.00084158428957225467)
41	155,0.00185560894392	(41, 0.00084158428957225467)
41	1,0.00250426896012	(41, 0.00084158428957225467)
41	20,0.00273435479176	(41, 0.00084158428957225467)
41	91,0.00306472017883	(41, 0.00084158428957225467)
41	101,0.00306835067475	(41, 0.00084158428957225467)
41	114,0.00319912164185	(41, 0.00084158428957225467)
41	124,0.00334360531783	(41, 0.00084158428957225467)
41	103,0.00345414873441	(41, 0.00084158428957225467)
41	102,0.00349058788381	(41, 0.00084158428957225467)
42	163,0.00315454987045	(42, 0.0071660829997570513)
42	69,0.00327150830305	(42, 0.0071660829997570513)
42	28,0.00399694246451	(42, 0.0071660829997570513)
42	34,0.00402239534075	(42, 0.0071660829997570513)
42	53,0.00406786603121	(42, 0.0071660829997570513)
42	140,0.00435312754737	(42, 0.0071660829997570513)
42	4,0.00444311058683	(42, 0.0071660829997570513)
42	118,0.0046690301302	(42, 0.0071660829997570513)
42	44,0.00467027090402	(42, 0.0071660829997570513)
42	120,0.00483641442871	(42, 0.0071660829997570513)
43	22,0.00111056284719	(43, 0.0020929718924664687)
43	12,0.00121270532778	(43, 0.0020929718924664687)
43	61,0.00129158851783	(43, 0.0020929718924664687)
43	121,0.00133747122159	(43, 0.0020929718924664687)
43	128,0.00133819161688	(43, 0.0020929718924664687)
43	158,0.00135146500784	(43, 0.0020929718924664687)
43	78,0.00137802521097	(43, 0.0020929718924664687)
43	18,0.00141004776915	(43, 0.0020929718924664687)
43	50,0.00146020864698	(43, 0.0020929718924664687)
43	23,0.00153995195522	(43, 0.0020929718924664687)
44	124,0.0016898990133	(44, 0.005383004741253865)
44	109,0.00190543174665	(44, 0.005383004741253865)
44	73,0.0019101467614	(44, 0.005383004741253865)
44	116,0.00194744131891	(44, 0.005383004741253865)
44	93,0.00200004316055	(44, 0.005383004741253865)
44	144,0.00224411017138	(44, 0.005383004741253865)
44	159,0.00258881190539	(44, 0.005383004741253865)
44	84,0.00260486027291	(44, 0.005383004741253865)
44	123,0.00264919497997	(44, 0.005383004741253865)
44	12,0.00270931068027	(44, 0.005383004741253865)
45	45,0.0021284462081	(45, 0.0021284462080998347)
45	130,0.00303711477384	(45, 0.0021284462080998347)
45	94,0.00337492884054	(45, 0.0021284462080998347)
45	98,0.00407135892641	(45, 0.0021284462080998347)
45	34,0.00428869810248	(45, 0.0021284462080998347)
45	83,0.0043224211816	(45, 0.0021284462080998347)
45	129,0.00433379772979	(45, 0.0021284462080998347)
45	53,0.00434094791899	(45, 0.0021284462080998347)
45	15,0.00443339682108	(45, 0.0021284462080998347)
45	113,0.00481112981053	(45, 0.0021284462080998347)
46	46,0.000432754837483	(46, 0.00043275483748323937)
46	36,0.000743043890192	(46, 0.00043275483748323937)
46	171,0.000754011851555	(46, 0.00043275483748323937)
46	137,0.000773395146688	(46, 0.00043275483748323937)
46	76,0.000929639219422	(46, 0.00043275483748323937)
46	147,0.00121221501448	(46, 0.00043275483748323937)
46	139,0.00125971670522	(46, 0.00043275483748323937)
46	6,0.00129356880164	(46, 0.00043275483748323937)
46	18,0.00131486613018	(46, 0.00043275483748323937)
46	63,0.00135935418716	(46, 0.00043275483748323937)
47	99,0.00297745293322	(47, 0.0038063620722323969)
47	27,0.00322618595624	(47, 0.0038063620722323969)
47	10,0.00344906138086	(47, 0.0038063620722323969)
47	19,0.00365287568379	(47, 0.0038063620722323969)
47	47,0.00380636207223	(47, 0.0038063620722323969)
47	43,0.00380876612689	(47, 0.0038063620722323969)
47	84,0.00412861052113	(47, 0.0038063620722323969)
47	138,0.00443836498926	(47, 0.0038063620722323969)
47	173,0.00449941489541	(47, 0.0038063620722323969)
47	0,0.00459149393305	(47, 0.0038063620722323969)
48	120,0.00147518614869	(48, 0.0017260398199566275)
48	56,0.00150183838734	(48, 0.0017260398199566275)
48	48,0.00172603981996	(48, 0.0017260398199566275)
48	69,0.00183957344685	(48, 0.0017260398199566275)
48	97,0.0019856369069	(48, 0.0017260398199566275)
48	174,0.00214860313146	(48, 0.0017260398199566275)
48	40,0.00231302027148	(48, 0.0017260398199566275)
48	15,0.00247402820988	(48, 0.0017260398199566275)
48	154,0.00249796018816	(48, 0.0017260398199566275)
48	4,0.00255413800429	(48, 0.0017260398199566275)
49	49,0.0012106774488	(49, 0.0012106774487953868)
49	15,0.00150620727367	(49, 0.0012106774487953868)
49	59,0.00156618982893	(49, 0.0012106774487953868)
49	172,0.00160068515078	(49, 0.0012106774487953868)
49	98,0.0016459698372	(49, 0.0012106774487953868)
49	77,0.00175057892985	(49, 0.0012106774487953868)
49	17,0.00182262895271	(49, 0.0012106774487953868)
49	100,0.00185650011471	(49, 0.0012106774487953868)
49	174,0.00212951093723	(49, 0.0012106774487953868)
49	83,0.00231189803479	(49, 0.0012106774487953868)
50	50,0.00074938368139	(50, 0.00074938368138967055)
50	12,0.00172100688697	(50, 0.00074938368138967055)
50	107,0.00191299255256	(50, 0.00074938368138967055)
50	38,0.00211833682571	(50, 0.00074938368138967055)
50	128,0.00213345466436	(50, 0.00074938368138967055)
50	22,0.00218505331389	(50, 0.00074938368138967055)
50	152,0.00224466395969	(50, 0.00074938368138967055)
50	88,0.0022638051727	(50, 0.00074938368138967055)
50	158,0.00228236751412	(50, 0.00074938368138967055)
50	159,0.00230786912616	(50, 0.00074938368138967055)
51	124,0.00126548067037	(51, 0.0052972582967562862)
51	155,0.00206203164777	(51, 0.0052972582967562862)
51	93,0.00212893421191	(51, 0.0052972582967562862)
51	73,0.00217649101466	(51, 0.0052972582967562862)
51	28,0.00228149414334	(51, 0.0052972582967562862)
51	53,0.00231921423016	(51, 0.0052972582967562862)
51	157,0.00241192189831	(51, 0.0052972582967562862)
51	116,0.00274287762893	(51, 0.0052972582967562862)
51	1,0.00286407898749	(51, 0.0052972582967562862)
51	120,0.00299292177845	(51, 0.0052972582967562862)
52	53,0.00178214679577	(52, 0.0055362860941516219)
52	44,0.0022533271507	(52, 0.0055362860941516219)
52	155,0.00228679107115	(52, 0.0055362860941516219)
52	124,0.00236095701705	(52, 0.0055362860941516219)
52	65,0.00254327472767	(52, 0.0055362860941516219)
52	13,0.00267873926515	(52, 0.0055362860941516219)
52	163,0.00287328284887	(52, 0.0055362860941516219)
52	161,0.00289997200668	(52, 0.0055362860941516219)
52	120,0.0029507952245	(52, 0.0055362860941516219)
52	114,0.00296485616052	(52, 0.0055362860941516219)
53	65,0.00120749515793	(53, 0.001393048491876051)
53	53,0.00139304849188	(53, 0.001393048491876051)
53	44,0.00168521114329	(53, 0.001393048491876051)
53	155,0.00176107142394	(53, 0.001393048491876051)
53	161,0.00206087655538	(53, 0.001393048491876051)
53	120,0.00223455136858	(53, 0.001393048491876051)
53	163,0.0023107378896	(53, 0.001393048491876051)
53	114,0.00236441148063	(53, 0.001393048491876051)
53	13,0.00266838747487	(53, 0.001393048491876051)
53	124,0.00268080103827	(53, 0.001393048491876051)
54	136,0.000886868270651	(54, 0.0016518628701810833)
54	162,0.00138322135663	(54, 0.0016518628701810833)
54	11,0.00140653755368	(54, 0.0016518628701810833)
54	63,0.0014748563544	(54, 0.0016518628701810833)
54	71,0.00163723817867	(54, 0.0016518628701810833)
54	54,0.00165186287018	(54, 0.0016518628701810833)
54	3,0.00166949710445	(54, 0.0016518628701810833)
54	147,0.00167460975125	(54, 0.0016518628701810833)
54	137,0.00170457308291	(54, 0.0016518628701810833)
54	37,0.00172720286505	(54, 0.0016518628701810833)
55	12,0.000880111100207	(55, 0.0016291626843780778)
55	18,0.00148849026642	(55, 0.0016291626843780778)
55	159,0.00149505326028	(55, 0.0016291626843780778)
55	121,0.00154513981263	(55, 0.0016291626843780778)
55	38,0.00154711220339	(55, 0.0016291626843780778)
55	152,0.00155247856676	(55, 0.0016291626843780778)
55	86,0.00157613504292	(55, 0.0016291626843780778)
55	55,0.00162916268438	(55, 0.0016291626843780778)
55	128,0.00174353341189	(55, 0.0016291626843780778)
55	151,0.00188407636654	(55, 0.0016291626843780778)
56	56,0.000989884993704	(56, 0.00098988499370370993)
56	120,0.00153827939208	(56, 0.00098988499370370993)
56	15,0.00167436775643	(56, 0.00098988499370370993)
56	174,0.00229783502353	(56, 0.00098988499370370993)
56	69,0.00240913665585	(56, 0.00098988499370370993)
56	113,0.00253561430315	(56, 0.00098988499370370993)
56	48,0.00258329721492	(56, 0.00098988499370370993)
56	2,0.00265421461693	(56, 0.00098988499370370993)
56	97,0.0027182043428	(56, 0.00098988499370370993)
56	44,0.00279852917858	(56, 0.00098988499370370993)
57	57,0.00257606250363	(57, 0.0025760625036311351)
57	15,0.0032995652076	(57, 0.0025760625036311351)
57	122,0.00338159659218	(57, 0.0025760625036311351)
57	56,0.00369556670335	(57, 0.0025760625036311351)
57	174,0.00391579650905	(57, 0.0025760625036311351)
57	120,0.00470826833549	(57, 0.0025760625036311351)
57	113,0.00479747041475	(57, 0.0025760625036311351)
57	2,0.00522294484614	(57, 0.0025760625036311351)
57	59,0.00566826184281	(57, 0.0025760625036311351)
57	17,0.00590997825625	(57, 0.0025760625036311351)
58	24,0.00146408340191	(58, 0.0058224141593541182)
58	27,0.00156568609569	(58, 0.0058224141593541182)
58	50,0.00187815502952	(58, 0.0058224141593541182)
58	107,0.00188724857428	(58, 0.0058224141593541182)
58	43,0.00225673248394	(58, 0.0058224141593541182)
58	38,0.00247859038079	(58, 0.0058224141593541182)
58	158,0.00255864371045	(58, 0.0058224141593541182)
58	12,0.00265070138893	(58, 0.0058224141593541182)
58	128,0.00267864223054	(58, 0.0058224141593541182)
58	61,0.00271537057478	(58, 0.0058224141593541182)
59	15,0.00329755292928	(59, 0.0039637613931199425)
59	83,0.00348769679586	(59, 0.0039637613931199425)
59	113,0.00354287781641	(59, 0.0039637613931199425)
59	65,0.00368183430969	(59, 0.0039637613931199425)
59	94,0.00374593199343	(59, 0.0039637613931199425)
59	130,0.0037552530261	(59, 0.0039637613931199425)
59	59,0.00396376139312	(59, 0.0039637613931199425)
59	34,0.00425672977502	(59, 0.0039637613931199425)
59	97,0.00435935988771	(59, 0.0039637613931199425)
59	44,0.00436498011828	(59, 0.0039637613931199425)
60	40,0.00136183456053	(60, 0.0016512454815132964)
60	69,0.00136548925296	(60, 0.0016512454815132964)
60	79,0.00140404909568	(60, 0.0016512454815132964)
60	15,0.00162460077351	(60, 0.0016512454815132964)
60	60,0.00165124548151	(60, 0.0016512454815132964)
60	34,0.00184599867839	(60, 0.0016512454815132964)
60	25,0.00185764614705	(60, 0.0016512454815132964)
60	4,0.001905492493	(60, 0.0016512454815132964)
60	172,0.0019986881056	(60, 0.0016512454815132964)
60	77,0.00200426548269	(60, 0.0016512454815132964)
61	23,0.00103365192068	(61, 0.0010750096414720168)
61	61,0.00107500964147	(61, 0.0010750096414720168)
61	162,0.00115714525488	(61, 0.0010750096414720168)
61	121,0.00122964117204	(61, 0.0010750096414720168)
61	71,0.00124066565398	(61, 0.0010750096414720168)
61	63,0.00130635282584	(61, 0.0010750096414720168)
61	76,0.00134859348132	(61, 0.0010750096414720168)
61	77,0.00138275166996	(61, 0.0010750096414720168)
61	3,0.00140258422723	(61, 0.0010750096414720168)
61	26,0.00142380669479	(61, 0.0010750096414720168)
62	78,0.00127425834492	(62, 0.0019094464546607212)
62	26,0.00140688396488	(62, 0.0019094464546607212)
62	61,0.00170435162114	(62, 0.0019094464546607212)
62	107,0.00179625029633	(62, 0.0019094464546607212)
62	73,0.00180995349073	(62, 0.0019094464546607212)
62	62,0.00190944645466	(62, 0.0019094464546607212)
62	158,0.00191629453502	(62, 0.0019094464546607212)
62	121,0.00201747779146	(62, 0.0019094464546607212)
62	23,0.00215166979702	(62, 0.0019094464546607212)
62	22,0.00216863340583	(62, 0.0019094464546607212)
63	3,0.000626710059502	(63, 0.0010702827156916102)
63	11,0.000923475174047	(63, 0.0010702827156916102)
63	77,0.00103187785256	(63, 0.0010702827156916102)
63	63,0.00107028271569	(63, 0.0010702827156916102)
63	162,0.00110824224082	(63, 0.0010702827156916102)
63	37,0.00113744047602	(63, 0.0010702827156916102)
63	81,0.00116531730799	(63, 0.0010702827156916102)
63	136,0.00120157589243	(63, 0.0010702827156916102)
63	71,0.00132240065446	(63, 0.0010702827156916102)
63	171,0.00142576081907	(63, 0.0010702827156916102)
64	64,0.00452895876141	(64, 0.0045289587614114465)
64	45,0.00602537097435	(64, 0.0045289587614114465)
64	130,0.00650362110314	(64, 0.0045289587614114465)
64	118,0.0069795941128	(64, 0.0045289587614114465)
64	133,0.00716577818526	(64, 0.0045289587614114465)
64	33,0.00846043787572	(64, 0.0045289587614114465)
64	34,0.00894333453091	(64, 0.0045289587614114465)
64	113,0.00934776209342	(64, 0.0045289587614114465)
64	94,0.0097474478388	(64, 0.0045289587614114465)
64	91,0.0106952262964	(64, 0.0045289587614114465)
65	65,0.00121046387069	(65, 0.0012104638706929764)
65	161,0.00128249035772	(65, 0.0012104638706929764)
65	83,0.00145163362332	(65, 0.0012104638706929764)
65	68,0.00158282591202	(65, 0.0012104638706929764)
65	155,0.00170094831812	(65, 0.0012104638706929764)
65	59,0.0019928163556	(65, 0.0012104638706929764)
65	1,0.00206563359992	(65, 0.0012104638706929764)
65	71,0.00207898305384	(65, 0.0012104638706929764)
65	100,0.00215593234447	(65, 0.0012104638706929764)
65	17,0.00215887517423	(65, 0.0012104638706929764)
66	66,0.00348469496795	(66, 0.0034846949679456407)
66	130,0.0070054937636	(66, 0.0034846949679456407)
66	133,0.00789105191262	(66, 0.0034846949679456407)
66	140,0.00853732359944	(66, 0.0034846949679456407)
66	91,0.0092001618978	(66, 0.0034846949679456407)
66	33,0.00966170656596	(66, 0.0034846949679456407)
66	118,0.00966675298503	(66, 0.0034846949679456407)
66	169,0.0108324019489	(66, 0.0034846949679456407)
66	53,0.0109494473628	(66, 0.0034846949679456407)
66	141,0.0110352815437	(66, 0.0034846949679456407)
67	67,0.00279157271092	(67, 0.0027915727109161692)
67	84,0.00288393026666	(67, 0.0027915727109161692)
67	169,0.00296740627846	(67, 0.0027915727109161692)
67	93,0.00329054385068	(67, 0.0027915727109161692)
67	28,0.00360667566805	(67, 0.0027915727109161692)
67	140,0.00383496737097	(67, 0.0027915727109161692)
67	30,0.003871476845	(67, 0.0027915727109161692)
67	109,0.00394488480052	(67, 0.0027915727109161692)
67	124,0.00400686375851	(67, 0.0027915727109161692)
67	116,0.0042102973041	(67, 0.0027915727109161692)
68	68,0.001125528162	(68, 0.0011255281620010387)
68	70,0.00160664462056	(68, 0.0011255281620010387)
68	23,0.00172689886538	(68, 0.0011255281620010387)
68	63,0.0018614693374	(68, 0.0011255281620010387)
68	61,0.00186843503574	(68, 0.0011255281620010387)
68	147,0.00208682257928	(68, 0.0011255281620010387)
68	162,0.00211515195295	(68, 0.0011255281620010387)
68	26,0.00227480939947	(68, 0.0011255281620010387)
68	77,0.00227805781089	(68, 0.0011255281620010387)
68	71,0.0024248043738	(68, 0.0011255281620010387)
69	15,0.00352781022774	(69, 0.0035695175938850032)
69	69,0.00356951759389	(69, 0.0035695175938850032)
69	122,0.00400624485118	(69, 0.0035695175938850032)
69	174,0.00402302855615	(69, 0.0035695175938850032)
69	48,0.00406256986716	(69, 0.0035695175938850032)
69	56,0.00406627248993	(69, 0.0035695175938850032)
69	154,0.00429800604972	(69, 0.0035695175938850032)
69	4,0.00444028574259	(69, 0.0035695175938850032)
69	33,0.00450112911112	(69, 0.0035695175938850032)
69	2,0.00471886409678	(69, 0.0035695175938850032)
70	121,0.00112547064094	(70, 0.0014475577284574876)
70	3,0.00125828440493	(70, 0.0014475577284574876)
70	139,0.00140499138837	(70, 0.0014475577284574876)
70	132,0.001413196645	(70, 0.0014475577284574876)
70	70,0.00144755772846	(70, 0.0014475577284574876)
70	22,0.0015069358995	(70, 0.0014475577284574876)
70	77,0.00152375511531	(70, 0.0014475577284574876)
70	26,0.00152438764258	(70, 0.0014475577284574876)
70	63,0.00155056842793	(70, 0.0014475577284574876)
70	11,0.00158210436477	(70, 0.0014475577284574876)
71	133,0.00255530829356	(71, 0.0067170177590789425)
71	91,0.00282797427482	(71, 0.0067170177590789425)
71	101,0.00386979543808	(71, 0.0067170177590789425)
71	102,0.00397381639658	(71, 0.0067170177590789425)
71	41,0.00424401926081	(71, 0.0067170177590789425)
71	155,0.00440120297993	(71, 0.0067170177590789425)
71	32,0.00447949937695	(71, 0.0067170177590789425)
71	103,0.0045338537485	(71, 0.0067170177590789425)
71	1,0.00465543035193	(71, 0.0067170177590789425)
71	95,0.00466913943689	(71, 0.0067170177590789425)
72	17,0.00163578144171	(72, 0.010899829663560888)
72	148,0.00186696455902	(72, 0.010899829663560888)
72	172,0.00186873468959	(72, 0.010899829663560888)
72	143,0.00188412249067	(72, 0.010899829663560888)
72	174,0.0019784261862	(72, 0.010899829663560888)
72	100,0.002262109539	(72, 0.010899829663560888)
72	49,0.0023448326865	(72, 0.010899829663560888)
72	77,0.00242632174807	(72, 0.010899829663560888)
72	37,0.00252673581506	(72, 0.010899829663560888)
72	171,0.0025771910988	(72, 0.010899829663560888)
73	73,0.00109171953667	(73, 0.0010917195366748906)
73	13,0.0015150272295	(73, 0.0010917195366748906)
73	124,0.00167704628971	(73, 0.0010917195366748906)
73	157,0.00214957228542	(73, 0.0010917195366748906)
73	53,0.00234257144246	(73, 0.0010917195366748906)
73	155,0.00237281379633	(73, 0.0010917195366748906)
73	27,0.00255425467295	(73, 0.0010917195366748906)
73	114,0.0025653693838	(73, 0.0010917195366748906)
73	41,0.0025831841436	(73, 0.0010917195366748906)
73	54,0.00283484122227	(73, 0.0010917195366748906)
74	17,0.000668333110899	(74, 0.00097606162046344838)
74	136,0.000832796466753	(74, 0.00097606162046344838)
74	74,0.000976061620463	(74, 0.00097606162046344838)
74	37,0.00103148785902	(74, 0.00097606162046344838)
74	100,0.00105210277606	(74, 0.00097606162046344838)
74	77,0.00110025000313	(74, 0.00097606162046344838)
74	90,0.00112729434138	(74, 0.00097606162046344838)
74	127,0.00124432149111	(74, 0.00097606162046344838)
74	11,0.00148417942227	(74, 0.00097606162046344838)
74	172,0.00157911275953	(74, 0.00097606162046344838)
75	167,0.00523136743599	(75, 0.0062066666029407004)
75	75,0.00620666660294	(75, 0.0062066666029407004)
75	47,0.00823439989691	(75, 0.0062066666029407004)
75	80,0.00876631102236	(75, 0.0062066666029407004)
75	10,0.00888617734013	(75, 0.0062066666029407004)
75	67,0.0100935401518	(75, 0.0062066666029407004)
75	84,0.0101122415373	(75, 0.0062066666029407004)
75	99,0.0103078682251	(75, 0.0062066666029407004)
75	19,0.0108230347007	(75, 0.0062066666029407004)
75	169,0.0108377302794	(75, 0.0062066666029407004)
76	137,0.000525330231829	(76, 0.00072291411093148368)
76	76,0.000722914110931	(76, 0.00072291411093148368)
76	147,0.000835298781311	(76, 0.00072291411093148368)
76	3,0.000841816391435	(76, 0.00072291411093148368)
76	63,0.000880173075853	(76, 0.00072291411093148368)
76	171,0.000928659795073	(76, 0.00072291411093148368)
76	117,0.00100279730888	(76, 0.00072291411093148368)
76	46,0.00116492140962	(76, 0.00072291411093148368)
76	126,0.00117816628387	(76, 0.00072291411093148368)
76	36,0.001205359996	(76, 0.00072291411093148368)
77	11,0.000844432305154	(77, 0.00095338841230256947)
77	162,0.000872152901533	(77, 0.00095338841230256947)
77	3,0.000879721713136	(77, 0.00095338841230256947)
77	137,0.000891496600261	(77, 0.00095338841230256947)
77	136,0.000910660593111	(77, 0.00095338841230256947)
77	90,0.00091744191585	(77, 0.00095338841230256947)
77	63,0.000929215317571	(77, 0.00095338841230256947)
77	77,0.000953388412303	(77, 0.00095338841230256947)
77	147,0.00100413541995	(77, 0.00095338841230256947)
77	37,0.00117931826591	(77, 0.00095338841230256947)
78	151,0.000625440246693	(78, 0.0013879921500056767)
78	63,0.000803140678244	(78, 0.0013879921500056767)
78	22,0.000822444435529	(78, 0.0013879921500056767)
78	76,0.000849407691575	(78, 0.0013879921500056767)
78	132,0.000849543905219	(78, 0.0013879921500056767)
78	18,0.000897291262086	(78, 0.0013879921500056767)
78	121,0.000937879874379	(78, 0.0013879921500056767)
78	147,0.00102271758519	(78, 0.0013879921500056767)
78	3,0.00117898002705	(78, 0.0013879921500056767)
78	146,0.00120240759866	(78, 0.0013879921500056767)
79	69,0.000729708014467	(79, 0.00092885818015734636)
79	4,0.000847468725626	(79, 0.00092885818015734636)
79	79,0.000928858180157	(79, 0.00092885818015734636)
79	40,0.000967566997114	(79, 0.00092885818015734636)
79	25,0.00169808395481	(79, 0.00092885818015734636)
79	56,0.00180696452652	(79, 0.00092885818015734636)
79	172,0.00185788905039	(79, 0.00092885818015734636)
79	148,0.00197756217618	(79, 0.00092885818015734636)
79	17,0.00207893759433	(79, 0.00092885818015734636)
79	15,0.00219685849606	(79, 0.00092885818015734636)
80	80,0.00303696693458	(80, 0.0030369669345832713)
80	51,0.00404576521653	(80, 0.0030369669345832713)
80	167,0.00486562556014	(80, 0.0030369669345832713)
80	32,0.00601591719769	(80, 0.0030369669345832713)
80	39,0.0081208754846	(80, 0.0030369669345832713)
80	169,0.00835513115809	(80, 0.0030369669345832713)
80	27,0.00848884177785	(80, 0.0030369669345832713)
80	165,0.00860130865064	(80, 0.0030369669345832713)
80	58,0.00894750887539	(80, 0.0030369669345832713)
80	156,0.00921527890435	(80, 0.0030369669345832713)
81	81,0.000976771730235	(81, 0.00097677173023500612)
81	3,0.00106613748928	(81, 0.00097677173023500612)
81	132,0.00116082593397	(81, 0.00097677173023500612)
81	11,0.00117365735624	(81, 0.00097677173023500612)
81	22,0.00126301652229	(81, 0.00097677173023500612)
81	77,0.00128354877279	(81, 0.00097677173023500612)
81	121,0.001332418016	(81, 0.00097677173023500612)
81	117,0.00139940844512	(81, 0.00097677173023500612)
81	76,0.00143423955414	(81, 0.00097677173023500612)
81	151,0.00145290146182	(81, 0.00097677173023500612)
82	27,0.00221704927918	(82, 0.0040604937278954194)
82	38,0.00230488152561	(82, 0.0040604937278954194)
82	24,0.00240232093476	(82, 0.0040604937278954194)
82	12,0.00245809957688	(82, 0.0040604937278954194)
82	107,0.00252131611273	(82, 0.0040604937278954194)
82	105,0.00261796647217	(82, 0.0040604937278954194)
82	73,0.00275689174473	(82, 0.0040604937278954194)
82	61,0.00276935697245	(82, 0.0040604937278954194)
82	50,0.00278089207368	(82, 0.0040604937278954194)
82	13,0.00289543240691	(82, 0.0040604937278954194)
83	13,0.00108377278276	(83, 0.0016236903240302101)
83	155,0.00135745406632	(83, 0.0016236903240302101)
83	161,0.00137623462067	(83, 0.0016236903240302101)
83	65,0.001450753371	(83, 0.0016236903240302101)
83	83,0.00162369032403	(83, 0.0016236903240302101)
83	17,0.00170312107852	(83, 0.0016236903240302101)
83	71,0.00170479902552	(83, 0.0016236903240302101)
83	11,0.00171206442385	(83, 0.0016236903240302101)
83	136,0.00183391782413	(83, 0.0016236903240302101)
83	3,0.00198083137747	(83, 0.0016236903240302101)
84	84,0.00430330863814	(84, 0.0043033086381440025)
84	169,0.00449243544263	(84, 0.0043033086381440025)
84	166,0.00463360639919	(84, 0.0043033086381440025)
84	67,0.0048391936973	(84, 0.0043033086381440025)
84	99,0.00498674209027	(84, 0.0043033086381440025)
84	167,0.00571376721932	(84, 0.0043033086381440025)
84	156,0.00573087312064	(84, 0.0043033086381440025)
84	140,0.00576673624036	(84, 0.0043033086381440025)
84	27,0.00594928602576	(84, 0.0043033086381440025)
84	144,0.00601003967817	(84, 0.0043033086381440025)
85	67,0.00297953807315	(85, 0.0061418785099132713)
85	140,0.00497652958508	(85, 0.0061418785099132713)
85	84,0.00543740598951	(85, 0.0061418785099132713)
85	169,0.00596648677352	(85, 0.0061418785099132713)
85	149,0.00596682811755	(85, 0.0061418785099132713)
85	85,0.00614187850991	(85, 0.0061418785099132713)
85	166,0.00638661717331	(85, 0.0061418785099132713)
85	93,0.00701163259254	(85, 0.0061418785099132713)
85	144,0.00708799100766	(85, 0.0061418785099132713)
85	99,0.0073643962916	(85, 0.0061418785099132713)
86	86,0.000810011302115	(86, 0.00081001130211510747)
86	137,0.000971345320141	(86, 0.00081001130211510747)
86	11,0.00114750471223	(86, 0.00081001130211510747)
86	162,0.00117981189142	(86, 0.00081001130211510747)
86	150,0.00118762038633	(86, 0.00081001130211510747)
86	3,0.00122756036227	(86, 0.00081001130211510747)
86	171,0.00124638726611	(86, 0.00081001130211510747)
86	117,0.00126857579893	(86, 0.00081001130211510747)
86	18,0.00131119441279	(86, 0.00081001130211510747)
86	76,0.0013188139012	(86, 0.00081001130211510747)
87	121,0.00146515245892	(87, 0.0036086306066158871)
87	71,0.00147623144622	(87, 0.0036086306066158871)
87	1,0.00147795297402	(87, 0.0036086306066158871)
87	26,0.00151069132365	(87, 0.0036086306066158871)
87	11,0.00166278931665	(87, 0.0036086306066158871)
87	23,0.00169069914007	(87, 0.0036086306066158871)
87	20,0.00171899743562	(87, 0.0036086306066158871)
87	61,0.00173911608586	(87, 0.0036086306066158871)
87	78,0.00176072045443	(87, 0.0036086306066158871)
87	89,0.00181873911423	(87, 0.0036086306066158871)
88	18,0.000718009396881	(88, 0.0010721358158659081)
88	76,0.000743899623521	(88, 0.0010721358158659081)
88	147,0.000760525966044	(88, 0.0010721358158659081)
88	63,0.000923039722659	(88, 0.0010721358158659081)
88	88,0.00107213581587	(88, 0.0010721358158659081)
88	171,0.00109654313553	(88, 0.0010721358158659081)
88	22,0.0011000971555	(88, 0.0010721358158659081)
88	46,0.001118544498	(88, 0.0010721358158659081)
88	139,0.00115010216495	(88, 0.0010721358158659081)
88	132,0.00122462513236	(88, 0.0010721358158659081)
89	124,0.00140473420046	(89, 0.0018875064365749266)
89	155,0.00153779746974	(89, 0.0018875064365749266)
89	53,0.00179810315346	(89, 0.0018875064365749266)
89	89,0.00188750643657	(89, 0.0018875064365749266)
89	1,0.00207170084696	(89, 0.0018875064365749266)
89	71,0.00234711132894	(89, 0.0018875064365749266)
89	11,0.00236241584305	(89, 0.0018875064365749266)
89	73,0.00243928710872	(89, 0.0018875064365749266)
89	20,0.00245347219035	(89, 0.0018875064365749266)
89	81,0.00259978428513	(89, 0.0018875064365749266)
90	90,0.000731158382893	(90, 0.00073115838289291939)
90	11,0.000938391390754	(90, 0.00073115838289291939)
90	81,0.00113800245771	(90, 0.00073115838289291939)
90	96,0.00114035439752	(90, 0.00073115838289291939)
90	137,0.00116621413337	(90, 0.00073115838289291939)
90	162,0.0011910541744	(90, 0.00073115838289291939)
90	17,0.00126383321244	(90, 0.00073115838289291939)
90	172,0.0013131916687	(90, 0.00073115838289291939)
90	3,0.00132004055651	(90, 0.00073115838289291939)
90	136,0.00132049672287	(90, 0.00073115838289291939)
91	133,0.00267529306663	(91, 0.0038401762854835754)
91	91,0.00384017628548	(91, 0.0038401762854835754)
91	130,0.00555411408449	(91, 0.0038401762854835754)
91	103,0.00669467735981	(91, 0.0038401762854835754)
91	102,0.00702741003614	(91, 0.0038401762854835754)
91	34,0.00707317374547	(91, 0.0038401762854835754)
91	51,0.00728447600273	(91, 0.0038401762854835754)
91	155,0.0076731218403	(91, 0.0038401762854835754)
91	53,0.0080195333355	(91, 0.0038401762854835754)
91	95,0.00804214754678	(91, 0.0038401762854835754)
92	78,0.0012080593575	(92, 0.0031545319093831971)
92	24,0.00140916240001	(92, 0.0031545319093831971)
92	128,0.00156625124436	(92, 0.0031545319093831971)
92	61,0.00157132021827	(92, 0.0031545319093831971)
92	12,0.00163147959693	(92, 0.0031545319093831971)
92	158,0.00165976756251	(92, 0.0031545319093831971)
92	22,0.00188902055406	(92, 0.0031545319093831971)
92	26,0.00195592792093	(92, 0.0031545319093831971)
92	145,0.00207812822862	(92, 0.0031545319093831971)
92	38,0.002111183744	(92, 0.0031545319093831971)
93	22,0.00093524258438	(93, 0.0014806971201005302)
93	132,0.00109429882169	(93, 0.0014806971201005302)
93	158,0.00118840089595	(93, 0.0014806971201005302)
93	128,0.00123189478236	(93, 0.0014806971201005302)
93	76,0.00140977537117	(93, 0.0014806971201005302)
93	121,0.00141130021521	(93, 0.0014806971201005302)
93	93,0.0014806971201	(93, 0.0014806971201005302)
93	78,0.00149965720409	(93, 0.0014806971201005302)
93	12,0.00154478609301	(93, 0.0014806971201005302)
93	126,0.00159203752403	(93, 0.0014806971201005302)
94	94,0.00217951343174	(94, 0.0021795134317375824)
94	83,0.00288790329141	(94, 0.0021795134317375824)
94	155,0.00326632970993	(94, 0.0021795134317375824)
94	15,0.00393040253208	(94, 0.0021795134317375824)
94	59,0.00398365256467	(94, 0.0021795134317375824)
94	65,0.00405371568507	(94, 0.0021795134317375824)
94	161,0.00410006169726	(94, 0.0021795134317375824)
94	120,0.00425829935237	(94, 0.0021795134317375824)
94	45,0.0043260924927	(94, 0.0021795134317375824)
94	1,0.00466239852021	(94, 0.0021795134317375824)
95	107,0.00156355206789	(95, 0.0042182630974624885)
95	27,0.00178202289625	(95, 0.0042182630974624885)
95	43,0.00216957473863	(95, 0.0042182630974624885)
95	99,0.0022494224493	(95, 0.0042182630974624885)
95	128,0.00234319010046	(95, 0.0042182630974624885)
95	78,0.00249024674587	(95, 0.0042182630974624885)
95	19,0.0026411835826	(95, 0.0042182630974624885)
95	39,0.0027445168346	(95, 0.0042182630974624885)
95	26,0.00293078279006	(95, 0.0042182630974624885)
95	50,0.00298155285071	(95, 0.0042182630974624885)
96	96,0.000695550861834	(96, 0.00069555086183414709)
96	162,0.0013478258039	(96, 0.00069555086183414709)
96	11,0.0015747002404	(96, 0.00069555086183414709)
96	112,0.00163698804655	(96, 0.00069555086183414709)
96	119,0.00187624311632	(96, 0.00069555086183414709)
96	90,0.00187930250724	(96, 0.00069555086183414709)
96	13,0.00190955670721	(96, 0.00069555086183414709)
96	17,0.001942148168	(96, 0.00069555086183414709)
96	143,0.00210086899196	(96, 0.00069555086183414709)
96	86,0.00220882679911	(96, 0.00069555086183414709)
97	172,0.0012756696898	(97, 0.0024498165728679541)
97	40,0.00127852809268	(97, 0.0024498165728679541)
97	17,0.00132777856948	(97, 0.0024498165728679541)
97	69,0.00145607705957	(97, 0.0024498165728679541)
97	120,0.00157891593211	(97, 0.0024498165728679541)
97	4,0.00177073337035	(97, 0.0024498165728679541)
97	37,0.00181612721307	(97, 0.0024498165728679541)
97	79,0.00184964405408	(97, 0.0024498165728679541)
97	3,0.0018511202656	(97, 0.0024498165728679541)
97	90,0.00214025999498	(97, 0.0024498165728679541)
98	98,0.000959821672197	(98, 0.0009598216721966946)
98	15,0.00153226678318	(98, 0.0009598216721966946)
98	40,0.00184266277767	(98, 0.0009598216721966946)
98	172,0.00187747692721	(98, 0.0009598216721966946)
98	25,0.00188634237944	(98, 0.0009598216721966946)
98	49,0.00195386325161	(98, 0.0009598216721966946)
98	154,0.00203497330013	(98, 0.0009598216721966946)
98	174,0.00224978658014	(98, 0.0009598216721966946)
98	4,0.00232090170155	(98, 0.0009598216721966946)
98	69,0.00249008509369	(98, 0.0009598216721966946)
99	84,0.00158554670581	(99, 0.0020594882262144143)
99	144,0.00161173035446	(99, 0.0020594882262144143)
99	93,0.00166029940159	(99, 0.0020594882262144143)
99	73,0.00167725978534	(99, 0.0020594882262144143)
99	128,0.00170085223336	(99, 0.0020594882262144143)
99	156,0.00185050318136	(99, 0.0020594882262144143)
99	109,0.00190578707046	(99, 0.0020594882262144143)
99	78,0.00200987970843	(99, 0.0020594882262144143)
99	99,0.00205948822621	(99, 0.0020594882262144143)
99	12,0.00208574833899	(99, 0.0020594882262144143)
100	100,0.000709409041304	(100, 0.00070940904130368295)
100	77,0.000916416705101	(100, 0.00070940904130368295)
100	90,0.00098611079708	(100, 0.00070940904130368295)
100	37,0.00104232906195	(100, 0.00070940904130368295)
100	11,0.00104544558167	(100, 0.00070940904130368295)
100	74,0.00104645626422	(100, 0.00070940904130368295)
100	136,0.00105084614724	(100, 0.00070940904130368295)
100	17,0.00112626350891	(100, 0.00070940904130368295)
100	21,0.00112661425896	(100, 0.00070940904130368295)
100	3,0.00119819446576	(100, 0.00070940904130368295)
101	1,0.00176119119828	(101, 0.0021384824737400031)
101	73,0.00183417464347	(101, 0.0021384824737400031)
101	124,0.00206529943701	(101, 0.0021384824737400031)
101	13,0.00212845449709	(101, 0.0021384824737400031)
101	101,0.00213848247374	(101, 0.0021384824737400031)
101	29,0.00218470672831	(101, 0.0021384824737400031)
101	71,0.00220250271235	(101, 0.0021384824737400031)
101	11,0.00221272504316	(101, 0.0021384824737400031)
101	77,0.00222359738781	(101, 0.0021384824737400031)
101	81,0.00229099165288	(101, 0.0021384824737400031)
102	91,0.00262575998554	(102, 0.0030684399958490725)
102	114,0.00276141270868	(102, 0.0030684399958490725)
102	41,0.00284907314084	(102, 0.0030684399958490725)
102	155,0.00291558546506	(102, 0.0030684399958490725)
102	101,0.00300474224393	(102, 0.0030684399958490725)
102	110,0.0030121356704	(102, 0.0030684399958490725)
102	102,0.00306843999585	(102, 0.0030684399958490725)
102	1,0.00319612723643	(102, 0.0030684399958490725)
102	16,0.00328254561592	(102, 0.0030684399958490725)
102	53,0.00351092825334	(102, 0.0030684399958490725)
103	103,0.00221147203956	(103, 0.0022114720395629652)
103	91,0.00297965108752	(103, 0.0022114720395629652)
103	51,0.00302697931131	(103, 0.0022114720395629652)
103	39,0.0030486131475	(103, 0.0022114720395629652)
103	73,0.00321593564486	(103, 0.0022114720395629652)
103	101,0.00337253005894	(103, 0.0022114720395629652)
103	95,0.0036586311006	(103, 0.0022114720395629652)
103	93,0.00381888464892	(103, 0.0022114720395629652)
103	1,0.00384144518559	(103, 0.0022114720395629652)
103	28,0.00389184006785	(103, 0.0022114720395629652)
104	124,0.00119931633672	(104, 0.0026258143291280132)
104	93,0.00174289367769	(104, 0.0026258143291280132)
104	81,0.00188063967906	(104, 0.0026258143291280132)
104	11,0.00188492748399	(104, 0.0026258143291280132)
104	119,0.00199421722172	(104, 0.0026258143291280132)
104	73,0.00203251222288	(104, 0.0026258143291280132)
104	3,0.00206759997111	(104, 0.0026258143291280132)
104	37,0.00215054463424	(104, 0.0026258143291280132)
104	155,0.00236110265943	(104, 0.0026258143291280132)
104	13,0.00241277749006	(104, 0.0026258143291280132)
105	43,0.00188878388308	(105, 0.0026293034590576902)
105	27,0.00194213443687	(105, 0.0026293034590576902)
105	38,0.00223514373009	(105, 0.0026293034590576902)
105	24,0.00226669151702	(105, 0.0026293034590576902)
105	50,0.00228177887917	(105, 0.0026293034590576902)
105	19,0.00237302196186	(105, 0.0026293034590576902)
105	107,0.00239160729676	(105, 0.0026293034590576902)
105	99,0.00252356970366	(105, 0.0026293034590576902)
105	12,0.00259887365071	(105, 0.0026293034590576902)
105	105,0.00262930345906	(105, 0.0026293034590576902)
106	106,0.00127834045196	(106, 0.0012783404519605688)
106	172,0.0019940884141	(106, 0.0012783404519605688)
106	157,0.00210329098428	(106, 0.0012783404519605688)
106	174,0.00238162987539	(106, 0.0012783404519605688)
106	116,0.00239649046828	(106, 0.0012783404519605688)
106	13,0.00244780245656	(106, 0.0012783404519605688)
106	93,0.00254044494536	(106, 0.0012783404519605688)
106	54,0.00274368915321	(106, 0.0012783404519605688)
106	156,0.0027583146165	(106, 0.0012783404519605688)
106	77,0.00276842503219	(106, 0.0012783404519605688)
107	22,0.00128475140333	(107, 0.0018004404504451761)
107	77,0.00140439514851	(107, 0.0018004404504451761)
107	26,0.00147697443558	(107, 0.0018004404504451761)
107	121,0.00148007701312	(107, 0.0018004404504451761)
107	1,0.00148677176718	(107, 0.0018004404504451761)
107	76,0.00160480576516	(107, 0.0018004404504451761)
107	139,0.00161903534739	(107, 0.0018004404504451761)
107	3,0.00167779167859	(107, 0.0018004404504451761)
107	73,0.00174707794122	(107, 0.0018004404504451761)
107	71,0.00176990680628	(107, 0.0018004404504451761)
108	77,0.00118878311415	(108, 0.0036488517933293066)
108	172,0.00134183707855	(108, 0.0036488517933293066)
108	174,0.00163100952586	(108, 0.0036488517933293066)
108	4,0.00174369244661	(108, 0.0036488517933293066)
108	40,0.00178394702323	(108, 0.0036488517933293066)
108	17,0.00192563931279	(108, 0.0036488517933293066)
108	69,0.00208964400475	(108, 0.0036488517933293066)
108	15,0.00210669721679	(108, 0.0036488517933293066)
108	37,0.00213231531376	(108, 0.0036488517933293066)
108	100,0.00216422869677	(108, 0.0036488517933293066)
109	109,0.00124619766361	(109, 0.0012461976636110338)
109	128,0.00145209027868	(109, 0.0012461976636110338)
109	159,0.00147516519784	(109, 0.0012461976636110338)
109	12,0.00150987546864	(109, 0.0012461976636110338)
109	134,0.00154664591317	(109, 0.0012461976636110338)
109	146,0.00192232004621	(109, 0.0012461976636110338)
109	84,0.00197449842651	(109, 0.0012461976636110338)
109	152,0.00199518193503	(109, 0.0012461976636110338)
109	22,0.00208145749472	(109, 0.0012461976636110338)
109	14,0.002110274467	(109, 0.0012461976636110338)
110	1,0.00137421403162	(110, 0.0024237965666346318)
110	121,0.00145042777443	(110, 0.0024237965666346318)
110	11,0.00150088206972	(110, 0.0024237965666346318)
110	26,0.00165754383043	(110, 0.0024237965666346318)
110	162,0.00166788485794	(110, 0.0024237965666346318)
110	3,0.0018517724362	(110, 0.0024237965666346318)
110	68,0.00188224392737	(110, 0.0024237965666346318)
110	61,0.00189543877434	(110, 0.0024237965666346318)
110	23,0.00199346991719	(110, 0.0024237965666346318)
110	73,0.00199574574815	(110, 0.0024237965666346318)
111	124,0.00148574665346	(111, 0.0049053170176301579)
111	93,0.00161092093194	(111, 0.0049053170176301579)
111	73,0.0016915821786	(111, 0.0049053170176301579)
111	101,0.00194065480908	(111, 0.0049053170176301579)
111	157,0.00195464358926	(111, 0.0049053170176301579)
111	13,0.00216593739149	(111, 0.0049053170176301579)
111	109,0.00256518341348	(111, 0.0049053170176301579)
111	114,0.00257496416945	(111, 0.0049053170176301579)
111	128,0.00269037943382	(111, 0.0049053170176301579)
111	116,0.00281543170765	(111, 0.0049053170176301579)
112	11,0.000853255856296	(112, 0.0011849050180107769)
112	90,0.000897344603087	(112, 0.0011849050180107769)
112	3,0.00114938852791	(112, 0.0011849050180107769)
112	112,0.00118490501801	(112, 0.0011849050180107769)
112	162,0.00122193777699	(112, 0.0011849050180107769)
112	100,0.00124771397654	(112, 0.0011849050180107769)
112	81,0.00131790885776	(112, 0.0011849050180107769)
112	21,0.00134685091999	(112, 0.0011849050180107769)
112	117,0.00144650464224	(112, 0.0011849050180107769)
112	71,0.00148576252537	(112, 0.0011849050180107769)
113	113,0.00117550114396	(113, 0.001175501143957433)
113	65,0.00191761686975	(113, 0.001175501143957433)
113	130,0.00325352173542	(113, 0.001175501143957433)
113	120,0.00327181352827	(113, 0.001175501143957433)
113	44,0.00350211709998	(113, 0.001175501143957433)
113	15,0.00352236119935	(113, 0.001175501143957433)
113	161,0.0036668625718	(113, 0.001175501143957433)
113	53,0.00381894533069	(113, 0.001175501143957433)
113	155,0.00383560044092	(113, 0.001175501143957433)
113	97,0.00394794075053	(113, 0.001175501143957433)
114	114,0.00140254706693	(114, 0.0014025470669293031)
114	53,0.00148367376622	(114, 0.0014025470669293031)
114	73,0.00165945124053	(114, 0.0014025470669293031)
114	124,0.00169199392644	(114, 0.0014025470669293031)
114	104,0.00213728112554	(114, 0.0014025470669293031)
114	13,0.00235324263173	(114, 0.0014025470669293031)
114	155,0.00237403718718	(114, 0.0014025470669293031)
114	109,0.00251895250593	(114, 0.0014025470669293031)
114	157,0.00255470408286	(114, 0.0014025470669293031)
114	93,0.00257074290631	(114, 0.0014025470669293031)
115	119,0.00121136536812	(115, 0.0017840049604226345)
115	11,0.00162468606433	(115, 0.0017840049604226345)
115	17,0.00170286800232	(115, 0.0017840049604226345)
115	37,0.00170577402583	(115, 0.0017840049604226345)
115	115,0.00178400496042	(115, 0.0017840049604226345)
115	136,0.00181506883115	(115, 0.0017840049604226345)
115	96,0.00189171620538	(115, 0.0017840049604226345)
115	172,0.00191437590213	(115, 0.0017840049604226345)
115	120,0.00201451701269	(115, 0.0017840049604226345)
115	81,0.00202927147739	(115, 0.0017840049604226345)
116	93,0.00113513480177	(116, 0.0012019066386247047)
116	116,0.00120190663862	(116, 0.0012019066386247047)
116	73,0.00175095965514	(116, 0.0012019066386247047)
116	144,0.00206913308651	(116, 0.0012019066386247047)
116	109,0.00221699444125	(116, 0.0012019066386247047)
116	124,0.00226824805837	(116, 0.0012019066386247047)
116	172,0.0022706461742	(116, 0.0012019066386247047)
116	131,0.00233258649056	(116, 0.0012019066386247047)
116	159,0.00235040208238	(116, 0.0012019066386247047)
116	128,0.00236602957582	(116, 0.0012019066386247047)
117	117,0.000534161626267	(117, 0.00053416162626714037)
117	21,0.00100741501108	(117, 0.00053416162626714037)
117	71,0.00113866531994	(117, 0.00053416162626714037)
117	11,0.00129092622134	(117, 0.00053416162626714037)
117	162,0.00132316984996	(117, 0.00053416162626714037)
117	76,0.00133219590608	(117, 0.00053416162626714037)
117	63,0.00138759093344	(117, 0.00053416162626714037)
117	22,0.00140845913662	(117, 0.00053416162626714037)
117	77,0.00142306594887	(117, 0.00053416162626714037)
117	70,0.00144150774476	(117, 0.00053416162626714037)
118	34,0.00240985055116	(118, 0.0032380303244998027)
118	33,0.00254345588916	(118, 0.0032380303244998027)
118	118,0.0032380303245	(118, 0.0032380303244998027)
118	130,0.00359877513853	(118, 0.0032380303244998027)
118	69,0.00380766646734	(118, 0.0032380303244998027)
118	113,0.00414049065339	(118, 0.0032380303244998027)
118	133,0.0041888329433	(118, 0.0032380303244998027)
118	15,0.00425957762792	(118, 0.0032380303244998027)
118	4,0.00432274357651	(118, 0.0032380303244998027)
118	2,0.00434402742236	(118, 0.0032380303244998027)
119	120,0.00156944737637	(119, 0.0016340601678564652)
119	119,0.00163406016786	(119, 0.0016340601678564652)
119	17,0.00182717668479	(119, 0.0016340601678564652)
119	172,0.00217566190736	(119, 0.0016340601678564652)
119	96,0.00218718237324	(119, 0.0016340601678564652)
119	13,0.00223153584341	(119, 0.0016340601678564652)
119	69,0.00232420460632	(119, 0.0016340601678564652)
119	123,0.00232773090355	(119, 0.0016340601678564652)
119	154,0.00235851439802	(119, 0.0016340601678564652)
119	40,0.00236584599697	(119, 0.0016340601678564652)
120	120,0.00104965114351	(120, 0.0010496511435142341)
120	65,0.00152753949762	(120, 0.0010496511435142341)
120	44,0.00166129697732	(120, 0.0010496511435142341)
120	161,0.00178629077574	(120, 0.0010496511435142341)
120	97,0.00212989358905	(120, 0.0010496511435142341)
120	53,0.00213596358064	(120, 0.0010496511435142341)
120	17,0.00219394360698	(120, 0.0010496511435142341)
120	155,0.00229751814847	(120, 0.0010496511435142341)
120	54,0.00236961848526	(120, 0.0010496511435142341)
120	13,0.00237170943491	(120, 0.0010496511435142341)
121	121,0.00112266230845	(121, 0.0011226623084478601)
121	1,0.00122251924292	(121, 0.0011226623084478601)
121	26,0.00126660812403	(121, 0.0011226623084478601)
121	78,0.00133545201953	(121, 0.0011226623084478601)
121	22,0.00136896171281	(121, 0.0011226623084478601)
121	73,0.00161223041612	(121, 0.0011226623084478601)
121	61,0.00181837427813	(121, 0.0011226623084478601)
121	128,0.00181860197396	(121, 0.0011226623084478601)
121	11,0.00182552209321	(121, 0.0011226623084478601)
121	23,0.00187532674921	(121, 0.0011226623084478601)
122	174,0.00187815091261	(122, 0.0026072812311713719)
122	154,0.00217358563913	(122, 0.0026072812311713719)
122	122,0.00260728123117	(122, 0.0026072812311713719)
122	69,0.00265733469777	(122, 0.0026072812311713719)
122	172,0.00275977289283	(122, 0.0026072812311713719)
122	116,0.00289367854236	(122, 0.0026072812311713719)
122	48,0.0029945652096	(122, 0.0026072812311713719)
122	4,0.00300658600558	(122, 0.0026072812311713719)
122	2,0.00323068864909	(122, 0.0026072812311713719)
122	54,0.00329741533185	(122, 0.0026072812311713719)
123	172,0.00120768070429	(123, 0.0015864053353097966)
123	123,0.00158640533531	(123, 0.0015864053353097966)
123	119,0.00185216369885	(123, 0.0015864053353097966)
123	81,0.00189065148841	(123, 0.0015864053353097966)
123	40,0.00193268551667	(123, 0.0015864053353097966)
123	17,0.0019503122716	(123, 0.0015864053353097966)
123	90,0.00196711110798	(123, 0.0015864053353097966)
123	146,0.0019997036072	(123, 0.0015864053353097966)
123	37,0.00207415991772	(123, 0.0015864053353097966)
123	115,0.00212866171221	(123, 0.0015864053353097966)
124	124,0.00210291769409	(124, 0.002102917694087666)
124	101,0.00251157230776	(124, 0.002102917694087666)
124	73,0.00301773913907	(124, 0.002102917694087666)
124	169,0.00324637406121	(124, 0.002102917694087666)
124	27,0.00333415778372	(124, 0.002102917694087666)
124	140,0.00333885132461	(124, 0.002102917694087666)
124	41,0.00346457725424	(124, 0.002102917694087666)
124	144,0.00353581254728	(124, 0.002102917694087666)
124	53,0.0036011386879	(124, 0.002102917694087666)
124	93,0.00378843083387	(124, 0.002102917694087666)
125	13,0.00253347522978	(125, 0.0031588936422644637)
125	155,0.00274752465777	(125, 0.0031588936422644637)
125	73,0.00288523605807	(125, 0.0031588936422644637)
125	41,0.00291226423613	(125, 0.0031588936422644637)
125	65,0.00303844591594	(125, 0.0031588936422644637)
125	125,0.00315889364226	(125, 0.0031588936422644637)
125	68,0.0031788481344	(125, 0.0031588936422644637)
125	23,0.00326354763431	(125, 0.0031588936422644637)
125	71,0.00327969968425	(125, 0.0031588936422644637)
125	161,0.00333825987743	(125, 0.0031588936422644637)
126	126,0.00122194180945	(126, 0.0012219418094465632)
126	121,0.00137906370608	(126, 0.0012219418094465632)
126	132,0.00138429549176	(126, 0.0012219418094465632)
126	3,0.00144749040625	(126, 0.0012219418094465632)
126	11,0.00147762763257	(126, 0.0012219418094465632)
126	81,0.00151937128763	(126, 0.0012219418094465632)
126	22,0.00160958075632	(126, 0.0012219418094465632)
126	119,0.00173641023457	(126, 0.0012219418094465632)
126	151,0.00178549412197	(126, 0.0012219418094465632)
126	128,0.00181285884957	(126, 0.0012219418094465632)
127	17,0.000617441172639	(127, 0.0013007018755647123)
127	136,0.00105814239785	(127, 0.0013007018755647123)
127	100,0.00128485127488	(127, 0.0013007018755647123)
127	74,0.00128794272208	(127, 0.0013007018755647123)
127	77,0.00129651241165	(127, 0.0013007018755647123)
127	127,0.00130070187556	(127, 0.0013007018755647123)
127	37,0.00130515183524	(127, 0.0013007018755647123)
127	59,0.00148254266748	(127, 0.0013007018755647123)
127	172,0.00151526254024	(127, 0.0013007018755647123)
127	49,0.00160413018422	(127, 0.0013007018755647123)
128	128,0.00089140309891	(128, 0.0008914030989103849)
128	121,0.00136856956685	(128, 0.0008914030989103849)
128	78,0.0014228304596	(128, 0.0008914030989103849)
128	12,0.00143763231701	(128, 0.0008914030989103849)
128	159,0.00144169851473	(128, 0.0008914030989103849)
128	22,0.0014635277399	(128, 0.0008914030989103849)
128	139,0.00150152885646	(128, 0.0008914030989103849)
128	18,0.0015900709133	(128, 0.0008914030989103849)
128	132,0.00168716268271	(128, 0.0008914030989103849)
128	151,0.0017049595508	(128, 0.0008914030989103849)
129	49,0.00220673119925	(129, 0.0044667054421926458)
129	98,0.00251401113025	(129, 0.0044667054421926458)
129	15,0.00271873553744	(129, 0.0044667054421926458)
129	77,0.00303881520732	(129, 0.0044667054421926458)
129	100,0.00306841209928	(129, 0.0044667054421926458)
129	59,0.00317139657093	(129, 0.0044667054421926458)
129	83,0.00338684341205	(129, 0.0044667054421926458)
129	25,0.00339823565285	(129, 0.0044667054421926458)
129	102,0.00343860393304	(129, 0.0044667054421926458)
129	94,0.00361444798451	(129, 0.0044667054421926458)
130	130,0.00271333219352	(130, 0.0027133321935193019)
130	13,0.00291585223244	(130, 0.0027133321935193019)
130	34,0.00298803409842	(130, 0.0027133321935193019)
130	69,0.00299053190154	(130, 0.0027133321935193019)
130	65,0.00306596366706	(130, 0.0027133321935193019)
130	124,0.00319896019725	(130, 0.0027133321935193019)
130	33,0.00323665491611	(130, 0.0027133321935193019)
130	53,0.00326822241512	(130, 0.0027133321935193019)
130	15,0.00329027322284	(130, 0.0027133321935193019)
130	91,0.00330963533196	(130, 0.0027133321935193019)
131	166,0.00205286359594	(131, 0.0023489237852918621)
131	116,0.00210937937349	(131, 0.0023489237852918621)
131	131,0.00234892378529	(131, 0.0023489237852918621)
131	144,0.00281402439302	(131, 0.0023489237852918621)
131	72,0.00289712707669	(131, 0.0023489237852918621)
131	156,0.00305458772497	(131, 0.0023489237852918621)
131	84,0.00356182752677	(131, 0.0023489237852918621)
131	104,0.0037478311763	(131, 0.0023489237852918621)
131	165,0.00380230176717	(131, 0.0023489237852918621)
131	73,0.00391707752018	(131, 0.0023489237852918621)
132	18,0.000739933289359	(132, 0.0007706977378385139)
132	132,0.000770697737839	(132, 0.0007706977378385139)
132	22,0.000807423089734	(132, 0.0007706977378385139)
132	139,0.000990657195448	(132, 0.0007706977378385139)
132	76,0.00100565750935	(132, 0.0007706977378385139)
132	158,0.00101413101592	(132, 0.0007706977378385139)
132	46,0.00103623069626	(132, 0.0007706977378385139)
132	147,0.00110315770005	(132, 0.0007706977378385139)
132	171,0.0011858452318	(132, 0.0007706977378385139)
132	151,0.00125421289333	(132, 0.0007706977378385139)
133	133,0.00109917196031	(133, 0.0010991719603066171)
133	91,0.00283143163689	(133, 0.0010991719603066171)
133	34,0.0030800262992	(133, 0.0010991719603066171)
133	130,0.00319397940316	(133, 0.0010991719603066171)
133	102,0.00323244754197	(133, 0.0010991719603066171)
133	103,0.00357401602208	(133, 0.0010991719603066171)
133	153,0.00373046660922	(133, 0.0010991719603066171)
133	53,0.00383864441737	(133, 0.0010991719603066171)
133	114,0.00393590523434	(133, 0.0010991719603066171)
133	110,0.00408748733423	(133, 0.0010991719603066171)
134	128,0.000953241289505	(134, 0.0016715906498530882)
134	121,0.00098575807992	(134, 0.0016715906498530882)
134	78,0.00117245725005	(134, 0.0016715906498530882)
134	18,0.00144423058998	(134, 0.0016715906498530882)
134	22,0.00148134309983	(134, 0.0016715906498530882)
134	12,0.00149374130658	(134, 0.0016715906498530882)
134	134,0.00167159064985	(134, 0.0016715906498530882)
134	151,0.00173908526302	(134, 0.0016715906498530882)
134	152,0.00181906778795	(134, 0.0016715906498530882)
134	26,0.00187560067007	(134, 0.0016715906498530882)
135	147,0.000655705665694	(135, 0.00097805850888823664)
135	76,0.000755474822108	(135, 0.00097805850888823664)
135	137,0.000804254018866	(135, 0.00097805850888823664)
135	63,0.000849255897172	(135, 0.00097805850888823664)
135	135,0.000978058508888	(135, 0.00097805850888823664)
135	171,0.00104324527495	(135, 0.00097805850888823664)
135	162,0.00109165814017	(135, 0.00097805850888823664)
135	77,0.00121196499988	(135, 0.00097805850888823664)
135	136,0.00134452649114	(135, 0.00097805850888823664)
135	23,0.00137447281376	(135, 0.00097805850888823664)
136	11,0.00186200462689	(136, 0.0018955495179300004)
136	121,0.00186797404556	(136, 0.0018955495179300004)
136	136,0.00189554951793	(136, 0.0018955495179300004)
136	119,0.00192233915659	(136, 0.0018955495179300004)
136	151,0.00205600115154	(136, 0.0018955495179300004)
136	3,0.00212290301902	(136, 0.0018955495179300004)
136	126,0.00222288333546	(136, 0.0018955495179300004)
136	162,0.00224714273511	(136, 0.0018955495179300004)
136	78,0.00225801462458	(136, 0.0018955495179300004)
136	132,0.00229143419125	(136, 0.0018955495179300004)
137	137,0.000434101779145	(137, 0.00043410177914514521)
137	63,0.000600804174524	(137, 0.00043410177914514521)
137	147,0.000660801729608	(137, 0.00043410177914514521)
137	171,0.000897707678806	(137, 0.00043410177914514521)
137	3,0.00091261077812	(137, 0.00043410177914514521)
137	76,0.000946935410901	(137, 0.00043410177914514521)
137	36,0.00115082210867	(137, 0.00043410177914514521)
137	136,0.00118846767929	(137, 0.00043410177914514521)
137	90,0.00121499096112	(137, 0.00043410177914514521)
137	77,0.00125557771653	(137, 0.00043410177914514521)
138	78,0.00134639814379	(138, 0.0019674663417925077)
138	128,0.00134897575267	(138, 0.0019674663417925077)
138	158,0.00152984358119	(138, 0.0019674663417925077)
138	107,0.00163935891061	(138, 0.0019674663417925077)
138	138,0.00196746634179	(138, 0.0019674663417925077)
138	55,0.00204689623807	(138, 0.0019674663417925077)
138	99,0.00208105684163	(138, 0.0019674663417925077)
138	22,0.00212220013729	(138, 0.0019674663417925077)
138	38,0.00215699153099	(138, 0.0019674663417925077)
138	61,0.00218872193352	(138, 0.0019674663417925077)
139	139,0.000394615943493	(139, 0.00039461594349279226)
139	46,0.000892308230533	(139, 0.00039461594349279226)
139	18,0.0009751259854	(139, 0.00039461594349279226)
139	76,0.00106059716952	(139, 0.00039461594349279226)
139	151,0.00108908790573	(139, 0.00039461594349279226)
139	22,0.00110683560926	(139, 0.00039461594349279226)
139	132,0.00118232575733	(139, 0.00039461594349279226)
139	35,0.00144080536827	(139, 0.00039461594349279226)
139	121,0.00146364092411	(139, 0.00039461594349279226)
139	158,0.00148510325971	(139, 0.00039461594349279226)
140	93,0.00179722825509	(140, 0.002229236412898709)
140	124,0.00201455961736	(140, 0.002229236412898709)
140	69,0.00205763587301	(140, 0.002229236412898709)
140	116,0.00220400664375	(140, 0.002229236412898709)
140	140,0.0022292364129	(140, 0.002229236412898709)
140	73,0.00223050025104	(140, 0.002229236412898709)
140	157,0.0023207935314	(140, 0.002229236412898709)
140	104,0.00233283844311	(140, 0.002229236412898709)
140	53,0.0028020495923	(140, 0.002229236412898709)
140	40,0.00283396003542	(140, 0.002229236412898709)
141	48,0.00284702879588	(141, 0.00382474990287352)
141	124,0.00298997882072	(141, 0.00382474990287352)
141	120,0.0034877132301	(141, 0.00382474990287352)
141	69,0.00355086373493	(141, 0.00382474990287352)
141	4,0.00373637955616	(141, 0.00382474990287352)
141	97,0.00376904580373	(141, 0.00382474990287352)
141	141,0.00382474990287	(141, 0.00382474990287352)
141	53,0.0038823518504	(141, 0.00382474990287352)
141	33,0.00392348172034	(141, 0.00382474990287352)
141	56,0.0039714790082	(141, 0.00382474990287352)
142	61,0.00186414464398	(142, 0.0062491452977239412)
142	38,0.00225227023655	(142, 0.0062491452977239412)
142	12,0.00231843305956	(142, 0.0062491452977239412)
142	23,0.00235179342075	(142, 0.0062491452977239412)
142	55,0.00245566615067	(142, 0.0062491452977239412)
142	105,0.00252655704794	(142, 0.0062491452977239412)
142	78,0.00263289362467	(142, 0.0062491452977239412)
142	73,0.00271966802779	(142, 0.0062491452977239412)
142	24,0.00273262717045	(142, 0.0062491452977239412)
142	135,0.00278831047023	(142, 0.0062491452977239412)
143	143,0.000855666913804	(143, 0.00085566691380422732)
143	90,0.000896434301585	(143, 0.00085566691380422732)
143	11,0.00089666285587	(143, 0.00085566691380422732)
143	112,0.000903761133202	(143, 0.00085566691380422732)
143	162,0.000949394464058	(143, 0.00085566691380422732)
143	3,0.000972755147158	(143, 0.00085566691380422732)
143	137,0.00104581849643	(143, 0.00085566691380422732)
143	63,0.00121119766163	(143, 0.00085566691380422732)
143	136,0.00123061504961	(143, 0.00085566691380422732)
143	17,0.00126915187103	(143, 0.00085566691380422732)
144	144,0.000932993978996	(144, 0.00093299397899613223)
144	38,0.00205983514502	(144, 0.00093299397899613223)
144	14,0.00210236057405	(144, 0.00093299397899613223)
144	12,0.00233016944117	(144, 0.00093299397899613223)
144	116,0.00264200514044	(144, 0.00093299397899613223)
144	159,0.00268148864838	(144, 0.00093299397899613223)
144	109,0.00275852789201	(144, 0.00093299397899613223)
144	50,0.00277268861279	(144, 0.00093299397899613223)
144	145,0.00279074259109	(144, 0.00093299397899613223)
144	73,0.00287140874468	(144, 0.00093299397899613223)
145	145,0.00147741234503	(145, 0.0014774123450332574)
145	38,0.00172006548911	(145, 0.0014774123450332574)
145	78,0.00178613780437	(145, 0.0014774123450332574)
145	55,0.00178668938484	(145, 0.0014774123450332574)
145	128,0.00182663683741	(145, 0.0014774123450332574)
145	158,0.00183653547317	(145, 0.0014774123450332574)
145	24,0.00212225680448	(145, 0.0014774123450332574)
145	14,0.00212397741535	(145, 0.0014774123450332574)
145	12,0.00217395305837	(145, 0.0014774123450332574)
145	99,0.0023521135163	(145, 0.0014774123450332574)
146	146,0.000652864555061	(146, 0.00065286455506094704)
146	159,0.00144669398713	(146, 0.00065286455506094704)
146	12,0.00155609688131	(146, 0.00065286455506094704)
146	137,0.00160462189413	(146, 0.00065286455506094704)
146	132,0.00169981108813	(146, 0.00065286455506094704)
146	18,0.00175359132064	(146, 0.00065286455506094704)
146	46,0.00181166334218	(146, 0.00065286455506094704)
146	172,0.0018887453629	(146, 0.00065286455506094704)
146	3,0.0018971590289	(146, 0.00065286455506094704)
146	81,0.00192088180543	(146, 0.00065286455506094704)
147	147,0.000563354932527	(147, 0.00056335493252681929)
147	76,0.000598679549586	(147, 0.00056335493252681929)
147	63,0.000643135568868	(147, 0.00056335493252681929)
147	132,0.000972644313149	(147, 0.00056335493252681929)
147	22,0.000998299242469	(147, 0.00056335493252681929)
147	23,0.00106817918321	(147, 0.00056335493252681929)
147	18,0.00107095621887	(147, 0.00056335493252681929)
147	121,0.00115689990122	(147, 0.00056335493252681929)
147	171,0.00122075283389	(147, 0.00056335493252681929)
147	151,0.00124945336193	(147, 0.00056335493252681929)
148	148,0.000760319040266	(148, 0.00076031904026581019)
148	17,0.000798216985093	(148, 0.00076031904026581019)
148	143,0.00111981733432	(148, 0.00076031904026581019)
148	100,0.00121506390557	(148, 0.00076031904026581019)
148	90,0.00133438466662	(148, 0.00076031904026581019)
148	172,0.00160042713001	(148, 0.00076031904026581019)
148	49,0.00160503261436	(148, 0.00076031904026581019)
148	37,0.00170834566596	(148, 0.00076031904026581019)
148	3,0.00181725108591	(148, 0.00076031904026581019)
148	112,0.0018530242045	(148, 0.00076031904026581019)
149	149,0.00277961335649	(149, 0.0027796133564946717)
149	32,0.0037872379639	(149, 0.0027796133564946717)
149	169,0.0045051113509	(149, 0.0027796133564946717)
149	33,0.00481426113452	(149, 0.0027796133564946717)
149	165,0.00686671288024	(149, 0.0027796133564946717)
149	27,0.00692996884421	(149, 0.0027796133564946717)
149	111,0.00693193853514	(149, 0.0027796133564946717)
149	156,0.00712851186054	(149, 0.0027796133564946717)
149	45,0.00718885665997	(149, 0.0027796133564946717)
149	51,0.0073829945064	(149, 0.0027796133564946717)
150	3,0.00066662129891	(150, 0.0011778662038513718)
150	11,0.000691630999313	(150, 0.0011778662038513718)
150	162,0.000972851787104	(150, 0.0011778662038513718)
150	121,0.000978250109953	(150, 0.0011778662038513718)
150	63,0.00105372576366	(150, 0.0011778662038513718)
150	71,0.00106140909541	(150, 0.0011778662038513718)
150	150,0.00117786620385	(150, 0.0011778662038513718)
150	117,0.00123727282883	(150, 0.0011778662038513718)
150	81,0.00128064099866	(150, 0.0011778662038513718)
150	76,0.00129097926305	(150, 0.0011778662038513718)
151	121,0.000772089605259	(151, 0.0010540029299965347)
151	132,0.00102685041101	(151, 0.0010540029299965347)
151	151,0.00105400293	(151, 0.0010540029299965347)
151	63,0.00111261420243	(151, 0.0010540029299965347)
151	70,0.00113618199658	(151, 0.0010540029299965347)
151	3,0.00115770485529	(151, 0.0010540029299965347)
151	22,0.00132879001694	(151, 0.0010540029299965347)
151	76,0.00136758536099	(151, 0.0010540029299965347)
151	11,0.00137119493729	(151, 0.0010540029299965347)
151	162,0.00139867988623	(151, 0.0010540029299965347)
152	152,0.00108519930177	(152, 0.0010851993017666616)
152	139,0.0014588348922	(152, 0.0010851993017666616)
152	121,0.00147331269502	(152, 0.0010851993017666616)
152	18,0.00156756907772	(152, 0.0010851993017666616)
152	88,0.00166044377146	(152, 0.0010851993017666616)
152	35,0.00166230398803	(152, 0.0010851993017666616)
152	22,0.001739220845	(152, 0.0010851993017666616)
152	12,0.00178609910283	(152, 0.0010851993017666616)
152	128,0.00181814085463	(152, 0.0010851993017666616)
152	107,0.00195309805206	(152, 0.0010851993017666616)
153	133,0.00157425078476	(153, 0.0030752594534301119)
153	130,0.00264321942275	(153, 0.0030752594534301119)
153	34,0.00286959561293	(153, 0.0030752594534301119)
153	153,0.00307525945343	(153, 0.0030752594534301119)
153	102,0.00336926939552	(153, 0.0030752594534301119)
153	91,0.00337817183149	(153, 0.0030752594534301119)
153	103,0.00372481573323	(153, 0.0030752594534301119)
153	28,0.00399307669384	(153, 0.0030752594534301119)
153	53,0.00406341561907	(153, 0.0030752594534301119)
153	1,0.00430123406356	(153, 0.0030752594534301119)
154	154,0.000564575070521	(154, 0.00056457507052121744)
154	40,0.00172457492463	(154, 0.00056457507052121744)
154	174,0.00192123355297	(154, 0.00056457507052121744)
154	172,0.00201150340832	(154, 0.00056457507052121744)
154	69,0.0021816836338	(154, 0.00056457507052121744)
154	4,0.0023968567072	(154, 0.00056457507052121744)
154	116,0.00254892175185	(154, 0.00056457507052121744)
154	56,0.00286559477862	(154, 0.00056457507052121744)
154	2,0.00292823243111	(154, 0.00056457507052121744)
154	48,0.00302346079277	(154, 0.00056457507052121744)
155	71,0.000850960480391	(155, 0.0015474281198866362)
155	11,0.000929152895935	(155, 0.0015474281198866362)
155	162,0.0011304311266	(155, 0.0015474281198866362)
155	1,0.0013583925836	(155, 0.0015474281198866362)
155	117,0.00144477853562	(155, 0.0015474281198866362)
155	121,0.00148596766862	(155, 0.0015474281198866362)
155	3,0.00153401646414	(155, 0.0015474281198866362)
155	155,0.00154742811989	(155, 0.0015474281198866362)
155	77,0.00157051393903	(155, 0.0015474281198866362)
155	81,0.00166748249883	(155, 0.0015474281198866362)
156	156,0.00142718403669	(156, 0.0014271840366901671)
156	144,0.00157875397768	(156, 0.0014271840366901671)
156	73,0.00158686137903	(156, 0.0014271840366901671)
156	109,0.00196307440897	(156, 0.0014271840366901671)
156	27,0.00223126219631	(156, 0.0014271840366901671)
156	84,0.00226629062456	(156, 0.0014271840366901671)
156	93,0.00231000789762	(156, 0.0014271840366901671)
156	99,0.00237926193474	(156, 0.0014271840366901671)
156	107,0.00244841428097	(156, 0.0014271840366901671)
156	128,0.00247902493514	(156, 0.0014271840366901671)
157	12,0.00141662933716	(157, 0.0020090201877587632)
157	22,0.00142456313007	(157, 0.0020090201877587632)
157	73,0.00148054634041	(157, 0.0020090201877587632)
157	126,0.00153548922401	(157, 0.0020090201877587632)
157	128,0.00153659449694	(157, 0.0020090201877587632)
157	93,0.00154248221814	(157, 0.0020090201877587632)
157	78,0.00167035725204	(157, 0.0020090201877587632)
157	158,0.00170009188871	(157, 0.0020090201877587632)
157	121,0.00171306562243	(157, 0.0020090201877587632)
157	132,0.00172499118445	(157, 0.0020090201877587632)
158	77,0.000783921578461	(158, 0.0028101594391335026)
158	3,0.000866690217722	(158, 0.0028101594391335026)
158	137,0.00105658978667	(158, 0.0028101594391335026)
158	37,0.00117133588063	(158, 0.0028101594391335026)
158	11,0.00120645894895	(158, 0.0028101594391335026)
158	136,0.00123624323596	(158, 0.0028101594391335026)
158	171,0.00125832437431	(158, 0.0028101594391335026)
158	63,0.00129800102322	(158, 0.0028101594391335026)
158	100,0.00131405508946	(158, 0.0028101594391335026)
158	117,0.00134283607681	(158, 0.0028101594391335026)
159	146,0.000842770735492	(159, 0.0018721837944570205)
159	137,0.0010457650129	(159, 0.0018721837944570205)
159	81,0.00119340647962	(159, 0.0018721837944570205)
159	90,0.00125588638873	(159, 0.0018721837944570205)
159	36,0.00131164204505	(159, 0.0018721837944570205)
159	46,0.00132685534823	(159, 0.0018721837944570205)
159	18,0.00133208965714	(159, 0.0018721837944570205)
159	150,0.00134473216689	(159, 0.0018721837944570205)
159	147,0.00141491543992	(159, 0.0018721837944570205)
159	3,0.0014209411056	(159, 0.0018721837944570205)
160	27,0.0023918880212	(160, 0.01121790488254755)
160	164,0.00262085288369	(160, 0.01121790488254755)
160	38,0.00263267408445	(160, 0.01121790488254755)
160	105,0.00270318986523	(160, 0.01121790488254755)
160	73,0.00272914959956	(160, 0.01121790488254755)
160	12,0.00278756232244	(160, 0.01121790488254755)
160	43,0.00287232668739	(160, 0.01121790488254755)
160	50,0.00292312080249	(160, 0.01121790488254755)
160	109,0.00302000726756	(160, 0.01121790488254755)
160	24,0.00310757764409	(160, 0.01121790488254755)
161	161,0.000623245959004	(161, 0.00062324595900352484)
161	65,0.00146950094823	(161, 0.00062324595900352484)
161	17,0.00169841369283	(161, 0.00062324595900352484)
161	155,0.00174344518528	(161, 0.00062324595900352484)
161	44,0.00188375277656	(161, 0.00062324595900352484)
161	13,0.00199700976888	(161, 0.00062324595900352484)
161	68,0.00202528228367	(161, 0.00062324595900352484)
161	11,0.00207775906307	(161, 0.00062324595900352484)
161	71,0.0020931876959	(161, 0.00062324595900352484)
161	83,0.00209654583969	(161, 0.00062324595900352484)
162	162,0.000771648582371	(162, 0.00077164858237097284)
162	117,0.000934249839292	(162, 0.00077164858237097284)
162	76,0.00106653861806	(162, 0.00077164858237097284)
162	18,0.00109608951216	(162, 0.00077164858237097284)
162	90,0.00121619695648	(162, 0.00077164858237097284)
162	11,0.0012262211932	(162, 0.00077164858237097284)
162	147,0.0012590780214	(162, 0.00077164858237097284)
162	137,0.00126868794649	(162, 0.00077164858237097284)
162	150,0.00128822187272	(162, 0.00077164858237097284)
162	77,0.00134084773325	(162, 0.00077164858237097284)
163	17,0.00134553864015	(163, 0.0021383649308559243)
163	148,0.00144366095769	(163, 0.0021383649308559243)
163	172,0.00164037349324	(163, 0.0021383649308559243)
163	100,0.00165719846	(163, 0.0021383649308559243)
163	40,0.00165780887776	(163, 0.0021383649308559243)
163	143,0.00174405543618	(163, 0.0021383649308559243)
163	3,0.00175617950385	(163, 0.0021383649308559243)
163	37,0.00179931816349	(163, 0.0021383649308559243)
163	11,0.00183267724903	(163, 0.0021383649308559243)
163	83,0.00184217044839	(163, 0.0021383649308559243)
164	156,0.00189368340704	(164, 0.002547101868188603)
164	73,0.00198044725992	(164, 0.002547101868188603)
164	27,0.0020213239305	(164, 0.002547101868188603)
164	164,0.00254710186819	(164, 0.002547101868188603)
164	131,0.00260962997281	(164, 0.002547101868188603)
164	32,0.00285078952462	(164, 0.002547101868188603)
164	144,0.00286098518977	(164, 0.002547101868188603)
164	109,0.00302719511065	(164, 0.002547101868188603)
164	107,0.00307778313248	(164, 0.002547101868188603)
164	13,0.003128887947	(164, 0.002547101868188603)
165	93,0.00154522805422	(165, 0.0029264696084047408)
165	116,0.00203735027059	(165, 0.0029264696084047408)
165	131,0.00227604388992	(165, 0.0029264696084047408)
165	144,0.00254865274948	(165, 0.0029264696084047408)
165	73,0.00272190564486	(165, 0.0029264696084047408)
165	157,0.00284298393713	(165, 0.0029264696084047408)
165	165,0.0029264696084	(165, 0.0029264696084047408)
165	156,0.00294373976953	(165, 0.0029264696084047408)
165	124,0.00319989662962	(165, 0.0029264696084047408)
165	172,0.00336098991805	(165, 0.0029264696084047408)
166	116,0.00233495317333	(166, 0.0025737502069665113)
166	144,0.00237150493266	(166, 0.0025737502069665113)
166	166,0.00257375020697	(166, 0.0025737502069665113)
166	13,0.0029879103555	(166, 0.0025737502069665113)
166	124,0.00309381822163	(166, 0.0025737502069665113)
166	157,0.00325048520761	(166, 0.0025737502069665113)
166	93,0.00327098610129	(166, 0.0025737502069665113)
166	140,0.00328740917891	(166, 0.0025737502069665113)
166	104,0.00334025015206	(166, 0.0025737502069665113)
166	69,0.00334045519174	(166, 0.0025737502069665113)
167	51,0.00239806953483	(167, 0.0036053257161152916)
167	32,0.00305038353816	(167, 0.0036053257161152916)
167	39,0.00322640605916	(167, 0.0036053257161152916)
167	167,0.00360532571612	(167, 0.0036053257161152916)
167	27,0.00367038522646	(167, 0.0036053257161152916)
167	169,0.00407632797857	(167, 0.0036053257161152916)
167	156,0.00459075929176	(167, 0.0036053257161152916)
167	19,0.00493812812027	(167, 0.0036053257161152916)
167	138,0.00500161827942	(167, 0.0036053257161152916)
167	84,0.00508310064111	(167, 0.0036053257161152916)
168	12,0.00149276359092	(168, 0.0018108102794907243)
168	18,0.00172214306548	(168, 0.0018108102794907243)
168	55,0.00172614076766	(168, 0.0018108102794907243)
168	121,0.0017949832576	(168, 0.0018108102794907243)
168	168,0.00181081027949	(168, 0.0018108102794907243)
168	86,0.0018814399409	(168, 0.0018108102794907243)
168	151,0.00193259650548	(168, 0.0018108102794907243)
168	152,0.002060392815	(168, 0.0018108102794907243)
168	38,0.00208860411143	(168, 0.0018108102794907243)
168	61,0.00226617344854	(168, 0.0018108102794907243)
169	156,0.00220055592843	(169, 0.0023400430931834002)
169	169,0.00234004309318	(169, 0.0023400430931834002)
169	73,0.00257381291169	(169, 0.0023400430931834002)
169	109,0.0029782632949	(169, 0.0023400430931834002)
169	144,0.00310462903733	(169, 0.0023400430931834002)
169	27,0.00314395183765	(169, 0.0023400430931834002)
169	99,0.00323838002421	(169, 0.0023400430931834002)
169	84,0.00329383900993	(169, 0.0023400430931834002)
169	124,0.00341127497963	(169, 0.0023400430931834002)
169	41,0.00343803964662	(169, 0.0023400430931834002)
170	170,0.00198026186937	(170, 0.0019802618693718259)
170	99,0.00236762008822	(170, 0.0019802618693718259)
170	27,0.00243771802818	(170, 0.0019802618693718259)
170	144,0.00250916166509	(170, 0.0019802618693718259)
170	84,0.00272574420915	(170, 0.0019802618693718259)
170	73,0.00281347442349	(170, 0.0019802618693718259)
170	109,0.00296429313887	(170, 0.0019802618693718259)
170	19,0.00299561785382	(170, 0.0019802618693718259)
170	0,0.00299862019095	(170, 0.0019802618693718259)
170	124,0.00335259665317	(170, 0.0019802618693718259)
171	27,0.00168192755601	(171, 0.006009630535843689)
171	156,0.00205428959182	(171, 0.006009630535843689)
171	32,0.00236210727326	(171, 0.006009630535843689)
171	73,0.00239806343314	(171, 0.006009630535843689)
171	107,0.00247087254545	(171, 0.006009630535843689)
171	19,0.00293674234708	(171, 0.006009630535843689)
171	164,0.00294419845699	(171, 0.006009630535843689)
171	144,0.00296086432587	(171, 0.006009630535843689)
171	51,0.00319484697221	(171, 0.006009630535843689)
171	39,0.0032037766387	(171, 0.006009630535843689)
172	172,0.000542939038154	(172, 0.00054293903815440399)
172	3,0.000857685630416	(172, 0.00054293903815440399)
172	137,0.000893933994348	(172, 0.00054293903815440399)
172	17,0.00113378310654	(172, 0.00054293903815440399)
172	77,0.00117768677175	(172, 0.00054293903815440399)
172	90,0.00120476426124	(172, 0.00054293903815440399)
172	37,0.00123846835984	(172, 0.00054293903815440399)
172	81,0.0012703031145	(172, 0.00054293903815440399)
172	136,0.00133867336826	(172, 0.00054293903815440399)
172	171,0.00138084002812	(172, 0.00054293903815440399)
173	158,0.00182604362812	(173, 0.0033457811929148858)
173	107,0.00186925090354	(173, 0.0033457811929148858)
173	27,0.00205895298888	(173, 0.0033457811929148858)
173	38,0.00238447378278	(173, 0.0033457811929148858)
173	156,0.00243684026007	(173, 0.0033457811929148858)
173	24,0.00244946786227	(173, 0.0033457811929148858)
173	128,0.00256178973313	(173, 0.0033457811929148858)
173	78,0.00258455006913	(173, 0.0033457811929148858)
173	61,0.00284258340932	(173, 0.0033457811929148858)
173	87,0.0031765892289	(173, 0.0033457811929148858)
174	174,0.000917263578696	(174, 0.00091726357869638625)
174	56,0.00119543213575	(174, 0.00091726357869638625)
174	15,0.00124421058735	(174, 0.00091726357869638625)
174	69,0.00156840021385	(174, 0.00091726357869638625)
174	120,0.00172374899874	(174, 0.00091726357869638625)
174	17,0.00176666280754	(174, 0.00091726357869638625)
174	4,0.00195058291346	(174, 0.00091726357869638625)
174	154,0.00197442445249	(174, 0.00091726357869638625)
174	172,0.00210507982643	(174, 0.00091726357869638625)
174	2,0.00210923321694	(174, 0.00091726357869638625)
