0	0,0.0669446885432	(0, 0.066944688543203401)
0	84,0.137645326232	(0, 0.066944688543203401)
0	99,0.142660490215	(0, 0.066944688543203401)
0	38,0.146359017194	(0, 0.066944688543203401)
0	173,0.152908988979	(0, 0.066944688543203401)
0	144,0.174158551876	(0, 0.066944688543203401)
0	14,0.174228737228	(0, 0.066944688543203401)
0	138,0.176823604171	(0, 0.066944688543203401)
0	109,0.178410930808	(0, 0.066944688543203401)
0	170,0.18554814213	(0, 0.066944688543203401)
1	1,0.0478302310124	(1, 0.047830231012425645)
1	103,0.0757091456701	(1, 0.047830231012425645)
1	102,0.0761887806668	(1, 0.047830231012425645)
1	28,0.0775591709982	(1, 0.047830231012425645)
1	91,0.0809500006612	(1, 0.047830231012425645)
1	114,0.0906042969956	(1, 0.047830231012425645)
1	155,0.0926692606444	(1, 0.047830231012425645)
1	153,0.0975201492066	(1, 0.047830231012425645)
1	41,0.10005174495	(1, 0.047830231012425645)
1	53,0.106507233584	(1, 0.047830231012425645)
2	4,0.0548203454045	(2, 0.084836357957848954)
2	154,0.0555828816638	(2, 0.084836357957848954)
2	174,0.0715073726059	(2, 0.084836357957848954)
2	69,0.0799864428728	(2, 0.084836357957848954)
2	40,0.0845952088395	(2, 0.084836357957848954)
2	2,0.0848363579578	(2, 0.084836357957848954)
2	172,0.0966576634879	(2, 0.084836357957848954)
2	25,0.106128476166	(2, 0.084836357957848954)
2	17,0.113825051065	(2, 0.084836357957848954)
2	56,0.115736936649	(2, 0.084836357957848954)
3	3,0.0213341525751	(3, 0.021334152575147557)
3	63,0.0436440619693	(3, 0.021334152575147557)
3	81,0.0445178695379	(3, 0.021334152575147557)
3	11,0.0516913246018	(3, 0.021334152575147557)
3	162,0.0518998059046	(3, 0.021334152575147557)
3	132,0.0545906582312	(3, 0.021334152575147557)
3	150,0.0582343718191	(3, 0.021334152575147557)
3	121,0.0593587722927	(3, 0.021334152575147557)
3	137,0.0594394986379	(3, 0.021334152575147557)
3	90,0.060940858449	(3, 0.021334152575147557)
4	172,0.04386915638	(4, 0.060893761067452014)
4	13,0.0517021585598	(4, 0.060893761067452014)
4	17,0.056588673601	(4, 0.060893761067452014)
4	37,0.0606325461424	(4, 0.060893761067452014)
4	4,0.0608937610675	(4, 0.060893761067452014)
4	69,0.0617250253774	(4, 0.060893761067452014)
4	40,0.0625397729249	(4, 0.060893761067452014)
4	77,0.0675678958186	(4, 0.060893761067452014)
4	120,0.0705941609486	(4, 0.060893761067452014)
4	3,0.0732839830543	(4, 0.060893761067452014)
5	73,0.0553090555864	(5, 0.21924270963977779)
5	95,0.0969086300738	(5, 0.21924270963977779)
5	107,0.0995966361895	(5, 0.21924270963977779)
5	93,0.105462873799	(5, 0.21924270963977779)
5	1,0.109108295555	(5, 0.21924270963977779)
5	26,0.116467800631	(5, 0.21924270963977779)
5	124,0.1167941564	(5, 0.21924270963977779)
5	78,0.118485187917	(5, 0.21924270963977779)
5	101,0.121558769228	(5, 0.21924270963977779)
5	77,0.122180954614	(5, 0.21924270963977779)
6	139,0.0314174859041	(6, 0.041701463545925015)
6	46,0.0371373558498	(6, 0.041701463545925015)
6	6,0.0417014635459	(6, 0.041701463545925015)
6	76,0.0559326899982	(6, 0.041701463545925015)
6	22,0.0570246813113	(6, 0.041701463545925015)
6	18,0.0586166427194	(6, 0.041701463545925015)
6	171,0.0620547582262	(6, 0.041701463545925015)
6	158,0.0624797809435	(6, 0.041701463545925015)
6	35,0.0658116131996	(6, 0.041701463545925015)
6	132,0.0669451599536	(6, 0.041701463545925015)
7	66,0.225533880752	(7, 0.40379472540503852)
7	167,0.313342830656	(7, 0.40379472540503852)
7	51,0.31348032427	(7, 0.40379472540503852)
7	32,0.332498860898	(7, 0.40379472540503852)
7	80,0.342971788898	(7, 0.40379472540503852)
7	169,0.345865412212	(7, 0.40379472540503852)
7	160,0.350567543656	(7, 0.40379472540503852)
7	133,0.375365417829	(7, 0.40379472540503852)
7	7,0.403794725405	(7, 0.40379472540503852)
7	149,0.411445133576	(7, 0.40379472540503852)
8	11,0.050555831878	(8, 0.077038243835819184)
8	121,0.0625980179077	(8, 0.077038243835819184)
8	162,0.0666813183395	(8, 0.077038243835819184)
8	71,0.069706975098	(8, 0.077038243835819184)
8	1,0.0748490706999	(8, 0.077038243835819184)
8	73,0.0754653919885	(8, 0.077038243835819184)
8	8,0.0770382438358	(8, 0.077038243835819184)
8	3,0.0823972636423	(8, 0.077038243835819184)
8	155,0.0827974332471	(8, 0.077038243835819184)
8	13,0.0845580486943	(8, 0.077038243835819184)
9	9,0.0971730331665	(9, 0.097173033166468817)
9	114,0.182312411611	(9, 0.097173033166468817)
9	155,0.185648054771	(9, 0.097173033166468817)
9	53,0.19755996782	(9, 0.097173033166468817)
9	91,0.204090751578	(9, 0.097173033166468817)
9	124,0.212671237462	(9, 0.097173033166468817)
9	28,0.25088403539	(9, 0.097173033166468817)
9	41,0.258709179809	(9, 0.097173033166468817)
9	52,0.269883009863	(9, 0.097173033166468817)
9	65,0.274390343019	(9, 0.097173033166468817)
10	10,0.119309312865	(10, 0.11930931286533922)
10	47,0.151125125045	(10, 0.11930931286533922)
10	167,0.27633201121	(10, 0.11930931286533922)
10	99,0.283174827236	(10, 0.11930931286533922)
10	84,0.302935432595	(10, 0.11930931286533922)
10	173,0.306197543874	(10, 0.11930931286533922)
10	166,0.322346446547	(10, 0.11930931286533922)
10	27,0.322511408266	(10, 0.11930931286533922)
10	19,0.333096982939	(10, 0.11930931286533922)
10	58,0.33444877619	(10, 0.11930931286533922)
11	11,0.0260289390159	(11, 0.026028939015874449)
11	81,0.0526884520836	(11, 0.026028939015874449)
11	119,0.0534440456099	(11, 0.026028939015874449)
11	115,0.0642416647763	(11, 0.026028939015874449)
11	3,0.0659913008194	(11, 0.026028939015874449)
11	96,0.0687950743484	(11, 0.026028939015874449)
11	37,0.0704088405602	(11, 0.026028939015874449)
11	71,0.0814809032779	(11, 0.026028939015874449)
11	86,0.0829946037528	(11, 0.026028939015874449)
11	112,0.0837074142627	(11, 0.026028939015874449)
12	22,0.0338633280166	(12, 0.040327566880638516)
12	126,0.0364409073006	(12, 0.040327566880638516)
12	76,0.0384908567297	(12, 0.040327566880638516)
12	121,0.0397883832529	(12, 0.040327566880638516)
12	12,0.0403275668806	(12, 0.040327566880638516)
12	151,0.0441064754028	(12, 0.040327566880638516)
12	3,0.0468561963353	(12, 0.040327566880638516)
12	18,0.0485629788327	(12, 0.040327566880638516)
12	132,0.0496184965357	(12, 0.040327566880638516)
12	86,0.0502379674431	(12, 0.040327566880638516)
13	172,0.0354516215105	(13, 0.054621105449158047)
13	17,0.0389354885462	(13, 0.054621105449158047)
13	11,0.0441630378168	(13, 0.054621105449158047)
13	77,0.0477810566989	(13, 0.054621105449158047)
13	136,0.0482348004318	(13, 0.054621105449158047)
13	162,0.0491739925713	(13, 0.054621105449158047)
13	3,0.0512471795341	(13, 0.054621105449158047)
13	37,0.0530610651438	(13, 0.054621105449158047)
13	90,0.0541171275351	(13, 0.054621105449158047)
13	13,0.0546211054492	(13, 0.054621105449158047)
14	14,0.046116809853	(14, 0.046116809853002316)
14	72,0.0540922312079	(14, 0.046116809853002316)
14	159,0.0722429258819	(14, 0.046116809853002316)
14	144,0.0934701653916	(14, 0.046116809853002316)
14	109,0.0935795971491	(14, 0.046116809853002316)
14	84,0.0976156283592	(14, 0.046116809853002316)
14	145,0.103843599021	(14, 0.046116809853002316)
14	38,0.104261917206	(14, 0.046116809853002316)
14	131,0.109050451978	(14, 0.046116809853002316)
14	123,0.114155616925	(14, 0.046116809853002316)
15	15,0.0436150178023	(15, 0.043615017802304049)
15	17,0.0471615760758	(15, 0.043615017802304049)
15	77,0.0570415552805	(15, 0.043615017802304049)
15	100,0.0590538005016	(15, 0.043615017802304049)
15	49,0.0595348644326	(15, 0.043615017802304049)
15	59,0.0641811459193	(15, 0.043615017802304049)
15	172,0.0685185332692	(15, 0.043615017802304049)
15	174,0.0692385733589	(15, 0.043615017802304049)
15	83,0.0793408949066	(15, 0.043615017802304049)
15	4,0.0806444341232	(15, 0.043615017802304049)
16	16,0.076073023965	(16, 0.076073023964995906)
16	170,0.092372218541	(16, 0.076073023964995906)
16	19,0.0983927651035	(16, 0.076073023964995906)
16	0,0.11550229262	(16, 0.076073023964995906)
16	27,0.129183502425	(16, 0.076073023964995906)
16	114,0.136090456465	(16, 0.076073023964995906)
16	144,0.140572384923	(16, 0.076073023964995906)
16	164,0.144551412033	(16, 0.076073023964995906)
16	101,0.144592766667	(16, 0.076073023964995906)
16	73,0.152387125549	(16, 0.076073023964995906)
17	17,0.0250901374568	(17, 0.025090137456750952)
17	172,0.0311121537334	(17, 0.025090137456750952)
17	77,0.0453566493684	(17, 0.025090137456750952)
17	100,0.0542573954609	(17, 0.025090137456750952)
17	37,0.0550579626154	(17, 0.025090137456750952)
17	90,0.0551749753722	(17, 0.025090137456750952)
17	143,0.0565954206513	(17, 0.025090137456750952)
17	136,0.0573581223316	(17, 0.025090137456750952)
17	3,0.0615998240049	(17, 0.025090137456750952)
17	49,0.0644790120713	(17, 0.025090137456750952)
18	18,0.0267775585113	(18, 0.026777558511277187)
18	22,0.0352521798028	(18, 0.026777558511277187)
18	88,0.0364840536982	(18, 0.026777558511277187)
18	121,0.0384525780683	(18, 0.026777558511277187)
18	76,0.0425131154287	(18, 0.026777558511277187)
18	35,0.0428169953593	(18, 0.026777558511277187)
18	61,0.0461192813661	(18, 0.026777558511277187)
18	139,0.046425627111	(18, 0.026777558511277187)
18	132,0.0483972260065	(18, 0.026777558511277187)
18	147,0.0556279402935	(18, 0.026777558511277187)
19	19,0.0918371154583	(19, 0.09183711545828524)
19	27,0.0960697923554	(19, 0.09183711545828524)
19	43,0.109319539677	(19, 0.09183711545828524)
19	99,0.115524212127	(19, 0.09183711545828524)
19	32,0.166394970865	(19, 0.09183711545828524)
19	84,0.16735621569	(19, 0.09183711545828524)
19	164,0.177069402669	(19, 0.09183711545828524)
19	107,0.178152648898	(19, 0.09183711545828524)
19	144,0.182183496839	(19, 0.09183711545828524)
19	58,0.182825647076	(19, 0.09183711545828524)
20	73,0.0691786982444	(20, 0.072353275116013291)
20	20,0.072353275116	(20, 0.072353275116013291)
20	124,0.0753996360975	(20, 0.072353275116013291)
20	93,0.0897475901314	(20, 0.072353275116013291)
20	1,0.0941383111382	(20, 0.072353275116013291)
20	89,0.0975156399631	(20, 0.072353275116013291)
20	109,0.0999639253303	(20, 0.072353275116013291)
20	157,0.102653922927	(20, 0.072353275116013291)
20	128,0.106533830187	(20, 0.072353275116013291)
20	101,0.107473249223	(20, 0.072353275116013291)
21	121,0.035208629711	(21, 0.065820910024764201)
21	71,0.0365579836434	(21, 0.065820910024764201)
21	11,0.0396978982843	(21, 0.065820910024764201)
21	162,0.0448397543952	(21, 0.065820910024764201)
21	117,0.0470592396853	(21, 0.065820910024764201)
21	22,0.0545552986219	(21, 0.065820910024764201)
21	23,0.0547796159149	(21, 0.065820910024764201)
21	76,0.0584549961357	(21, 0.065820910024764201)
21	63,0.0619307329757	(21, 0.065820910024764201)
21	86,0.064413321699	(21, 0.065820910024764201)
22	22,0.0319753124889	(22, 0.03197531248893698)
22	117,0.0340838992676	(22, 0.03197531248893698)
22	76,0.0371618982776	(22, 0.03197531248893698)
22	139,0.0380662561687	(22, 0.03197531248893698)
22	46,0.0432434252904	(22, 0.03197531248893698)
22	132,0.0433082084771	(22, 0.03197531248893698)
22	3,0.0475276709585	(22, 0.03197531248893698)
22	18,0.049320413447	(22, 0.03197531248893698)
22	63,0.0499626159363	(22, 0.03197531248893698)
22	121,0.0515097763258	(22, 0.03197531248893698)
23	23,0.0182678274011	(23, 0.018267827401067051)
23	61,0.0262090771457	(23, 0.018267827401067051)
23	26,0.0590954874401	(23, 0.018267827401067051)
23	121,0.0646504137695	(23, 0.018267827401067051)
23	78,0.0723756070371	(23, 0.018267827401067051)
23	162,0.0761997007028	(23, 0.018267827401067051)
23	63,0.0785823053279	(23, 0.018267827401067051)
23	76,0.080965081595	(23, 0.018267827401067051)
23	70,0.0896697632521	(23, 0.018267827401067051)
23	147,0.0896886656229	(23, 0.018267827401067051)
24	24,0.0353738303148	(24, 0.035373830314825182)
24	107,0.0817820217389	(24, 0.035373830314825182)
24	27,0.0883685901996	(24, 0.035373830314825182)
24	61,0.0993859626997	(24, 0.035373830314825182)
24	158,0.102766988461	(24, 0.035373830314825182)
24	50,0.108303292308	(24, 0.035373830314825182)
24	135,0.108310850097	(24, 0.035373830314825182)
24	73,0.113416622065	(24, 0.035373830314825182)
24	22,0.114689578714	(24, 0.035373830314825182)
24	23,0.1154925475	(24, 0.035373830314825182)
25	69,0.0359623534146	(25, 0.048364013296346799)
25	25,0.0483640132963	(25, 0.048364013296346799)
25	40,0.0498136969479	(25, 0.048364013296346799)
25	4,0.0614696889228	(25, 0.048364013296346799)
25	15,0.0623314764899	(25, 0.048364013296346799)
25	148,0.0735916576528	(25, 0.048364013296346799)
25	79,0.0810434037202	(25, 0.048364013296346799)
25	154,0.0922479486361	(25, 0.048364013296346799)
25	34,0.094628504638	(25, 0.048364013296346799)
25	120,0.0954660737923	(25, 0.048364013296346799)
26	76,0.0313899230288	(26, 0.077866760216867947)
26	18,0.032555945155	(26, 0.077866760216867947)
26	63,0.0351979550089	(26, 0.077866760216867947)
26	121,0.0364608002673	(26, 0.077866760216867947)
26	22,0.0370352543057	(26, 0.077866760216867947)
26	147,0.0386694059704	(26, 0.077866760216867947)
26	132,0.0410186740243	(26, 0.077866760216867947)
26	151,0.0420675940402	(26, 0.077866760216867947)
26	3,0.0439651402371	(26, 0.077866760216867947)
26	117,0.0442148520336	(26, 0.077866760216867947)
27	78,0.0759540741944	(27, 0.091421847402715584)
27	170,0.0815913680405	(27, 0.091421847402715584)
27	73,0.0833625399687	(27, 0.091421847402715584)
27	61,0.0857075763715	(27, 0.091421847402715584)
27	26,0.0883121525832	(27, 0.091421847402715584)
27	121,0.0888788915203	(27, 0.091421847402715584)
27	27,0.0914218474027	(27, 0.091421847402715584)
27	101,0.0928840665893	(27, 0.091421847402715584)
27	19,0.0951746260138	(27, 0.091421847402715584)
27	107,0.0998385252497	(27, 0.091421847402715584)
28	1,0.0602072285138	(28, 0.079173220201139385)
28	13,0.0675631747821	(28, 0.079173220201139385)
28	3,0.0768075142479	(28, 0.079173220201139385)
28	28,0.0791732202011	(28, 0.079173220201139385)
28	73,0.0803115029196	(28, 0.079173220201139385)
28	155,0.0934547588947	(28, 0.079173220201139385)
28	65,0.0936122347716	(28, 0.079173220201139385)
28	83,0.0946356125472	(28, 0.079173220201139385)
28	53,0.097737183741	(28, 0.079173220201139385)
28	114,0.100320803747	(28, 0.079173220201139385)
29	29,0.0385960068037	(29, 0.038596006803707214)
29	77,0.0453399107127	(29, 0.038596006803707214)
29	71,0.0613650594506	(29, 0.038596006803707214)
29	135,0.0629422367997	(29, 0.038596006803707214)
29	73,0.0675196674378	(29, 0.038596006803707214)
29	13,0.0704252050768	(29, 0.038596006803707214)
29	172,0.0759162647024	(29, 0.038596006803707214)
29	1,0.076643524206	(29, 0.038596006803707214)
29	11,0.0774690025726	(29, 0.038596006803707214)
29	3,0.0785027531195	(29, 0.038596006803707214)
30	30,0.101878101047	(30, 0.10187810104683961)
30	91,0.124216488042	(30, 0.10187810104683961)
30	103,0.12943640991	(30, 0.10187810104683961)
30	28,0.137853888936	(30, 0.10187810104683961)
30	1,0.152331639635	(30, 0.10187810104683961)
30	95,0.157553827166	(30, 0.10187810104683961)
30	153,0.159844217334	(30, 0.10187810104683961)
30	102,0.166845863879	(30, 0.10187810104683961)
30	53,0.174408580164	(30, 0.10187810104683961)
30	39,0.180750358359	(30, 0.10187810104683961)
31	166,0.09610567614	(31, 0.11661517756824159)
31	31,0.116615177568	(31, 0.11661517756824159)
31	72,0.123104168681	(31, 0.11661517756824159)
31	116,0.132808035321	(31, 0.11661517756824159)
31	144,0.150616397548	(31, 0.11661517756824159)
31	131,0.156474019241	(31, 0.11661517756824159)
31	69,0.157754684203	(31, 0.11661517756824159)
31	123,0.160015014339	(31, 0.11661517756824159)
31	104,0.163673723268	(31, 0.11661517756824159)
31	124,0.171283317105	(31, 0.11661517756824159)
32	156,0.0822519587317	(32, 0.08320377347367082)
32	32,0.0832037734737	(32, 0.08320377347367082)
32	27,0.0973575452362	(32, 0.08320377347367082)
32	50,0.125807514137	(32, 0.08320377347367082)
32	73,0.130923297717	(32, 0.08320377347367082)
32	164,0.13549200349	(32, 0.08320377347367082)
32	131,0.138110835375	(32, 0.08320377347367082)
32	107,0.143714103867	(32, 0.08320377347367082)
32	109,0.162864816946	(32, 0.08320377347367082)
32	144,0.164271986727	(32, 0.08320377347367082)
33	33,0.0587918543003	(33, 0.058791854300251738)
33	4,0.108134313048	(33, 0.058791854300251738)
33	69,0.12335105023	(33, 0.058791854300251738)
33	116,0.123829898334	(33, 0.058791854300251738)
33	106,0.124015977084	(33, 0.058791854300251738)
33	73,0.136988161077	(33, 0.058791854300251738)
33	28,0.137687772428	(33, 0.058791854300251738)
33	156,0.143787646336	(33, 0.058791854300251738)
33	93,0.149423328217	(33, 0.058791854300251738)
33	1,0.149501835604	(33, 0.058791854300251738)
34	15,0.0485001212596	(34, 0.12035480756624836)
34	69,0.0507830234511	(34, 0.12035480756624836)
34	17,0.0514553245183	(34, 0.12035480756624836)
34	40,0.0569913302305	(34, 0.12035480756624836)
34	172,0.0618144595252	(34, 0.12035480756624836)
34	148,0.0645881081636	(34, 0.12035480756624836)
34	120,0.0649616857073	(34, 0.12035480756624836)
34	4,0.0681603089767	(34, 0.12035480756624836)
34	174,0.0687531428841	(34, 0.12035480756624836)
34	56,0.07752661823	(34, 0.12035480756624836)
35	35,0.0304928183032	(35, 0.030492818303174352)
35	88,0.0494983022048	(35, 0.030492818303174352)
35	18,0.0496757443313	(35, 0.030492818303174352)
35	22,0.0694776987967	(35, 0.030492818303174352)
35	12,0.0749450791063	(35, 0.030492818303174352)
35	139,0.075980329453	(35, 0.030492818303174352)
35	121,0.0795027884838	(35, 0.030492818303174352)
35	61,0.0802640394005	(35, 0.030492818303174352)
35	158,0.0808078871332	(35, 0.030492818303174352)
35	38,0.0811424677778	(35, 0.030492818303174352)
36	76,0.0264754575709	(36, 0.036297068812785403)
36	18,0.0283484657122	(36, 0.036297068812785403)
36	147,0.0292572997711	(36, 0.036297068812785403)
36	46,0.030992257241	(36, 0.036297068812785403)
36	36,0.0362970688128	(36, 0.036297068812785403)
36	63,0.0435117685113	(36, 0.036297068812785403)
36	171,0.0441227192949	(36, 0.036297068812785403)
36	22,0.0494497752613	(36, 0.036297068812785403)
36	88,0.0513686417302	(36, 0.036297068812785403)
36	35,0.0521633629727	(36, 0.036297068812785403)
37	37,0.0369453907153	(37, 0.036945390715311686)
37	3,0.0422292418169	(37, 0.036945390715311686)
37	77,0.0440123017804	(37, 0.036945390715311686)
37	100,0.049902383889	(37, 0.036945390715311686)
37	11,0.0504190489489	(37, 0.036945390715311686)
37	136,0.0590203983059	(37, 0.036945390715311686)
37	63,0.0611833252765	(37, 0.036945390715311686)
37	90,0.061740895497	(37, 0.036945390715311686)
37	21,0.0665657397433	(37, 0.036945390715311686)
37	17,0.0666149304105	(37, 0.036945390715311686)
38	38,0.0272340972565	(38, 0.027234097256542751)
38	12,0.0640859607868	(38, 0.027234097256542751)
38	14,0.0740859911513	(38, 0.027234097256542751)
38	55,0.0773621474346	(38, 0.027234097256542751)
38	105,0.105439071499	(38, 0.027234097256542751)
38	50,0.106345288839	(38, 0.027234097256542751)
38	159,0.106580351264	(38, 0.027234097256542751)
38	43,0.106635886637	(38, 0.027234097256542751)
38	128,0.107169473644	(38, 0.027234097256542751)
38	24,0.109288520906	(38, 0.027234097256542751)
39	39,0.0585044626003	(39, 0.058504462600277397)
39	27,0.138080700787	(39, 0.058504462600277397)
39	51,0.144252795461	(39, 0.058504462600277397)
39	101,0.152950072313	(39, 0.058504462600277397)
39	156,0.153351793556	(39, 0.058504462600277397)
39	107,0.155235338153	(39, 0.058504462600277397)
39	99,0.156638802567	(39, 0.058504462600277397)
39	169,0.157458612996	(39, 0.058504462600277397)
39	84,0.162206869543	(39, 0.058504462600277397)
39	95,0.169867034531	(39, 0.058504462600277397)
40	40,0.0335332475552	(40, 0.033533247555246087)
40	79,0.0491770284754	(40, 0.033533247555246087)
40	172,0.0525481941327	(40, 0.033533247555246087)
40	4,0.0553090870555	(40, 0.033533247555246087)
40	69,0.0592517032527	(40, 0.033533247555246087)
40	25,0.0596891204675	(40, 0.033533247555246087)
40	148,0.0602889540563	(40, 0.033533247555246087)
40	17,0.0619169993164	(40, 0.033533247555246087)
40	77,0.0715844875813	(40, 0.033533247555246087)
40	49,0.0723949929829	(40, 0.033533247555246087)
41	41,0.0490534462839	(41, 0.049053446283921408)
41	155,0.0646945004481	(41, 0.049053446283921408)
41	91,0.10118614973	(41, 0.049053446283921408)
41	1,0.107510888989	(41, 0.049053446283921408)
41	20,0.124226990536	(41, 0.049053446283921408)
41	124,0.128198517244	(41, 0.049053446283921408)
41	102,0.139118247411	(41, 0.049053446283921408)
41	53,0.139424926083	(41, 0.049053446283921408)
41	28,0.14559319392	(41, 0.049053446283921408)
41	101,0.150372629439	(41, 0.049053446283921408)
42	163,0.119658076216	(42, 0.233133337687321)
42	69,0.152027620488	(42, 0.233133337687321)
42	28,0.154450525807	(42, 0.233133337687321)
42	118,0.164548556781	(42, 0.233133337687321)
42	53,0.167841904508	(42, 0.233133337687321)
42	34,0.169435499692	(42, 0.233133337687321)
42	140,0.178890883775	(42, 0.233133337687321)
42	97,0.184561700248	(42, 0.233133337687321)
42	65,0.18918238109	(42, 0.233133337687321)
42	33,0.190802458109	(42, 0.233133337687321)
43	12,0.0407999955287	(43, 0.093699032004701616)
43	22,0.0436300634938	(43, 0.093699032004701616)
43	121,0.0535778627405	(43, 0.093699032004701616)
43	128,0.0541459494483	(43, 0.093699032004701616)
43	18,0.0566661161888	(43, 0.093699032004701616)
43	50,0.0582687438439	(43, 0.093699032004701616)
43	78,0.0603965893463	(43, 0.093699032004701616)
43	158,0.0605397037457	(43, 0.093699032004701616)
43	61,0.0613623101882	(43, 0.093699032004701616)
43	76,0.0614855826197	(43, 0.093699032004701616)
44	116,0.066366035114	(44, 0.26634089053016696)
44	93,0.0714236546186	(44, 0.26634089053016696)
44	109,0.0769278252602	(44, 0.26634089053016696)
44	123,0.0903764879759	(44, 0.26634089053016696)
44	124,0.096797835102	(44, 0.26634089053016696)
44	159,0.0975772569987	(44, 0.26634089053016696)
44	73,0.104598258795	(44, 0.26634089053016696)
44	84,0.107313403586	(44, 0.26634089053016696)
44	144,0.109938153869	(44, 0.26634089053016696)
44	115,0.113474823688	(44, 0.26634089053016696)
45	45,0.0748816324828	(45, 0.074881632482775323)
45	130,0.135022599957	(45, 0.074881632482775323)
45	94,0.136034285979	(45, 0.074881632482775323)
45	34,0.179871187415	(45, 0.074881632482775323)
45	133,0.186997916603	(45, 0.074881632482775323)
45	98,0.20971925811	(45, 0.074881632482775323)
45	15,0.210986295207	(45, 0.074881632482775323)
45	113,0.214298996959	(45, 0.074881632482775323)
45	25,0.215039492915	(45, 0.074881632482775323)
45	129,0.219299252477	(45, 0.074881632482775323)
46	46,0.0184356329666	(46, 0.018435632966627376)
46	36,0.0293472139709	(46, 0.018435632966627376)
46	137,0.035137044792	(46, 0.018435632966627376)
46	171,0.0385467267941	(46, 0.018435632966627376)
46	76,0.044437553869	(46, 0.018435632966627376)
46	146,0.0536417500592	(46, 0.018435632966627376)
46	147,0.0545433698284	(46, 0.018435632966627376)
46	6,0.058910662846	(46, 0.018435632966627376)
46	63,0.0593821927843	(46, 0.018435632966627376)
46	139,0.060824151387	(46, 0.018435632966627376)
47	99,0.133774803181	(47, 0.14607771788008647)
47	10,0.135641680834	(47, 0.14607771788008647)
47	47,0.14607771788	(47, 0.14607771788008647)
47	27,0.148457802186	(47, 0.14607771788008647)
47	19,0.154451821371	(47, 0.14607771788008647)
47	43,0.172946178735	(47, 0.14607771788008647)
47	84,0.174445134872	(47, 0.14607771788008647)
47	138,0.184949497908	(47, 0.14607771788008647)
47	0,0.201214209147	(47, 0.14607771788008647)
47	173,0.207379748818	(47, 0.14607771788008647)
48	56,0.0618904660939	(48, 0.084047835358362619)
48	120,0.0623436019785	(48, 0.084047835358362619)
48	69,0.0809847479476	(48, 0.084047835358362619)
48	174,0.0825558090169	(48, 0.084047835358362619)
48	48,0.0840478353584	(48, 0.084047835358362619)
48	97,0.0869777612988	(48, 0.084047835358362619)
48	40,0.0893014173677	(48, 0.084047835358362619)
48	4,0.102439167792	(48, 0.084047835358362619)
48	172,0.108549935275	(48, 0.084047835358362619)
48	154,0.112346795741	(48, 0.084047835358362619)
49	49,0.0480771665896	(49, 0.048077166589631203)
49	59,0.057083991814	(49, 0.048077166589631203)
49	98,0.0643500583888	(49, 0.048077166589631203)
49	77,0.0661377299013	(49, 0.048077166589631203)
49	100,0.0738329595158	(49, 0.048077166589631203)
49	172,0.0793787007091	(49, 0.048077166589631203)
49	15,0.0813027618807	(49, 0.048077166589631203)
49	17,0.0888830983611	(49, 0.048077166589631203)
49	83,0.091904054083	(49, 0.048077166589631203)
49	37,0.103254218923	(49, 0.048077166589631203)
50	50,0.0279676015993	(50, 0.027967601599330569)
50	12,0.0708980547314	(50, 0.027967601599330569)
50	107,0.0780072842735	(50, 0.027967601599330569)
50	171,0.0833829890091	(50, 0.027967601599330569)
50	158,0.0881224294667	(50, 0.027967601599330569)
50	128,0.0928130440323	(50, 0.027967601599330569)
50	22,0.0935302458542	(50, 0.027967601599330569)
50	76,0.0944885968013	(50, 0.027967601599330569)
50	38,0.102964894981	(50, 0.027967601599330569)
50	46,0.107721048646	(50, 0.027967601599330569)
51	124,0.0391573849477	(51, 0.21464869880757198)
51	73,0.0758902536782	(51, 0.21464869880757198)
51	155,0.0854653897574	(51, 0.21464869880757198)
51	53,0.0882159983389	(51, 0.21464869880757198)
51	157,0.0891161577874	(51, 0.21464869880757198)
51	93,0.0941651560895	(51, 0.21464869880757198)
51	28,0.105485627832	(51, 0.21464869880757198)
51	116,0.108586371103	(51, 0.21464869880757198)
51	104,0.11710154046	(51, 0.21464869880757198)
51	41,0.119504679185	(51, 0.21464869880757198)
52	44,0.0707904972843	(52, 0.28135178431217434)
52	53,0.0745013455624	(52, 0.28135178431217434)
52	155,0.0812319233234	(52, 0.28135178431217434)
52	161,0.0892901605549	(52, 0.28135178431217434)
52	163,0.0933890175951	(52, 0.28135178431217434)
52	65,0.0937854764143	(52, 0.28135178431217434)
52	13,0.0956960194722	(52, 0.28135178431217434)
52	124,0.100654258639	(52, 0.28135178431217434)
52	4,0.102458168395	(52, 0.28135178431217434)
52	11,0.116054511888	(52, 0.28135178431217434)
53	65,0.0528925864369	(53, 0.069143266453008057)
53	53,0.069143266453	(53, 0.069143266453008057)
53	44,0.081662272645	(53, 0.069143266453008057)
53	120,0.0840329697063	(53, 0.069143266453008057)
53	155,0.0842171935946	(53, 0.069143266453008057)
53	161,0.0868683676931	(53, 0.069143266453008057)
53	114,0.103943462355	(53, 0.069143266453008057)
53	34,0.104506340427	(53, 0.069143266453008057)
53	163,0.106185123937	(53, 0.069143266453008057)
53	13,0.109642626724	(53, 0.069143266453008057)
54	136,0.0308492785454	(54, 0.055263569193574134)
54	54,0.0552635691936	(54, 0.055263569193574134)
54	3,0.0556906615651	(54, 0.055263569193574134)
54	162,0.0575023452194	(54, 0.055263569193574134)
54	11,0.0578205070766	(54, 0.055263569193574134)
54	137,0.0604780562654	(54, 0.055263569193574134)
54	71,0.0629217551122	(54, 0.055263569193574134)
54	63,0.0638921596237	(54, 0.055263569193574134)
54	17,0.06399876074	(54, 0.055263569193574134)
54	37,0.0652256356141	(54, 0.055263569193574134)
55	12,0.0455715229718	(55, 0.058568383257588057)
55	159,0.0515463761993	(55, 0.058568383257588057)
55	55,0.0585683832576	(55, 0.058568383257588057)
55	38,0.0616802875608	(55, 0.058568383257588057)
55	152,0.0668375341261	(55, 0.058568383257588057)
55	18,0.0672675666829	(55, 0.058568383257588057)
55	121,0.0681450999544	(55, 0.058568383257588057)
55	128,0.0697940286078	(55, 0.058568383257588057)
55	151,0.0745343054923	(55, 0.058568383257588057)
55	134,0.0752421355493	(55, 0.058568383257588057)
56	56,0.0414933795215	(56, 0.041493379521513725)
56	15,0.0609905813678	(56, 0.041493379521513725)
56	120,0.0611264272437	(56, 0.041493379521513725)
56	174,0.0897334694157	(56, 0.041493379521513725)
56	2,0.107176058686	(56, 0.041493379521513725)
56	113,0.110884910984	(56, 0.041493379521513725)
56	69,0.111351202661	(56, 0.041493379521513725)
56	17,0.118229742366	(56, 0.041493379521513725)
56	48,0.125577130899	(56, 0.041493379521513725)
56	4,0.125690698766	(56, 0.041493379521513725)
57	57,0.0714327681488	(57, 0.071432768148787601)
57	122,0.159452441598	(57, 0.071432768148787601)
57	15,0.186906082404	(57, 0.071432768148787601)
57	174,0.193784461272	(57, 0.071432768148787601)
57	56,0.215389446808	(57, 0.071432768148787601)
57	59,0.234899599794	(57, 0.071432768148787601)
57	2,0.24474973019	(57, 0.071432768148787601)
57	108,0.258937576426	(57, 0.071432768148787601)
57	120,0.262021405345	(57, 0.071432768148787601)
57	113,0.263110242407	(57, 0.071432768148787601)
58	24,0.0562578535051	(58, 0.24914222924887552)
58	107,0.0779196034338	(58, 0.24914222924887552)
58	27,0.0831690689983	(58, 0.24914222924887552)
58	50,0.0875703938319	(58, 0.24914222924887552)
58	61,0.0990136021186	(58, 0.24914222924887552)
58	158,0.10596679277	(58, 0.24914222924887552)
58	43,0.108153561074	(58, 0.24914222924887552)
58	38,0.113007614673	(58, 0.24914222924887552)
58	105,0.114774125608	(58, 0.24914222924887552)
58	12,0.117389214729	(58, 0.24914222924887552)
59	15,0.129431443128	(59, 0.16503821226005139)
59	83,0.133596470846	(59, 0.16503821226005139)
59	113,0.137824454634	(59, 0.16503821226005139)
59	94,0.138043101324	(59, 0.16503821226005139)
59	65,0.148481633467	(59, 0.16503821226005139)
59	130,0.151788875163	(59, 0.16503821226005139)
59	59,0.16503821226	(59, 0.16503821226005139)
59	98,0.165782941204	(59, 0.16503821226005139)
59	44,0.169196488108	(59, 0.16503821226005139)
59	120,0.17031315627	(59, 0.16503821226005139)
60	40,0.047084147156	(60, 0.047897965796702822)
60	60,0.0478979657967	(60, 0.047897965796702822)
60	69,0.0503234778113	(60, 0.047897965796702822)
60	79,0.0663810866609	(60, 0.047897965796702822)
60	25,0.0727528613654	(60, 0.047897965796702822)
60	4,0.0777403913787	(60, 0.047897965796702822)
60	15,0.0864477285794	(60, 0.047897965796702822)
60	172,0.0881699471277	(60, 0.047897965796702822)
60	34,0.0916911391088	(60, 0.047897965796702822)
60	148,0.097736681295	(60, 0.047897965796702822)
61	61,0.0332466786272	(61, 0.033246678627197553)
61	23,0.034830161671	(61, 0.033246678627197553)
61	26,0.0446314850918	(61, 0.033246678627197553)
61	121,0.0469359625627	(61, 0.033246678627197553)
61	162,0.0498911196372	(61, 0.033246678627197553)
61	63,0.0533373094118	(61, 0.033246678627197553)
61	76,0.0568188431145	(61, 0.033246678627197553)
61	147,0.058373342143	(61, 0.033246678627197553)
61	78,0.0593531061888	(61, 0.033246678627197553)
61	3,0.0648139170809	(61, 0.033246678627197553)
62	26,0.057856374415	(62, 0.077199626277627553)
62	78,0.0599055702825	(62, 0.077199626277627553)
62	107,0.0677383100032	(62, 0.077199626277627553)
62	73,0.0735353907448	(62, 0.077199626277627553)
62	62,0.0771996262776	(62, 0.077199626277627553)
62	61,0.078123182814	(62, 0.077199626277627553)
62	158,0.086695830566	(62, 0.077199626277627553)
62	22,0.0948215772895	(62, 0.077199626277627553)
62	139,0.0957826883518	(62, 0.077199626277627553)
62	121,0.096384104361	(62, 0.077199626277627553)
63	3,0.0332833600631	(63, 0.042335707247493956)
63	11,0.0377038278451	(63, 0.042335707247493956)
63	63,0.0423357072475	(63, 0.042335707247493956)
63	162,0.0448715363257	(63, 0.042335707247493956)
63	77,0.0457163081495	(63, 0.042335707247493956)
63	37,0.0505665535332	(63, 0.042335707247493956)
63	71,0.054122178956	(63, 0.042335707247493956)
63	136,0.0544632379579	(63, 0.042335707247493956)
63	70,0.0550990312314	(63, 0.042335707247493956)
63	147,0.0585219588294	(63, 0.042335707247493956)
64	64,0.176050284717	(64, 0.17605028471713943)
64	45,0.26384948728	(64, 0.17605028471713943)
64	130,0.26520446419	(64, 0.17605028471713943)
64	118,0.280262686362	(64, 0.17605028471713943)
64	133,0.323052354457	(64, 0.17605028471713943)
64	33,0.323053014476	(64, 0.17605028471713943)
64	34,0.36015967216	(64, 0.17605028471713943)
64	113,0.372702304438	(64, 0.17605028471713943)
64	94,0.408095022815	(64, 0.17605028471713943)
64	15,0.422755659024	(64, 0.17605028471713943)
65	65,0.0446453745553	(65, 0.044645374555318945)
65	161,0.0530378536758	(65, 0.044645374555318945)
65	83,0.0576303040966	(65, 0.044645374555318945)
65	68,0.0656482012797	(65, 0.044645374555318945)
65	155,0.0741887243664	(65, 0.044645374555318945)
65	59,0.0810493334903	(65, 0.044645374555318945)
65	1,0.0854411709232	(65, 0.044645374555318945)
65	71,0.0887088700964	(65, 0.044645374555318945)
65	100,0.0962761870879	(65, 0.044645374555318945)
65	13,0.0973840406258	(65, 0.044645374555318945)
66	66,0.146811463209	(66, 0.14681146320881486)
66	130,0.327446104383	(66, 0.14681146320881486)
66	133,0.357463747519	(66, 0.14681146320881486)
66	140,0.372404848009	(66, 0.14681146320881486)
66	118,0.383109099337	(66, 0.14681146320881486)
66	33,0.404660322147	(66, 0.14681146320881486)
66	91,0.411631219955	(66, 0.14681146320881486)
66	141,0.432300643963	(66, 0.14681146320881486)
66	169,0.451369246495	(66, 0.14681146320881486)
66	149,0.476905925397	(66, 0.14681146320881486)
67	67,0.116993989872	(67, 0.11699398987154576)
67	169,0.130346712295	(67, 0.11699398987154576)
67	84,0.133937241296	(67, 0.11699398987154576)
67	93,0.141536751907	(67, 0.11699398987154576)
67	28,0.153436867379	(67, 0.11699398987154576)
67	149,0.156771916694	(67, 0.11699398987154576)
67	116,0.158415750533	(67, 0.11699398987154576)
67	140,0.158996172865	(67, 0.11699398987154576)
67	131,0.159946202544	(67, 0.11699398987154576)
67	109,0.163601994666	(67, 0.11699398987154576)
68	68,0.0375102190108	(68, 0.037510219010759065)
68	23,0.0756019950471	(68, 0.037510219010759065)
68	70,0.0759896310048	(68, 0.037510219010759065)
68	61,0.0799599722431	(68, 0.037510219010759065)
68	63,0.0914705661628	(68, 0.037510219010759065)
68	162,0.0930481766649	(68, 0.037510219010759065)
68	26,0.0936295610479	(68, 0.037510219010759065)
68	77,0.0956641754108	(68, 0.037510219010759065)
68	71,0.100457697089	(68, 0.037510219010759065)
68	135,0.101231969636	(68, 0.037510219010759065)
69	15,0.162245731798	(69, 0.17511418898481268)
69	48,0.17403400385	(69, 0.17511418898481268)
69	122,0.174886060633	(69, 0.17511418898481268)
69	69,0.175114188985	(69, 0.17511418898481268)
69	174,0.175266979446	(69, 0.17511418898481268)
69	56,0.185584858666	(69, 0.17511418898481268)
69	154,0.193230424665	(69, 0.17511418898481268)
69	4,0.196605482408	(69, 0.17511418898481268)
69	2,0.197458372811	(69, 0.17511418898481268)
69	33,0.202019220294	(69, 0.17511418898481268)
70	70,0.0475048350441	(70, 0.047504835044135184)
70	3,0.0513297606104	(70, 0.047504835044135184)
70	77,0.0531005927546	(70, 0.047504835044135184)
70	121,0.0531160708521	(70, 0.047504835044135184)
70	117,0.0548045724589	(70, 0.047504835044135184)
70	132,0.0605638055413	(70, 0.047504835044135184)
70	63,0.061377648972	(70, 0.047504835044135184)
70	88,0.0620899138518	(70, 0.047504835044135184)
70	11,0.0628893845093	(70, 0.047504835044135184)
70	139,0.0641878130913	(70, 0.047504835044135184)
71	91,0.102093646275	(71, 0.26687104286821201)
71	133,0.128048371115	(71, 0.26687104286821201)
71	101,0.149439274939	(71, 0.26687104286821201)
71	41,0.150830381711	(71, 0.26687104286821201)
71	28,0.156604968593	(71, 0.26687104286821201)
71	155,0.163057958979	(71, 0.26687104286821201)
71	1,0.171548925735	(71, 0.26687104286821201)
71	53,0.174304394565	(71, 0.26687104286821201)
71	102,0.174905715093	(71, 0.26687104286821201)
71	95,0.18454362315	(71, 0.26687104286821201)
72	174,0.0754350718445	(72, 0.45171999721174066)
72	17,0.0792859175086	(72, 0.45171999721174066)
72	172,0.0867625537834	(72, 0.45171999721174066)
72	148,0.0884428164807	(72, 0.45171999721174066)
72	143,0.0922004988887	(72, 0.45171999721174066)
72	100,0.110580241386	(72, 0.45171999721174066)
72	77,0.111836744525	(72, 0.45171999721174066)
72	4,0.114858524472	(72, 0.45171999721174066)
72	49,0.115975440256	(72, 0.45171999721174066)
72	40,0.118306704171	(72, 0.45171999721174066)
73	73,0.0442759275527	(73, 0.044275927552704195)
73	13,0.0601010945276	(73, 0.044275927552704195)
73	157,0.0694400882289	(73, 0.044275927552704195)
73	124,0.0735289714778	(73, 0.044275927552704195)
73	93,0.0812968971064	(73, 0.044275927552704195)
73	53,0.0894596645369	(73, 0.044275927552704195)
73	109,0.094539487223	(73, 0.044275927552704195)
73	116,0.0992630076635	(73, 0.044275927552704195)
73	144,0.109069301179	(73, 0.044275927552704195)
73	27,0.112159031465	(73, 0.044275927552704195)
74	17,0.0300895662672	(74, 0.034724020929912607)
74	74,0.0347240209299	(74, 0.034724020929912607)
74	136,0.0363058562688	(74, 0.034724020929912607)
74	100,0.0464400003749	(74, 0.034724020929912607)
74	127,0.0485756165904	(74, 0.034724020929912607)
74	37,0.0541988245827	(74, 0.034724020929912607)
74	77,0.0548082913501	(74, 0.034724020929912607)
74	90,0.0579756456496	(74, 0.034724020929912607)
74	59,0.0717503756719	(74, 0.034724020929912607)
74	49,0.0737288431651	(74, 0.034724020929912607)
75	167,0.255162133524	(75, 0.2650452490802731)
75	75,0.26504524908	(75, 0.2650452490802731)
75	80,0.379323576424	(75, 0.2650452490802731)
75	47,0.379396633739	(75, 0.2650452490802731)
75	10,0.407862868325	(75, 0.2650452490802731)
75	99,0.427412044385	(75, 0.2650452490802731)
75	67,0.445203417938	(75, 0.2650452490802731)
75	84,0.451177353998	(75, 0.2650452490802731)
75	138,0.457512412015	(75, 0.2650452490802731)
75	169,0.459863911939	(75, 0.2650452490802731)
76	76,0.0217414924476	(76, 0.021741492447565246)
76	147,0.0246804201891	(76, 0.021741492447565246)
76	63,0.0288783696846	(76, 0.021741492447565246)
76	137,0.0307186407075	(76, 0.021741492447565246)
76	171,0.0360235076653	(76, 0.021741492447565246)
76	22,0.0439375322951	(76, 0.021741492447565246)
76	3,0.0444548792052	(76, 0.021741492447565246)
76	46,0.0445986253522	(76, 0.021741492447565246)
76	18,0.0451967030115	(76, 0.021741492447565246)
76	36,0.0502273019767	(76, 0.021741492447565246)
77	162,0.0313875089001	(77, 0.03736912100255662)
77	136,0.034522172636	(77, 0.03736912100255662)
77	77,0.0373691210026	(77, 0.03736912100255662)
77	3,0.0377170797352	(77, 0.03736912100255662)
77	137,0.0391913887014	(77, 0.03736912100255662)
77	90,0.0392479144223	(77, 0.03736912100255662)
77	63,0.0397911875414	(77, 0.03736912100255662)
77	11,0.0406925898241	(77, 0.03736912100255662)
77	147,0.0426442444652	(77, 0.03736912100255662)
77	74,0.0491619213589	(77, 0.03736912100255662)
78	151,0.0281163804382	(78, 0.046766171541994091)
78	76,0.0312380316444	(78, 0.046766171541994091)
78	63,0.0324464930593	(78, 0.046766171541994091)
78	22,0.0381945021945	(78, 0.046766171541994091)
78	132,0.0390133480724	(78, 0.046766171541994091)
78	18,0.0398058472149	(78, 0.046766171541994091)
78	121,0.0399005041012	(78, 0.046766171541994091)
78	147,0.0424093065728	(78, 0.046766171541994091)
78	23,0.0461994575581	(78, 0.046766171541994091)
78	78,0.046766171542	(78, 0.046766171541994091)
79	79,0.0289318393915	(79, 0.028931839391465344)
79	69,0.0352332021608	(79, 0.028931839391465344)
79	4,0.0355418634874	(79, 0.028931839391465344)
79	40,0.0523603474002	(79, 0.028931839391465344)
79	25,0.0661165734687	(79, 0.028931839391465344)
79	34,0.0743976378936	(79, 0.028931839391465344)
79	56,0.0785631451931	(79, 0.028931839391465344)
79	148,0.0839116842309	(79, 0.028931839391465344)
79	17,0.0868168566037	(79, 0.028931839391465344)
79	60,0.0919683902972	(79, 0.028931839391465344)
80	80,0.133009187052	(80, 0.13300918705189152)
80	51,0.141524804856	(80, 0.13300918705189152)
80	167,0.196580150197	(80, 0.13300918705189152)
80	32,0.23952364494	(80, 0.13300918705189152)
80	39,0.311943822629	(80, 0.13300918705189152)
80	169,0.330727101194	(80, 0.13300918705189152)
80	160,0.333072376588	(80, 0.13300918705189152)
80	27,0.3348040478	(80, 0.13300918705189152)
80	165,0.350071287514	(80, 0.13300918705189152)
80	58,0.352979459644	(80, 0.13300918705189152)
81	81,0.0326048183831	(81, 0.032604818383079555)
81	3,0.0461695868521	(81, 0.032604818383079555)
81	132,0.0539028661933	(81, 0.032604818383079555)
81	121,0.0565329348248	(81, 0.032604818383079555)
81	117,0.058132231413	(81, 0.032604818383079555)
81	11,0.0583967309217	(81, 0.032604818383079555)
81	22,0.0585082334414	(81, 0.032604818383079555)
81	77,0.0607258352125	(81, 0.032604818383079555)
81	12,0.0626894283825	(81, 0.032604818383079555)
81	151,0.062846278011	(81, 0.032604818383079555)
82	27,0.0977327373957	(82, 0.16131342102575111)
82	107,0.105065932611	(82, 0.16131342102575111)
82	24,0.107770355138	(82, 0.16131342102575111)
82	38,0.108620778446	(82, 0.16131342102575111)
82	12,0.119465692469	(82, 0.16131342102575111)
82	50,0.119640569134	(82, 0.16131342102575111)
82	105,0.120323263468	(82, 0.16131342102575111)
82	73,0.125279821813	(82, 0.16131342102575111)
82	164,0.128871730606	(82, 0.16131342102575111)
82	43,0.131863527295	(82, 0.16131342102575111)
83	13,0.0463317601658	(83, 0.06704898891090641)
83	17,0.0598778081173	(83, 0.06704898891090641)
83	161,0.0606767026999	(83, 0.06704898891090641)
83	155,0.0632506049761	(83, 0.06704898891090641)
83	65,0.0635490124996	(83, 0.06704898891090641)
83	71,0.0640268626738	(83, 0.06704898891090641)
83	11,0.0666411463761	(83, 0.06704898891090641)
83	83,0.0670489889109	(83, 0.06704898891090641)
83	136,0.0679370380686	(83, 0.06704898891090641)
83	3,0.0687640804384	(83, 0.06704898891090641)
84	84,0.178467667217	(84, 0.17846766721682558)
84	67,0.180550347994	(84, 0.17846766721682558)
84	166,0.184757601249	(84, 0.17846766721682558)
84	169,0.20803105139	(84, 0.17846766721682558)
84	99,0.230475702407	(84, 0.17846766721682558)
84	140,0.244939965769	(84, 0.17846766721682558)
84	144,0.263180667416	(84, 0.17846766721682558)
84	156,0.272463993173	(84, 0.17846766721682558)
84	109,0.274021644576	(84, 0.17846766721682558)
84	149,0.278993481238	(84, 0.17846766721682558)
85	67,0.139529184158	(85, 0.22054815488150384)
85	85,0.220548154882	(85, 0.22054815488150384)
85	140,0.220691688154	(85, 0.22054815488150384)
85	166,0.255838092165	(85, 0.22054815488150384)
85	84,0.266629389097	(85, 0.22054815488150384)
85	149,0.268548677177	(85, 0.22054815488150384)
85	169,0.294383938506	(85, 0.22054815488150384)
85	144,0.30140333126	(85, 0.22054815488150384)
85	93,0.31940545942	(85, 0.22054815488150384)
85	99,0.328417054619	(85, 0.22054815488150384)
86	86,0.0325880930287	(86, 0.032588093028710331)
86	137,0.0414300513021	(86, 0.032588093028710331)
86	162,0.0476252265639	(86, 0.032588093028710331)
86	3,0.0497958136729	(86, 0.032588093028710331)
86	11,0.0504751891191	(86, 0.032588093028710331)
86	150,0.0516844840859	(86, 0.032588093028710331)
86	117,0.0523929820065	(86, 0.032588093028710331)
86	12,0.0541833317399	(86, 0.032588093028710331)
86	171,0.0548159588695	(86, 0.032588093028710331)
86	18,0.0554823447845	(86, 0.032588093028710331)
87	121,0.0546683358582	(87, 0.15105229082220645)
87	1,0.0589061982562	(87, 0.15105229082220645)
87	78,0.0599091311604	(87, 0.15105229082220645)
87	26,0.0602573116633	(87, 0.15105229082220645)
87	11,0.0673606683782	(87, 0.15105229082220645)
87	71,0.0701404765441	(87, 0.15105229082220645)
87	23,0.0749173902157	(87, 0.15105229082220645)
87	61,0.0788024451147	(87, 0.15105229082220645)
87	22,0.0800386707071	(87, 0.15105229082220645)
87	155,0.0820287526028	(87, 0.15105229082220645)
88	18,0.0273458899753	(88, 0.045555646569880238)
88	76,0.0341293626188	(88, 0.045555646569880238)
88	147,0.0358570438825	(88, 0.045555646569880238)
88	22,0.0416926721262	(88, 0.045555646569880238)
88	63,0.0432524915619	(88, 0.045555646569880238)
88	46,0.043992591772	(88, 0.045555646569880238)
88	117,0.0441342946913	(88, 0.045555646569880238)
88	35,0.0455218832879	(88, 0.045555646569880238)
88	88,0.0455556465699	(88, 0.045555646569880238)
88	171,0.0472297150795	(88, 0.045555646569880238)
89	124,0.0502629709224	(89, 0.073130851437666761)
89	155,0.058363119872	(89, 0.073130851437666761)
89	1,0.0718396574201	(89, 0.073130851437666761)
89	53,0.0730870196991	(89, 0.073130851437666761)
89	89,0.0731308514377	(89, 0.073130851437666761)
89	73,0.0832872304315	(89, 0.073130851437666761)
89	71,0.0890737072643	(89, 0.073130851437666761)
89	20,0.0905526488492	(89, 0.073130851437666761)
89	11,0.0985119559359	(89, 0.073130851437666761)
89	13,0.103905198874	(89, 0.073130851437666761)
90	90,0.0252079119673	(90, 0.02520791196733263)
90	11,0.0466971006778	(90, 0.02520791196733263)
90	162,0.0469043543547	(90, 0.02520791196733263)
90	81,0.047554338007	(90, 0.02520791196733263)
90	137,0.047885248361	(90, 0.02520791196733263)
90	172,0.053148520437	(90, 0.02520791196733263)
90	96,0.0550279855281	(90, 0.02520791196733263)
90	37,0.0571968901092	(90, 0.02520791196733263)
90	3,0.0578048570232	(90, 0.02520791196733263)
90	136,0.0584666844244	(90, 0.02520791196733263)
91	133,0.0989155676763	(91, 0.15081499428480977)
91	91,0.150814994285	(91, 0.15081499428480977)
91	130,0.189701069988	(91, 0.15081499428480977)
91	103,0.257208243153	(91, 0.15081499428480977)
91	51,0.278888529906	(91, 0.15081499428480977)
91	34,0.289111207422	(91, 0.15081499428480977)
91	53,0.296574484651	(91, 0.15081499428480977)
91	102,0.300327949135	(91, 0.15081499428480977)
91	66,0.306520820053	(91, 0.15081499428480977)
91	114,0.310430685335	(91, 0.15081499428480977)
92	78,0.0464171123364	(92, 0.11985863197299268)
92	128,0.0648634013022	(92, 0.11985863197299268)
92	24,0.0692567642095	(92, 0.11985863197299268)
92	61,0.0697649347479	(92, 0.11985863197299268)
92	12,0.0724444894589	(92, 0.11985863197299268)
92	158,0.0741476789109	(92, 0.11985863197299268)
92	26,0.0833306318863	(92, 0.11985863197299268)
92	107,0.0903410109024	(92, 0.11985863197299268)
92	38,0.0920458139964	(92, 0.11985863197299268)
92	99,0.0938513524903	(92, 0.11985863197299268)
93	22,0.0420401283042	(93, 0.057187137752978942)
93	132,0.0470334737409	(93, 0.057187137752978942)
93	158,0.0551930509353	(93, 0.057187137752978942)
93	93,0.057187137753	(93, 0.057187137752978942)
93	76,0.0592995509546	(93, 0.057187137752978942)
93	128,0.059490807837	(93, 0.057187137752978942)
93	3,0.0618462394224	(93, 0.057187137752978942)
93	121,0.0623899642564	(93, 0.057187137752978942)
93	12,0.0629182892265	(93, 0.057187137752978942)
93	171,0.0644314600301	(93, 0.057187137752978942)
94	94,0.070096479727	(94, 0.070096479727030078)
94	83,0.122116300038	(94, 0.070096479727030078)
94	155,0.149043495255	(94, 0.070096479727030078)
94	59,0.156897257995	(94, 0.070096479727030078)
94	15,0.170277940159	(94, 0.070096479727030078)
94	161,0.183530372125	(94, 0.070096479727030078)
94	120,0.183552410198	(94, 0.070096479727030078)
94	98,0.188640324177	(94, 0.070096479727030078)
94	45,0.188948392622	(94, 0.070096479727030078)
94	65,0.193994932116	(94, 0.070096479727030078)
95	99,0.0723932947487	(95, 0.19033627513488374)
95	107,0.0732510302948	(95, 0.19033627513488374)
95	43,0.0920095468653	(95, 0.19033627513488374)
95	27,0.0923264497455	(95, 0.19033627513488374)
95	19,0.098734265009	(95, 0.19033627513488374)
95	128,0.103940792437	(95, 0.19033627513488374)
95	138,0.106204020377	(95, 0.19033627513488374)
95	78,0.106781678541	(95, 0.19033627513488374)
95	84,0.117333434705	(95, 0.19033627513488374)
95	50,0.120588734948	(95, 0.19033627513488374)
96	96,0.0389784733002	(96, 0.038978473300223367)
96	13,0.0589539357032	(96, 0.038978473300223367)
96	17,0.0603545669663	(96, 0.038978473300223367)
96	162,0.0635105462535	(96, 0.038978473300223367)
96	161,0.0658600343164	(96, 0.038978473300223367)
96	11,0.0658826418616	(96, 0.038978473300223367)
96	143,0.0768960334055	(96, 0.038978473300223367)
96	112,0.0826278649556	(96, 0.038978473300223367)
96	119,0.0846910967459	(96, 0.038978473300223367)
96	4,0.0872421991054	(96, 0.038978473300223367)
97	40,0.0465514570908	(97, 0.10415610301154628)
97	69,0.0482780823689	(97, 0.10415610301154628)
97	172,0.0487452883484	(97, 0.10415610301154628)
97	17,0.0509286744574	(97, 0.10415610301154628)
97	120,0.0519333374851	(97, 0.10415610301154628)
97	79,0.0739588375799	(97, 0.10415610301154628)
97	4,0.074506853522	(97, 0.10415610301154628)
97	3,0.0833132055622	(97, 0.10415610301154628)
97	56,0.0837450656823	(97, 0.10415610301154628)
97	37,0.0863046652635	(97, 0.10415610301154628)
98	98,0.0323718461903	(98, 0.032371846190280509)
98	40,0.0600812764272	(98, 0.032371846190280509)
98	15,0.06331508974	(98, 0.032371846190280509)
98	25,0.0722078613708	(98, 0.032371846190280509)
98	154,0.0810053050664	(98, 0.032371846190280509)
98	172,0.081034401634	(98, 0.032371846190280509)
98	49,0.085319201985	(98, 0.032371846190280509)
98	174,0.0946969133124	(98, 0.032371846190280509)
98	4,0.0976539023842	(98, 0.032371846190280509)
98	83,0.0983668120772	(98, 0.032371846190280509)
99	84,0.0691265246789	(99, 0.089010341344843827)
99	128,0.0760461842184	(99, 0.089010341344843827)
99	144,0.0760835733789	(99, 0.089010341344843827)
99	93,0.0828808661056	(99, 0.089010341344843827)
99	109,0.0834177817145	(99, 0.089010341344843827)
99	12,0.0839658345217	(99, 0.089010341344843827)
99	78,0.084390979324	(99, 0.089010341344843827)
99	159,0.0868320234566	(99, 0.089010341344843827)
99	73,0.0870458605643	(99, 0.089010341344843827)
99	99,0.0890103413448	(99, 0.089010341344843827)
100	100,0.0306994423924	(100, 0.030699442392356793)
100	77,0.0406479601709	(100, 0.030699442392356793)
100	37,0.0422414715639	(100, 0.030699442392356793)
100	74,0.0425598468994	(100, 0.030699442392356793)
100	136,0.0459288839695	(100, 0.030699442392356793)
100	21,0.048266363833	(100, 0.030699442392356793)
100	127,0.0482764175648	(100, 0.030699442392356793)
100	90,0.0520920681527	(100, 0.030699442392356793)
100	11,0.0520953732243	(100, 0.030699442392356793)
100	63,0.054639355342	(100, 0.030699442392356793)
101	73,0.0751440438659	(101, 0.079121714327655843)
101	1,0.0768461196831	(101, 0.079121714327655843)
101	101,0.0791217143277	(101, 0.079121714327655843)
101	13,0.087002501214	(101, 0.079121714327655843)
101	124,0.0873124216515	(101, 0.079121714327655843)
101	69,0.0925461727726	(101, 0.079121714327655843)
101	60,0.0937740660214	(101, 0.079121714327655843)
101	29,0.0948188462118	(101, 0.079121714327655843)
101	77,0.096628370428	(101, 0.079121714327655843)
101	71,0.101475057116	(101, 0.079121714327655843)
102	114,0.0946790689395	(102, 0.10770894750055243)
102	91,0.0954929920593	(102, 0.10770894750055243)
102	41,0.101038931724	(102, 0.10770894750055243)
102	102,0.107708947501	(102, 0.10770894750055243)
102	155,0.110841468762	(102, 0.10770894750055243)
102	1,0.111566500918	(102, 0.10770894750055243)
102	101,0.114153927237	(102, 0.10770894750055243)
102	53,0.127474512754	(102, 0.10770894750055243)
102	110,0.128201768238	(102, 0.10770894750055243)
102	103,0.128551077918	(102, 0.10770894750055243)
103	103,0.0679729115868	(103, 0.067972911586757223)
103	73,0.114381486233	(103, 0.067972911586757223)
103	91,0.124928016701	(103, 0.067972911586757223)
103	101,0.130157652103	(103, 0.067972911586757223)
103	39,0.147084889025	(103, 0.067972911586757223)
103	51,0.14731084654	(103, 0.067972911586757223)
103	30,0.148685089517	(103, 0.067972911586757223)
103	93,0.149129165257	(103, 0.067972911586757223)
103	95,0.149410708134	(103, 0.067972911586757223)
103	1,0.153209697453	(103, 0.067972911586757223)
104	124,0.04923534013	(104, 0.10055057779411318)
104	93,0.0714470023218	(104, 0.10055057779411318)
104	81,0.0768166383698	(104, 0.10055057779411318)
104	73,0.0810073256047	(104, 0.10055057779411318)
104	119,0.0815105348452	(104, 0.10055057779411318)
104	115,0.0833368867876	(104, 0.10055057779411318)
104	11,0.0851548884667	(104, 0.10055057779411318)
104	3,0.0944104983469	(104, 0.10055057779411318)
104	104,0.100550577794	(104, 0.10055057779411318)
104	13,0.106161299151	(104, 0.10055057779411318)
105	27,0.0889314259075	(105, 0.11361413159819948)
105	24,0.0924722047907	(105, 0.11361413159819948)
105	43,0.0972587632538	(105, 0.11361413159819948)
105	38,0.113001987783	(105, 0.11361413159819948)
105	107,0.11333295508	(105, 0.11361413159819948)
105	19,0.113555863698	(105, 0.11361413159819948)
105	105,0.113614131598	(105, 0.11361413159819948)
105	99,0.120385826439	(105, 0.11361413159819948)
105	50,0.12592855214	(105, 0.11361413159819948)
105	12,0.126196869449	(105, 0.11361413159819948)
106	106,0.0407351254505	(106, 0.040735125450543148)
106	116,0.0940186940936	(106, 0.040735125450543148)
106	157,0.101372569813	(106, 0.040735125450543148)
106	174,0.102268950483	(106, 0.040735125450543148)
106	172,0.103540868672	(106, 0.040735125450543148)
106	93,0.104899383145	(106, 0.040735125450543148)
106	156,0.10852520937	(106, 0.040735125450543148)
106	54,0.116408536132	(106, 0.040735125450543148)
106	171,0.120861174849	(106, 0.040735125450543148)
106	77,0.122326206328	(106, 0.040735125450543148)
107	107,0.0551617367865	(107, 0.05516173678654808)
107	22,0.0618514273503	(107, 0.05516173678654808)
107	26,0.0662678520183	(107, 0.05516173678654808)
107	139,0.0704996743307	(107, 0.05516173678654808)
107	76,0.071775232124	(107, 0.05516173678654808)
107	78,0.0731202522628	(107, 0.05516173678654808)
107	158,0.075578622741	(107, 0.05516173678654808)
107	121,0.0770576882302	(107, 0.05516173678654808)
107	128,0.0775398837422	(107, 0.05516173678654808)
107	77,0.0784164704573	(107, 0.05516173678654808)
108	77,0.0466171988528	(108, 0.14661062340077671)
108	172,0.0632168470234	(108, 0.14661062340077671)
108	174,0.07120402586	(108, 0.14661062340077671)
108	17,0.0783405474196	(108, 0.14661062340077671)
108	4,0.078903276859	(108, 0.14661062340077671)
108	40,0.0800401198339	(108, 0.14661062340077671)
108	49,0.0858666651053	(108, 0.14661062340077671)
108	100,0.0889282577064	(108, 0.14661062340077671)
108	15,0.0924954808512	(108, 0.14661062340077671)
108	79,0.0932600330003	(108, 0.14661062340077671)
109	109,0.0470684130549	(109, 0.047068413054878896)
109	159,0.0528695515652	(109, 0.047068413054878896)
109	146,0.0707333523224	(109, 0.047068413054878896)
109	134,0.0742822706933	(109, 0.047068413054878896)
109	12,0.0766515262049	(109, 0.047068413054878896)
109	128,0.0817874722987	(109, 0.047068413054878896)
109	14,0.0875736999483	(109, 0.047068413054878896)
109	84,0.0890050099439	(109, 0.047068413054878896)
109	152,0.0901438321301	(109, 0.047068413054878896)
109	38,0.0946648660836	(109, 0.047068413054878896)
110	1,0.0518608763141	(110, 0.094084748228871695)
110	121,0.0662106174908	(110, 0.094084748228871695)
110	11,0.0686181406064	(110, 0.094084748228871695)
110	68,0.070614828307	(110, 0.094084748228871695)
110	162,0.0784254000739	(110, 0.094084748228871695)
110	73,0.0786234749937	(110, 0.094084748228871695)
110	155,0.0794389985669	(110, 0.094084748228871695)
110	71,0.0814647290165	(110, 0.094084748228871695)
110	3,0.0823328151108	(110, 0.094084748228871695)
110	26,0.0837829346215	(110, 0.094084748228871695)
111	73,0.0543463116304	(111, 0.20888862663959198)
111	124,0.0685303037944	(111, 0.20888862663959198)
111	93,0.0728769829964	(111, 0.20888862663959198)
111	101,0.0737829396012	(111, 0.20888862663959198)
111	13,0.0819062893948	(111, 0.20888862663959198)
111	157,0.0860609973984	(111, 0.20888862663959198)
111	128,0.0991778678292	(111, 0.20888862663959198)
111	109,0.1004430201	(111, 0.20888862663959198)
111	78,0.101665650723	(111, 0.20888862663959198)
111	41,0.102332067864	(111, 0.20888862663959198)
112	11,0.0362037445454	(112, 0.047391420129125582)
112	90,0.0368969745704	(112, 0.047391420129125582)
112	3,0.0426101897114	(112, 0.047391420129125582)
112	162,0.0435784794258	(112, 0.047391420129125582)
112	100,0.0454687138659	(112, 0.047391420129125582)
112	112,0.0473914201291	(112, 0.047391420129125582)
112	21,0.0513300069487	(112, 0.047391420129125582)
112	71,0.0532235192287	(112, 0.047391420129125582)
112	77,0.053285602526	(112, 0.047391420129125582)
112	143,0.0569772860284	(112, 0.047391420129125582)
113	113,0.0654165997574	(113, 0.065416599757368327)
113	65,0.0905229944549	(113, 0.065416599757368327)
113	130,0.137174776607	(113, 0.065416599757368327)
113	44,0.150790298261	(113, 0.065416599757368327)
113	161,0.168149005324	(113, 0.065416599757368327)
113	155,0.174680038208	(113, 0.065416599757368327)
113	53,0.177244531299	(113, 0.065416599757368327)
113	120,0.179288414627	(113, 0.065416599757368327)
113	15,0.182524750745	(113, 0.065416599757368327)
113	97,0.183667505205	(113, 0.065416599757368327)
114	114,0.0547434052233	(114, 0.054743405223321169)
114	53,0.058985919066	(114, 0.054743405223321169)
114	73,0.0653715105929	(114, 0.054743405223321169)
114	124,0.0667802315192	(114, 0.054743405223321169)
114	13,0.086633001606	(114, 0.054743405223321169)
114	104,0.0908677722574	(114, 0.054743405223321169)
114	157,0.0938592590205	(114, 0.054743405223321169)
114	93,0.102077563437	(114, 0.054743405223321169)
114	155,0.103873347049	(114, 0.054743405223321169)
114	140,0.110557809065	(114, 0.054743405223321169)
115	119,0.0578952297702	(115, 0.062573968710091021)
115	11,0.0614588353476	(115, 0.062573968710091021)
115	115,0.0625739687101	(115, 0.062573968710091021)
115	37,0.0646279685375	(115, 0.062573968710091021)
115	96,0.0746029524426	(115, 0.062573968710091021)
115	136,0.0787088478439	(115, 0.062573968710091021)
115	81,0.0805312879939	(115, 0.062573968710091021)
115	17,0.0818603115779	(115, 0.062573968710091021)
115	3,0.0826054679062	(115, 0.062573968710091021)
115	90,0.0834727627579	(115, 0.062573968710091021)
116	116,0.0413286925879	(116, 0.041328692587860143)
116	93,0.0548551892988	(116, 0.041328692587860143)
116	73,0.0876199206289	(116, 0.041328692587860143)
116	109,0.0908223459688	(116, 0.041328692587860143)
116	144,0.0995050806905	(116, 0.041328692587860143)
116	156,0.103647512752	(116, 0.041328692587860143)
116	124,0.107215569681	(116, 0.041328692587860143)
116	172,0.110696805643	(116, 0.041328692587860143)
116	106,0.112411161171	(116, 0.041328692587860143)
116	3,0.113322716445	(116, 0.041328692587860143)
117	117,0.0160036122443	(117, 0.016003612244277297)
117	21,0.0417436569736	(117, 0.016003612244277297)
117	71,0.0445861818811	(117, 0.016003612244277297)
117	81,0.0471088109977	(117, 0.016003612244277297)
117	11,0.0498988129671	(117, 0.016003612244277297)
117	77,0.0546154638534	(117, 0.016003612244277297)
117	3,0.0549584555656	(117, 0.016003612244277297)
117	162,0.0549732466837	(117, 0.016003612244277297)
117	76,0.0555795634845	(117, 0.016003612244277297)
117	22,0.0569360303919	(117, 0.016003612244277297)
118	33,0.112338295903	(118, 0.18167164116582463)
118	34,0.118836935508	(118, 0.18167164116582463)
118	69,0.142371214174	(118, 0.18167164116582463)
118	113,0.169945642065	(118, 0.18167164116582463)
118	130,0.179243503363	(118, 0.18167164116582463)
118	4,0.179680364472	(118, 0.18167164116582463)
118	118,0.181671641166	(118, 0.18167164116582463)
118	25,0.189661863709	(118, 0.18167164116582463)
118	15,0.190158693281	(118, 0.18167164116582463)
118	79,0.196460231046	(118, 0.18167164116582463)
119	120,0.0560905768448	(119, 0.080351138856583376)
119	69,0.0744401235485	(119, 0.080351138856583376)
119	40,0.0756010272667	(119, 0.080351138856583376)
119	119,0.0803511388566	(119, 0.080351138856583376)
119	17,0.0812692498755	(119, 0.080351138856583376)
119	172,0.0819023265504	(119, 0.080351138856583376)
119	154,0.0865240270296	(119, 0.080351138856583376)
119	97,0.0866800320035	(119, 0.080351138856583376)
119	123,0.0876111134805	(119, 0.080351138856583376)
119	124,0.0881998546631	(119, 0.080351138856583376)
120	120,0.0501142192008	(120, 0.050114219200811688)
120	65,0.0636082701187	(120, 0.050114219200811688)
120	155,0.0805892563012	(120, 0.050114219200811688)
120	161,0.0819700172746	(120, 0.050114219200811688)
120	44,0.0897628473348	(120, 0.050114219200811688)
120	53,0.0913062388552	(120, 0.050114219200811688)
120	124,0.0987527694774	(120, 0.050114219200811688)
120	97,0.102075060543	(120, 0.050114219200811688)
120	83,0.102627897937	(120, 0.050114219200811688)
120	13,0.105435850551	(120, 0.050114219200811688)
121	121,0.0438481621659	(121, 0.043848162165920988)
121	22,0.0488174975744	(121, 0.043848162165920988)
121	1,0.0522667389425	(121, 0.043848162165920988)
121	78,0.053857682472	(121, 0.043848162165920988)
121	26,0.058881753792	(121, 0.043848162165920988)
121	128,0.0662508485998	(121, 0.043848162165920988)
121	73,0.0683304782875	(121, 0.043848162165920988)
121	132,0.0740156729516	(121, 0.043848162165920988)
121	158,0.0749289823402	(121, 0.043848162165920988)
121	11,0.0753327245298	(121, 0.043848162165920988)
122	174,0.0646744228574	(122, 0.077728769862131786)
122	122,0.0777287698621	(122, 0.077728769862131786)
122	154,0.092835600843	(122, 0.077728769862131786)
122	2,0.104068658278	(122, 0.077728769862131786)
122	69,0.107592562964	(122, 0.077728769862131786)
122	4,0.121586939684	(122, 0.077728769862131786)
122	48,0.127627897675	(122, 0.077728769862131786)
122	56,0.133449592347	(122, 0.077728769862131786)
122	172,0.136368390088	(122, 0.077728769862131786)
122	116,0.136604993972	(122, 0.077728769862131786)
123	172,0.052702577982	(123, 0.052977378736568992)
123	123,0.0529773787366	(123, 0.052977378736568992)
123	81,0.0787043850664	(123, 0.052977378736568992)
123	146,0.080911212095	(123, 0.052977378736568992)
123	119,0.0835447060529	(123, 0.052977378736568992)
123	40,0.0858775826951	(123, 0.052977378736568992)
123	90,0.0860242312295	(123, 0.052977378736568992)
123	137,0.0935448364597	(123, 0.052977378736568992)
123	96,0.0936060344755	(123, 0.052977378736568992)
123	115,0.0936520001771	(123, 0.052977378736568992)
124	124,0.0761122272422	(124, 0.076112227242169775)
124	101,0.110500771023	(124, 0.076112227242169775)
124	41,0.129469589812	(124, 0.076112227242169775)
124	73,0.139211980058	(124, 0.076112227242169775)
124	169,0.14724226747	(124, 0.076112227242169775)
124	155,0.147631074792	(124, 0.076112227242169775)
124	53,0.147862822461	(124, 0.076112227242169775)
124	140,0.148967742316	(124, 0.076112227242169775)
124	157,0.149778686317	(124, 0.076112227242169775)
124	114,0.153564203873	(124, 0.076112227242169775)
125	13,0.0986771466539	(125, 0.13427066877279645)
125	73,0.120017003931	(125, 0.13427066877279645)
125	155,0.120590319762	(125, 0.13427066877279645)
125	65,0.122138660658	(125, 0.13427066877279645)
125	114,0.131432201721	(125, 0.13427066877279645)
125	68,0.133705646296	(125, 0.13427066877279645)
125	125,0.134270668773	(125, 0.13427066877279645)
125	161,0.136025941262	(125, 0.13427066877279645)
125	41,0.138414752914	(125, 0.13427066877279645)
125	23,0.146330079687	(125, 0.13427066877279645)
126	126,0.0525807610007	(126, 0.052580761000745463)
126	81,0.0580688821908	(126, 0.052580761000745463)
126	3,0.060242011116	(126, 0.052580761000745463)
126	132,0.0620181416063	(126, 0.052580761000745463)
126	121,0.0627735180865	(126, 0.052580761000745463)
126	11,0.0637279386545	(126, 0.052580761000745463)
126	22,0.0689861053928	(126, 0.052580761000745463)
126	119,0.0698412855054	(126, 0.052580761000745463)
126	12,0.0702898912994	(126, 0.052580761000745463)
126	151,0.0711105081985	(126, 0.052580761000745463)
127	17,0.0394796386346	(127, 0.047592826692883741)
127	74,0.0397896915632	(127, 0.047592826692883741)
127	136,0.0413922494037	(127, 0.047592826692883741)
127	127,0.0475928266929	(127, 0.047592826692883741)
127	59,0.0552045278646	(127, 0.047592826692883741)
127	100,0.0585208407128	(127, 0.047592826692883741)
127	77,0.0593584131306	(127, 0.047592826692883741)
127	37,0.0649318910338	(127, 0.047592826692883741)
127	49,0.0731050696684	(127, 0.047592826692883741)
127	172,0.0892032718175	(127, 0.047592826692883741)
128	128,0.0414500373845	(128, 0.041450037384530999)
128	159,0.0473939412058	(128, 0.041450037384530999)
128	12,0.0545814054822	(128, 0.041450037384530999)
128	78,0.0581816875286	(128, 0.041450037384530999)
128	18,0.060746541904	(128, 0.041450037384530999)
128	139,0.0620888789706	(128, 0.041450037384530999)
128	121,0.0635902763866	(128, 0.041450037384530999)
128	151,0.0650878321046	(128, 0.041450037384530999)
128	22,0.0675319913439	(128, 0.041450037384530999)
128	158,0.0685886592823	(128, 0.041450037384530999)
129	98,0.0786745310607	(129, 0.13329476032044657)
129	49,0.080600438627	(129, 0.13329476032044657)
129	59,0.11582834255	(129, 0.13329476032044657)
129	100,0.117133227731	(129, 0.13329476032044657)
129	77,0.117905946368	(129, 0.13329476032044657)
129	15,0.119908262187	(129, 0.13329476032044657)
129	83,0.125086899157	(129, 0.13329476032044657)
129	94,0.127814692879	(129, 0.13329476032044657)
129	129,0.13329476032	(129, 0.13329476032044657)
129	25,0.139882845751	(129, 0.13329476032044657)
130	130,0.11216717363	(130, 0.1121671736295823)
130	34,0.133516149636	(130, 0.1121671736295823)
130	65,0.133995059215	(130, 0.1121671736295823)
130	13,0.139941427573	(130, 0.1121671736295823)
130	157,0.145281906264	(130, 0.1121671736295823)
130	91,0.150649623493	(130, 0.1121671736295823)
130	53,0.150881098129	(130, 0.1121671736295823)
130	33,0.151880550574	(130, 0.1121671736295823)
130	73,0.153168598426	(130, 0.1121671736295823)
130	28,0.155028035844	(130, 0.1121671736295823)
131	166,0.0869763916618	(131, 0.094040561812068282)
131	131,0.0940405618121	(131, 0.094040561812068282)
131	72,0.100078167271	(131, 0.094040561812068282)
131	116,0.100874227132	(131, 0.094040561812068282)
131	144,0.13895118338	(131, 0.094040561812068282)
131	84,0.147889193672	(131, 0.094040561812068282)
131	104,0.150220747019	(131, 0.094040561812068282)
131	156,0.158748280922	(131, 0.094040561812068282)
131	93,0.171833089191	(131, 0.094040561812068282)
131	165,0.177827276918	(131, 0.094040561812068282)
132	132,0.0320280777189	(132, 0.032028077718850363)
132	18,0.0325447412399	(132, 0.032028077718850363)
132	22,0.0361494634539	(132, 0.032028077718850363)
132	46,0.0397747516492	(132, 0.032028077718850363)
132	139,0.0406873534363	(132, 0.032028077718850363)
132	76,0.0431776511706	(132, 0.032028077718850363)
132	147,0.0444134730758	(132, 0.032028077718850363)
132	158,0.0452557429986	(132, 0.032028077718850363)
132	171,0.0468243899958	(132, 0.032028077718850363)
132	146,0.0491239672501	(132, 0.032028077718850363)
133	133,0.0440925713902	(133, 0.044092571390242474)
133	130,0.107140669765	(133, 0.044092571390242474)
133	34,0.113692887693	(133, 0.044092571390242474)
133	91,0.115218571452	(133, 0.044092571390242474)
133	102,0.154401429661	(133, 0.044092571390242474)
133	53,0.158016119317	(133, 0.044092571390242474)
133	153,0.168629076751	(133, 0.044092571390242474)
133	65,0.168953671821	(133, 0.044092571390242474)
133	114,0.171359284073	(133, 0.044092571390242474)
133	103,0.172047325711	(133, 0.044092571390242474)
134	121,0.046052667633	(134, 0.070448131501982772)
134	128,0.0501386113606	(134, 0.070448131501982772)
134	78,0.0586501421343	(134, 0.070448131501982772)
134	22,0.0661296988115	(134, 0.070448131501982772)
134	18,0.0668086427398	(134, 0.070448131501982772)
134	134,0.070448131502	(134, 0.070448131501982772)
134	73,0.0763800884902	(134, 0.070448131501982772)
134	109,0.0819138609951	(134, 0.070448131501982772)
134	12,0.0845879362571	(134, 0.070448131501982772)
134	151,0.0863405621843	(134, 0.070448131501982772)
135	147,0.024034180094	(135, 0.040430447285067471)
135	76,0.0347410419503	(135, 0.040430447285067471)
135	63,0.0355477455733	(135, 0.040430447285067471)
135	137,0.0370970375595	(135, 0.040430447285067471)
135	135,0.0404304472851	(135, 0.040430447285067471)
135	162,0.0431487036232	(135, 0.040430447285067471)
135	171,0.0523637875303	(135, 0.040430447285067471)
135	117,0.0563603973112	(135, 0.040430447285067471)
135	77,0.0600491607181	(135, 0.040430447285067471)
135	23,0.0615571996962	(135, 0.040430447285067471)
136	136,0.0624307147273	(136, 0.062430714727267453)
136	121,0.0674616390782	(136, 0.062430714727267453)
136	126,0.0691357552305	(136, 0.062430714727267453)
136	11,0.0700274262196	(136, 0.062430714727267453)
136	54,0.070321751879	(136, 0.062430714727267453)
136	151,0.0784726552648	(136, 0.062430714727267453)
136	78,0.0801426337105	(136, 0.062430714727267453)
136	132,0.0808687383998	(136, 0.062430714727267453)
136	162,0.0823680627549	(136, 0.062430714727267453)
136	119,0.084277413841	(136, 0.062430714727267453)
137	137,0.0199095026171	(137, 0.019909502617065485)
137	147,0.0259235717126	(137, 0.019909502617065485)
137	63,0.0264240162379	(137, 0.019909502617065485)
137	76,0.0418978102427	(137, 0.019909502617065485)
137	171,0.0419626210541	(137, 0.019909502617065485)
137	3,0.0425841641486	(137, 0.019909502617065485)
137	36,0.046524364831	(137, 0.019909502617065485)
137	90,0.0481576576488	(137, 0.019909502617065485)
137	117,0.0518130533868	(137, 0.019909502617065485)
137	77,0.0553274811481	(137, 0.019909502617065485)
138	107,0.0613408621226	(138, 0.066557607704977526)
138	128,0.0621999050243	(138, 0.066557607704977526)
138	78,0.0639372034513	(138, 0.066557607704977526)
138	138,0.066557607705	(138, 0.066557607704977526)
138	158,0.069285593235	(138, 0.066557607704977526)
138	99,0.0821911148257	(138, 0.066557607704977526)
138	55,0.088542215585	(138, 0.066557607704977526)
138	38,0.0951743222072	(138, 0.066557607704977526)
138	139,0.0993314554051	(138, 0.066557607704977526)
138	159,0.0993488465981	(138, 0.066557607704977526)
139	139,0.0149958413076	(139, 0.014995841307638095)
139	46,0.0331713185233	(139, 0.014995841307638095)
139	18,0.0395796271018	(139, 0.014995841307638095)
139	22,0.0455886946564	(139, 0.014995841307638095)
139	76,0.0462094006512	(139, 0.014995841307638095)
139	151,0.0484045191163	(139, 0.014995841307638095)
139	132,0.0541950984567	(139, 0.014995841307638095)
139	35,0.0577528648366	(139, 0.014995841307638095)
139	171,0.0614419010636	(139, 0.014995841307638095)
139	121,0.0618118875713	(139, 0.014995841307638095)
140	93,0.0734275762112	(140, 0.081087602408501991)
140	69,0.0800367626264	(140, 0.081087602408501991)
140	140,0.0810876024085	(140, 0.081087602408501991)
140	116,0.0857875537833	(140, 0.081087602408501991)
140	73,0.0880950070171	(140, 0.081087602408501991)
140	124,0.0928839339136	(140, 0.081087602408501991)
140	157,0.0956919984936	(140, 0.081087602408501991)
140	13,0.111870608946	(140, 0.081087602408501991)
140	104,0.112870367872	(140, 0.081087602408501991)
140	101,0.114798474503	(140, 0.081087602408501991)
141	141,0.133731055637	(141, 0.13373105563670443)
141	124,0.168560127917	(141, 0.13373105563670443)
141	48,0.168664926129	(141, 0.13373105563670443)
141	33,0.185352317925	(141, 0.13373105563670443)
141	120,0.189204374382	(141, 0.13373105563670443)
141	2,0.18944508912	(141, 0.13373105563670443)
141	155,0.192138038063	(141, 0.13373105563670443)
141	4,0.193588059179	(141, 0.13373105563670443)
141	56,0.193799202104	(141, 0.13373105563670443)
141	97,0.205851918402	(141, 0.13373105563670443)
142	61,0.101406043868	(142, 0.22929143981757735)
142	105,0.102467196418	(142, 0.22929143981757735)
142	38,0.102943753752	(142, 0.22929143981757735)
142	12,0.104974459741	(142, 0.22929143981757735)
142	16,0.106921693993	(142, 0.22929143981757735)
142	73,0.110998445229	(142, 0.22929143981757735)
142	24,0.117197959343	(142, 0.22929143981757735)
142	23,0.117883448108	(142, 0.22929143981757735)
142	55,0.12641471591	(142, 0.22929143981757735)
142	29,0.126735426744	(142, 0.22929143981757735)
143	143,0.029753926366	(143, 0.029753926366013497)
143	112,0.0360065881403	(143, 0.029753926366013497)
143	3,0.0396733168395	(143, 0.029753926366013497)
143	90,0.0431621550345	(143, 0.029753926366013497)
143	162,0.0431700131624	(143, 0.029753926366013497)
143	11,0.0442876641384	(143, 0.029753926366013497)
143	150,0.0501216584453	(143, 0.029753926366013497)
143	137,0.051310631623	(143, 0.029753926366013497)
143	63,0.0559457614228	(143, 0.029753926366013497)
143	21,0.0569097289331	(143, 0.029753926366013497)
144	144,0.0438135804721	(144, 0.043813580472095652)
144	14,0.0873213516389	(144, 0.043813580472095652)
144	38,0.0892715946146	(144, 0.043813580472095652)
144	12,0.098703899274	(144, 0.043813580472095652)
144	50,0.109457844468	(144, 0.043813580472095652)
144	145,0.109574803001	(144, 0.043813580472095652)
144	159,0.117655445774	(144, 0.043813580472095652)
144	116,0.126960881981	(144, 0.043813580472095652)
144	109,0.129296740789	(144, 0.043813580472095652)
144	99,0.129718289132	(144, 0.043813580472095652)
145	158,0.0629698711662	(145, 0.069468339074498398)
145	78,0.0671727011186	(145, 0.069468339074498398)
145	128,0.0684033778782	(145, 0.069468339074498398)
145	145,0.0694683390745	(145, 0.069468339074498398)
145	38,0.0722654609065	(145, 0.069468339074498398)
145	24,0.0742177462938	(145, 0.069468339074498398)
145	55,0.0802827755292	(145, 0.069468339074498398)
145	12,0.0920138680159	(145, 0.069468339074498398)
145	22,0.0956261342524	(145, 0.069468339074498398)
145	61,0.0971068917711	(145, 0.069468339074498398)
146	146,0.0219726920884	(146, 0.021972692088428749)
146	159,0.0557240382051	(146, 0.021972692088428749)
146	12,0.0751146014875	(146, 0.021972692088428749)
146	137,0.0791111536501	(146, 0.021972692088428749)
146	18,0.0824610332091	(146, 0.021972692088428749)
146	46,0.0834511486699	(146, 0.021972692088428749)
146	81,0.0841585311428	(146, 0.021972692088428749)
146	172,0.0875624918365	(146, 0.021972692088428749)
146	3,0.087915880484	(146, 0.021972692088428749)
146	132,0.0880369681264	(146, 0.021972692088428749)
147	147,0.0270199450884	(147, 0.02701994508836407)
147	63,0.0281550293771	(147, 0.02701994508836407)
147	76,0.0320985326818	(147, 0.02701994508836407)
147	132,0.0343413357901	(147, 0.02701994508836407)
147	151,0.0375258016893	(147, 0.02701994508836407)
147	18,0.0407221753354	(147, 0.02701994508836407)
147	121,0.042363643887	(147, 0.02701994508836407)
147	22,0.0435102358802	(147, 0.02701994508836407)
147	23,0.048888834064	(147, 0.02701994508836407)
147	3,0.0503445328659	(147, 0.02701994508836407)
148	148,0.0306613593905	(148, 0.030661359390483339)
148	17,0.0398396490278	(148, 0.030661359390483339)
148	143,0.0439718154888	(148, 0.030661359390483339)
148	90,0.0550461455571	(148, 0.030661359390483339)
148	100,0.0589748478986	(148, 0.030661359390483339)
148	112,0.0719572504967	(148, 0.030661359390483339)
148	172,0.0727786500594	(148, 0.030661359390483339)
148	49,0.0777701631369	(148, 0.030661359390483339)
148	3,0.0796937989874	(148, 0.030661359390483339)
148	37,0.0846586384776	(148, 0.030661359390483339)
149	149,0.0912127174596	(149, 0.091212717459643017)
149	32,0.153668347419	(149, 0.091212717459643017)
149	169,0.185310440806	(149, 0.091212717459643017)
149	33,0.196241193882	(149, 0.091212717459643017)
149	27,0.283093079902	(149, 0.091212717459643017)
149	156,0.287528347245	(149, 0.091212717459643017)
149	165,0.299309461578	(149, 0.091212717459643017)
149	111,0.301977609354	(149, 0.091212717459643017)
149	51,0.309947703894	(149, 0.091212717459643017)
149	91,0.312619430689	(149, 0.091212717459643017)
150	3,0.0256445170303	(150, 0.045217156288005877)
150	11,0.0326551894755	(150, 0.045217156288005877)
150	71,0.037952360982	(150, 0.045217156288005877)
150	162,0.0417745417654	(150, 0.045217156288005877)
150	150,0.045217156288	(150, 0.045217156288005877)
150	143,0.0457911771425	(150, 0.045217156288005877)
150	121,0.0479850701912	(150, 0.045217156288005877)
150	86,0.0494083203001	(150, 0.045217156288005877)
150	117,0.0499442704822	(150, 0.045217156288005877)
150	63,0.0508262238651	(150, 0.045217156288005877)
151	121,0.0301988672642	(151, 0.047497463531200657)
151	132,0.0460841148827	(151, 0.047497463531200657)
151	70,0.0473711788878	(151, 0.047497463531200657)
151	151,0.0474974635312	(151, 0.047497463531200657)
151	22,0.0526398544498	(151, 0.047497463531200657)
151	11,0.0533776484838	(151, 0.047497463531200657)
151	63,0.0558602433438	(151, 0.047497463531200657)
151	3,0.0559557136652	(151, 0.047497463531200657)
151	81,0.0563482765489	(151, 0.047497463531200657)
151	117,0.0571342056449	(151, 0.047497463531200657)
152	152,0.0486729171124	(152, 0.048672917112393362)
152	121,0.0514586580071	(152, 0.048672917112393362)
152	18,0.0588424160346	(152, 0.048672917112393362)
152	88,0.0717646077986	(152, 0.048672917112393362)
152	35,0.0721507684822	(152, 0.048672917112393362)
152	139,0.0731567238206	(152, 0.048672917112393362)
152	22,0.0745930936538	(152, 0.048672917112393362)
152	117,0.0753422198058	(152, 0.048672917112393362)
152	12,0.0785725146143	(152, 0.048672917112393362)
152	162,0.0819015604394	(152, 0.048672917112393362)
153	133,0.0648390045096	(153, 0.10053537027578258)
153	153,0.100535370276	(153, 0.10053537027578258)
153	34,0.118770284552	(153, 0.10053537027578258)
153	102,0.123723466112	(153, 0.10053537027578258)
153	91,0.13119769841	(153, 0.10053537027578258)
153	130,0.13609025268	(153, 0.10053537027578258)
153	95,0.14981962094	(153, 0.10053537027578258)
153	103,0.151221780154	(153, 0.10053537027578258)
153	1,0.165201456566	(153, 0.10053537027578258)
153	28,0.170343339664	(153, 0.10053537027578258)
154	154,0.032136242205	(154, 0.032136242204998465)
154	40,0.0752608245605	(154, 0.032136242204998465)
154	69,0.0769903676101	(154, 0.032136242204998465)
154	174,0.0808872343705	(154, 0.032136242204998465)
154	116,0.0891331945219	(154, 0.032136242204998465)
154	172,0.0925387745168	(154, 0.032136242204998465)
154	4,0.0959068477786	(154, 0.032136242204998465)
154	48,0.10006582576	(154, 0.032136242204998465)
154	2,0.106487868909	(154, 0.032136242204998465)
154	56,0.11302264838	(154, 0.032136242204998465)
155	71,0.0311594049746	(155, 0.059496224796447013)
155	11,0.0359701477011	(155, 0.059496224796447013)
155	162,0.0476741270853	(155, 0.059496224796447013)
155	155,0.0594962247964	(155, 0.059496224796447013)
155	117,0.060550684073	(155, 0.059496224796447013)
155	1,0.061961237557	(155, 0.059496224796447013)
155	77,0.062044507854	(155, 0.059496224796447013)
155	37,0.06538180484	(155, 0.059496224796447013)
155	121,0.0662049340183	(155, 0.059496224796447013)
155	3,0.0716130732541	(155, 0.059496224796447013)
156	73,0.0554131016626	(156, 0.076663379982073523)
156	109,0.0732555115469	(156, 0.076663379982073523)
156	156,0.0766633799821	(156, 0.076663379982073523)
156	107,0.0792410094372	(156, 0.076663379982073523)
156	128,0.0915105189933	(156, 0.076663379982073523)
156	144,0.0916111559069	(156, 0.076663379982073523)
156	50,0.0973808550285	(156, 0.076663379982073523)
156	138,0.100298431479	(156, 0.076663379982073523)
156	78,0.101662996554	(156, 0.076663379982073523)
156	121,0.107301386866	(156, 0.076663379982073523)
157	12,0.050125683345	(157, 0.084567493043676556)
157	22,0.0532027299251	(157, 0.084567493043676556)
157	128,0.0587463013759	(157, 0.084567493043676556)
157	93,0.0602528560109	(157, 0.084567493043676556)
157	73,0.0608527494648	(157, 0.084567493043676556)
157	126,0.0665569105432	(157, 0.084567493043676556)
157	121,0.0670908312522	(157, 0.084567493043676556)
157	78,0.0674070328038	(157, 0.084567493043676556)
157	132,0.0700351626395	(157, 0.084567493043676556)
157	3,0.0701049222339	(157, 0.084567493043676556)
158	77,0.0310857574207	(158, 0.10583928957878408)
158	3,0.0381738266767	(158, 0.10583928957878408)
158	63,0.0493263199422	(158, 0.10583928957878408)
158	37,0.0493284751802	(158, 0.10583928957878408)
158	171,0.0496581473288	(158, 0.10583928957878408)
158	147,0.0499556138482	(158, 0.10583928957878408)
158	76,0.0509860160409	(158, 0.10583928957878408)
158	136,0.051762823901	(158, 0.10583928957878408)
158	137,0.0524839851029	(158, 0.10583928957878408)
158	11,0.0555160669131	(158, 0.10583928957878408)
159	146,0.0292834686465	(159, 0.069384657633427563)
159	18,0.0483911960401	(159, 0.069384657633427563)
159	150,0.0507718977435	(159, 0.069384657633427563)
159	137,0.0517859912569	(159, 0.069384657633427563)
159	81,0.0541611201932	(159, 0.069384657633427563)
159	3,0.057577731717	(159, 0.069384657633427563)
159	46,0.0578457234201	(159, 0.069384657633427563)
159	151,0.0579737960258	(159, 0.069384657633427563)
159	90,0.0590698514461	(159, 0.069384657633427563)
159	147,0.0603567744945	(159, 0.069384657633427563)
160	164,0.0939903386629	(160, 0.44135773008852619)
160	27,0.110002496021	(160, 0.44135773008852619)
160	38,0.117094066423	(160, 0.44135773008852619)
160	73,0.117648685346	(160, 0.44135773008852619)
160	43,0.124654673685	(160, 0.44135773008852619)
160	109,0.131032656136	(160, 0.44135773008852619)
160	105,0.142021500338	(160, 0.44135773008852619)
160	50,0.142814060087	(160, 0.44135773008852619)
160	107,0.143061214095	(160, 0.44135773008852619)
160	32,0.145382606157	(160, 0.44135773008852619)
161	161,0.0267565518894	(161, 0.026756551889351776)
161	65,0.0636426687596	(161, 0.026756551889351776)
161	44,0.0757476664992	(161, 0.026756551889351776)
161	68,0.0793926291167	(161, 0.026756551889351776)
161	17,0.082528847043	(161, 0.026756551889351776)
161	83,0.0852080560806	(161, 0.026756551889351776)
161	155,0.0893811876779	(161, 0.026756551889351776)
161	100,0.101697726856	(161, 0.026756551889351776)
161	13,0.104386533268	(161, 0.026756551889351776)
161	1,0.104937594068	(161, 0.026756551889351776)
162	162,0.034112304348	(162, 0.034112304347972258)
162	18,0.0387719828415	(162, 0.034112304347972258)
162	76,0.0412504444138	(162, 0.034112304347972258)
162	117,0.0440396446969	(162, 0.034112304347972258)
162	147,0.0484522729797	(162, 0.034112304347972258)
162	150,0.0522814468137	(162, 0.034112304347972258)
162	121,0.0552142554562	(162, 0.034112304347972258)
162	88,0.0554851341005	(162, 0.034112304347972258)
162	11,0.0563743358349	(162, 0.034112304347972258)
162	63,0.0569313777626	(162, 0.034112304347972258)
163	17,0.0543407179998	(163, 0.089101735318090916)
163	172,0.0588711775356	(163, 0.089101735318090916)
163	3,0.0624795336785	(163, 0.089101735318090916)
163	148,0.0663586779416	(163, 0.089101735318090916)
163	100,0.0667573643648	(163, 0.089101735318090916)
163	40,0.0683940281133	(163, 0.089101735318090916)
163	37,0.06904191601	(163, 0.089101735318090916)
163	11,0.0690734737128	(163, 0.089101735318090916)
163	143,0.0727897941432	(163, 0.089101735318090916)
163	90,0.0767197585236	(163, 0.089101735318090916)
164	156,0.0694922276781	(164, 0.10091149635423229)
164	27,0.0827063771251	(164, 0.10091149635423229)
164	73,0.0949300687467	(164, 0.10091149635423229)
164	164,0.100911496354	(164, 0.10091149635423229)
164	144,0.104272686553	(164, 0.10091149635423229)
164	32,0.113442340619	(164, 0.10091149635423229)
164	109,0.121812009769	(164, 0.10091149635423229)
164	131,0.123534445414	(164, 0.10091149635423229)
164	107,0.134379248069	(164, 0.10091149635423229)
164	50,0.139112557658	(164, 0.10091149635423229)
165	93,0.0730568764749	(165, 0.10219495416852289)
165	157,0.0967107853343	(165, 0.10219495416852289)
165	116,0.0983942273603	(165, 0.10219495416852289)
165	73,0.101625647176	(165, 0.10219495416852289)
165	165,0.102194954169	(165, 0.10219495416852289)
165	144,0.107456702445	(165, 0.10219495416852289)
165	131,0.114267726064	(165, 0.10219495416852289)
165	124,0.124562262964	(165, 0.10219495416852289)
165	156,0.129727357765	(165, 0.10219495416852289)
165	27,0.130147192296	(165, 0.10219495416852289)
166	69,0.101249712829	(166, 0.14735984370492436)
166	116,0.10294861881	(166, 0.14735984370492436)
166	124,0.112141105199	(166, 0.14735984370492436)
166	144,0.131324476939	(166, 0.14735984370492436)
166	13,0.136768702684	(166, 0.14735984370492436)
166	104,0.136916596822	(166, 0.14735984370492436)
166	140,0.138527928775	(166, 0.14735984370492436)
166	123,0.140361094404	(166, 0.14735984370492436)
166	4,0.14437169532	(166, 0.14735984370492436)
166	157,0.14616293199	(166, 0.14735984370492436)
167	51,0.101725988157	(167, 0.12958386623411736)
167	27,0.121895964426	(167, 0.12958386623411736)
167	39,0.126134644474	(167, 0.12958386623411736)
167	167,0.129583866234	(167, 0.12958386623411736)
167	32,0.142710675412	(167, 0.12958386623411736)
167	19,0.171845396091	(167, 0.12958386623411736)
167	138,0.202605368901	(167, 0.12958386623411736)
167	156,0.211799306801	(167, 0.12958386623411736)
167	107,0.214382143284	(167, 0.12958386623411736)
167	169,0.215530136352	(167, 0.12958386623411736)
168	18,0.0696499733054	(168, 0.078516798755437336)
168	12,0.0716428716934	(168, 0.078516798755437336)
168	121,0.0718503210046	(168, 0.078516798755437336)
168	55,0.0724223036115	(168, 0.078516798755437336)
168	168,0.0785167987554	(168, 0.078516798755437336)
168	151,0.0813690004754	(168, 0.078516798755437336)
168	38,0.0843152179222	(168, 0.078516798755437336)
168	61,0.0847110361331	(168, 0.078516798755437336)
168	86,0.0849185867712	(168, 0.078516798755437336)
168	152,0.0878478268908	(168, 0.078516798755437336)
169	73,0.102712945695	(169, 0.11398455378365491)
169	27,0.103123206674	(169, 0.11398455378365491)
169	156,0.110120907223	(169, 0.11398455378365491)
169	169,0.113984553784	(169, 0.11398455378365491)
169	99,0.119304450526	(169, 0.11398455378365491)
169	170,0.122103366369	(169, 0.11398455378365491)
169	144,0.123510878765	(169, 0.11398455378365491)
169	109,0.125533009776	(169, 0.11398455378365491)
169	19,0.126131161065	(169, 0.11398455378365491)
169	41,0.134761898577	(169, 0.11398455378365491)
170	170,0.0709389324486	(170, 0.070938932448598321)
170	99,0.0878118901984	(170, 0.070938932448598321)
170	27,0.0943999362102	(170, 0.070938932448598321)
170	19,0.104497362986	(170, 0.070938932448598321)
170	144,0.104588867363	(170, 0.070938932448598321)
170	73,0.109031590413	(170, 0.070938932448598321)
170	0,0.131326694938	(170, 0.070938932448598321)
170	84,0.132120203881	(170, 0.070938932448598321)
170	109,0.136957551659	(170, 0.070938932448598321)
170	124,0.140668136398	(170, 0.070938932448598321)
171	156,0.0810425979968	(171, 0.26449366357356879)
171	27,0.0870893366569	(171, 0.26449366357356879)
171	32,0.0965572096586	(171, 0.26449366357356879)
171	73,0.110746646403	(171, 0.26449366357356879)
171	107,0.122405286748	(171, 0.26449366357356879)
171	164,0.124568440835	(171, 0.26449366357356879)
171	169,0.134267795394	(171, 0.26449366357356879)
171	144,0.136718126949	(171, 0.26449366357356879)
171	19,0.138159149127	(171, 0.26449366357356879)
171	99,0.144162659302	(171, 0.26449366357356879)
172	172,0.0198055593887	(172, 0.01980555938871539)
172	137,0.0350877089371	(172, 0.01980555938871539)
172	3,0.0441903249035	(172, 0.01980555938871539)
172	77,0.0567185232136	(172, 0.01980555938871539)
172	81,0.0570222456599	(172, 0.01980555938871539)
172	17,0.0579707771274	(172, 0.01980555938871539)
172	171,0.0623391041909	(172, 0.01980555938871539)
172	90,0.0624242503121	(172, 0.01980555938871539)
172	143,0.0677392783722	(172, 0.01980555938871539)
172	37,0.0701078680055	(172, 0.01980555938871539)
173	107,0.0801285538625	(173, 0.13839160323719205)
173	158,0.082333532583	(173, 0.13839160323719205)
173	38,0.0877378601274	(173, 0.13839160323719205)
173	24,0.0894687635856	(173, 0.13839160323719205)
173	27,0.0954528337286	(173, 0.13839160323719205)
173	78,0.11020455097	(173, 0.13839160323719205)
173	61,0.111469945002	(173, 0.13839160323719205)
173	128,0.112510494105	(173, 0.13839160323719205)
173	156,0.118976709967	(173, 0.13839160323719205)
173	43,0.125742671806	(173, 0.13839160323719205)
174	174,0.0328467191418	(174, 0.032846719141791339)
174	56,0.0472232794018	(174, 0.032846719141791339)
174	15,0.0505227678941	(174, 0.032846719141791339)
174	120,0.0725374929377	(174, 0.032846719141791339)
174	17,0.078927400642	(174, 0.032846719141791339)
174	69,0.0798389049459	(174, 0.032846719141791339)
174	2,0.0880826953507	(174, 0.032846719141791339)
174	4,0.0885646083703	(174, 0.032846719141791339)
174	154,0.101942632212	(174, 0.032846719141791339)
174	40,0.106748773922	(174, 0.032846719141791339)
