0	0,0.0179499525971	(0, 0.017949952597058023)
0	38,0.0432874406049	(0, 0.017949952597058023)
0	84,0.0505731257458	(0, 0.017949952597058023)
0	99,0.050613147853	(0, 0.017949952597058023)
0	109,0.053936935999	(0, 0.017949952597058023)
0	173,0.0571758362209	(0, 0.017949952597058023)
0	170,0.059030670457	(0, 0.017949952597058023)
0	78,0.0593526991043	(0, 0.017949952597058023)
0	55,0.0603483895298	(0, 0.017949952597058023)
0	144,0.0607926784006	(0, 0.017949952597058023)
1	1,0.0158735520281	(1, 0.015873552028067398)
1	102,0.025766916092	(1, 0.015873552028067398)
1	103,0.0278762738691	(1, 0.015873552028067398)
1	28,0.0292138511167	(1, 0.015873552028067398)
1	153,0.0309882099614	(1, 0.015873552028067398)
1	91,0.031146290996	(1, 0.015873552028067398)
1	155,0.0316973222643	(1, 0.015873552028067398)
1	114,0.0358001283048	(1, 0.015873552028067398)
1	53,0.0374697253228	(1, 0.015873552028067398)
1	65,0.0389660741381	(1, 0.015873552028067398)
2	4,0.0202227883998	(2, 0.034915078928107995)
2	154,0.0261924251324	(2, 0.034915078928107995)
2	69,0.0293125261251	(2, 0.034915078928107995)
2	174,0.0320331408625	(2, 0.034915078928107995)
2	2,0.0349150789281	(2, 0.034915078928107995)
2	40,0.0356312732827	(2, 0.034915078928107995)
2	172,0.0389048723753	(2, 0.034915078928107995)
2	25,0.0444196909782	(2, 0.034915078928107995)
2	148,0.0445419361595	(2, 0.034915078928107995)
2	17,0.0488348648773	(2, 0.034915078928107995)
3	3,0.00899364369612	(3, 0.0089936436961211251)
3	63,0.0118278757262	(3, 0.0089936436961211251)
3	81,0.0171380083537	(3, 0.0089936436961211251)
3	132,0.0171401995551	(3, 0.0089936436961211251)
3	147,0.0179458101998	(3, 0.0089936436961211251)
3	162,0.0180702418522	(3, 0.0089936436961211251)
3	121,0.0185005632688	(3, 0.0089936436961211251)
3	11,0.0196367955437	(3, 0.0089936436961211251)
3	70,0.0211538302248	(3, 0.0089936436961211251)
3	150,0.0217263338591	(3, 0.0089936436961211251)
4	172,0.0153765720958	(4, 0.020799232854277466)
4	17,0.019504569505	(4, 0.020799232854277466)
4	69,0.0197354703358	(4, 0.020799232854277466)
4	13,0.0205873746105	(4, 0.020799232854277466)
4	4,0.0207992328543	(4, 0.020799232854277466)
4	40,0.0208780993875	(4, 0.020799232854277466)
4	37,0.0234490303538	(4, 0.020799232854277466)
4	120,0.0251038658238	(4, 0.020799232854277466)
4	15,0.0263066824488	(4, 0.020799232854277466)
4	174,0.0269219526765	(4, 0.020799232854277466)
5	73,0.0178788165366	(5, 0.068932519765814743)
5	93,0.0333733459274	(5, 0.068932519765814743)
5	107,0.0336760285796	(5, 0.068932519765814743)
5	128,0.0392514605942	(5, 0.068932519765814743)
5	78,0.0393396326129	(5, 0.068932519765814743)
5	158,0.0398821182176	(5, 0.068932519765814743)
5	124,0.0409343638327	(5, 0.068932519765814743)
5	26,0.0411952396216	(5, 0.068932519765814743)
5	156,0.0420214240971	(5, 0.068932519765814743)
5	95,0.0432479152921	(5, 0.068932519765814743)
6	139,0.0105613587929	(6, 0.015961264546129075)
6	46,0.0126635251779	(6, 0.015961264546129075)
6	6,0.0159612645461	(6, 0.015961264546129075)
6	76,0.0184424426387	(6, 0.015961264546129075)
6	22,0.0190170960661	(6, 0.015961264546129075)
6	18,0.0205911608471	(6, 0.015961264546129075)
6	158,0.0209724301531	(6, 0.015961264546129075)
6	171,0.0216640482929	(6, 0.015961264546129075)
6	132,0.0228323006117	(6, 0.015961264546129075)
6	35,0.0238891914687	(6, 0.015961264546129075)
7	66,0.0806519231996	(7, 0.15007904934583335)
7	167,0.110980381014	(7, 0.15007904934583335)
7	51,0.115225202522	(7, 0.15007904934583335)
7	32,0.118119787208	(7, 0.15007904934583335)
7	80,0.125018708545	(7, 0.15007904934583335)
7	169,0.126076109944	(7, 0.15007904934583335)
7	133,0.133102921119	(7, 0.15007904934583335)
7	160,0.13353941355	(7, 0.15007904934583335)
7	149,0.147381896979	(7, 0.15007904934583335)
7	7,0.150079049346	(7, 0.15007904934583335)
8	11,0.019957542235	(8, 0.02491687040898732)
8	121,0.021388033808	(8, 0.02491687040898732)
8	73,0.0242768621329	(8, 0.02491687040898732)
8	8,0.024916870409	(8, 0.02491687040898732)
8	162,0.0267229130864	(8, 0.02491687040898732)
8	18,0.0287767028011	(8, 0.02491687040898732)
8	1,0.0290779392874	(8, 0.02491687040898732)
8	78,0.0290784267982	(8, 0.02491687040898732)
8	3,0.029107311667	(8, 0.02491687040898732)
8	70,0.0295887396691	(8, 0.02491687040898732)
9	9,0.0299436927015	(9, 0.02994369270153693)
9	155,0.0567485821086	(9, 0.02994369270153693)
9	114,0.0616327139343	(9, 0.02994369270153693)
9	53,0.0736119586033	(9, 0.02994369270153693)
9	91,0.0738561688969	(9, 0.02994369270153693)
9	124,0.0761991733444	(9, 0.02994369270153693)
9	41,0.084017885125	(9, 0.02994369270153693)
9	65,0.0884614313298	(9, 0.02994369270153693)
9	28,0.0932144560487	(9, 0.02994369270153693)
9	1,0.0954349101459	(9, 0.02994369270153693)
10	10,0.0430116583464	(10, 0.043011658346423877)
10	47,0.0554545191897	(10, 0.043011658346423877)
10	167,0.0971632419293	(10, 0.043011658346423877)
10	99,0.099633416328	(10, 0.043011658346423877)
10	84,0.1046293906	(10, 0.043011658346423877)
10	173,0.109035900288	(10, 0.043011658346423877)
10	27,0.116014241168	(10, 0.043011658346423877)
10	166,0.116019748798	(10, 0.043011658346423877)
10	14,0.117137245376	(10, 0.043011658346423877)
10	72,0.117248042069	(10, 0.043011658346423877)
11	11,0.0107756750567	(11, 0.010775675056702105)
11	119,0.0179238262671	(11, 0.010775675056702105)
11	81,0.0179444378967	(11, 0.010775675056702105)
11	115,0.02304051615	(11, 0.010775675056702105)
11	3,0.0237656080616	(11, 0.010775675056702105)
11	96,0.0243176082212	(11, 0.010775675056702105)
11	37,0.0263689471578	(11, 0.010775675056702105)
11	86,0.0294274213687	(11, 0.010775675056702105)
11	112,0.0303226278996	(11, 0.010775675056702105)
11	71,0.0307250410028	(11, 0.010775675056702105)
12	22,0.0121128814067	(12, 0.014883181017074079)
12	126,0.013798537394	(12, 0.014883181017074079)
12	76,0.0140665487564	(12, 0.014883181017074079)
12	121,0.0142995596068	(12, 0.014883181017074079)
12	151,0.0146286050269	(12, 0.014883181017074079)
12	12,0.0148831810171	(12, 0.014883181017074079)
12	18,0.0170709286789	(12, 0.014883181017074079)
12	132,0.0177130146392	(12, 0.014883181017074079)
12	3,0.0189372474856	(12, 0.014883181017074079)
12	78,0.019014450464	(12, 0.014883181017074079)
13	11,0.0131367747303	(13, 0.022415951980802786)
13	172,0.0152839583286	(13, 0.022415951980802786)
13	17,0.0156932207224	(13, 0.022415951980802786)
13	37,0.0163336503206	(13, 0.022415951980802786)
13	3,0.016412927969	(13, 0.022415951980802786)
13	90,0.0169177161186	(13, 0.022415951980802786)
13	162,0.0174473447108	(13, 0.022415951980802786)
13	136,0.0182147777895	(13, 0.022415951980802786)
13	81,0.0187523466804	(13, 0.022415951980802786)
13	77,0.0195185211336	(13, 0.022415951980802786)
14	14,0.0169124523466	(14, 0.016912452346593096)
14	72,0.0212695039525	(14, 0.016912452346593096)
14	159,0.0276490563545	(14, 0.016912452346593096)
14	145,0.0345154518588	(14, 0.016912452346593096)
14	109,0.035628965399	(14, 0.016912452346593096)
14	84,0.0359611304519	(14, 0.016912452346593096)
14	144,0.0360036098338	(14, 0.016912452346593096)
14	123,0.0384133309587	(14, 0.016912452346593096)
14	12,0.0406635601025	(14, 0.016912452346593096)
14	38,0.0408515625311	(14, 0.016912452346593096)
15	17,0.0136723440602	(15, 0.016530827841098498)
15	15,0.0165308278411	(15, 0.016530827841098498)
15	77,0.0207199665061	(15, 0.016530827841098498)
15	172,0.0210632857469	(15, 0.016530827841098498)
15	100,0.0221903795202	(15, 0.016530827841098498)
15	69,0.0243025593997	(15, 0.016530827841098498)
15	49,0.0243681409427	(15, 0.016530827841098498)
15	4,0.0255162326555	(15, 0.016530827841098498)
15	174,0.0260928025152	(15, 0.016530827841098498)
15	161,0.0265439041352	(15, 0.016530827841098498)
16	16,0.0269610319064	(16, 0.026961031906361645)
16	170,0.0319436178729	(16, 0.026961031906361645)
16	19,0.037832149392	(16, 0.026961031906361645)
16	0,0.0404204802504	(16, 0.026961031906361645)
16	114,0.0451704382788	(16, 0.026961031906361645)
16	27,0.0458653378623	(16, 0.026961031906361645)
16	144,0.0462596223139	(16, 0.026961031906361645)
16	164,0.0482489019882	(16, 0.026961031906361645)
16	73,0.0486447824988	(16, 0.026961031906361645)
16	101,0.048913327135	(16, 0.026961031906361645)
17	17,0.0089004392828	(17, 0.0089004392827969816)
17	172,0.0139005979065	(17, 0.0089004392827969816)
17	77,0.0178103478734	(17, 0.0089004392827969816)
17	100,0.0186398515706	(17, 0.0089004392827969816)
17	143,0.0194481012231	(17, 0.0089004392827969816)
17	90,0.0196411971969	(17, 0.0089004392827969816)
17	37,0.0207857817232	(17, 0.0089004392827969816)
17	136,0.0213557250072	(17, 0.0089004392827969816)
17	49,0.0223253406967	(17, 0.0089004392827969816)
17	3,0.0233074240161	(17, 0.0089004392827969816)
18	18,0.0101846623589	(18, 0.010184662358903881)
18	88,0.0138920048838	(18, 0.010184662358903881)
18	121,0.0141247249559	(18, 0.010184662358903881)
18	22,0.0145872718349	(18, 0.010184662358903881)
18	139,0.0165512270078	(18, 0.010184662358903881)
18	35,0.0165567034011	(18, 0.010184662358903881)
18	76,0.0168571842672	(18, 0.010184662358903881)
18	61,0.0181034058324	(18, 0.010184662358903881)
18	132,0.0185226007291	(18, 0.010184662358903881)
18	151,0.0197226228081	(18, 0.010184662358903881)
19	19,0.0338298627287	(19, 0.033829862728722813)
19	27,0.03401366659	(19, 0.033829862728722813)
19	43,0.0418106799579	(19, 0.033829862728722813)
19	99,0.0452647705919	(19, 0.033829862728722813)
19	32,0.0517475988199	(19, 0.033829862728722813)
19	107,0.058365808288	(19, 0.033829862728722813)
19	164,0.0584721573234	(19, 0.033829862728722813)
19	39,0.0592212502941	(19, 0.033829862728722813)
19	84,0.0621106415712	(19, 0.033829862728722813)
19	58,0.0652517967958	(19, 0.033829862728722813)
20	73,0.0249425275708	(20, 0.02871029926861976)
20	20,0.0287102992686	(20, 0.02871029926861976)
20	124,0.0294533384794	(20, 0.02871029926861976)
20	93,0.0299045856949	(20, 0.02871029926861976)
20	1,0.0346866472626	(20, 0.02871029926861976)
20	109,0.0359375999693	(20, 0.02871029926861976)
20	128,0.0365631361417	(20, 0.02871029926861976)
20	89,0.0366925888384	(20, 0.02871029926861976)
20	157,0.0382627687899	(20, 0.02871029926861976)
20	78,0.0394396232222	(20, 0.02871029926861976)
21	71,0.0108930138745	(21, 0.021747595396312446)
21	11,0.014343387551	(21, 0.021747595396312446)
21	121,0.0143938982333	(21, 0.021747595396312446)
21	117,0.0157241216882	(21, 0.021747595396312446)
21	162,0.0158559139034	(21, 0.021747595396312446)
21	21,0.0217475953963	(21, 0.021747595396312446)
21	22,0.0220568275452	(21, 0.021747595396312446)
21	23,0.0228519024367	(21, 0.021747595396312446)
21	86,0.0241319202904	(21, 0.021747595396312446)
21	76,0.0245950952781	(21, 0.021747595396312446)
22	22,0.0108612962606	(22, 0.010861296260630383)
22	117,0.0125327306011	(22, 0.010861296260630383)
22	139,0.0131867979794	(22, 0.010861296260630383)
22	76,0.0146564419382	(22, 0.010861296260630383)
22	46,0.0156127704028	(22, 0.010861296260630383)
22	132,0.0157788778089	(22, 0.010861296260630383)
22	18,0.0173858033365	(22, 0.010861296260630383)
22	121,0.0184065104902	(22, 0.010861296260630383)
22	3,0.0185180409683	(22, 0.010861296260630383)
22	63,0.0191993236482	(22, 0.010861296260630383)
23	23,0.00837189966366	(23, 0.0083718996636562449)
23	61,0.0105838363869	(23, 0.0083718996636562449)
23	26,0.0212369497753	(23, 0.0083718996636562449)
23	121,0.0231142398089	(23, 0.0083718996636562449)
23	78,0.0252344012315	(23, 0.0083718996636562449)
23	63,0.0254739460062	(23, 0.0083718996636562449)
23	162,0.0265009604662	(23, 0.0083718996636562449)
23	76,0.0278769793661	(23, 0.0083718996636562449)
23	147,0.0279460454516	(23, 0.0083718996636562449)
23	70,0.0299643837734	(23, 0.0083718996636562449)
24	24,0.0131398713944	(24, 0.013139871394432578)
24	107,0.0293569661891	(24, 0.013139871394432578)
24	27,0.0312293856839	(24, 0.013139871394432578)
24	61,0.0350883020505	(24, 0.013139871394432578)
24	158,0.035546616257	(24, 0.013139871394432578)
24	50,0.0384685731542	(24, 0.013139871394432578)
24	135,0.0402761916943	(24, 0.013139871394432578)
24	12,0.0402765552904	(24, 0.013139871394432578)
24	23,0.0408198452468	(24, 0.013139871394432578)
24	22,0.0408510687059	(24, 0.013139871394432578)
25	69,0.0110854985128	(25, 0.015050790276102526)
25	25,0.0150507902761	(25, 0.015050790276102526)
25	40,0.0153423173876	(25, 0.015050790276102526)
25	4,0.0218560561824	(25, 0.015050790276102526)
25	15,0.0220009244114	(25, 0.015050790276102526)
25	148,0.0252693461674	(25, 0.015050790276102526)
25	79,0.028811036397	(25, 0.015050790276102526)
25	154,0.0295071079998	(25, 0.015050790276102526)
25	172,0.0311232992637	(25, 0.015050790276102526)
25	56,0.0323853913366	(25, 0.015050790276102526)
26	18,0.0123144218526	(26, 0.029897704112735558)
26	121,0.0133603553723	(26, 0.029897704112735558)
26	11,0.0140790972837	(26, 0.029897704112735558)
26	63,0.0148328354874	(26, 0.029897704112735558)
26	117,0.0149400680186	(26, 0.029897704112735558)
26	3,0.0152433350958	(26, 0.029897704112735558)
26	151,0.0154565441473	(26, 0.029897704112735558)
26	76,0.0154944744348	(26, 0.029897704112735558)
26	162,0.0160970014868	(26, 0.029897704112735558)
26	22,0.0163396116109	(26, 0.029897704112735558)
27	78,0.0257793837439	(27, 0.032193827776826361)
27	73,0.0263888672544	(27, 0.032193827776826361)
27	121,0.0282164541662	(27, 0.032193827776826361)
27	61,0.0285935253161	(27, 0.032193827776826361)
27	26,0.030240820841	(27, 0.032193827776826361)
27	27,0.0321938277768	(27, 0.032193827776826361)
27	23,0.0338089615984	(27, 0.032193827776826361)
27	170,0.0338713478868	(27, 0.032193827776826361)
27	128,0.0339735741657	(27, 0.032193827776826361)
27	101,0.0345077410572	(27, 0.032193827776826361)
28	28,0.0241641777942	(28, 0.024164177794160163)
28	1,0.0245974380881	(28, 0.024164177794160163)
28	13,0.0248017349348	(28, 0.024164177794160163)
28	3,0.0280473438745	(28, 0.024164177794160163)
28	73,0.0316251095638	(28, 0.024164177794160163)
28	93,0.0318211770261	(28, 0.024164177794160163)
28	53,0.0346078281979	(28, 0.024164177794160163)
28	101,0.0360123204971	(28, 0.024164177794160163)
28	83,0.0366086155677	(28, 0.024164177794160163)
28	155,0.0373736376915	(28, 0.024164177794160163)
29	29,0.0138285333521	(29, 0.01382853335212935)
29	77,0.0163386269634	(29, 0.01382853335212935)
29	71,0.0221845017996	(29, 0.01382853335212935)
29	135,0.0251715064489	(29, 0.01382853335212935)
29	11,0.0266828222913	(29, 0.01382853335212935)
29	76,0.0277634084727	(29, 0.01382853335212935)
29	73,0.0279370097394	(29, 0.01382853335212935)
29	3,0.0280059216575	(29, 0.01382853335212935)
29	13,0.0280063523526	(29, 0.01382853335212935)
29	171,0.0289484558472	(29, 0.01382853335212935)
30	30,0.0289959121591	(30, 0.028995912159057839)
30	28,0.040738383189	(30, 0.028995912159057839)
30	103,0.0430798221298	(30, 0.028995912159057839)
30	53,0.047179630429	(30, 0.028995912159057839)
30	1,0.0498734116885	(30, 0.028995912159057839)
30	91,0.0515040934515	(30, 0.028995912159057839)
30	153,0.051996412159	(30, 0.028995912159057839)
30	73,0.0533373270857	(30, 0.028995912159057839)
30	102,0.0550900545145	(30, 0.028995912159057839)
30	51,0.0577265314499	(30, 0.028995912159057839)
31	166,0.0381604326071	(31, 0.039112289951026967)
31	31,0.039112289951	(31, 0.039112289951026967)
31	72,0.052175234769	(31, 0.039112289951026967)
31	116,0.0559616363445	(31, 0.039112289951026967)
31	69,0.0589477136722	(31, 0.039112289951026967)
31	48,0.0606573261416	(31, 0.039112289951026967)
31	124,0.0615126677943	(31, 0.039112289951026967)
31	131,0.0616758877793	(31, 0.039112289951026967)
31	104,0.0628137156927	(31, 0.039112289951026967)
31	144,0.0647663876307	(31, 0.039112289951026967)
32	156,0.0284864005524	(32, 0.030644105059193624)
32	32,0.0306441050592	(32, 0.030644105059193624)
32	27,0.0337233778341	(32, 0.030644105059193624)
32	50,0.0420486381444	(32, 0.030644105059193624)
32	73,0.0443587837572	(32, 0.030644105059193624)
32	164,0.0446295730076	(32, 0.030644105059193624)
32	107,0.045795028947	(32, 0.030644105059193624)
32	131,0.0491876708527	(32, 0.030644105059193624)
32	144,0.0515991148169	(32, 0.030644105059193624)
32	12,0.0552268755266	(32, 0.030644105059193624)
33	33,0.0249951006688	(33, 0.024995100668835635)
33	4,0.0414951883332	(33, 0.024995100668835635)
33	69,0.0415114416936	(33, 0.024995100668835635)
33	116,0.0434866183105	(33, 0.024995100668835635)
33	106,0.0451982390413	(33, 0.024995100668835635)
33	28,0.0505290403162	(33, 0.024995100668835635)
33	40,0.0506959139332	(33, 0.024995100668835635)
33	93,0.0517856637932	(33, 0.024995100668835635)
33	156,0.052802709068	(33, 0.024995100668835635)
33	73,0.0534645889019	(33, 0.024995100668835635)
34	15,0.0169117859819	(34, 0.042292653582109166)
34	17,0.0175025752167	(34, 0.042292653582109166)
34	69,0.0189685583692	(34, 0.042292653582109166)
34	148,0.0220133369316	(34, 0.042292653582109166)
34	4,0.0228070867082	(34, 0.042292653582109166)
34	40,0.0229033594262	(34, 0.042292653582109166)
34	172,0.0231238484572	(34, 0.042292653582109166)
34	120,0.0245012665057	(34, 0.042292653582109166)
34	174,0.0252790986302	(34, 0.042292653582109166)
34	56,0.0272620912232	(34, 0.042292653582109166)
35	35,0.0108015087866	(35, 0.010801508786632471)
35	18,0.0175890616094	(35, 0.010801508786632471)
35	88,0.0186883241402	(35, 0.010801508786632471)
35	12,0.0256379007169	(35, 0.010801508786632471)
35	22,0.0259463497503	(35, 0.010801508786632471)
35	139,0.0273549837432	(35, 0.010801508786632471)
35	38,0.0279024746743	(35, 0.010801508786632471)
35	121,0.0289414271804	(35, 0.010801508786632471)
35	158,0.0291429046312	(35, 0.010801508786632471)
35	61,0.0296542982557	(35, 0.010801508786632471)
36	46,0.00910940458483	(36, 0.01064810537708079)
36	76,0.0092781164281	(36, 0.01064810537708079)
36	147,0.00979965835952	(36, 0.01064810537708079)
36	36,0.0106481053771	(36, 0.01064810537708079)
36	18,0.0114587532213	(36, 0.01064810537708079)
36	63,0.0134417385513	(36, 0.01064810537708079)
36	171,0.0148465123914	(36, 0.01064810537708079)
36	137,0.0185764208132	(36, 0.01064810537708079)
36	150,0.0188128818146	(36, 0.01064810537708079)
36	139,0.019461161111	(36, 0.01064810537708079)
37	37,0.0147820437649	(37, 0.014782043764867648)
37	100,0.0157219665364	(37, 0.014782043764867648)
37	3,0.0157681760749	(37, 0.014782043764867648)
37	11,0.017384163562	(37, 0.014782043764867648)
37	77,0.0192813866532	(37, 0.014782043764867648)
37	90,0.019310709487	(37, 0.014782043764867648)
37	21,0.0207256368318	(37, 0.014782043764867648)
37	17,0.024300934476	(37, 0.014782043764867648)
37	70,0.0248031346226	(37, 0.014782043764867648)
37	71,0.0249674787859	(37, 0.014782043764867648)
38	38,0.011193853683	(38, 0.011193853682962305)
38	12,0.0254148594473	(38, 0.011193853682962305)
38	55,0.0271627334282	(38, 0.011193853682962305)
38	14,0.0303524437383	(38, 0.011193853682962305)
38	43,0.0350667033929	(38, 0.011193853682962305)
38	107,0.0376393457105	(38, 0.011193853682962305)
38	24,0.0391577035749	(38, 0.011193853682962305)
38	61,0.0395083012307	(38, 0.011193853682962305)
38	50,0.0395856196686	(38, 0.011193853682962305)
38	128,0.0398847699988	(38, 0.011193853682962305)
39	39,0.0273647352904	(39, 0.02736473529044494)
39	51,0.0514278916835	(39, 0.02736473529044494)
39	84,0.0517899405693	(39, 0.02736473529044494)
39	156,0.0528142782693	(39, 0.02736473529044494)
39	99,0.0562972797868	(39, 0.02736473529044494)
39	101,0.0566703168535	(39, 0.02736473529044494)
39	169,0.0570150066963	(39, 0.02736473529044494)
39	27,0.057779100913	(39, 0.02736473529044494)
39	93,0.0612069055387	(39, 0.02736473529044494)
39	107,0.0618132291228	(39, 0.02736473529044494)
40	40,0.0119411123583	(40, 0.011941112358274289)
40	69,0.0181952667906	(40, 0.011941112358274289)
40	172,0.0197281005065	(40, 0.011941112358274289)
40	79,0.0218278621739	(40, 0.011941112358274289)
40	4,0.022348650621	(40, 0.011941112358274289)
40	25,0.0238349776486	(40, 0.011941112358274289)
40	77,0.0252558743502	(40, 0.011941112358274289)
40	148,0.0260440244795	(40, 0.011941112358274289)
40	17,0.0260581262863	(40, 0.011941112358274289)
40	15,0.026873364841	(40, 0.011941112358274289)
41	41,0.0143026458002	(41, 0.014302645800181542)
41	155,0.0240563784424	(41, 0.014302645800181542)
41	1,0.0390003783631	(41, 0.014302645800181542)
41	20,0.0395682374469	(41, 0.014302645800181542)
41	91,0.0397940460329	(41, 0.014302645800181542)
41	124,0.0467301181771	(41, 0.014302645800181542)
41	101,0.050742590017	(41, 0.014302645800181542)
41	114,0.0534441282887	(41, 0.014302645800181542)
41	53,0.0542956277326	(41, 0.014302645800181542)
41	28,0.0549712769006	(41, 0.014302645800181542)
42	163,0.0454405823282	(42, 0.094571307074686667)
42	69,0.0544507431559	(42, 0.094571307074686667)
42	28,0.0558160355074	(42, 0.094571307074686667)
42	118,0.0618826296152	(42, 0.094571307074686667)
42	53,0.0619081153749	(42, 0.094571307074686667)
42	34,0.0628930605471	(42, 0.094571307074686667)
42	140,0.0634076792539	(42, 0.094571307074686667)
42	97,0.0692635736679	(42, 0.094571307074686667)
42	33,0.0709400323812	(42, 0.094571307074686667)
42	65,0.0741349899709	(42, 0.094571307074686667)
43	22,0.0162431457846	(43, 0.033057926581188744)
43	12,0.0173379641688	(43, 0.033057926581188744)
43	121,0.0183834704786	(43, 0.033057926581188744)
43	128,0.0186034788045	(43, 0.033057926581188744)
43	78,0.0203065470599	(43, 0.033057926581188744)
43	61,0.0211443755086	(43, 0.033057926581188744)
43	158,0.0214752270676	(43, 0.033057926581188744)
43	18,0.0216066064661	(43, 0.033057926581188744)
43	50,0.0234926453898	(43, 0.033057926581188744)
43	23,0.0237223589899	(43, 0.033057926581188744)
44	109,0.0241165137582	(44, 0.090590182970088681)
44	124,0.0265550121043	(44, 0.090590182970088681)
44	93,0.0268370947243	(44, 0.090590182970088681)
44	116,0.0275081827851	(44, 0.090590182970088681)
44	73,0.0314983965838	(44, 0.090590182970088681)
44	144,0.0343523069363	(44, 0.090590182970088681)
44	159,0.0345485729594	(44, 0.090590182970088681)
44	84,0.0358567873618	(44, 0.090590182970088681)
44	123,0.0374688989102	(44, 0.090590182970088681)
44	115,0.0384285565308	(44, 0.090590182970088681)
45	45,0.034373269963	(45, 0.034373269962963068)
45	130,0.0478349601893	(45, 0.034373269962963068)
45	94,0.0557983655454	(45, 0.034373269962963068)
45	98,0.0623261185019	(45, 0.034373269962963068)
45	34,0.0633396573324	(45, 0.034373269962963068)
45	129,0.064625827111	(45, 0.034373269962963068)
45	53,0.0646616448429	(45, 0.034373269962963068)
45	83,0.0656907745259	(45, 0.034373269962963068)
45	133,0.0692766827894	(45, 0.034373269962963068)
45	15,0.069443870944	(45, 0.034373269962963068)
46	46,0.00539421278966	(46, 0.0053942127896611843)
46	36,0.00859670857427	(46, 0.0053942127896611843)
46	171,0.0121571703797	(46, 0.0053942127896611843)
46	76,0.0124563057058	(46, 0.0053942127896611843)
46	137,0.0133158130973	(46, 0.0053942127896611843)
46	147,0.015768758949	(46, 0.0053942127896611843)
46	63,0.0180907754661	(46, 0.0053942127896611843)
46	139,0.0193979073171	(46, 0.0053942127896611843)
46	18,0.0195499603161	(46, 0.0053942127896611843)
46	6,0.0210604369305	(46, 0.0053942127896611843)
47	99,0.0449014810651	(47, 0.055258530738893821)
47	27,0.0495264543159	(47, 0.055258530738893821)
47	19,0.0524443682931	(47, 0.055258530738893821)
47	10,0.0529871992539	(47, 0.055258530738893821)
47	47,0.0552585307389	(47, 0.055258530738893821)
47	43,0.0605759626275	(47, 0.055258530738893821)
47	138,0.0607167263553	(47, 0.055258530738893821)
47	84,0.0621817493023	(47, 0.055258530738893821)
47	173,0.0678512603208	(47, 0.055258530738893821)
47	0,0.0692485004977	(47, 0.055258530738893821)
48	56,0.0209074082347	(48, 0.025973637543881174)
48	120,0.0236434275182	(48, 0.025973637543881174)
48	48,0.0259736375439	(48, 0.025973637543881174)
48	69,0.0274880719244	(48, 0.025973637543881174)
48	97,0.0303611451426	(48, 0.025973637543881174)
48	40,0.0319109299975	(48, 0.025973637543881174)
48	174,0.0349370955518	(48, 0.025973637543881174)
48	4,0.0361185725225	(48, 0.025973637543881174)
48	15,0.040097982132	(48, 0.025973637543881174)
48	154,0.0403991303776	(48, 0.025973637543881174)
49	49,0.0171486544849	(49, 0.017148654484874019)
49	59,0.021446967832	(49, 0.017148654484874019)
49	77,0.0217384793899	(49, 0.017148654484874019)
49	98,0.0247704535394	(49, 0.017148654484874019)
49	172,0.0249443079068	(49, 0.017148654484874019)
49	100,0.025507056272	(49, 0.017148654484874019)
49	15,0.026716910077	(49, 0.017148654484874019)
49	17,0.0286786613427	(49, 0.017148654484874019)
49	37,0.0325456373159	(49, 0.017148654484874019)
49	83,0.0340612879853	(49, 0.017148654484874019)
50	50,0.0121158486513	(50, 0.012115848651287911)
50	107,0.0259080711163	(50, 0.012115848651287911)
50	12,0.0297118912008	(50, 0.012115848651287911)
50	158,0.0311092310314	(50, 0.012115848651287911)
50	171,0.0344118593248	(50, 0.012115848651287911)
50	76,0.0361040974591	(50, 0.012115848651287911)
50	128,0.0364813454859	(50, 0.012115848651287911)
50	38,0.0373614001227	(50, 0.012115848651287911)
50	22,0.0375931857316	(50, 0.012115848651287911)
50	156,0.0394163396684	(50, 0.012115848651287911)
51	124,0.0185609187826	(51, 0.080745025230173073)
51	155,0.030730599399	(51, 0.080745025230173073)
51	73,0.0331486167982	(51, 0.080745025230173073)
51	53,0.0333023438701	(51, 0.080745025230173073)
51	157,0.0335569083859	(51, 0.080745025230173073)
51	28,0.0392527639479	(51, 0.080745025230173073)
51	93,0.0404054353459	(51, 0.080745025230173073)
51	1,0.0414730476465	(51, 0.080745025230173073)
51	13,0.0420063516086	(51, 0.080745025230173073)
51	41,0.0430212764437	(51, 0.080745025230173073)
52	53,0.0252587570585	(52, 0.093422050229916939)
52	44,0.0299585801805	(52, 0.093422050229916939)
52	124,0.0348300574769	(52, 0.093422050229916939)
52	65,0.035620920972	(52, 0.093422050229916939)
52	13,0.0360385977279	(52, 0.093422050229916939)
52	155,0.036294444972	(52, 0.093422050229916939)
52	163,0.0387960839187	(52, 0.093422050229916939)
52	161,0.0402568283906	(52, 0.093422050229916939)
52	4,0.0408341506865	(52, 0.093422050229916939)
52	97,0.0429833054831	(52, 0.093422050229916939)
53	65,0.0189844948582	(53, 0.022220392915716987)
53	53,0.0222203929157	(53, 0.022220392915716987)
53	155,0.0293476016529	(53, 0.022220392915716987)
53	44,0.0306268212009	(53, 0.022220392915716987)
53	120,0.0325308918244	(53, 0.022220392915716987)
53	163,0.0331537809852	(53, 0.022220392915716987)
53	161,0.0347725393341	(53, 0.022220392915716987)
53	114,0.0363070645989	(53, 0.022220392915716987)
53	28,0.0379196764092	(53, 0.022220392915716987)
53	13,0.0395330691228	(53, 0.022220392915716987)
54	136,0.0117177966622	(54, 0.020772640822591469)
54	162,0.0184038174075	(54, 0.020772640822591469)
54	71,0.0204295829023	(54, 0.020772640822591469)
54	11,0.0205227595187	(54, 0.020772640822591469)
54	3,0.0206754862926	(54, 0.020772640822591469)
54	54,0.0207726408226	(54, 0.020772640822591469)
54	137,0.0212018908797	(54, 0.020772640822591469)
54	63,0.0235161211415	(54, 0.020772640822591469)
54	147,0.0242137686285	(54, 0.020772640822591469)
54	17,0.0252617433435	(54, 0.020772640822591469)
55	12,0.0161014091606	(55, 0.023838477341026121)
55	159,0.0217624562534	(55, 0.023838477341026121)
55	55,0.023838477341	(55, 0.023838477341026121)
55	38,0.0245448047467	(55, 0.023838477341026121)
55	152,0.0259397606013	(55, 0.023838477341026121)
55	18,0.0269354944317	(55, 0.023838477341026121)
55	121,0.0272039654685	(55, 0.023838477341026121)
55	128,0.0279868891456	(55, 0.023838477341026121)
55	134,0.0281853154629	(55, 0.023838477341026121)
55	151,0.0286333695747	(55, 0.023838477341026121)
56	56,0.0125547653556	(56, 0.012554765355565153)
56	15,0.0209586545871	(56, 0.012554765355565153)
56	120,0.0213771852787	(56, 0.012554765355565153)
56	174,0.0351007557189	(56, 0.012554765355565153)
56	69,0.0361133372088	(56, 0.012554765355565153)
56	48,0.0387040985614	(56, 0.012554765355565153)
56	113,0.040151863224	(56, 0.012554765355565153)
56	2,0.041775751769	(56, 0.012554765355565153)
56	4,0.0426977190874	(56, 0.012554765355565153)
56	17,0.042699799125	(56, 0.012554765355565153)
57	57,0.0251009370849	(57, 0.025100937084880686)
57	122,0.0513514235769	(57, 0.025100937084880686)
57	15,0.0658321401753	(57, 0.025100937084880686)
57	174,0.0674070326631	(57, 0.025100937084880686)
57	56,0.0704429579083	(57, 0.025100937084880686)
57	120,0.0841888177782	(57, 0.025100937084880686)
57	113,0.0871659990682	(57, 0.025100937084880686)
57	2,0.0878725272038	(57, 0.025100937084880686)
57	59,0.0892731955997	(57, 0.025100937084880686)
57	108,0.090622230265	(57, 0.025100937084880686)
58	24,0.0222401083368	(58, 0.089862899867826349)
58	107,0.0278580384522	(58, 0.089862899867826349)
58	27,0.0282637730871	(58, 0.089862899867826349)
58	50,0.0315652882409	(58, 0.089862899867826349)
58	61,0.0351295087925	(58, 0.089862899867826349)
58	158,0.0385378608505	(58, 0.089862899867826349)
58	73,0.0416094992733	(58, 0.089862899867826349)
58	23,0.0419061680371	(58, 0.089862899867826349)
58	38,0.0423078817942	(58, 0.089862899867826349)
58	43,0.042778874945	(58, 0.089862899867826349)
59	83,0.0467973822391	(59, 0.054903029088794859)
59	15,0.0478705934879	(59, 0.054903029088794859)
59	94,0.0519132783622	(59, 0.054903029088794859)
59	65,0.0524868759066	(59, 0.054903029088794859)
59	59,0.0549030290888	(59, 0.054903029088794859)
59	113,0.0552589771294	(59, 0.054903029088794859)
59	98,0.0619219957374	(59, 0.054903029088794859)
59	120,0.0628468643567	(59, 0.054903029088794859)
59	161,0.0630174776102	(59, 0.054903029088794859)
59	130,0.0632391018889	(59, 0.054903029088794859)
60	60,0.0178675173209	(60, 0.017867517320884339)
60	40,0.0214684190806	(60, 0.017867517320884339)
60	69,0.0223987146444	(60, 0.017867517320884339)
60	79,0.023177997947	(60, 0.017867517320884339)
60	25,0.0264842312296	(60, 0.017867517320884339)
60	15,0.0296444261629	(60, 0.017867517320884339)
60	4,0.0298554546147	(60, 0.017867517320884339)
60	34,0.0306417178496	(60, 0.017867517320884339)
60	172,0.0356900514328	(60, 0.017867517320884339)
60	77,0.0373430037357	(60, 0.017867517320884339)
61	61,0.0119066421052	(61, 0.011906642105166143)
61	23,0.012144116771	(61, 0.011906642105166143)
61	162,0.0176225897749	(61, 0.011906642105166143)
61	121,0.0179503164121	(61, 0.011906642105166143)
61	26,0.0182864309605	(61, 0.011906642105166143)
61	63,0.0194737360127	(61, 0.011906642105166143)
61	76,0.0211178989296	(61, 0.011906642105166143)
61	147,0.0215528959157	(61, 0.011906642105166143)
61	78,0.0223684112313	(61, 0.011906642105166143)
61	3,0.0230990153922	(61, 0.011906642105166143)
62	78,0.0232681043458	(62, 0.030804208250367629)
62	26,0.0254153027814	(62, 0.030804208250367629)
62	107,0.0259714404175	(62, 0.030804208250367629)
62	73,0.0287082842024	(62, 0.030804208250367629)
62	61,0.02890651252	(62, 0.030804208250367629)
62	62,0.0308042082504	(62, 0.030804208250367629)
62	95,0.031505458936	(62, 0.030804208250367629)
62	158,0.0339709070561	(62, 0.030804208250367629)
62	121,0.0345174484219	(62, 0.030804208250367629)
62	1,0.0347340096248	(62, 0.030804208250367629)
63	3,0.00837957063376	(63, 0.015637961579306928)
63	11,0.015277557956	(63, 0.015637961579306928)
63	63,0.0156379615793	(63, 0.015637961579306928)
63	77,0.0168367523761	(63, 0.015637961579306928)
63	162,0.0178355069215	(63, 0.015637961579306928)
63	81,0.0179196823565	(63, 0.015637961579306928)
63	37,0.0192138728942	(63, 0.015637961579306928)
63	136,0.0198946688709	(63, 0.015637961579306928)
63	71,0.0204189211412	(63, 0.015637961579306928)
63	121,0.0209515137214	(63, 0.015637961579306928)
64	64,0.0633112796043	(64, 0.063311279604257864)
64	118,0.0943573386896	(64, 0.063311279604257864)
64	130,0.0961114941831	(64, 0.063311279604257864)
64	45,0.101122637804	(64, 0.063311279604257864)
64	133,0.108548104955	(64, 0.063311279604257864)
64	33,0.120577876898	(64, 0.063311279604257864)
64	34,0.129414607876	(64, 0.063311279604257864)
64	113,0.135883872317	(64, 0.063311279604257864)
64	65,0.154635026641	(64, 0.063311279604257864)
64	15,0.15617496823	(64, 0.063311279604257864)
65	65,0.0170587668379	(65, 0.017058766837897667)
65	161,0.0198155207761	(65, 0.017058766837897667)
65	83,0.0216801469963	(65, 0.017058766837897667)
65	68,0.0244427325641	(65, 0.017058766837897667)
65	155,0.0287394799322	(65, 0.017058766837897667)
65	59,0.0299714501625	(65, 0.017058766837897667)
65	1,0.0307765012587	(65, 0.017058766837897667)
65	100,0.0327227779293	(65, 0.017058766837897667)
65	71,0.0329772197104	(65, 0.017058766837897667)
65	13,0.0332574947307	(65, 0.017058766837897667)
66	66,0.0536364276386	(66, 0.053636427638634757)
66	130,0.113775874904	(66, 0.053636427638634757)
66	140,0.126484150979	(66, 0.053636427638634757)
66	133,0.12714396945	(66, 0.053636427638634757)
66	118,0.131991993668	(66, 0.053636427638634757)
66	91,0.140982241162	(66, 0.053636427638634757)
66	33,0.143047107911	(66, 0.053636427638634757)
66	141,0.154928848418	(66, 0.053636427638634757)
66	169,0.160006172298	(66, 0.053636427638634757)
66	53,0.166565480179	(66, 0.053636427638634757)
67	67,0.0362710666138	(67, 0.036271066613783522)
67	84,0.0454326104587	(67, 0.036271066613783522)
67	93,0.0495904091675	(67, 0.036271066613783522)
67	169,0.0504015976747	(67, 0.036271066613783522)
67	140,0.0563805521486	(67, 0.036271066613783522)
67	116,0.0590043218312	(67, 0.036271066613783522)
67	149,0.0591094468382	(67, 0.036271066613783522)
67	109,0.0597102904474	(67, 0.036271066613783522)
67	28,0.0605742737048	(67, 0.036271066613783522)
67	131,0.0608517004954	(67, 0.036271066613783522)
68	68,0.0156616170153	(68, 0.015661617015330712)
68	70,0.0253238966132	(68, 0.015661617015330712)
68	23,0.0269130739017	(68, 0.015661617015330712)
68	61,0.028734128994	(68, 0.015661617015330712)
68	63,0.0300491217219	(68, 0.015661617015330712)
68	162,0.0327888077928	(68, 0.015661617015330712)
68	147,0.0328988255301	(68, 0.015661617015330712)
68	26,0.0337538753321	(68, 0.015661617015330712)
68	77,0.0341098894454	(68, 0.015661617015330712)
68	71,0.0343332944235	(68, 0.015661617015330712)
69	15,0.0570464506031	(69, 0.064261887145066116)
69	122,0.0590173306046	(69, 0.064261887145066116)
69	174,0.0604991696596	(69, 0.064261887145066116)
69	48,0.0641360236183	(69, 0.064261887145066116)
69	69,0.0642618871451	(69, 0.064261887145066116)
69	56,0.0679060227424	(69, 0.064261887145066116)
69	154,0.0689386576368	(69, 0.064261887145066116)
69	2,0.0693228236471	(69, 0.064261887145066116)
69	4,0.0700858098185	(69, 0.064261887145066116)
69	33,0.0747630941407	(69, 0.064261887145066116)
70	121,0.0160478325092	(70, 0.019601544541633868)
70	3,0.0177765247567	(70, 0.019601544541633868)
70	70,0.0196015445416	(70, 0.019601544541633868)
70	77,0.020798341351	(70, 0.019601544541633868)
70	117,0.0214657121104	(70, 0.019601544541633868)
70	132,0.0219883247524	(70, 0.019601544541633868)
70	22,0.0221056987653	(70, 0.019601544541633868)
70	11,0.0224603184011	(70, 0.019601544541633868)
70	139,0.0228882361542	(70, 0.019601544541633868)
70	63,0.0230173320919	(70, 0.019601544541633868)
71	91,0.0404638129711	(71, 0.086901911096815651)
71	133,0.0444847825095	(71, 0.086901911096815651)
71	41,0.0493811030398	(71, 0.086901911096815651)
71	102,0.0499917295655	(71, 0.086901911096815651)
71	101,0.0516511552903	(71, 0.086901911096815651)
71	1,0.0542466897961	(71, 0.086901911096815651)
71	155,0.0553425709312	(71, 0.086901911096815651)
71	95,0.0593435789027	(71, 0.086901911096815651)
71	103,0.060135472203	(71, 0.086901911096815651)
71	53,0.0610080709762	(71, 0.086901911096815651)
72	17,0.0289623249726	(72, 0.16016499215751176)
72	172,0.029485814768	(72, 0.16016499215751176)
72	174,0.0299701809622	(72, 0.16016499215751176)
72	143,0.0312337614278	(72, 0.16016499215751176)
72	148,0.0318365523293	(72, 0.16016499215751176)
72	100,0.0377619465858	(72, 0.16016499215751176)
72	77,0.0381200630028	(72, 0.16016499215751176)
72	171,0.0388268072877	(72, 0.16016499215751176)
72	49,0.0393884373444	(72, 0.16016499215751176)
72	3,0.0394911857365	(72, 0.16016499215751176)
73	73,0.0153507568369	(73, 0.015350756836874159)
73	13,0.0240816324475	(73, 0.015350756836874159)
73	124,0.0261285501924	(73, 0.015350756836874159)
73	157,0.0279957020102	(73, 0.015350756836874159)
73	27,0.0322971765272	(73, 0.015350756836874159)
73	93,0.0353928156288	(73, 0.015350756836874159)
73	53,0.03684673885	(73, 0.015350756836874159)
73	109,0.0376308862325	(73, 0.015350756836874159)
73	114,0.0382327636103	(73, 0.015350756836874159)
73	144,0.0400063066691	(73, 0.015350756836874159)
74	17,0.0124399976486	(74, 0.012782151022334378)
74	136,0.0127390047444	(74, 0.012782151022334378)
74	74,0.0127821510223	(74, 0.012782151022334378)
74	100,0.0157036792679	(74, 0.012782151022334378)
74	37,0.0162851290657	(74, 0.012782151022334378)
74	90,0.0165332550427	(74, 0.012782151022334378)
74	127,0.0183488139964	(74, 0.012782151022334378)
74	77,0.0184387649652	(74, 0.012782151022334378)
74	11,0.0221094522647	(74, 0.012782151022334378)
74	21,0.0258694130855	(74, 0.012782151022334378)
75	75,0.100232932453	(75, 0.10023293245258284)
75	167,0.101506568079	(75, 0.10023293245258284)
75	47,0.136928253861	(75, 0.10023293245258284)
75	10,0.142934574691	(75, 0.10023293245258284)
75	99,0.147858800913	(75, 0.10023293245258284)
75	80,0.148796921316	(75, 0.10023293245258284)
75	67,0.148876703434	(75, 0.10023293245258284)
75	84,0.156571272448	(75, 0.10023293245258284)
75	138,0.157088505556	(75, 0.10023293245258284)
75	19,0.16284499028	(75, 0.10023293245258284)
76	76,0.00820016541684	(76, 0.0082001654168383734)
76	147,0.00832803129883	(76, 0.0082001654168383734)
76	63,0.0102498615527	(76, 0.0082001654168383734)
76	137,0.010997221936	(76, 0.0082001654168383734)
76	171,0.0129907792241	(76, 0.0082001654168383734)
76	3,0.0156311988951	(76, 0.0082001654168383734)
76	22,0.0163992486783	(76, 0.0082001654168383734)
76	46,0.0168092162415	(76, 0.0082001654168383734)
76	18,0.0177782175849	(76, 0.0082001654168383734)
76	36,0.0182535072893	(76, 0.0082001654168383734)
77	136,0.0122511680789	(77, 0.012753028026443437)
77	162,0.0122745303321	(77, 0.012753028026443437)
77	77,0.0127530280264	(77, 0.012753028026443437)
77	3,0.013725430378	(77, 0.012753028026443437)
77	90,0.0137311389162	(77, 0.012753028026443437)
77	11,0.0142654258953	(77, 0.012753028026443437)
77	63,0.015265483159	(77, 0.012753028026443437)
77	147,0.0158520011546	(77, 0.012753028026443437)
77	137,0.0166935876054	(77, 0.012753028026443437)
77	71,0.0173680932891	(77, 0.012753028026443437)
78	151,0.00897273401569	(78, 0.017471770352847672)
78	63,0.0122825629025	(78, 0.017471770352847672)
78	18,0.0132019056772	(78, 0.017471770352847672)
78	76,0.0135430607493	(78, 0.017471770352847672)
78	132,0.0136881575811	(78, 0.017471770352847672)
78	121,0.0144391518972	(78, 0.017471770352847672)
78	22,0.0145012411857	(78, 0.017471770352847672)
78	147,0.0164915059558	(78, 0.017471770352847672)
78	78,0.0174717703528	(78, 0.017471770352847672)
78	139,0.0185616049588	(78, 0.017471770352847672)
79	69,0.00919351565364	(79, 0.01350490691336503)
79	4,0.0134176110473	(79, 0.01350490691336503)
79	79,0.0135049069134	(79, 0.01350490691336503)
79	40,0.0156027611158	(79, 0.01350490691336503)
79	25,0.025670201881	(79, 0.01350490691336503)
79	56,0.0258577284502	(79, 0.01350490691336503)
79	34,0.0298798514045	(79, 0.01350490691336503)
79	15,0.0316944114902	(79, 0.01350490691336503)
79	172,0.032247047183	(79, 0.01350490691336503)
79	17,0.0348230418665	(79, 0.01350490691336503)
80	80,0.0418739116396	(80, 0.041873911639611919)
80	51,0.0587956050496	(80, 0.041873911639611919)
80	167,0.0620574027119	(80, 0.041873911639611919)
80	32,0.0881505690438	(80, 0.041873911639611919)
80	39,0.117382049498	(80, 0.041873911639611919)
80	27,0.122852503118	(80, 0.041873911639611919)
80	169,0.127365097077	(80, 0.041873911639611919)
80	58,0.129774482988	(80, 0.041873911639611919)
80	160,0.131120740729	(80, 0.041873911639611919)
80	165,0.133688614586	(80, 0.041873911639611919)
81	81,0.0152649429678	(81, 0.015264942967846066)
81	3,0.0156083470987	(81, 0.015264942967846066)
81	77,0.0171802098813	(81, 0.015264942967846066)
81	11,0.0187273593684	(81, 0.015264942967846066)
81	132,0.0212292964538	(81, 0.015264942967846066)
81	37,0.0215839815181	(81, 0.015264942967846066)
81	121,0.0222361892842	(81, 0.015264942967846066)
81	117,0.0227627436902	(81, 0.015264942967846066)
81	22,0.0233455256502	(81, 0.015264942967846066)
81	71,0.0233660768165	(81, 0.015264942967846066)
82	27,0.0343528955148	(82, 0.06309310837590501)
82	12,0.0355867228841	(82, 0.06309310837590501)
82	107,0.0372060528109	(82, 0.06309310837590501)
82	38,0.0372827487799	(82, 0.06309310837590501)
82	73,0.0384232757931	(82, 0.06309310837590501)
82	50,0.0388498128233	(82, 0.06309310837590501)
82	13,0.0411698271983	(82, 0.06309310837590501)
82	24,0.0416450677631	(82, 0.06309310837590501)
82	144,0.0422114712497	(82, 0.06309310837590501)
82	61,0.0436107674419	(82, 0.06309310837590501)
83	13,0.0159908466108	(83, 0.023653197460683287)
83	155,0.0222067261775	(83, 0.023653197460683287)
83	65,0.0232651621978	(83, 0.023653197460683287)
83	17,0.0233773508373	(83, 0.023653197460683287)
83	83,0.0236531974607	(83, 0.023653197460683287)
83	71,0.0238037321372	(83, 0.023653197460683287)
83	161,0.0240684725636	(83, 0.023653197460683287)
83	120,0.0255071423762	(83, 0.023653197460683287)
83	136,0.0263561047605	(83, 0.023653197460683287)
83	11,0.0273028048202	(83, 0.023653197460683287)
84	84,0.061968851651	(84, 0.06196885165103929)
84	67,0.0633086714874	(84, 0.06196885165103929)
84	166,0.0673469790746	(84, 0.06196885165103929)
84	169,0.0723808074531	(84, 0.06196885165103929)
84	140,0.0794513345893	(84, 0.06196885165103929)
84	99,0.0808498203267	(84, 0.06196885165103929)
84	144,0.0918516013029	(84, 0.06196885165103929)
84	109,0.0930607606589	(84, 0.06196885165103929)
84	156,0.0962243198239	(84, 0.06196885165103929)
84	170,0.100602539194	(84, 0.06196885165103929)
85	67,0.0485931537181	(85, 0.07851289507909584)
85	85,0.0785128950791	(85, 0.07851289507909584)
85	140,0.080393935623	(85, 0.07851289507909584)
85	84,0.0958894023994	(85, 0.07851289507909584)
85	166,0.0962944992393	(85, 0.07851289507909584)
85	149,0.0990070158247	(85, 0.07851289507909584)
85	169,0.108548919039	(85, 0.07851289507909584)
85	99,0.110012033966	(85, 0.07851289507909584)
85	144,0.110307910065	(85, 0.07851289507909584)
85	93,0.118209149334	(85, 0.07851289507909584)
86	86,0.0133131055767	(86, 0.01331310557673485)
86	137,0.0145161484068	(86, 0.01331310557673485)
86	117,0.0173566156087	(86, 0.01331310557673485)
86	162,0.0178736145407	(86, 0.01331310557673485)
86	150,0.0183882634635	(86, 0.01331310557673485)
86	171,0.0184041729892	(86, 0.01331310557673485)
86	3,0.018672560889	(86, 0.01331310557673485)
86	11,0.0187594222012	(86, 0.01331310557673485)
86	18,0.0190553177801	(86, 0.01331310557673485)
86	76,0.0192423807389	(86, 0.01331310557673485)
87	1,0.020428571352	(87, 0.054139845229701708)
87	121,0.0209910439948	(87, 0.054139845229701708)
87	26,0.0229986325237	(87, 0.054139845229701708)
87	78,0.023662340919	(87, 0.054139845229701708)
87	71,0.0242074358777	(87, 0.054139845229701708)
87	11,0.0263411263079	(87, 0.054139845229701708)
87	20,0.0272124203722	(87, 0.054139845229701708)
87	61,0.0272350235793	(87, 0.054139845229701708)
87	23,0.0273727453121	(87, 0.054139845229701708)
87	89,0.0283891608626	(87, 0.054139845229701708)
88	147,0.0105127488264	(88, 0.015483246405709583)
88	18,0.0115134994491	(88, 0.015483246405709583)
88	76,0.0118499882962	(88, 0.015483246405709583)
88	63,0.0143504187938	(88, 0.015483246405709583)
88	88,0.0154832464057	(88, 0.015483246405709583)
88	22,0.0162397564582	(88, 0.015483246405709583)
88	171,0.0165499434538	(88, 0.015483246405709583)
88	46,0.0171353019977	(88, 0.015483246405709583)
88	35,0.0172306709204	(88, 0.015483246405709583)
88	117,0.0177886741012	(88, 0.015483246405709583)
89	124,0.0198536615647	(89, 0.025146785258567731)
89	155,0.0207269058274	(89, 0.025146785258567731)
89	89,0.0251467852586	(89, 0.025146785258567731)
89	1,0.0252712648413	(89, 0.025146785258567731)
89	53,0.0260928326113	(89, 0.025146785258567731)
89	73,0.0299600645592	(89, 0.025146785258567731)
89	71,0.030279540413	(89, 0.025146785258567731)
89	20,0.031382760874	(89, 0.025146785258567731)
89	11,0.0347589002831	(89, 0.025146785258567731)
89	28,0.0384224316386	(89, 0.025146785258567731)
90	90,0.00921751080911	(90, 0.0092175108091068388)
90	11,0.0150220954328	(90, 0.0092175108091068388)
90	162,0.0172664286444	(90, 0.0092175108091068388)
90	81,0.0174618064692	(90, 0.0092175108091068388)
90	96,0.0180289011962	(90, 0.0092175108091068388)
90	137,0.0195629732285	(90, 0.0092175108091068388)
90	37,0.0209341773501	(90, 0.0092175108091068388)
90	172,0.020936250083	(90, 0.0092175108091068388)
90	136,0.0210066536878	(90, 0.0092175108091068388)
90	17,0.021613042865	(90, 0.0092175108091068388)
91	133,0.0386970049444	(91, 0.062676487914114995)
91	91,0.0626764879141	(91, 0.062676487914114995)
91	130,0.0811306596398	(91, 0.062676487914114995)
91	103,0.0996059740729	(91, 0.062676487914114995)
91	34,0.106234825121	(91, 0.062676487914114995)
91	102,0.108892094661	(91, 0.062676487914114995)
91	51,0.110973726436	(91, 0.062676487914114995)
91	155,0.114823811415	(91, 0.062676487914114995)
91	114,0.117477631874	(91, 0.062676487914114995)
91	101,0.117659093757	(91, 0.062676487914114995)
92	78,0.0163626850289	(92, 0.049190162402202108)
92	61,0.0212131584242	(92, 0.049190162402202108)
92	24,0.0227259485798	(92, 0.049190162402202108)
92	128,0.0229124598366	(92, 0.049190162402202108)
92	158,0.0253698563074	(92, 0.049190162402202108)
92	26,0.0271327361549	(92, 0.049190162402202108)
92	12,0.0287642444787	(92, 0.049190162402202108)
92	22,0.0301430531502	(92, 0.049190162402202108)
92	23,0.0304805579366	(92, 0.049190162402202108)
92	107,0.0318371975739	(92, 0.049190162402202108)
93	22,0.0166128641878	(93, 0.01861132078019951)
93	132,0.0176263035386	(93, 0.01861132078019951)
93	93,0.0186113207802	(93, 0.01861132078019951)
93	128,0.02002868278	(93, 0.01861132078019951)
93	3,0.021061585793	(93, 0.01861132078019951)
93	158,0.0216641116528	(93, 0.01861132078019951)
93	121,0.0219487093609	(93, 0.01861132078019951)
93	76,0.0227784301526	(93, 0.01861132078019951)
93	12,0.0229080507251	(93, 0.01861132078019951)
93	78,0.0245878517771	(93, 0.01861132078019951)
94	94,0.0263207016041	(94, 0.026320701604051547)
94	83,0.0467376581519	(94, 0.026320701604051547)
94	155,0.0576788098692	(94, 0.026320701604051547)
94	59,0.0643199348526	(94, 0.026320701604051547)
94	45,0.0655300742041	(94, 0.026320701604051547)
94	15,0.0656820389437	(94, 0.026320701604051547)
94	98,0.0724943297804	(94, 0.026320701604051547)
94	161,0.0729644677296	(94, 0.026320701604051547)
94	120,0.0732766704478	(94, 0.026320701604051547)
94	65,0.0737919187166	(94, 0.026320701604051547)
95	107,0.0273425440132	(95, 0.064280129505492417)
95	99,0.0275408563895	(95, 0.064280129505492417)
95	128,0.0344576208595	(95, 0.064280129505492417)
95	43,0.0359812820791	(95, 0.064280129505492417)
95	27,0.0362775828205	(95, 0.064280129505492417)
95	78,0.0370904527982	(95, 0.064280129505492417)
95	19,0.0381135924257	(95, 0.064280129505492417)
95	50,0.0417455337967	(95, 0.064280129505492417)
95	138,0.0427445936972	(95, 0.064280129505492417)
95	158,0.0456680271221	(95, 0.064280129505492417)
96	96,0.0133837322933	(96, 0.013383732293326532)
96	13,0.0204253776661	(96, 0.013383732293326532)
96	17,0.0229181127644	(96, 0.013383732293326532)
96	162,0.023304399919	(96, 0.013383732293326532)
96	11,0.0252110340065	(96, 0.013383732293326532)
96	161,0.027591239875	(96, 0.013383732293326532)
96	143,0.0287034711294	(96, 0.013383732293326532)
96	119,0.0293023383452	(96, 0.013383732293326532)
96	112,0.0304547586526	(96, 0.013383732293326532)
96	90,0.0304980682564	(96, 0.013383732293326532)
97	172,0.0175447237447	(97, 0.038450221836923724)
97	69,0.0189433526407	(97, 0.038450221836923724)
97	40,0.0194302015455	(97, 0.038450221836923724)
97	17,0.0209582092169	(97, 0.038450221836923724)
97	120,0.0227015998916	(97, 0.038450221836923724)
97	3,0.0260431257882	(97, 0.038450221836923724)
97	79,0.0270167330097	(97, 0.038450221836923724)
97	4,0.027226638175	(97, 0.038450221836923724)
97	37,0.0293726044881	(97, 0.038450221836923724)
97	90,0.0300487149871	(97, 0.038450221836923724)
98	98,0.0122750094905	(98, 0.012275009490456887)
98	40,0.0214848583427	(98, 0.012275009490456887)
98	15,0.0220324866368	(98, 0.012275009490456887)
98	25,0.0255416789538	(98, 0.012275009490456887)
98	154,0.0287770705178	(98, 0.012275009490456887)
98	172,0.0297367215474	(98, 0.012275009490456887)
98	49,0.0315346033022	(98, 0.012275009490456887)
98	69,0.0355611656254	(98, 0.012275009490456887)
98	4,0.0361997550827	(98, 0.012275009490456887)
98	174,0.0371285016035	(98, 0.012275009490456887)
99	73,0.0249282064658	(99, 0.036119294353400971)
99	128,0.0254612530345	(99, 0.036119294353400971)
99	144,0.0259414712395	(99, 0.036119294353400971)
99	93,0.0260722303294	(99, 0.036119294353400971)
99	84,0.0281666850464	(99, 0.036119294353400971)
99	109,0.0286945720347	(99, 0.036119294353400971)
99	12,0.0289850027771	(99, 0.036119294353400971)
99	78,0.0290640729847	(99, 0.036119294353400971)
99	159,0.0302615496452	(99, 0.036119294353400971)
99	156,0.0313249303996	(99, 0.036119294353400971)
100	100,0.0104098537444	(100, 0.010409853744414884)
100	74,0.0138513269751	(100, 0.010409853744414884)
100	77,0.0155741477576	(100, 0.010409853744414884)
100	90,0.0158520398662	(100, 0.010409853744414884)
100	21,0.0163939169094	(100, 0.010409853744414884)
100	136,0.017479460203	(100, 0.010409853744414884)
100	37,0.0175619679615	(100, 0.010409853744414884)
100	127,0.0185943598744	(100, 0.010409853744414884)
100	17,0.0187171351064	(100, 0.010409853744414884)
100	11,0.0189374473034	(100, 0.010409853744414884)
101	73,0.0251837542699	(101, 0.029284190099407848)
101	1,0.0283122064536	(101, 0.029284190099407848)
101	101,0.0292841900994	(101, 0.029284190099407848)
101	124,0.0306428666374	(101, 0.029284190099407848)
101	13,0.0309715178124	(101, 0.029284190099407848)
101	77,0.0336503495281	(101, 0.029284190099407848)
101	69,0.0338120806871	(101, 0.029284190099407848)
101	29,0.0348332741953	(101, 0.029284190099407848)
101	60,0.034963185246	(101, 0.029284190099407848)
101	71,0.0363145535722	(101, 0.029284190099407848)
102	91,0.0383635186163	(102, 0.041189892034999287)
102	114,0.0398438771545	(102, 0.041189892034999287)
102	41,0.0405412571134	(102, 0.041189892034999287)
102	102,0.041189892035	(102, 0.041189892034999287)
102	110,0.0418457268385	(102, 0.041189892034999287)
102	155,0.042004408812	(102, 0.041189892034999287)
102	1,0.0426758122125	(102, 0.041189892034999287)
102	101,0.0456048110589	(102, 0.041189892034999287)
102	53,0.0493510121993	(102, 0.041189892034999287)
102	103,0.0498785655524	(102, 0.041189892034999287)
103	103,0.030846814638	(103, 0.030846814637984037)
103	91,0.0410691033604	(103, 0.030846814637984037)
103	73,0.0433242448828	(103, 0.030846814637984037)
103	101,0.0483905793034	(103, 0.030846814637984037)
103	93,0.049885987297	(103, 0.030846814637984037)
103	28,0.0527671338018	(103, 0.030846814637984037)
103	30,0.0530588734089	(103, 0.030846814637984037)
103	51,0.0539562938287	(103, 0.030846814637984037)
103	114,0.0580525934091	(103, 0.030846814637984037)
103	1,0.0581523641201	(103, 0.030846814637984037)
104	124,0.0175567994841	(104, 0.037909857290296931)
104	93,0.0264070865034	(104, 0.037909857290296931)
104	119,0.028301577867	(104, 0.037909857290296931)
104	81,0.0290073535374	(104, 0.037909857290296931)
104	73,0.0297615136915	(104, 0.037909857290296931)
104	11,0.0309129102481	(104, 0.037909857290296931)
104	115,0.0310265853648	(104, 0.037909857290296931)
104	3,0.0339937472704	(104, 0.037909857290296931)
104	13,0.036037416954	(104, 0.037909857290296931)
104	69,0.0375861872706	(104, 0.037909857290296931)
105	27,0.0279311821078	(105, 0.044148089303642161)
105	43,0.0295298623521	(105, 0.044148089303642161)
105	19,0.0327779374503	(105, 0.044148089303642161)
105	24,0.0332397688624	(105, 0.044148089303642161)
105	107,0.0379092179119	(105, 0.044148089303642161)
105	38,0.0397813736906	(105, 0.044148089303642161)
105	99,0.0409106211028	(105, 0.044148089303642161)
105	50,0.0420245174486	(105, 0.044148089303642161)
105	61,0.0428066072868	(105, 0.044148089303642161)
105	105,0.0441480893036	(105, 0.044148089303642161)
106	106,0.01610739184	(106, 0.016107391839974054)
106	157,0.0340831155667	(106, 0.016107391839974054)
106	116,0.0348185122355	(106, 0.016107391839974054)
106	172,0.0354725116527	(106, 0.016107391839974054)
106	174,0.0369655807683	(106, 0.016107391839974054)
106	93,0.0389603419167	(106, 0.016107391839974054)
106	13,0.042931972527	(106, 0.016107391839974054)
106	54,0.0429382177009	(106, 0.016107391839974054)
106	165,0.0433165355576	(106, 0.016107391839974054)
106	156,0.0444153281901	(106, 0.016107391839974054)
107	22,0.0225931842904	(107, 0.025442070723260806)
107	77,0.0243041080842	(107, 0.025442070723260806)
107	26,0.0244527560495	(107, 0.025442070723260806)
107	107,0.0254420707233	(107, 0.025442070723260806)
107	139,0.0258080790767	(107, 0.025442070723260806)
107	76,0.0262276824134	(107, 0.025442070723260806)
107	1,0.0265598706316	(107, 0.025442070723260806)
107	121,0.0269704824714	(107, 0.025442070723260806)
107	128,0.0284468387724	(107, 0.025442070723260806)
107	78,0.0286109525245	(107, 0.025442070723260806)
108	77,0.0157685526126	(108, 0.053975352927435501)
108	172,0.0223773345011	(108, 0.053975352927435501)
108	174,0.0292968051294	(108, 0.053975352927435501)
108	17,0.0299611111567	(108, 0.053975352927435501)
108	171,0.0313268459407	(108, 0.053975352927435501)
108	4,0.0314952117762	(108, 0.053975352927435501)
108	40,0.0317002423064	(108, 0.053975352927435501)
108	100,0.0320345162112	(108, 0.053975352927435501)
108	49,0.0323124429385	(108, 0.053975352927435501)
108	37,0.0330703888896	(108, 0.053975352927435501)
109	109,0.0173070409419	(109, 0.017307040941892893)
109	159,0.0200866330575	(109, 0.017307040941892893)
109	134,0.025443809141	(109, 0.017307040941892893)
109	128,0.0278142535413	(109, 0.017307040941892893)
109	12,0.0278446009857	(109, 0.017307040941892893)
109	146,0.0288534692732	(109, 0.017307040941892893)
109	14,0.031497027811	(109, 0.017307040941892893)
109	84,0.0316292153577	(109, 0.017307040941892893)
109	38,0.0318947906349	(109, 0.017307040941892893)
109	152,0.032517170913	(109, 0.017307040941892893)
110	1,0.0201203978431	(110, 0.036269015283690344)
110	121,0.02137439269	(110, 0.036269015283690344)
110	11,0.0231210440661	(110, 0.036269015283690344)
110	68,0.0259350234294	(110, 0.036269015283690344)
110	162,0.0267727392279	(110, 0.036269015283690344)
110	26,0.02691707139	(110, 0.036269015283690344)
110	3,0.0273906965963	(110, 0.036269015283690344)
110	73,0.0304146198811	(110, 0.036269015283690344)
110	71,0.0306272318184	(110, 0.036269015283690344)
110	61,0.0306400169975	(110, 0.036269015283690344)
111	73,0.0219511547421	(111, 0.070464413467487233)
111	93,0.023548722342	(111, 0.070464413467487233)
111	124,0.0238606061071	(111, 0.070464413467487233)
111	157,0.0262803934727	(111, 0.070464413467487233)
111	101,0.0306678981219	(111, 0.070464413467487233)
111	13,0.0318579177272	(111, 0.070464413467487233)
111	109,0.0363996303178	(111, 0.070464413467487233)
111	144,0.037335801923	(111, 0.070464413467487233)
111	116,0.0383789572847	(111, 0.070464413467487233)
111	128,0.039342745063	(111, 0.070464413467487233)
112	90,0.0129418882541	(112, 0.018999512600886889)
112	11,0.0148876109904	(112, 0.018999512600886889)
112	3,0.015532881422	(112, 0.018999512600886889)
112	162,0.0175428558352	(112, 0.018999512600886889)
112	100,0.017730890109	(112, 0.018999512600886889)
112	81,0.0187574338198	(112, 0.018999512600886889)
112	112,0.0189995126009	(112, 0.018999512600886889)
112	21,0.019242983975	(112, 0.018999512600886889)
112	77,0.0201311685308	(112, 0.018999512600886889)
112	71,0.0216037494471	(112, 0.018999512600886889)
113	113,0.0188616638047	(113, 0.018861663804742808)
113	65,0.0346961075878	(113, 0.018861663804742808)
113	130,0.0479686949582	(113, 0.018861663804742808)
113	44,0.0598784005105	(113, 0.018861663804742808)
113	120,0.0600140922379	(113, 0.018861663804742808)
113	97,0.0620570170339	(113, 0.018861663804742808)
113	53,0.0636020923793	(113, 0.018861663804742808)
113	15,0.0637455007086	(113, 0.018861663804742808)
113	161,0.064225897124	(113, 0.018861663804742808)
113	155,0.0645347152435	(113, 0.018861663804742808)
114	73,0.0215513462277	(114, 0.024079453088199181)
114	114,0.0240794530882	(114, 0.024079453088199181)
114	124,0.0246502190231	(114, 0.024079453088199181)
114	53,0.0247632184183	(114, 0.024079453088199181)
114	93,0.0318172869686	(114, 0.024079453088199181)
114	104,0.0320544175896	(114, 0.024079453088199181)
114	157,0.0337515010873	(114, 0.024079453088199181)
114	109,0.0351404752641	(114, 0.024079453088199181)
114	13,0.0365276962708	(114, 0.024079453088199181)
114	144,0.0378298372585	(114, 0.024079453088199181)
115	119,0.0201180960421	(115, 0.023897078233339759)
115	11,0.0228709271938	(115, 0.023897078233339759)
115	115,0.0238970782333	(115, 0.023897078233339759)
115	37,0.0253268759917	(115, 0.023897078233339759)
115	96,0.0272735619601	(115, 0.023897078233339759)
115	81,0.0281453799668	(115, 0.023897078233339759)
115	136,0.028402641292	(115, 0.023897078233339759)
115	17,0.0288628931222	(115, 0.023897078233339759)
115	3,0.0300054179518	(115, 0.023897078233339759)
115	172,0.0304636744709	(115, 0.023897078233339759)
116	93,0.0172828266878	(116, 0.017297273467689236)
116	116,0.0172972734677	(116, 0.017297273467689236)
116	73,0.0292099559805	(116, 0.017297273467689236)
116	109,0.0315474767308	(116, 0.017297273467689236)
116	144,0.0348236574537	(116, 0.017297273467689236)
116	159,0.0348614122018	(116, 0.017297273467689236)
116	172,0.0350102535713	(116, 0.017297273467689236)
116	156,0.0350199605084	(116, 0.017297273467689236)
116	131,0.0351269117934	(116, 0.017297273467689236)
116	128,0.0370277795599	(116, 0.017297273467689236)
117	117,0.0069983909733	(117, 0.0069983909733040079)
117	21,0.0157813960443	(117, 0.0069983909733040079)
117	71,0.0163892947923	(117, 0.0069983909733040079)
117	81,0.0183647553232	(117, 0.0069983909733040079)
117	76,0.0184164523962	(117, 0.0069983909733040079)
117	22,0.0186290375896	(117, 0.0069983909733040079)
117	11,0.019835365304	(117, 0.0069983909733040079)
117	77,0.0203453974897	(117, 0.0069983909733040079)
117	3,0.0204559281741	(117, 0.0069983909733040079)
117	121,0.0207596580721	(117, 0.0069983909733040079)
118	33,0.0333890640782	(118, 0.050068344540649193)
118	34,0.0405807864353	(118, 0.050068344540649193)
118	118,0.0500683445406	(118, 0.050068344540649193)
118	69,0.0502503469744	(118, 0.050068344540649193)
118	130,0.0566382621027	(118, 0.050068344540649193)
118	113,0.0588194573933	(118, 0.050068344540649193)
118	4,0.0618141427887	(118, 0.050068344540649193)
118	15,0.0645327467938	(118, 0.050068344540649193)
118	2,0.0662285183465	(118, 0.050068344540649193)
118	25,0.0697856664865	(118, 0.050068344540649193)
119	120,0.0205526024397	(119, 0.027918236509729161)
119	69,0.0273742158801	(119, 0.027918236509729161)
119	119,0.0279182365097	(119, 0.027918236509729161)
119	40,0.0282883389701	(119, 0.027918236509729161)
119	17,0.0282998346765	(119, 0.027918236509729161)
119	172,0.0303702804757	(119, 0.027918236509729161)
119	4,0.030531706425	(119, 0.027918236509729161)
119	154,0.0308806541144	(119, 0.027918236509729161)
119	97,0.0325967522776	(119, 0.027918236509729161)
119	13,0.0329803381966	(119, 0.027918236509729161)
120	120,0.0147149908812	(120, 0.01471499088120802)
120	65,0.0247660055434	(120, 0.01471499088120802)
120	97,0.0286025575327	(120, 0.01471499088120802)
120	161,0.031674740455	(120, 0.01471499088120802)
120	44,0.0333819552413	(120, 0.01471499088120802)
120	54,0.0333831858184	(120, 0.01471499088120802)
120	53,0.0337368369118	(120, 0.01471499088120802)
120	155,0.0346080652495	(120, 0.01471499088120802)
120	13,0.0348966703527	(120, 0.01471499088120802)
120	124,0.035204495288	(120, 0.01471499088120802)
121	121,0.0156046722243	(121, 0.015604672224281364)
121	78,0.0187019901856	(121, 0.015604672224281364)
121	22,0.0196155873386	(121, 0.015604672224281364)
121	26,0.0203252524322	(121, 0.015604672224281364)
121	1,0.0206479253839	(121, 0.015604672224281364)
121	128,0.026113240815	(121, 0.015604672224281364)
121	73,0.0265417638918	(121, 0.015604672224281364)
121	61,0.0267166301004	(121, 0.015604672224281364)
121	23,0.0271341770384	(121, 0.015604672224281364)
121	158,0.0274106815499	(121, 0.015604672224281364)
122	174,0.0261562387328	(122, 0.031055440077280907)
122	122,0.0310554400773	(122, 0.031055440077280907)
122	154,0.0358478538038	(122, 0.031055440077280907)
122	69,0.0422699038431	(122, 0.031055440077280907)
122	2,0.0438767484132	(122, 0.031055440077280907)
122	172,0.0463003495211	(122, 0.031055440077280907)
122	48,0.0467366796183	(122, 0.031055440077280907)
122	4,0.0488335942044	(122, 0.031055440077280907)
122	54,0.0502969461806	(122, 0.031055440077280907)
122	56,0.0507824071287	(122, 0.031055440077280907)
123	172,0.0186177957539	(123, 0.021679355647108989)
123	123,0.0216793556471	(123, 0.021679355647108989)
123	81,0.0279890512771	(123, 0.021679355647108989)
123	90,0.0282348981992	(123, 0.021679355647108989)
123	40,0.0289158494701	(123, 0.021679355647108989)
123	119,0.0293447493168	(123, 0.021679355647108989)
123	146,0.0302686009792	(123, 0.021679355647108989)
123	17,0.032094122133	(123, 0.021679355647108989)
123	96,0.0322837510273	(123, 0.021679355647108989)
123	37,0.0337600738431	(123, 0.021679355647108989)
124	124,0.0280746335535	(124, 0.028074633553531663)
124	101,0.0373771265035	(124, 0.028074633553531663)
124	41,0.0443583824509	(124, 0.028074633553531663)
124	73,0.0450464805407	(124, 0.028074633553531663)
124	27,0.0480071505643	(124, 0.028074633553531663)
124	169,0.0486560666161	(124, 0.028074633553531663)
124	157,0.0492271533975	(124, 0.028074633553531663)
124	144,0.0507890310218	(124, 0.028074633553531663)
124	53,0.0519385690889	(124, 0.028074633553531663)
124	155,0.0536571624551	(124, 0.028074633553531663)
125	125,0.0465124294767	(125, 0.046512429476678961)
125	13,0.0497702498217	(125, 0.046512429476678961)
125	68,0.0510748509184	(125, 0.046512429476678961)
125	23,0.0517710764783	(125, 0.046512429476678961)
125	73,0.0519237893693	(125, 0.046512429476678961)
125	61,0.0530657617268	(125, 0.046512429476678961)
125	155,0.0531216096587	(125, 0.046512429476678961)
125	65,0.0546576850945	(125, 0.046512429476678961)
125	114,0.0572872598375	(125, 0.046512429476678961)
125	41,0.0577807808321	(125, 0.046512429476678961)
126	126,0.019795357578	(126, 0.019795357577999037)
126	81,0.0207268209395	(126, 0.019795357577999037)
126	3,0.0218424563304	(126, 0.019795357577999037)
126	121,0.0223666219088	(126, 0.019795357577999037)
126	119,0.0235089722357	(126, 0.019795357577999037)
126	132,0.0237369165024	(126, 0.019795357577999037)
126	11,0.0243469677843	(126, 0.019795357577999037)
126	12,0.0251197375135	(126, 0.019795357577999037)
126	128,0.0259363900673	(126, 0.019795357577999037)
126	93,0.0264760226316	(126, 0.019795357577999037)
127	17,0.0133063038339	(127, 0.017133985989690903)
127	136,0.0152303318719	(127, 0.017133985989690903)
127	74,0.015549700729	(127, 0.017133985989690903)
127	127,0.0171339859897	(127, 0.017133985989690903)
127	100,0.0201176522006	(127, 0.017133985989690903)
127	37,0.0207051176731	(127, 0.017133985989690903)
127	77,0.0210413252162	(127, 0.017133985989690903)
127	59,0.0213166969935	(127, 0.017133985989690903)
127	49,0.0262199020801	(127, 0.017133985989690903)
127	172,0.029379563783	(127, 0.017133985989690903)
128	128,0.0147667529393	(128, 0.014766752939291672)
128	12,0.0163810987616	(128, 0.014766752939291672)
128	158,0.0217270724224	(128, 0.014766752939291672)
128	159,0.0218262217252	(128, 0.014766752939291672)
128	139,0.0227902067245	(128, 0.014766752939291672)
128	78,0.0228764191256	(128, 0.014766752939291672)
128	22,0.0229341753333	(128, 0.014766752939291672)
128	50,0.0240249748597	(128, 0.014766752939291672)
128	121,0.0249636351463	(128, 0.014766752939291672)
128	55,0.0255555682084	(128, 0.014766752939291672)
129	49,0.0295495427489	(129, 0.057811550706397014)
129	98,0.0324346689114	(129, 0.057811550706397014)
129	15,0.0418886324882	(129, 0.057811550706397014)
129	77,0.0419186776606	(129, 0.057811550706397014)
129	100,0.042850523793	(129, 0.057811550706397014)
129	59,0.0432778723978	(129, 0.057811550706397014)
129	83,0.0468375801183	(129, 0.057811550706397014)
129	94,0.0488638251487	(129, 0.057811550706397014)
129	25,0.0502541947349	(129, 0.057811550706397014)
129	102,0.0527532931038	(129, 0.057811550706397014)
130	130,0.0372687116042	(130, 0.037268711604230197)
130	13,0.0413652202938	(130, 0.037268711604230197)
130	34,0.0420563302907	(130, 0.037268711604230197)
130	65,0.0421580898936	(130, 0.037268711604230197)
130	53,0.0463489774152	(130, 0.037268711604230197)
130	69,0.049161346873	(130, 0.037268711604230197)
130	157,0.0492351443399	(130, 0.037268711604230197)
130	28,0.0499481384704	(130, 0.037268711604230197)
130	91,0.05027161397	(130, 0.037268711604230197)
130	73,0.0511146587914	(130, 0.037268711604230197)
131	116,0.034105703016	(131, 0.035715094854482772)
131	166,0.0351572562281	(131, 0.035715094854482772)
131	131,0.0357150948545	(131, 0.035715094854482772)
131	72,0.040235817321	(131, 0.035715094854482772)
131	144,0.0444410392454	(131, 0.035715094854482772)
131	156,0.0483703571439	(131, 0.035715094854482772)
131	84,0.0510689368749	(131, 0.035715094854482772)
131	165,0.0533936453798	(131, 0.035715094854482772)
131	104,0.0551694597214	(131, 0.035715094854482772)
131	93,0.0604308300909	(131, 0.035715094854482772)
132	18,0.0125300231054	(132, 0.013203866240786129)
132	22,0.012781939652	(132, 0.013203866240786129)
132	132,0.0132038662408	(132, 0.013203866240786129)
132	139,0.0153208098348	(132, 0.013203866240786129)
132	46,0.0153985168404	(132, 0.013203866240786129)
132	76,0.0158570550537	(132, 0.013203866240786129)
132	147,0.0163416150505	(132, 0.013203866240786129)
132	158,0.0163774757838	(132, 0.013203866240786129)
132	171,0.0171067237184	(132, 0.013203866240786129)
132	121,0.0184779966583	(132, 0.013203866240786129)
133	133,0.0168375922721	(133, 0.016837592272077737)
133	91,0.0435476379487	(133, 0.016837592272077737)
133	102,0.0494903974157	(133, 0.016837592272077737)
133	130,0.051908403067	(133, 0.016837592272077737)
133	103,0.0520161477752	(133, 0.016837592272077737)
133	34,0.052252525253	(133, 0.016837592272077737)
133	114,0.0569279536969	(133, 0.016837592272077737)
133	53,0.0581734468506	(133, 0.016837592272077737)
133	1,0.0589600525583	(133, 0.016837592272077737)
133	28,0.0607895666854	(133, 0.016837592272077737)
134	121,0.0147774651983	(134, 0.023439782231489976)
134	128,0.0158071158053	(134, 0.023439782231489976)
134	78,0.0171633426975	(134, 0.023439782231489976)
134	22,0.0224682893504	(134, 0.023439782231489976)
134	134,0.0234397822315	(134, 0.023439782231489976)
134	18,0.0239071138289	(134, 0.023439782231489976)
134	73,0.0263550699962	(134, 0.023439782231489976)
134	12,0.0282784789854	(134, 0.023439782231489976)
134	151,0.0288671147739	(134, 0.023439782231489976)
134	26,0.0293861886415	(134, 0.023439782231489976)
135	147,0.0103109636524	(135, 0.014811736131067166)
135	76,0.0123968321838	(135, 0.014811736131067166)
135	63,0.0130008728421	(135, 0.014811736131067166)
135	137,0.014161906171	(135, 0.014811736131067166)
135	135,0.0148117361311	(135, 0.014811736131067166)
135	162,0.0157788055593	(135, 0.014811736131067166)
135	171,0.0166705460957	(135, 0.014811736131067166)
135	77,0.0175353066748	(135, 0.014811736131067166)
135	117,0.0193737579878	(135, 0.014811736131067166)
135	71,0.0208078068466	(135, 0.014811736131067166)
136	136,0.0227330649365	(136, 0.022733064936479665)
136	121,0.0248616331199	(136, 0.022733064936479665)
136	11,0.0267700050857	(136, 0.022733064936479665)
136	54,0.0270490633438	(136, 0.022733064936479665)
136	126,0.0292648930126	(136, 0.022733064936479665)
136	162,0.0302528181301	(136, 0.022733064936479665)
136	3,0.0307647382101	(136, 0.022733064936479665)
136	78,0.030907763506	(136, 0.022733064936479665)
136	151,0.0311642525541	(136, 0.022733064936479665)
136	119,0.0312576765856	(136, 0.022733064936479665)
137	137,0.00699883450705	(137, 0.0069988345070467004)
137	63,0.00938485611521	(137, 0.0069988345070467004)
137	147,0.00956947063275	(137, 0.0069988345070467004)
137	3,0.0138939896304	(137, 0.0069988345070467004)
137	171,0.0143217823549	(137, 0.0069988345070467004)
137	76,0.0154977692503	(137, 0.0069988345070467004)
137	36,0.017902638727	(137, 0.0069988345070467004)
137	90,0.018072018729	(137, 0.0069988345070467004)
137	136,0.0186297690895	(137, 0.0069988345070467004)
137	77,0.0192587274321	(137, 0.0069988345070467004)
138	78,0.0202794539012	(138, 0.025545863282051218)
138	158,0.0216092602021	(138, 0.025545863282051218)
138	128,0.0227692082456	(138, 0.025545863282051218)
138	107,0.0242317645305	(138, 0.025545863282051218)
138	138,0.0255458632821	(138, 0.025545863282051218)
138	61,0.0323271337494	(138, 0.025545863282051218)
138	73,0.0334079930627	(138, 0.025545863282051218)
138	55,0.0334957905828	(138, 0.025545863282051218)
138	22,0.0335298303391	(138, 0.025545863282051218)
138	38,0.034137386719	(138, 0.025545863282051218)
139	139,0.00503698326497	(139, 0.0050369832649660917)
139	46,0.012179135938	(139, 0.0050369832649660917)
139	18,0.0145529639749	(139, 0.0050369832649660917)
139	76,0.0149394264831	(139, 0.0050369832649660917)
139	151,0.0157579257661	(139, 0.0050369832649660917)
139	22,0.0162694150968	(139, 0.0050369832649660917)
139	132,0.0179991402129	(139, 0.0050369832649660917)
139	63,0.0205634037867	(139, 0.0050369832649660917)
139	171,0.0210981019363	(139, 0.0050369832649660917)
139	121,0.0214495809989	(139, 0.0050369832649660917)
140	93,0.0259531277486	(140, 0.030530026305419077)
140	124,0.0296171726731	(140, 0.030530026305419077)
140	69,0.0304449187586	(140, 0.030530026305419077)
140	140,0.0305300263054	(140, 0.030530026305419077)
140	73,0.0317499064451	(140, 0.030530026305419077)
140	116,0.0347091265576	(140, 0.030530026305419077)
140	157,0.0348637163182	(140, 0.030530026305419077)
140	101,0.0393793273276	(140, 0.030530026305419077)
140	104,0.0401779039137	(140, 0.030530026305419077)
140	53,0.0406646700254	(140, 0.030530026305419077)
141	141,0.0517710284736	(141, 0.051771028473565593)
141	48,0.0548198111319	(141, 0.051771028473565593)
141	124,0.0574827943285	(141, 0.051771028473565593)
141	120,0.0630750500744	(141, 0.051771028473565593)
141	56,0.0640941117361	(141, 0.051771028473565593)
141	155,0.0650460375065	(141, 0.051771028473565593)
141	4,0.0655402813957	(141, 0.051771028473565593)
141	2,0.066818290282	(141, 0.051771028473565593)
141	97,0.0668486295275	(141, 0.051771028473565593)
141	33,0.0684397577728	(141, 0.051771028473565593)
142	61,0.0300536198872	(142, 0.088594609069348948)
142	23,0.0368639721273	(142, 0.088594609069348948)
142	16,0.0392857041866	(142, 0.088594609069348948)
142	38,0.040852035178	(142, 0.088594609069348948)
142	12,0.0417707617712	(142, 0.088594609069348948)
142	105,0.0425207011803	(142, 0.088594609069348948)
142	73,0.0435291789382	(142, 0.088594609069348948)
142	24,0.0446595019558	(142, 0.088594609069348948)
142	78,0.0457401864651	(142, 0.088594609069348948)
142	55,0.0460272547513	(142, 0.088594609069348948)
143	143,0.0105825097462	(143, 0.010582509746189345)
143	3,0.0135896848731	(143, 0.010582509746189345)
143	112,0.0146117886613	(143, 0.010582509746189345)
143	162,0.0150496426196	(143, 0.010582509746189345)
143	11,0.0156520809564	(143, 0.010582509746189345)
143	90,0.0157514951807	(143, 0.010582509746189345)
143	137,0.0172076457246	(143, 0.010582509746189345)
143	17,0.0181009829411	(143, 0.010582509746189345)
143	21,0.0198301119477	(143, 0.010582509746189345)
143	136,0.0202947810725	(143, 0.010582509746189345)
144	144,0.0157330794959	(144, 0.015733079495907343)
144	38,0.0341512263564	(144, 0.015733079495907343)
144	14,0.0363896865007	(144, 0.015733079495907343)
144	12,0.0366253221962	(144, 0.015733079495907343)
144	50,0.0427314206379	(144, 0.015733079495907343)
144	159,0.0429195389056	(144, 0.015733079495907343)
144	156,0.0446281884709	(144, 0.015733079495907343)
144	116,0.0452879850616	(144, 0.015733079495907343)
144	13,0.046409609535	(144, 0.015733079495907343)
144	109,0.0465471612403	(144, 0.015733079495907343)
145	128,0.0232269254855	(145, 0.024173467413891328)
145	78,0.0235302515825	(145, 0.024173467413891328)
145	158,0.0237716556102	(145, 0.024173467413891328)
145	145,0.0241734674139	(145, 0.024173467413891328)
145	38,0.0264526692946	(145, 0.024173467413891328)
145	24,0.0275566787066	(145, 0.024173467413891328)
145	55,0.028983525545	(145, 0.024173467413891328)
145	12,0.031398978684	(145, 0.024173467413891328)
145	22,0.0340066683722	(145, 0.024173467413891328)
145	14,0.0347975715354	(145, 0.024173467413891328)
146	146,0.00776893402721	(146, 0.0077689340272082442)
146	159,0.0202172458083	(146, 0.0077689340272082442)
146	12,0.0257701287746	(146, 0.0077689340272082442)
146	137,0.0261990723054	(146, 0.0077689340272082442)
146	18,0.0276102952962	(146, 0.0077689340272082442)
146	81,0.0276579029427	(146, 0.0077689340272082442)
146	132,0.0283793245707	(146, 0.0077689340272082442)
146	46,0.0289570620096	(146, 0.0077689340272082442)
146	3,0.0300796939069	(146, 0.0077689340272082442)
146	172,0.0302306924532	(146, 0.0077689340272082442)
147	147,0.00904859789442	(147, 0.009048597894423584)
147	63,0.00994288844337	(147, 0.009048597894423584)
147	76,0.0099450554604	(147, 0.009048597894423584)
147	151,0.0148930865356	(147, 0.009048597894423584)
147	132,0.0149321890814	(147, 0.009048597894423584)
147	22,0.0154019706102	(147, 0.009048597894423584)
147	18,0.0164400570575	(147, 0.009048597894423584)
147	121,0.0177227688284	(147, 0.009048597894423584)
147	126,0.0177340014649	(147, 0.009048597894423584)
147	3,0.018065429368	(147, 0.009048597894423584)
148	148,0.0117379289952	(148, 0.011737928995203227)
148	17,0.0147730213475	(148, 0.011737928995203227)
148	143,0.0157262468377	(148, 0.011737928995203227)
148	90,0.0191670066823	(148, 0.011737928995203227)
148	100,0.0200159714671	(148, 0.011737928995203227)
148	112,0.0258571096772	(148, 0.011737928995203227)
148	172,0.0269185575134	(148, 0.011737928995203227)
148	49,0.0271133462116	(148, 0.011737928995203227)
148	3,0.0274574169677	(148, 0.011737928995203227)
148	37,0.0290591227367	(148, 0.011737928995203227)
149	149,0.0302943645498	(149, 0.030294364549828232)
149	32,0.0585768595484	(149, 0.030294364549828232)
149	169,0.0673894846635	(149, 0.030294364549828232)
149	33,0.0741126665266	(149, 0.030294364549828232)
149	156,0.101810301867	(149, 0.030294364549828232)
149	27,0.10309813381	(149, 0.030294364549828232)
149	165,0.106945531089	(149, 0.030294364549828232)
149	45,0.108293944813	(149, 0.030294364549828232)
149	111,0.109723248276	(149, 0.030294364549828232)
149	91,0.109868870868	(149, 0.030294364549828232)
150	3,0.0100804856077	(150, 0.018653793404490013)
150	11,0.0123535218267	(150, 0.018653793404490013)
150	71,0.0133884764158	(150, 0.018653793404490013)
150	162,0.0149488752674	(150, 0.018653793404490013)
150	121,0.0159229412982	(150, 0.018653793404490013)
150	63,0.0174030948937	(150, 0.018653793404490013)
150	117,0.0181262762947	(150, 0.018653793404490013)
150	143,0.0181875854545	(150, 0.018653793404490013)
150	150,0.0186537934045	(150, 0.018653793404490013)
150	21,0.0188852799046	(150, 0.018653793404490013)
151	121,0.0100690376115	(151, 0.014563621669394707)
151	151,0.0145636216694	(151, 0.014563621669394707)
151	132,0.0159737407099	(151, 0.014563621669394707)
151	3,0.01837759331	(151, 0.014563621669394707)
151	70,0.0189109131484	(151, 0.014563621669394707)
151	78,0.0191605258186	(151, 0.014563621669394707)
151	22,0.0193178864485	(151, 0.014563621669394707)
151	63,0.019578698879	(151, 0.014563621669394707)
151	18,0.0204110434569	(151, 0.014563621669394707)
151	11,0.021218580281	(151, 0.014563621669394707)
152	152,0.0147267378955	(152, 0.014726737895474986)
152	121,0.0201180747421	(152, 0.014726737895474986)
152	18,0.0229263670313	(152, 0.014726737895474986)
152	35,0.0241767881516	(152, 0.014726737895474986)
152	88,0.0243855125288	(152, 0.014726737895474986)
152	139,0.0248661433741	(152, 0.014726737895474986)
152	22,0.0271931680187	(152, 0.014726737895474986)
152	12,0.0276563385844	(152, 0.014726737895474986)
152	117,0.0288470968566	(152, 0.014726737895474986)
152	128,0.0291497160554	(152, 0.014726737895474986)
153	133,0.025987992968	(153, 0.041189895497128509)
153	153,0.0411898954971	(153, 0.041189895497128509)
153	130,0.0431737161208	(153, 0.041189895497128509)
153	34,0.0433639130215	(153, 0.041189895497128509)
153	102,0.0487301911022	(153, 0.041189895497128509)
153	91,0.0511823860045	(153, 0.041189895497128509)
153	103,0.0546161714961	(153, 0.041189895497128509)
153	28,0.0612021126078	(153, 0.041189895497128509)
153	1,0.0614552624058	(153, 0.041189895497128509)
153	95,0.0616166636902	(153, 0.041189895497128509)
154	154,0.0100891992853	(154, 0.010089199285349919)
154	40,0.0220040004365	(154, 0.010089199285349919)
154	172,0.0248137536242	(154, 0.010089199285349919)
154	174,0.0292045194622	(154, 0.010089199285349919)
154	69,0.0293518712332	(154, 0.010089199285349919)
154	4,0.0308728317669	(154, 0.010089199285349919)
154	116,0.0323680925832	(154, 0.010089199285349919)
154	123,0.0418748119915	(154, 0.010089199285349919)
154	48,0.043352454229	(154, 0.010089199285349919)
154	17,0.0439591372251	(154, 0.010089199285349919)
155	71,0.0142537510824	(155, 0.022594281031984052)
155	11,0.0142624249036	(155, 0.022594281031984052)
155	162,0.0181076324645	(155, 0.022594281031984052)
155	1,0.0206247231246	(155, 0.022594281031984052)
155	121,0.0206364578921	(155, 0.022594281031984052)
155	155,0.022594281032	(155, 0.022594281031984052)
155	117,0.0235166542323	(155, 0.022594281031984052)
155	3,0.02498642389	(155, 0.022594281031984052)
155	81,0.0254763023369	(155, 0.022594281031984052)
155	77,0.0274414089186	(155, 0.022594281031984052)
156	156,0.0219207693431	(156, 0.021920769343104912)
156	73,0.0233230384522	(156, 0.021920769343104912)
156	144,0.0269180500931	(156, 0.021920769343104912)
156	109,0.0317994346864	(156, 0.021920769343104912)
156	27,0.032319190952	(156, 0.021920769343104912)
156	107,0.0355110336017	(156, 0.021920769343104912)
156	50,0.0388970778779	(156, 0.021920769343104912)
156	38,0.0391409699972	(156, 0.021920769343104912)
156	128,0.0396456898697	(156, 0.021920769343104912)
156	93,0.041169093583	(156, 0.021920769343104912)
157	12,0.0206982206202	(157, 0.027881445375044049)
157	22,0.0216213602233	(157, 0.027881445375044049)
157	126,0.0225860603095	(157, 0.027881445375044049)
157	73,0.0237934198315	(157, 0.027881445375044049)
157	93,0.0242215427695	(157, 0.027881445375044049)
157	3,0.0249391286208	(157, 0.027881445375044049)
157	128,0.0255618904406	(157, 0.027881445375044049)
157	121,0.0255973154523	(157, 0.027881445375044049)
157	81,0.0256850940256	(157, 0.027881445375044049)
157	172,0.0267486211931	(157, 0.027881445375044049)
158	77,0.011790491257	(158, 0.038912127490362068)
158	3,0.0154769673462	(158, 0.038912127490362068)
158	147,0.0173550546898	(158, 0.038912127490362068)
158	37,0.0178270389453	(158, 0.038912127490362068)
158	136,0.0188004578466	(158, 0.038912127490362068)
158	63,0.0188790499326	(158, 0.038912127490362068)
158	137,0.0189395485506	(158, 0.038912127490362068)
158	171,0.0190411476415	(158, 0.038912127490362068)
158	76,0.0194823130568	(158, 0.038912127490362068)
158	11,0.0209868385217	(158, 0.038912127490362068)
159	146,0.0123278707119	(159, 0.028465901692177154)
159	137,0.016263375635	(159, 0.028465901692177154)
159	147,0.0173945829383	(159, 0.028465901692177154)
159	36,0.0176518725296	(159, 0.028465901692177154)
159	46,0.0176786517752	(159, 0.028465901692177154)
159	18,0.0179244794832	(159, 0.028465901692177154)
159	63,0.0188397180866	(159, 0.028465901692177154)
159	150,0.0190660836293	(159, 0.028465901692177154)
159	81,0.0193165366099	(159, 0.028465901692177154)
159	90,0.0203201223703	(159, 0.028465901692177154)
160	164,0.037372086374	(160, 0.16658949268623249)
160	38,0.0391209124833	(160, 0.16658949268623249)
160	73,0.0409198238982	(160, 0.16658949268623249)
160	27,0.0437379436427	(160, 0.16658949268623249)
160	43,0.0439847588317	(160, 0.16658949268623249)
160	109,0.046744554794	(160, 0.16658949268623249)
160	107,0.0488844655015	(160, 0.16658949268623249)
160	12,0.0495361058903	(160, 0.16658949268623249)
160	105,0.0497053989405	(160, 0.16658949268623249)
160	0,0.0499028691409	(160, 0.16658949268623249)
161	161,0.00922382988163	(161, 0.0092238298816313975)
161	65,0.0211009700285	(161, 0.0092238298816313975)
161	17,0.0284305316528	(161, 0.0092238298816313975)
161	155,0.0284643987245	(161, 0.0092238298816313975)
161	44,0.0286151758264	(161, 0.0092238298816313975)
161	68,0.0300123924205	(161, 0.0092238298816313975)
161	83,0.0310657897395	(161, 0.0092238298816313975)
161	13,0.0346778971508	(161, 0.0092238298816313975)
161	100,0.0352468218064	(161, 0.0092238298816313975)
161	71,0.0355191259408	(161, 0.0092238298816313975)
162	162,0.0130614180868	(162, 0.013061418086764323)
162	117,0.0152279198396	(162, 0.013061418086764323)
162	76,0.0161195965243	(162, 0.013061418086764323)
162	18,0.016739325653	(162, 0.013061418086764323)
162	147,0.0178201741013	(162, 0.013061418086764323)
162	90,0.0200159294307	(162, 0.013061418086764323)
162	88,0.0204993727311	(162, 0.013061418086764323)
162	12,0.0205997627119	(162, 0.013061418086764323)
162	137,0.0205997839466	(162, 0.013061418086764323)
162	63,0.0208528476356	(162, 0.013061418086764323)
163	17,0.0201258148638	(163, 0.031393645942821576)
163	172,0.0223666272175	(163, 0.031393645942821576)
163	3,0.022403885745	(163, 0.031393645942821576)
163	100,0.0231139147107	(163, 0.031393645942821576)
163	37,0.024584624332	(163, 0.031393645942821576)
163	148,0.0249215662987	(163, 0.031393645942821576)
163	40,0.0250781364786	(163, 0.031393645942821576)
163	83,0.0261461848941	(163, 0.031393645942821576)
163	143,0.0272005087003	(163, 0.031393645942821576)
163	11,0.0276272837335	(163, 0.031393645942821576)
164	156,0.0279443123828	(164, 0.037819010550553617)
164	73,0.0337252802342	(164, 0.037819010550553617)
164	27,0.0366416471785	(164, 0.037819010550553617)
164	144,0.0373085016376	(164, 0.037819010550553617)
164	131,0.0378075238491	(164, 0.037819010550553617)
164	164,0.0378190105506	(164, 0.037819010550553617)
164	109,0.0414181330218	(164, 0.037819010550553617)
164	32,0.0421984972023	(164, 0.037819010550553617)
164	107,0.0482313034609	(164, 0.037819010550553617)
164	84,0.0485504591994	(164, 0.037819010550553617)
165	93,0.0231940301585	(165, 0.042294532868691032)
165	116,0.0324322265097	(165, 0.042294532868691032)
165	144,0.0342856841272	(165, 0.042294532868691032)
165	131,0.0382312082708	(165, 0.042294532868691032)
165	73,0.0393719614372	(165, 0.042294532868691032)
165	157,0.0396066825383	(165, 0.042294532868691032)
165	165,0.0422945328687	(165, 0.042294532868691032)
165	156,0.0438650596349	(165, 0.042294532868691032)
165	124,0.0479510618311	(165, 0.042294532868691032)
165	145,0.0490580480668	(165, 0.042294532868691032)
166	116,0.0354799553048	(166, 0.04582924178603983)
166	69,0.039754509132	(166, 0.04582924178603983)
166	144,0.0450329254826	(166, 0.04582924178603983)
166	166,0.045829241786	(166, 0.04582924178603983)
166	124,0.0464942736583	(166, 0.04582924178603983)
166	104,0.0488719477597	(166, 0.04582924178603983)
166	140,0.0508919230443	(166, 0.04582924178603983)
166	13,0.0515585406245	(166, 0.04582924178603983)
166	123,0.0517042661286	(166, 0.04582924178603983)
166	93,0.05176203967	(166, 0.04582924178603983)
167	51,0.0401449202333	(167, 0.051042761296747195)
167	39,0.0490990218078	(167, 0.051042761296747195)
167	167,0.0510427612967	(167, 0.051042761296747195)
167	27,0.0518884488821	(167, 0.051042761296747195)
167	32,0.052355098769	(167, 0.051042761296747195)
167	19,0.065513545461	(167, 0.051042761296747195)
167	138,0.068044448211	(167, 0.051042761296747195)
167	156,0.0699446626583	(167, 0.051042761296747195)
167	164,0.0702385546883	(167, 0.051042761296747195)
167	169,0.0707888117379	(167, 0.051042761296747195)
168	12,0.0199544933159	(168, 0.027769766947986798)
168	55,0.0241438489241	(168, 0.027769766947986798)
168	121,0.0247409461124	(168, 0.027769766947986798)
168	18,0.0261287635143	(168, 0.027769766947986798)
168	86,0.0263768424605	(168, 0.027769766947986798)
168	151,0.0275272833742	(168, 0.027769766947986798)
168	168,0.027769766948	(168, 0.027769766947986798)
168	38,0.0283863064959	(168, 0.027769766947986798)
168	152,0.0286716079026	(168, 0.027769766947986798)
168	61,0.0319700589558	(168, 0.027769766947986798)
169	169,0.033697372647	(169, 0.033697372647040098)
169	156,0.0355174633684	(169, 0.033697372647040098)
169	144,0.0381945637239	(169, 0.033697372647040098)
169	99,0.0408526576334	(169, 0.033697372647040098)
169	73,0.0417960255372	(169, 0.033697372647040098)
169	27,0.0442963619002	(169, 0.033697372647040098)
169	109,0.0462307592343	(169, 0.033697372647040098)
169	84,0.049388697672	(169, 0.033697372647040098)
169	124,0.0496389401101	(169, 0.033697372647040098)
169	93,0.0496731929706	(169, 0.033697372647040098)
170	170,0.0259186253504	(170, 0.025918625350397337)
170	99,0.0336643236869	(170, 0.025918625350397337)
170	27,0.0343892550668	(170, 0.025918625350397337)
170	144,0.0372524491809	(170, 0.025918625350397337)
170	19,0.0385207019638	(170, 0.025918625350397337)
170	73,0.0394369876485	(170, 0.025918625350397337)
170	109,0.0489048033634	(170, 0.025918625350397337)
170	114,0.0492499832577	(170, 0.025918625350397337)
170	0,0.0492719513226	(170, 0.025918625350397337)
170	84,0.0496994110984	(170, 0.025918625350397337)
171	27,0.0281341784842	(171, 0.086696461744049547)
171	156,0.0291207035562	(171, 0.086696461744049547)
171	32,0.0348069223171	(171, 0.086696461744049547)
171	73,0.0358384516854	(171, 0.086696461744049547)
171	107,0.0370658675663	(171, 0.086696461744049547)
171	164,0.037892779708	(171, 0.086696461744049547)
171	19,0.0439098383877	(171, 0.086696461744049547)
171	144,0.0461953205006	(171, 0.086696461744049547)
171	99,0.0511902539262	(171, 0.086696461744049547)
171	102,0.0523184565139	(171, 0.086696461744049547)
172	172,0.00740061046269	(172, 0.0074006104626897573)
172	3,0.0150075675579	(172, 0.0074006104626897573)
172	137,0.0152304094165	(172, 0.0074006104626897573)
172	81,0.0182661290034	(172, 0.0074006104626897573)
172	17,0.0184565982974	(172, 0.0074006104626897573)
172	90,0.0187638250888	(172, 0.0074006104626897573)
172	37,0.020603133843	(172, 0.0074006104626897573)
172	77,0.0208059963224	(172, 0.0074006104626897573)
172	171,0.0230206919649	(172, 0.0074006104626897573)
172	136,0.0236754064432	(172, 0.0074006104626897573)
173	107,0.0288059910275	(173, 0.052715896506551709)
173	158,0.0294312472209	(173, 0.052715896506551709)
173	24,0.0328888149073	(173, 0.052715896506551709)
173	38,0.0331146076555	(173, 0.052715896506551709)
173	27,0.0345832406986	(173, 0.052715896506551709)
173	61,0.0401119461727	(173, 0.052715896506551709)
173	78,0.0413742010441	(173, 0.052715896506551709)
173	128,0.0414945539572	(173, 0.052715896506551709)
173	156,0.0436296889138	(173, 0.052715896506551709)
173	87,0.0445974161567	(173, 0.052715896506551709)
174	174,0.0133210585498	(174, 0.013321058549771782)
174	15,0.018034885176	(174, 0.013321058549771782)
174	56,0.0201430964321	(174, 0.013321058549771782)
174	17,0.0226949989755	(174, 0.013321058549771782)
174	120,0.0253396014385	(174, 0.013321058549771782)
174	69,0.0278840541475	(174, 0.013321058549771782)
174	172,0.0287874475548	(174, 0.013321058549771782)
174	4,0.0294085158457	(174, 0.013321058549771782)
174	154,0.0315472912451	(174, 0.013321058549771782)
174	2,0.0325494942043	(174, 0.013321058549771782)
