0	0,0.0862512326014	(0, 0.08625123260142907)
0	84,0.228417362907	(0, 0.08625123260142907)
0	38,0.244552189285	(0, 0.08625123260142907)
0	99,0.250824828372	(0, 0.08625123260142907)
0	109,0.259433616012	(0, 0.08625123260142907)
0	172,0.262740717514	(0, 0.08625123260142907)
0	143,0.274286698269	(0, 0.08625123260142907)
0	14,0.290239885734	(0, 0.08625123260142907)
0	169,0.292406668068	(0, 0.08625123260142907)
0	137,0.310210694926	(0, 0.08625123260142907)
1	1,0.0841665942399	(1, 0.084166594239927575)
1	91,0.121664281314	(1, 0.084166594239927575)
1	102,0.125346553718	(1, 0.084166594239927575)
1	28,0.127934975993	(1, 0.084166594239927575)
1	103,0.1290994	(1, 0.084166594239927575)
1	154,0.154580188149	(1, 0.084166594239927575)
1	152,0.154725953009	(1, 0.084166594239927575)
1	114,0.176524252379	(1, 0.084166594239927575)
1	41,0.179739726973	(1, 0.084166594239927575)
1	101,0.192040553049	(1, 0.084166594239927575)
2	153,0.0920058783055	(2, 0.14986913417807263)
2	4,0.104968273189	(2, 0.14986913417807263)
2	173,0.128867157454	(2, 0.14986913417807263)
2	69,0.128942804721	(2, 0.14986913417807263)
2	2,0.149869134178	(2, 0.14986913417807263)
2	40,0.151384359654	(2, 0.14986913417807263)
2	171,0.173249964698	(2, 0.14986913417807263)
2	25,0.182989885274	(2, 0.14986913417807263)
2	15,0.185666737589	(2, 0.14986913417807263)
2	56,0.197190365225	(2, 0.14986913417807263)
3	3,0.0394298585646	(3, 0.039429858564629758)
3	63,0.062213515106	(3, 0.039429858564629758)
3	131,0.0761853141668	(3, 0.039429858564629758)
3	81,0.0794735693692	(3, 0.039429858564629758)
3	161,0.0846215236734	(3, 0.039429858564629758)
3	121,0.0870211120152	(3, 0.039429858564629758)
3	11,0.0878830566688	(3, 0.039429858564629758)
3	146,0.0900267903616	(3, 0.039429858564629758)
3	149,0.0970654361923	(3, 0.039429858564629758)
3	150,0.10077321753	(3, 0.039429858564629758)
4	13,0.075336691016	(4, 0.096413766307760884)
4	171,0.0771731546338	(4, 0.096413766307760884)
4	17,0.0813073512748	(4, 0.096413766307760884)
4	4,0.0964137663078	(4, 0.096413766307760884)
4	37,0.0982309014687	(4, 0.096413766307760884)
4	69,0.104106412552	(4, 0.096413766307760884)
4	40,0.10735347012	(4, 0.096413766307760884)
4	11,0.113288291093	(4, 0.096413766307760884)
4	120,0.115854781513	(4, 0.096413766307760884)
4	160,0.115909572632	(4, 0.096413766307760884)
5	73,0.0838653013197	(5, 0.32098115698702423)
5	107,0.156698909429	(5, 0.32098115698702423)
5	93,0.159223314175	(5, 0.32098115698702423)
5	26,0.164109387506	(5, 0.32098115698702423)
5	78,0.164671770466	(5, 0.32098115698702423)
5	157,0.177189728234	(5, 0.32098115698702423)
5	127,0.177807887638	(5, 0.32098115698702423)
5	22,0.181216615562	(5, 0.32098115698702423)
5	124,0.182638362508	(5, 0.32098115698702423)
5	1,0.182938852058	(5, 0.32098115698702423)
6	138,0.0511784671069	(6, 0.076232104515958979)
6	46,0.0603989111025	(6, 0.076232104515958979)
6	6,0.076232104516	(6, 0.076232104515958979)
6	76,0.083852639271	(6, 0.076232104515958979)
6	22,0.0838585939914	(6, 0.076232104515958979)
6	18,0.0941339011959	(6, 0.076232104515958979)
6	157,0.0943417402926	(6, 0.076232104515958979)
6	35,0.0970637613004	(6, 0.076232104515958979)
6	170,0.101463579209	(6, 0.076232104515958979)
6	131,0.102008107552	(6, 0.076232104515958979)
7	66,0.389858142278	(7, 0.63856988865017239)
7	51,0.545232790957	(7, 0.63856988865017239)
7	166,0.559091160968	(7, 0.63856988865017239)
7	168,0.577554329388	(7, 0.63856988865017239)
7	32,0.582542310716	(7, 0.63856988865017239)
7	80,0.597181856918	(7, 0.63856988865017239)
7	132,0.613650100005	(7, 0.63856988865017239)
7	159,0.621923966919	(7, 0.63856988865017239)
7	7,0.63856988865	(7, 0.63856988865017239)
7	148,0.694448195938	(7, 0.63856988865017239)
8	11,0.0834379758195	(8, 0.13998144185682926)
8	121,0.099638965071	(8, 0.13998144185682926)
8	71,0.108675195348	(8, 0.13998144185682926)
8	73,0.11210058521	(8, 0.13998144185682926)
8	161,0.113678340652	(8, 0.13998144185682926)
8	1,0.116209756908	(8, 0.13998144185682926)
8	13,0.118635062669	(8, 0.13998144185682926)
8	3,0.122252439846	(8, 0.13998144185682926)
8	78,0.128919147601	(8, 0.13998144185682926)
8	86,0.132034864667	(8, 0.13998144185682926)
9	9,0.126057313696	(9, 0.12605731369550918)
9	154,0.257469703542	(9, 0.12605731369550918)
9	114,0.275367990854	(9, 0.12605731369550918)
9	53,0.3296435098	(9, 0.12605731369550918)
9	91,0.335076601928	(9, 0.12605731369550918)
9	124,0.348700723144	(9, 0.12605731369550918)
9	41,0.374729366492	(9, 0.12605731369550918)
9	65,0.411757594563	(9, 0.12605731369550918)
9	1,0.426455814702	(9, 0.12605731369550918)
9	28,0.435540106505	(9, 0.12605731369550918)
10	10,0.171332160187	(10, 0.17133216018702671)
10	47,0.239306782671	(10, 0.17133216018702671)
10	166,0.457882650993	(10, 0.17133216018702671)
10	99,0.461568288064	(10, 0.17133216018702671)
10	172,0.470952321102	(10, 0.17133216018702671)
10	84,0.483627620217	(10, 0.17133216018702671)
10	14,0.510303348339	(10, 0.17133216018702671)
10	27,0.51142980973	(10, 0.17133216018702671)
10	165,0.51814319086	(10, 0.17133216018702671)
10	72,0.529368313379	(10, 0.17133216018702671)
11	11,0.0438192429916	(11, 0.043819242991647168)
11	81,0.0883960981384	(11, 0.043819242991647168)
11	119,0.0887362334816	(11, 0.043819242991647168)
11	37,0.105614580981	(11, 0.043819242991647168)
11	3,0.109147367372	(11, 0.043819242991647168)
11	115,0.113140163014	(11, 0.043819242991647168)
11	96,0.114889742698	(11, 0.043819242991647168)
11	13,0.122867698139	(11, 0.043819242991647168)
11	71,0.13288852862	(11, 0.043819242991647168)
11	124,0.135563503234	(11, 0.043819242991647168)
12	22,0.0552274414456	(12, 0.059089691296419229)
12	12,0.0590896912964	(12, 0.059089691296419229)
12	121,0.0641896972504	(12, 0.059089691296419229)
12	76,0.0660358704999	(12, 0.059089691296419229)
12	150,0.0685105206517	(12, 0.059089691296419229)
12	126,0.0707899620203	(12, 0.059089691296419229)
12	18,0.0750393219843	(12, 0.059089691296419229)
12	86,0.0821378387736	(12, 0.059089691296419229)
12	131,0.0834794106058	(12, 0.059089691296419229)
12	136,0.0932123987763	(12, 0.059089691296419229)
13	11,0.0531892650014	(13, 0.097433366809284216)
13	17,0.0703692283829	(13, 0.097433366809284216)
13	161,0.073187186068	(13, 0.097433366809284216)
13	3,0.0741506117579	(13, 0.097433366809284216)
13	171,0.0745823793079	(13, 0.097433366809284216)
13	90,0.084920791664	(13, 0.097433366809284216)
13	37,0.0860832608374	(13, 0.097433366809284216)
13	81,0.0865741401553	(13, 0.097433366809284216)
13	142,0.089933412667	(13, 0.097433366809284216)
13	71,0.0909812041785	(13, 0.097433366809284216)
14	14,0.0763500703064	(14, 0.076350070306366369)
14	72,0.0951033712064	(14, 0.076350070306366369)
14	158,0.121432316128	(14, 0.076350070306366369)
14	143,0.160184321874	(14, 0.076350070306366369)
14	144,0.163316226302	(14, 0.076350070306366369)
14	109,0.163436827161	(14, 0.076350070306366369)
14	84,0.166017492712	(14, 0.076350070306366369)
14	123,0.177884795469	(14, 0.076350070306366369)
14	12,0.18879289334	(14, 0.076350070306366369)
14	38,0.192581895285	(14, 0.076350070306366369)
15	15,0.0650754963672	(15, 0.065075496367159855)
15	17,0.0698319775466	(15, 0.065075496367159855)
15	77,0.094819217661	(15, 0.065075496367159855)
15	49,0.102150123296	(15, 0.065075496367159855)
15	100,0.106126963175	(15, 0.065075496367159855)
15	171,0.111126710414	(15, 0.065075496367159855)
15	173,0.111637850045	(15, 0.065075496367159855)
15	69,0.122480737482	(15, 0.065075496367159855)
15	59,0.123483966788	(15, 0.065075496367159855)
15	4,0.132341039509	(15, 0.065075496367159855)
16	16,0.114808033412	(16, 0.11480803341202847)
16	169,0.142812479676	(16, 0.11480803341202847)
16	0,0.179105295935	(16, 0.11480803341202847)
16	19,0.185835702995	(16, 0.11480803341202847)
16	101,0.207638440652	(16, 0.11480803341202847)
16	143,0.20846058903	(16, 0.11480803341202847)
16	114,0.211556735094	(16, 0.11480803341202847)
16	73,0.226820393179	(16, 0.11480803341202847)
16	139,0.228674023894	(16, 0.11480803341202847)
16	27,0.231421722373	(16, 0.11480803341202847)
17	17,0.0417985962707	(17, 0.04179859627074628)
17	171,0.0595905778126	(17, 0.04179859627074628)
17	77,0.0778286998617	(17, 0.04179859627074628)
17	100,0.0853955129381	(17, 0.04179859627074628)
17	142,0.0913920939106	(17, 0.04179859627074628)
17	37,0.0972608469557	(17, 0.04179859627074628)
17	49,0.0999785896222	(17, 0.04179859627074628)
17	90,0.100063764901	(17, 0.04179859627074628)
17	135,0.100711089736	(17, 0.04179859627074628)
17	3,0.108206569994	(17, 0.04179859627074628)
18	18,0.047125458691	(18, 0.047125458691032851)
18	88,0.0554061244994	(18, 0.047125458691032851)
18	22,0.0617802236564	(18, 0.047125458691032851)
18	121,0.0631252745344	(18, 0.047125458691032851)
18	35,0.0705906642984	(18, 0.047125458691032851)
18	76,0.0716236515781	(18, 0.047125458691032851)
18	61,0.0724295387037	(18, 0.047125458691032851)
18	138,0.0756254542408	(18, 0.047125458691032851)
18	131,0.0758926791601	(18, 0.047125458691032851)
18	150,0.085583319208	(18, 0.047125458691032851)
19	19,0.141712949089	(19, 0.14171294908904453)
19	43,0.167711940217	(19, 0.14171294908904453)
19	27,0.177804849863	(19, 0.14171294908904453)
19	99,0.19660558881	(19, 0.14171294908904453)
19	32,0.251134004251	(19, 0.14171294908904453)
19	163,0.252377811731	(19, 0.14171294908904453)
19	107,0.259710125857	(19, 0.14171294908904453)
19	84,0.268614464185	(19, 0.14171294908904453)
19	39,0.288277126626	(19, 0.14171294908904453)
19	143,0.296006426812	(19, 0.14171294908904453)
20	73,0.103898208397	(20, 0.12012971172122097)
20	20,0.120129711721	(20, 0.12012971172122097)
20	124,0.130579128725	(20, 0.12012971172122097)
20	93,0.145432068571	(20, 0.12012971172122097)
20	109,0.155190899537	(20, 0.12012971172122097)
20	89,0.155909801634	(20, 0.12012971172122097)
20	1,0.161414190946	(20, 0.12012971172122097)
20	127,0.167151387459	(20, 0.12012971172122097)
20	156,0.172831584327	(20, 0.12012971172122097)
20	101,0.177139383784	(20, 0.12012971172122097)
21	121,0.0554728689599	(21, 0.11088646226836252)
21	71,0.0636684507216	(21, 0.11088646226836252)
21	11,0.0674279221062	(21, 0.11088646226836252)
21	161,0.0716781979336	(21, 0.11088646226836252)
21	117,0.0750866479743	(21, 0.11088646226836252)
21	22,0.0895454390134	(21, 0.11088646226836252)
21	23,0.0968638704557	(21, 0.11088646226836252)
21	86,0.0989989430477	(21, 0.11088646226836252)
21	76,0.099247613382	(21, 0.11088646226836252)
21	63,0.104037496838	(21, 0.11088646226836252)
22	22,0.0518782489558	(22, 0.051878248955779825)
22	117,0.0552870113594	(22, 0.051878248955779825)
22	138,0.0621298731861	(22, 0.051878248955779825)
22	76,0.0637191778081	(22, 0.051878248955779825)
22	131,0.0679107325422	(22, 0.051878248955779825)
22	46,0.0739724837813	(22, 0.051878248955779825)
22	3,0.0811364305994	(22, 0.051878248955779825)
22	121,0.0832791093167	(22, 0.051878248955779825)
22	18,0.0838847285452	(22, 0.051878248955779825)
22	63,0.0864464753727	(22, 0.051878248955779825)
23	23,0.035873121374	(23, 0.035873121374036462)
23	61,0.0403251312865	(23, 0.035873121374036462)
23	26,0.0942465585116	(23, 0.035873121374036462)
23	121,0.108131095198	(23, 0.035873121374036462)
23	78,0.117789215204	(23, 0.035873121374036462)
23	63,0.12257320359	(23, 0.035873121374036462)
23	161,0.125768631336	(23, 0.035873121374036462)
23	76,0.130646167437	(23, 0.035873121374036462)
23	146,0.135970846503	(23, 0.035873121374036462)
23	70,0.142972300368	(23, 0.035873121374036462)
24	24,0.0619553075146	(24, 0.061955307514621361)
24	107,0.13942638245	(24, 0.061955307514621361)
24	27,0.149369926052	(24, 0.061955307514621361)
24	61,0.168189862112	(24, 0.061955307514621361)
24	134,0.169028842798	(24, 0.061955307514621361)
24	157,0.173670097402	(24, 0.061955307514621361)
24	73,0.178150898692	(24, 0.061955307514621361)
24	50,0.184770750827	(24, 0.061955307514621361)
24	22,0.185566687177	(24, 0.061955307514621361)
24	12,0.187175004575	(24, 0.061955307514621361)
25	69,0.0597677398971	(25, 0.073459116342977401)
25	25,0.073459116343	(25, 0.073459116342977401)
25	40,0.0794022766107	(25, 0.073459116342977401)
25	4,0.0990583160824	(25, 0.073459116342977401)
25	15,0.107570290337	(25, 0.073459116342977401)
25	147,0.123238541425	(25, 0.073459116342977401)
25	153,0.133597899164	(25, 0.073459116342977401)
25	79,0.156283747412	(25, 0.073459116342977401)
25	60,0.159726278175	(25, 0.073459116342977401)
25	171,0.164437923165	(25, 0.073459116342977401)
26	18,0.0504789496172	(26, 0.12988632527034499)
26	121,0.050712568873	(26, 0.12988632527034499)
26	150,0.0555066993104	(26, 0.12988632527034499)
26	63,0.0562814850524	(26, 0.12988632527034499)
26	3,0.0582324235588	(26, 0.12988632527034499)
26	131,0.0651512419009	(26, 0.12988632527034499)
26	11,0.066101898683	(26, 0.12988632527034499)
26	76,0.066803798092	(26, 0.12988632527034499)
26	22,0.0702958618953	(26, 0.12988632527034499)
26	161,0.0717633811094	(26, 0.12988632527034499)
27	78,0.1116002083	(27, 0.15512691200260256)
27	61,0.122571289332	(27, 0.15512691200260256)
27	169,0.124972540567	(27, 0.15512691200260256)
27	73,0.127717726299	(27, 0.15512691200260256)
27	26,0.128257263689	(27, 0.15512691200260256)
27	121,0.134517317913	(27, 0.15512691200260256)
27	107,0.143704938595	(27, 0.15512691200260256)
27	101,0.144889432694	(27, 0.15512691200260256)
27	19,0.152656244472	(27, 0.15512691200260256)
27	27,0.155126912003	(27, 0.15512691200260256)
28	13,0.0986761305142	(28, 0.12696007920641023)
28	1,0.100194817365	(28, 0.12696007920641023)
28	28,0.126960079206	(28, 0.12696007920641023)
28	3,0.127812892068	(28, 0.12696007920641023)
28	73,0.134607439853	(28, 0.12696007920641023)
28	154,0.155157411069	(28, 0.12696007920641023)
28	93,0.155304041443	(28, 0.12696007920641023)
28	53,0.159435824903	(28, 0.12696007920641023)
28	101,0.160813742747	(28, 0.12696007920641023)
28	83,0.162405633713	(28, 0.12696007920641023)
29	29,0.0598560976835	(29, 0.059856097683476821)
29	77,0.0740652885085	(29, 0.059856097683476821)
29	71,0.0954516857595	(29, 0.059856097683476821)
29	134,0.108831181813	(29, 0.059856097683476821)
29	13,0.109770213942	(29, 0.059856097683476821)
29	11,0.112876051158	(29, 0.059856097683476821)
29	3,0.117992711956	(29, 0.059856097683476821)
29	171,0.118008662064	(29, 0.059856097683476821)
29	76,0.120465334295	(29, 0.059856097683476821)
29	73,0.121073772382	(29, 0.059856097683476821)
30	30,0.117449297306	(30, 0.11744929730615611)
30	28,0.198185163347	(30, 0.11744929730615611)
30	91,0.214647563102	(30, 0.11744929730615611)
30	103,0.238059766786	(30, 0.11744929730615611)
30	53,0.270127795219	(30, 0.11744929730615611)
30	152,0.270296734115	(30, 0.11744929730615611)
30	1,0.273821398538	(30, 0.11744929730615611)
30	102,0.29125303244	(30, 0.11744929730615611)
30	51,0.302909699306	(30, 0.11744929730615611)
30	73,0.304499357556	(30, 0.11744929730615611)
31	165,0.174271523131	(31, 0.19254935740629378)
31	31,0.192549357406	(31, 0.19254935740629378)
31	116,0.233852700828	(31, 0.19254935740629378)
31	72,0.237038722385	(31, 0.19254935740629378)
31	48,0.254378471566	(31, 0.19254935740629378)
31	69,0.257517191674	(31, 0.19254935740629378)
31	124,0.259034753113	(31, 0.19254935740629378)
31	104,0.259527302555	(31, 0.19254935740629378)
31	130,0.275026350598	(31, 0.19254935740629378)
31	123,0.283194032256	(31, 0.19254935740629378)
32	155,0.122652249925	(32, 0.14939474622668777)
32	32,0.149394746227	(32, 0.14939474622668777)
32	27,0.152357038986	(32, 0.14939474622668777)
32	73,0.182413293972	(32, 0.14939474622668777)
32	50,0.192676649022	(32, 0.14939474622668777)
32	163,0.208241858231	(32, 0.14939474622668777)
32	107,0.208300696971	(32, 0.14939474622668777)
32	130,0.219648407608	(32, 0.14939474622668777)
32	109,0.243869499503	(32, 0.14939474622668777)
32	143,0.244637962721	(32, 0.14939474622668777)
33	33,0.100014088732	(33, 0.10001408873180248)
33	4,0.173320632054	(33, 0.10001408873180248)
33	69,0.17893901775	(33, 0.10001408873180248)
33	116,0.195311707207	(33, 0.10001408873180248)
33	106,0.207047146522	(33, 0.10001408873180248)
33	40,0.225746768825	(33, 0.10001408873180248)
33	155,0.231702431188	(33, 0.10001408873180248)
33	28,0.23591158952	(33, 0.10001408873180248)
33	2,0.240089087711	(33, 0.10001408873180248)
33	93,0.246880203998	(33, 0.10001408873180248)
34	15,0.0741226033838	(34, 0.20278436295367622)
34	17,0.0788339957949	(34, 0.20278436295367622)
34	69,0.0854275851578	(34, 0.20278436295367622)
34	171,0.0930768424454	(34, 0.20278436295367622)
34	40,0.0966854493579	(34, 0.20278436295367622)
34	120,0.108057538952	(34, 0.20278436295367622)
34	147,0.111257719399	(34, 0.20278436295367622)
34	4,0.112536045972	(34, 0.20278436295367622)
34	173,0.113041269254	(34, 0.20278436295367622)
34	83,0.124586959399	(34, 0.20278436295367622)
35	35,0.0495018031668	(35, 0.049501803166811041)
35	88,0.0779369267958	(35, 0.049501803166811041)
35	18,0.0853603559901	(35, 0.049501803166811041)
35	22,0.115533009795	(35, 0.049501803166811041)
35	12,0.120853894521	(35, 0.049501803166811041)
35	138,0.124436095003	(35, 0.049501803166811041)
35	121,0.130771521809	(35, 0.049501803166811041)
35	38,0.133766103417	(35, 0.049501803166811041)
35	61,0.134169007199	(35, 0.049501803166811041)
35	157,0.13507030481	(35, 0.049501803166811041)
36	76,0.0399171135759	(36, 0.04708572275695623)
36	146,0.0425564497859	(36, 0.04708572275695623)
36	46,0.0445512075984	(36, 0.04708572275695623)
36	36,0.047085722757	(36, 0.04708572275695623)
36	18,0.0548595749594	(36, 0.04708572275695623)
36	63,0.0611092417407	(36, 0.04708572275695623)
36	170,0.0638991258824	(36, 0.04708572275695623)
36	88,0.0830987483664	(36, 0.04708572275695623)
36	35,0.0875017847776	(36, 0.04708572275695623)
36	138,0.0879401843851	(36, 0.04708572275695623)
37	3,0.0610887880363	(37, 0.065402998454254249)
37	100,0.0651569472072	(37, 0.065402998454254249)
37	37,0.0654029984543	(37, 0.065402998454254249)
37	11,0.0745716345986	(37, 0.065402998454254249)
37	77,0.0787528836889	(37, 0.065402998454254249)
37	21,0.0928957458901	(37, 0.065402998454254249)
37	17,0.0946205130798	(37, 0.065402998454254249)
37	90,0.100223299826	(37, 0.065402998454254249)
37	142,0.107631773509	(37, 0.065402998454254249)
37	71,0.107926700868	(37, 0.065402998454254249)
38	38,0.0458083209387	(38, 0.045808320938694712)
38	12,0.107136013294	(38, 0.045808320938694712)
38	55,0.117651612597	(38, 0.045808320938694712)
38	14,0.125835465975	(38, 0.045808320938694712)
38	43,0.16602936723	(38, 0.045808320938694712)
38	50,0.170053676799	(38, 0.045808320938694712)
38	105,0.173843304827	(38, 0.045808320938694712)
38	127,0.177267731975	(38, 0.045808320938694712)
38	24,0.182038328334	(38, 0.045808320938694712)
38	61,0.183104674346	(38, 0.045808320938694712)
39	39,0.107453301461	(39, 0.10745330146060493)
39	155,0.238865999945	(39, 0.10745330146060493)
39	51,0.238939665073	(39, 0.10745330146060493)
39	101,0.242808107456	(39, 0.10745330146060493)
39	168,0.244720087667	(39, 0.10745330146060493)
39	27,0.248911346284	(39, 0.10745330146060493)
39	107,0.249647754968	(39, 0.10745330146060493)
39	84,0.256141107268	(39, 0.10745330146060493)
39	99,0.258489953006	(39, 0.10745330146060493)
39	95,0.269458742049	(39, 0.10745330146060493)
40	40,0.0422782275354	(40, 0.042278227535351452)
40	69,0.0476298070352	(40, 0.042278227535351452)
40	4,0.0938830540143	(40, 0.042278227535351452)
40	79,0.0940009742704	(40, 0.042278227535351452)
40	147,0.100553502529	(40, 0.042278227535351452)
40	15,0.102566263143	(40, 0.042278227535351452)
40	171,0.107248087252	(40, 0.042278227535351452)
40	25,0.109385331766	(40, 0.042278227535351452)
40	56,0.125113895907	(40, 0.042278227535351452)
40	60,0.126298078087	(40, 0.042278227535351452)
41	41,0.0705393609202	(41, 0.070539360920216856)
41	154,0.103708366648	(41, 0.070539360920216856)
41	20,0.166802606703	(41, 0.070539360920216856)
41	1,0.171276014973	(41, 0.070539360920216856)
41	91,0.18572949932	(41, 0.070539360920216856)
41	124,0.198774782216	(41, 0.070539360920216856)
41	102,0.220945125865	(41, 0.070539360920216856)
41	53,0.222143169043	(41, 0.070539360920216856)
41	114,0.223864139569	(41, 0.070539360920216856)
41	101,0.231117666444	(41, 0.070539360920216856)
42	162,0.187496166531	(42, 0.38595309507042169)
42	69,0.249546499991	(42, 0.38595309507042169)
42	53,0.251901858866	(42, 0.38595309507042169)
42	28,0.253258560645	(42, 0.38595309507042169)
42	97,0.267662748511	(42, 0.38595309507042169)
42	44,0.284102841339	(42, 0.38595309507042169)
42	34,0.285267297863	(42, 0.38595309507042169)
42	65,0.291902012871	(42, 0.38595309507042169)
42	118,0.293714827211	(42, 0.38595309507042169)
42	139,0.311056714292	(42, 0.38595309507042169)
43	12,0.0707712897677	(43, 0.14062439405091526)
43	22,0.0780553761355	(43, 0.14062439405091526)
43	127,0.0825235582097	(43, 0.14062439405091526)
43	50,0.0936037784504	(43, 0.14062439405091526)
43	121,0.094976232867	(43, 0.14062439405091526)
43	157,0.0996743244295	(43, 0.14062439405091526)
43	78,0.099773983415	(43, 0.14062439405091526)
43	61,0.106863898819	(43, 0.14062439405091526)
43	55,0.110288063414	(43, 0.14062439405091526)
43	107,0.110429510989	(43, 0.14062439405091526)
44	109,0.107855374538	(44, 0.46815597617883109)
44	116,0.134905416468	(44, 0.46815597617883109)
44	158,0.146117952021	(44, 0.46815597617883109)
44	93,0.147392309984	(44, 0.46815597617883109)
44	143,0.150895204671	(44, 0.46815597617883109)
44	124,0.158633433514	(44, 0.46815597617883109)
44	84,0.159388739103	(44, 0.46815597617883109)
44	12,0.164699405004	(44, 0.46815597617883109)
44	115,0.170960677004	(44, 0.46815597617883109)
44	73,0.17759296372	(44, 0.46815597617883109)
45	45,0.181121886243	(45, 0.18112188624330147)
45	129,0.214664965983	(45, 0.18112188624330147)
45	94,0.245509682803	(45, 0.18112188624330147)
45	34,0.253098834032	(45, 0.18112188624330147)
45	128,0.285602979008	(45, 0.18112188624330147)
45	98,0.28808872695	(45, 0.18112188624330147)
45	53,0.298716245496	(45, 0.18112188624330147)
45	132,0.300674025968	(45, 0.18112188624330147)
45	83,0.30920257803	(45, 0.18112188624330147)
45	15,0.316261276814	(45, 0.18112188624330147)
46	46,0.024226573982	(46, 0.024226573982016081)
46	36,0.0429598497869	(46, 0.024226573982016081)
46	170,0.053093507637	(46, 0.024226573982016081)
46	76,0.0615806667515	(46, 0.024226573982016081)
46	136,0.0625702918289	(46, 0.024226573982016081)
46	146,0.0734497236211	(46, 0.024226573982016081)
46	63,0.0874347934661	(46, 0.024226573982016081)
46	6,0.0894712471462	(46, 0.024226573982016081)
46	138,0.0896204689311	(46, 0.024226573982016081)
46	145,0.0977045610277	(46, 0.024226573982016081)
47	99,0.21094775318	(47, 0.25085193227280511)
47	10,0.220274160041	(47, 0.25085193227280511)
47	47,0.250851932273	(47, 0.25085193227280511)
47	19,0.251182612101	(47, 0.25085193227280511)
47	137,0.253373298056	(47, 0.25085193227280511)
47	27,0.26135548365	(47, 0.25085193227280511)
47	84,0.263373604068	(47, 0.25085193227280511)
47	43,0.289002647754	(47, 0.25085193227280511)
47	172,0.307584545321	(47, 0.25085193227280511)
47	0,0.310700224816	(47, 0.25085193227280511)
48	56,0.097252230983	(48, 0.11848146391160974)
48	120,0.105804047676	(48, 0.11848146391160974)
48	48,0.118481463912	(48, 0.11848146391160974)
48	97,0.123656248329	(48, 0.11848146391160974)
48	69,0.131786102156	(48, 0.11848146391160974)
48	40,0.154368558703	(48, 0.11848146391160974)
48	173,0.163410432635	(48, 0.11848146391160974)
48	4,0.168741054878	(48, 0.11848146391160974)
48	124,0.182760358039	(48, 0.11848146391160974)
48	15,0.183428042307	(48, 0.11848146391160974)
49	49,0.0842241193648	(49, 0.084224119364845473)
49	59,0.104681090292	(49, 0.084224119364845473)
49	15,0.108841560788	(49, 0.084224119364845473)
49	77,0.119959486737	(49, 0.084224119364845473)
49	171,0.12162557444	(49, 0.084224119364845473)
49	17,0.129787087583	(49, 0.084224119364845473)
49	98,0.130605109234	(49, 0.084224119364845473)
49	100,0.138364377667	(49, 0.084224119364845473)
49	173,0.153555248388	(49, 0.084224119364845473)
49	83,0.165629041087	(49, 0.084224119364845473)
50	50,0.0509079097455	(50, 0.050907909745513388)
50	12,0.123139412562	(50, 0.050907909745513388)
50	107,0.126769213827	(50, 0.050907909745513388)
50	170,0.136592933976	(50, 0.050907909745513388)
50	157,0.144089449885	(50, 0.050907909745513388)
50	76,0.153118975763	(50, 0.050907909745513388)
50	22,0.160361240118	(50, 0.050907909745513388)
50	38,0.163934733237	(50, 0.050907909745513388)
50	127,0.167153117992	(50, 0.050907909745513388)
50	46,0.170856399521	(50, 0.050907909745513388)
51	124,0.0712513865265	(51, 0.3242582098819638)
51	73,0.125839033614	(51, 0.3242582098819638)
51	154,0.135496311677	(51, 0.3242582098819638)
51	53,0.142398820625	(51, 0.3242582098819638)
51	156,0.14482921777	(51, 0.3242582098819638)
51	93,0.174083492172	(51, 0.3242582098819638)
51	41,0.176350171575	(51, 0.3242582098819638)
51	20,0.180430786541	(51, 0.3242582098819638)
51	1,0.181401366988	(51, 0.3242582098819638)
51	28,0.19170791127	(51, 0.3242582098819638)
52	53,0.123089499637	(52, 0.43084335505384652)
52	44,0.131183094113	(52, 0.43084335505384652)
52	124,0.14654957315	(52, 0.43084335505384652)
52	154,0.149220376992	(52, 0.43084335505384652)
52	13,0.153441170739	(52, 0.43084335505384652)
52	65,0.156459315373	(52, 0.43084335505384652)
52	162,0.162470674945	(52, 0.43084335505384652)
52	160,0.165711364852	(52, 0.43084335505384652)
52	120,0.174112660087	(52, 0.43084335505384652)
52	4,0.179041310299	(52, 0.43084335505384652)
53	65,0.0851760076733	(53, 0.10765133027645137)
53	53,0.107651330276	(53, 0.10765133027645137)
53	154,0.127443500798	(53, 0.10765133027645137)
53	44,0.134447906386	(53, 0.10765133027645137)
53	160,0.147886793508	(53, 0.10765133027645137)
53	120,0.15359358812	(53, 0.10765133027645137)
53	162,0.166377375716	(53, 0.10765133027645137)
53	114,0.170503685086	(53, 0.10765133027645137)
53	34,0.17597561228	(53, 0.10765133027645137)
53	13,0.176480657808	(53, 0.10765133027645137)
54	135,0.0486483689793	(54, 0.085910756399337124)
54	54,0.0859107563993	(54, 0.085910756399337124)
54	3,0.0934438245478	(54, 0.085910756399337124)
54	161,0.0938294233574	(54, 0.085910756399337124)
54	136,0.09496608121	(54, 0.085910756399337124)
54	63,0.101491280068	(54, 0.085910756399337124)
54	17,0.101795779602	(54, 0.085910756399337124)
54	11,0.10546425639	(54, 0.085910756399337124)
54	146,0.106795422154	(54, 0.085910756399337124)
54	37,0.107991657347	(54, 0.085910756399337124)
55	12,0.0757739878005	(55, 0.090136877056372383)
55	55,0.0901368770564	(55, 0.090136877056372383)
55	38,0.103895620025	(55, 0.090136877056372383)
55	121,0.105947231807	(55, 0.090136877056372383)
55	158,0.106835216314	(55, 0.090136877056372383)
55	18,0.108780659068	(55, 0.090136877056372383)
55	127,0.119858400911	(55, 0.090136877056372383)
55	150,0.120608914419	(55, 0.090136877056372383)
55	151,0.121223374357	(55, 0.090136877056372383)
55	133,0.125840532658	(55, 0.090136877056372383)
56	56,0.0785731471177	(56, 0.078573147117708297)
56	15,0.104880810655	(56, 0.078573147117708297)
56	120,0.115797236236	(56, 0.078573147117708297)
56	173,0.152224015351	(56, 0.078573147117708297)
56	113,0.178666993282	(56, 0.078573147117708297)
56	2,0.178927623769	(56, 0.078573147117708297)
56	69,0.182439919648	(56, 0.078573147117708297)
56	97,0.194435078261	(56, 0.078573147117708297)
56	44,0.202029693996	(56, 0.078573147117708297)
56	17,0.206130774859	(56, 0.078573147117708297)
57	57,0.116492611193	(57, 0.11649261119250441)
57	122,0.277803870179	(57, 0.11649261119250441)
57	15,0.32171895762	(57, 0.11649261119250441)
57	173,0.335085370022	(57, 0.11649261119250441)
57	56,0.351453191131	(57, 0.11649261119250441)
57	120,0.401937904925	(57, 0.11649261119250441)
57	59,0.406572580815	(57, 0.11649261119250441)
57	2,0.415554508574	(57, 0.11649261119250441)
57	108,0.42426598033	(57, 0.11649261119250441)
57	113,0.436262730851	(57, 0.11649261119250441)
58	24,0.103003720088	(58, 0.4045302879703005)
58	107,0.120586101171	(58, 0.4045302879703005)
58	27,0.136900288765	(58, 0.4045302879703005)
58	50,0.139576282825	(58, 0.4045302879703005)
58	61,0.167736260339	(58, 0.4045302879703005)
58	157,0.181324071508	(58, 0.4045302879703005)
58	43,0.185909840281	(58, 0.4045302879703005)
58	38,0.191261532153	(58, 0.4045302879703005)
58	12,0.193070434774	(58, 0.4045302879703005)
58	105,0.196846466187	(58, 0.4045302879703005)
59	15,0.187261672035	(59, 0.24854357523063131)
59	83,0.208443510296	(59, 0.24854357523063131)
59	94,0.22032474294	(59, 0.24854357523063131)
59	113,0.224163883108	(59, 0.24854357523063131)
59	65,0.230281599902	(59, 0.24854357523063131)
59	59,0.248543575231	(59, 0.24854357523063131)
59	120,0.250244433881	(59, 0.24854357523063131)
59	129,0.25937074815	(59, 0.24854357523063131)
59	97,0.261810719736	(59, 0.24854357523063131)
59	98,0.267281694191	(59, 0.24854357523063131)
60	60,0.0914015825381	(60, 0.09140158253813975)
60	79,0.100318161314	(60, 0.09140158253813975)
60	69,0.10177069427	(60, 0.09140158253813975)
60	40,0.109953463562	(60, 0.09140158253813975)
60	34,0.117894831906	(60, 0.09140158253813975)
60	4,0.131115547262	(60, 0.09140158253813975)
60	25,0.136742358949	(60, 0.09140158253813975)
60	15,0.144155172031	(60, 0.09140158253813975)
60	77,0.150190411811	(60, 0.09140158253813975)
60	171,0.154747443635	(60, 0.09140158253813975)
61	61,0.0424415453254	(61, 0.042441545325371276)
61	23,0.0521589722172	(61, 0.042441545325371276)
61	26,0.07450022663	(61, 0.042441545325371276)
61	121,0.0778047167475	(61, 0.042441545325371276)
61	63,0.0793006762012	(61, 0.042441545325371276)
61	76,0.0846140484825	(61, 0.042441545325371276)
61	161,0.0852460156451	(61, 0.042441545325371276)
61	78,0.0875019377363	(61, 0.042441545325371276)
61	146,0.0908837259725	(61, 0.042441545325371276)
61	22,0.106940059728	(61, 0.042441545325371276)
62	26,0.0870516139237	(62, 0.12401788521001088)
62	78,0.0965957139515	(62, 0.12401788521001088)
62	107,0.1114030019	(62, 0.12401788521001088)
62	61,0.117960399896	(62, 0.12401788521001088)
62	62,0.12401788521	(62, 0.12401788521001088)
62	73,0.129536520034	(62, 0.12401788521001088)
62	121,0.140649459161	(62, 0.12401788521001088)
62	157,0.14566844308	(62, 0.12401788521001088)
62	138,0.150283144703	(62, 0.12401788521001088)
62	22,0.153261644293	(62, 0.12401788521001088)
63	3,0.0437950606988	(63, 0.063866795566831627)
63	63,0.0638667955668	(63, 0.063866795566831627)
63	11,0.0649985072532	(63, 0.063866795566831627)
63	77,0.0661293897521	(63, 0.063866795566831627)
63	161,0.0747955850411	(63, 0.063866795566831627)
63	37,0.0837684789257	(63, 0.063866795566831627)
63	170,0.0883310506901	(63, 0.063866795566831627)
63	121,0.0886707273614	(63, 0.063866795566831627)
63	135,0.0899551768145	(63, 0.063866795566831627)
63	76,0.0899575880822	(63, 0.063866795566831627)
64	64,0.265270011302	(64, 0.26527001130232158)
64	45,0.433083565056	(64, 0.26527001130232158)
64	118,0.442876874698	(64, 0.26527001130232158)
64	129,0.483578445419	(64, 0.26527001130232158)
64	33,0.539516336452	(64, 0.26527001130232158)
64	132,0.575732370282	(64, 0.26527001130232158)
64	113,0.629434505725	(64, 0.26527001130232158)
64	34,0.629852664199	(64, 0.26527001130232158)
64	94,0.687602557362	(64, 0.26527001130232158)
64	15,0.697079219054	(64, 0.26527001130232158)
65	65,0.068241146214	(65, 0.068241146214019527)
65	160,0.0785447928046	(65, 0.068241146214019527)
65	83,0.0983963452911	(65, 0.068241146214019527)
65	68,0.101806857989	(65, 0.068241146214019527)
65	154,0.133867308654	(65, 0.068241146214019527)
65	1,0.141198721099	(65, 0.068241146214019527)
65	59,0.142038076304	(65, 0.068241146214019527)
65	13,0.143517183388	(65, 0.068241146214019527)
65	44,0.150479436875	(65, 0.068241146214019527)
65	17,0.156635718438	(65, 0.068241146214019527)
66	66,0.274108358075	(66, 0.2741083580753082)
66	129,0.50985219757	(66, 0.2741083580753082)
66	132,0.564263119525	(66, 0.2741083580753082)
66	118,0.586004983786	(66, 0.2741083580753082)
66	139,0.622304508774	(66, 0.2741083580753082)
66	91,0.642283167421	(66, 0.2741083580753082)
66	33,0.679554129045	(66, 0.2741083580753082)
66	140,0.690084633154	(66, 0.2741083580753082)
66	168,0.745285030695	(66, 0.2741083580753082)
66	53,0.764084300349	(66, 0.2741083580753082)
67	67,0.165689500056	(67, 0.1656895000560768)
67	84,0.220093122824	(67, 0.1656895000560768)
67	93,0.238343052284	(67, 0.1656895000560768)
67	168,0.243240753448	(67, 0.1656895000560768)
67	116,0.262549286521	(67, 0.1656895000560768)
67	139,0.274015286745	(67, 0.1656895000560768)
67	28,0.277712443814	(67, 0.1656895000560768)
67	109,0.286965895002	(67, 0.1656895000560768)
67	130,0.288087339811	(67, 0.1656895000560768)
67	148,0.292909576878	(67, 0.1656895000560768)
68	68,0.0691555895109	(68, 0.069155589510877316)
68	70,0.121235261726	(68, 0.069155589510877316)
68	23,0.125932269804	(68, 0.069155589510877316)
68	61,0.134321956144	(68, 0.069155589510877316)
68	63,0.148673930093	(68, 0.069155589510877316)
68	161,0.159147845182	(68, 0.069155589510877316)
68	146,0.163127411479	(68, 0.069155589510877316)
68	26,0.166197304829	(68, 0.069155589510877316)
68	134,0.170678556499	(68, 0.069155589510877316)
68	71,0.173649140174	(68, 0.069155589510877316)
69	15,0.246878860704	(69, 0.29300720918559198)
69	122,0.273194788664	(69, 0.29300720918559198)
69	173,0.289610748965	(69, 0.29300720918559198)
69	69,0.293007209186	(69, 0.29300720918559198)
69	56,0.306438002941	(69, 0.29300720918559198)
69	153,0.306702160772	(69, 0.29300720918559198)
69	2,0.317122388099	(69, 0.29300720918559198)
69	48,0.321108891794	(69, 0.29300720918559198)
69	113,0.330403673394	(69, 0.29300720918559198)
69	4,0.333352471521	(69, 0.29300720918559198)
70	121,0.0794720603683	(70, 0.10412004619916315)
70	3,0.0847878701673	(70, 0.10412004619916315)
70	11,0.10133266442	(70, 0.10412004619916315)
70	70,0.104120046199	(70, 0.10412004619916315)
70	77,0.106850794035	(70, 0.10412004619916315)
70	138,0.108593170793	(70, 0.10412004619916315)
70	117,0.108777610371	(70, 0.10412004619916315)
70	131,0.109245005841	(70, 0.10412004619916315)
70	81,0.116533024135	(70, 0.10412004619916315)
70	161,0.116896403559	(70, 0.10412004619916315)
71	91,0.155048509056	(71, 0.41978119320700591)
71	132,0.180747238741	(71, 0.41978119320700591)
71	41,0.232138884661	(71, 0.41978119320700591)
71	101,0.239458152073	(71, 0.41978119320700591)
71	102,0.247997149937	(71, 0.41978119320700591)
71	154,0.250793327422	(71, 0.41978119320700591)
71	28,0.253529359466	(71, 0.41978119320700591)
71	95,0.273428872873	(71, 0.41978119320700591)
71	1,0.277127164863	(71, 0.41978119320700591)
71	103,0.292124945706	(71, 0.41978119320700591)
72	173,0.121275287243	(72, 0.74922764482323656)
72	17,0.123948647729	(72, 0.74922764482323656)
72	171,0.142267335174	(72, 0.74922764482323656)
72	147,0.144182756623	(72, 0.74922764482323656)
72	142,0.148770790137	(72, 0.74922764482323656)
72	100,0.171385129964	(72, 0.74922764482323656)
72	49,0.175456273518	(72, 0.74922764482323656)
72	77,0.178288040057	(72, 0.74922764482323656)
72	15,0.184475024204	(72, 0.74922764482323656)
72	59,0.188499317578	(72, 0.74922764482323656)
73	73,0.0688504173322	(73, 0.068850417332248628)
73	13,0.104573283752	(73, 0.068850417332248628)
73	27,0.134179084183	(73, 0.068850417332248628)
73	124,0.136352663332	(73, 0.068850417332248628)
73	156,0.136586246188	(73, 0.068850417332248628)
73	53,0.161077330467	(73, 0.068850417332248628)
73	114,0.171187209518	(73, 0.068850417332248628)
73	109,0.181246988592	(73, 0.068850417332248628)
73	41,0.185904723825	(73, 0.068850417332248628)
73	93,0.188425893644	(73, 0.068850417332248628)
74	17,0.0553531098591	(74, 0.05753968962274468)
74	74,0.0575396896227	(74, 0.05753968962274468)
74	135,0.0625729422633	(74, 0.05753968962274468)
74	100,0.0662902569823	(74, 0.05753968962274468)
74	37,0.0717426294993	(74, 0.05753968962274468)
74	90,0.0822708960658	(74, 0.05753968962274468)
74	77,0.0828040304116	(74, 0.05753968962274468)
74	49,0.109926228655	(74, 0.05753968962274468)
74	11,0.113797192035	(74, 0.05753968962274468)
74	59,0.116169095778	(74, 0.05753968962274468)
75	75,0.424679903586	(75, 0.42467990358561086)
75	166,0.49513587692	(75, 0.42467990358561086)
75	80,0.678155096121	(75, 0.42467990358561086)
75	47,0.701228198637	(75, 0.42467990358561086)
75	67,0.710583698693	(75, 0.42467990358561086)
75	85,0.719064370427	(75, 0.42467990358561086)
75	99,0.721352695812	(75, 0.42467990358561086)
75	10,0.730942600717	(75, 0.42467990358561086)
75	165,0.769257080611	(75, 0.42467990358561086)
75	84,0.769567202927	(75, 0.42467990358561086)
76	76,0.0343134435281	(76, 0.034313443528056015)
76	146,0.0398030240769	(76, 0.034313443528056015)
76	63,0.0446977741987	(76, 0.034313443528056015)
76	136,0.0553769539728	(76, 0.034313443528056015)
76	170,0.0602103088125	(76, 0.034313443528056015)
76	46,0.0737627347297	(76, 0.034313443528056015)
76	18,0.0737694792675	(76, 0.034313443528056015)
76	22,0.074994669301	(76, 0.034313443528056015)
76	3,0.0752313879671	(76, 0.034313443528056015)
76	36,0.0798439814086	(76, 0.034313443528056015)
77	161,0.0535347706775	(77, 0.077046438132587505)
77	11,0.0560980963086	(77, 0.077046438132587505)
77	63,0.0566097614603	(77, 0.077046438132587505)
77	90,0.0635765005764	(77, 0.077046438132587505)
77	146,0.0650767999494	(77, 0.077046438132587505)
77	135,0.0689715061195	(77, 0.077046438132587505)
77	3,0.0704860595993	(77, 0.077046438132587505)
77	77,0.0770464381326	(77, 0.077046438132587505)
77	136,0.0813765740739	(77, 0.077046438132587505)
77	71,0.0849477514604	(77, 0.077046438132587505)
78	150,0.0469916508059	(78, 0.087931363185644928)
78	76,0.0509353671208	(78, 0.087931363185644928)
78	63,0.0536963339067	(78, 0.087931363185644928)
78	131,0.0568573410191	(78, 0.087931363185644928)
78	22,0.0642012682028	(78, 0.087931363185644928)
78	18,0.0642466382985	(78, 0.087931363185644928)
78	146,0.0644897653594	(78, 0.087931363185644928)
78	121,0.0671354758709	(78, 0.087931363185644928)
78	61,0.0774622092286	(78, 0.087931363185644928)
78	23,0.0833486022412	(78, 0.087931363185644928)
79	4,0.0578946985393	(79, 0.060264618184924575)
79	79,0.0602646181849	(79, 0.060264618184924575)
79	69,0.0611702102145	(79, 0.060264618184924575)
79	40,0.0742741403659	(79, 0.060264618184924575)
79	25,0.115664376376	(79, 0.060264618184924575)
79	56,0.128272742664	(79, 0.060264618184924575)
79	171,0.132637399505	(79, 0.060264618184924575)
79	147,0.134917265003	(79, 0.060264618184924575)
79	34,0.135485590522	(79, 0.060264618184924575)
79	60,0.142068662818	(79, 0.060264618184924575)
80	80,0.207111456935	(80, 0.20711145693501015)
80	51,0.22607845493	(80, 0.20711145693501015)
80	166,0.307105536305	(80, 0.20711145693501015)
80	32,0.399717463604	(80, 0.20711145693501015)
80	27,0.506708516324	(80, 0.20711145693501015)
80	39,0.525561455909	(80, 0.20711145693501015)
80	168,0.528962456271	(80, 0.20711145693501015)
80	58,0.538532742616	(80, 0.20711145693501015)
80	159,0.549553537012	(80, 0.20711145693501015)
80	164,0.566194204095	(80, 0.20711145693501015)
81	81,0.0564478443897	(81, 0.056447844389718942)
81	11,0.0722828521897	(81, 0.056447844389718942)
81	3,0.0729840415199	(81, 0.056447844389718942)
81	131,0.0740376354762	(81, 0.056447844389718942)
81	121,0.079656609277	(81, 0.056447844389718942)
81	22,0.0840689318405	(81, 0.056447844389718942)
81	117,0.0889116022722	(81, 0.056447844389718942)
81	150,0.0962031303966	(81, 0.056447844389718942)
81	76,0.100805159095	(81, 0.056447844389718942)
81	77,0.100916129328	(81, 0.056447844389718942)
82	38,0.160531453855	(82, 0.26521842097032822)
82	12,0.164476555518	(82, 0.26521842097032822)
82	24,0.170109093689	(82, 0.26521842097032822)
82	27,0.179385215134	(82, 0.26521842097032822)
82	105,0.179555119252	(82, 0.26521842097032822)
82	73,0.191643688875	(82, 0.26521842097032822)
82	13,0.205724990291	(82, 0.26521842097032822)
82	50,0.207248258182	(82, 0.26521842097032822)
82	143,0.212526593843	(82, 0.26521842097032822)
82	107,0.214006447842	(82, 0.26521842097032822)
83	13,0.0723949441531	(83, 0.10276253912738162)
83	154,0.0934395911544	(83, 0.10276253912738162)
83	160,0.0975597948615	(83, 0.10276253912738162)
83	71,0.102470783978	(83, 0.10276253912738162)
83	83,0.102762539127	(83, 0.10276253912738162)
83	65,0.106264398343	(83, 0.10276253912738162)
83	17,0.107353494189	(83, 0.10276253912738162)
83	11,0.112598201082	(83, 0.10276253912738162)
83	135,0.119165775301	(83, 0.10276253912738162)
83	120,0.119944837062	(83, 0.10276253912738162)
84	84,0.2745615228	(84, 0.27456152280001994)
84	67,0.283323126265	(84, 0.27456152280001994)
84	165,0.292916815648	(84, 0.27456152280001994)
84	168,0.295172239307	(84, 0.27456152280001994)
84	139,0.362992909913	(84, 0.27456152280001994)
84	99,0.368968611384	(84, 0.27456152280001994)
84	143,0.402555922361	(84, 0.27456152280001994)
84	148,0.414106985401	(84, 0.27456152280001994)
84	155,0.416590815578	(84, 0.27456152280001994)
84	109,0.420965058921	(84, 0.27456152280001994)
85	67,0.235624038037	(85, 0.3551152446981739)
85	85,0.355115244698	(85, 0.3551152446981739)
85	139,0.380529175114	(85, 0.3551152446981739)
85	84,0.424127687632	(85, 0.3551152446981739)
85	148,0.43107141652	(85, 0.3551152446981739)
85	165,0.43216868278	(85, 0.3551152446981739)
85	168,0.480466402507	(85, 0.3551152446981739)
85	143,0.506897644131	(85, 0.3551152446981739)
85	99,0.520751343029	(85, 0.3551152446981739)
85	93,0.545462645716	(85, 0.3551152446981739)
86	86,0.0572569116855	(86, 0.057256911685502385)
86	136,0.0676100011429	(86, 0.057256911685502385)
86	12,0.0816784045124	(86, 0.057256911685502385)
86	161,0.0818558313589	(86, 0.057256911685502385)
86	117,0.0820785002568	(86, 0.057256911685502385)
86	76,0.0830972477004	(86, 0.057256911685502385)
86	170,0.0833622161278	(86, 0.057256911685502385)
86	11,0.084194131289	(86, 0.057256911685502385)
86	3,0.0867914193202	(86, 0.057256911685502385)
86	18,0.089087981644	(86, 0.057256911685502385)
87	1,0.0885110756463	(87, 0.23598303714635879)
87	121,0.0897975106216	(87, 0.23598303714635879)
87	26,0.0987707263033	(87, 0.23598303714635879)
87	78,0.100789204431	(87, 0.23598303714635879)
87	11,0.110239290228	(87, 0.23598303714635879)
87	71,0.111374735049	(87, 0.23598303714635879)
87	154,0.124863364154	(87, 0.23598303714635879)
87	22,0.125452143861	(87, 0.23598303714635879)
87	61,0.126831328119	(87, 0.23598303714635879)
87	41,0.129682004596	(87, 0.23598303714635879)
88	76,0.0498376842785	(88, 0.081057733175333893)
88	146,0.0578321626844	(88, 0.081057733175333893)
88	170,0.0601727406828	(88, 0.081057733175333893)
88	18,0.061334628494	(88, 0.081057733175333893)
88	46,0.0663211124951	(88, 0.081057733175333893)
88	63,0.0692825287395	(88, 0.081057733175333893)
88	117,0.0698972415795	(88, 0.081057733175333893)
88	22,0.0759011795983	(88, 0.081057733175333893)
88	77,0.0780892034901	(88, 0.081057733175333893)
88	138,0.0787966009053	(88, 0.081057733175333893)
89	124,0.078318925833	(89, 0.14726951844440392)
89	154,0.0975320379225	(89, 0.14726951844440392)
89	53,0.113274062738	(89, 0.14726951844440392)
89	1,0.125886180977	(89, 0.14726951844440392)
89	73,0.142896948438	(89, 0.14726951844440392)
89	13,0.146385118537	(89, 0.14726951844440392)
89	89,0.147269518444	(89, 0.14726951844440392)
89	160,0.154174496121	(89, 0.14726951844440392)
89	120,0.154484862136	(89, 0.14726951844440392)
89	28,0.156838228909	(89, 0.14726951844440392)
90	90,0.0387505100954	(90, 0.038750510095407302)
90	11,0.0717473294624	(90, 0.038750510095407302)
90	161,0.0764482202003	(90, 0.038750510095407302)
90	81,0.0801711430289	(90, 0.038750510095407302)
90	96,0.0827206414984	(90, 0.038750510095407302)
90	136,0.0881146866119	(90, 0.038750510095407302)
90	171,0.0882852600797	(90, 0.038750510095407302)
90	37,0.091259972533	(90, 0.038750510095407302)
90	17,0.0926502460936	(90, 0.038750510095407302)
90	135,0.0936847869949	(90, 0.038750510095407302)
91	132,0.160423118796	(91, 0.22174896922396933)
91	91,0.221748969224	(91, 0.22174896922396933)
91	129,0.322353420208	(91, 0.22174896922396933)
91	103,0.407301019398	(91, 0.22174896922396933)
91	51,0.459794444279	(91, 0.22174896922396933)
91	102,0.4644418952	(91, 0.22174896922396933)
91	34,0.47034825448	(91, 0.22174896922396933)
91	66,0.485994495416	(91, 0.22174896922396933)
91	53,0.499484698767	(91, 0.22174896922396933)
91	114,0.505172161293	(91, 0.22174896922396933)
92	78,0.0792929102739	(92, 0.22549473731338088)
92	61,0.102367873651	(92, 0.22549473731338088)
92	24,0.11200309288	(92, 0.22549473731338088)
92	127,0.113916955773	(92, 0.22549473731338088)
92	157,0.116853660826	(92, 0.22549473731338088)
92	26,0.122414183259	(92, 0.22549473731338088)
92	12,0.126513266612	(92, 0.22549473731338088)
92	22,0.142379617037	(92, 0.22549473731338088)
92	23,0.145817473744	(92, 0.22549473731338088)
92	107,0.146491184204	(92, 0.22549473731338088)
93	22,0.068262555228	(93, 0.09323532816580643)
93	131,0.0717450486981	(93, 0.09323532816580643)
93	127,0.0927126406312	(93, 0.09323532816580643)
93	76,0.0931940218725	(93, 0.09323532816580643)
93	93,0.0932353281658	(93, 0.09323532816580643)
93	12,0.0952372014207	(93, 0.09323532816580643)
93	157,0.0956075790108	(93, 0.09323532816580643)
93	121,0.0958230886007	(93, 0.09323532816580643)
93	3,0.096566904628	(93, 0.09323532816580643)
93	170,0.103760006947	(93, 0.09323532816580643)
94	94,0.115475027168	(94, 0.11547502716837296)
94	83,0.209371997767	(94, 0.11547502716837296)
94	154,0.250912349266	(94, 0.11547502716837296)
94	59,0.278090164411	(94, 0.11547502716837296)
94	15,0.293659193248	(94, 0.11547502716837296)
94	45,0.306111214884	(94, 0.11547502716837296)
94	160,0.317079257589	(94, 0.11547502716837296)
94	120,0.319734244865	(94, 0.11547502716837296)
94	98,0.320001241163	(94, 0.11547502716837296)
94	65,0.321627865865	(94, 0.11547502716837296)
95	99,0.117947357832	(95, 0.28980149883918405)
95	107,0.123510657349	(95, 0.28980149883918405)
95	43,0.164862095636	(95, 0.28980149883918405)
95	27,0.165260794873	(95, 0.28980149883918405)
95	127,0.166249139103	(95, 0.28980149883918405)
95	137,0.168561018398	(95, 0.28980149883918405)
95	19,0.169829633709	(95, 0.28980149883918405)
95	84,0.176920176686	(95, 0.28980149883918405)
95	78,0.180450234976	(95, 0.28980149883918405)
95	50,0.199618669976	(95, 0.28980149883918405)
96	96,0.0628253625849	(96, 0.062825362584932307)
96	17,0.0921259729457	(96, 0.062825362584932307)
96	13,0.0922820354753	(96, 0.062825362584932307)
96	161,0.0973792865687	(96, 0.062825362584932307)
96	11,0.103597477043	(96, 0.062825362584932307)
96	160,0.110432150766	(96, 0.062825362584932307)
96	142,0.122923974646	(96, 0.062825362584932307)
96	112,0.13144463413	(96, 0.062825362584932307)
96	90,0.138931629432	(96, 0.062825362584932307)
96	119,0.140300366379	(96, 0.062825362584932307)
97	171,0.069384293429	(97, 0.16436343716069085)
97	40,0.0743022719086	(97, 0.16436343716069085)
97	69,0.0768679438825	(97, 0.16436343716069085)
97	17,0.106458735176	(97, 0.16436343716069085)
97	120,0.109906386863	(97, 0.16436343716069085)
97	3,0.118066343254	(97, 0.16436343716069085)
97	4,0.118827834022	(97, 0.16436343716069085)
97	79,0.133498398414	(97, 0.16436343716069085)
97	37,0.140108002437	(97, 0.16436343716069085)
97	123,0.140127164749	(97, 0.16436343716069085)
98	98,0.0500732031926	(98, 0.050073203192588324)
98	15,0.104783363205	(98, 0.050073203192588324)
98	40,0.106792315628	(98, 0.050073203192588324)
98	25,0.126228203435	(98, 0.050073203192588324)
98	153,0.133379524254	(98, 0.050073203192588324)
98	171,0.135481466479	(98, 0.050073203192588324)
98	49,0.142352118849	(98, 0.050073203192588324)
98	173,0.159829602719	(98, 0.050073203192588324)
98	4,0.163167239278	(98, 0.050073203192588324)
98	83,0.164037925313	(98, 0.050073203192588324)
99	143,0.106635906254	(99, 0.14765094720290703)
99	84,0.111547356012	(99, 0.14765094720290703)
99	73,0.115266169727	(99, 0.14765094720290703)
99	93,0.122417805269	(99, 0.14765094720290703)
99	109,0.125434521855	(99, 0.14765094720290703)
99	155,0.12634428302	(99, 0.14765094720290703)
99	78,0.132455453063	(99, 0.14765094720290703)
99	127,0.13714270941	(99, 0.14765094720290703)
99	116,0.138255584311	(99, 0.14765094720290703)
99	99,0.147650947203	(99, 0.14765094720290703)
100	100,0.0431496693721	(100, 0.043149669372117512)
100	74,0.0657604429161	(100, 0.043149669372117512)
100	17,0.0690106377703	(100, 0.043149669372117512)
100	77,0.0691027800012	(100, 0.043149669372117512)
100	135,0.0725403365736	(100, 0.043149669372117512)
100	37,0.0738072658181	(100, 0.043149669372117512)
100	90,0.0764705293714	(100, 0.043149669372117512)
100	21,0.077118399298	(100, 0.043149669372117512)
100	3,0.0847499792763	(100, 0.043149669372117512)
100	11,0.0850261496919	(100, 0.043149669372117512)
101	101,0.12005286312	(101, 0.12005286312003484)
101	73,0.122071392203	(101, 0.12005286312003484)
101	13,0.131718553915	(101, 0.12005286312003484)
101	1,0.135484616919	(101, 0.12005286312003484)
101	124,0.136995080233	(101, 0.12005286312003484)
101	69,0.137466992287	(101, 0.12005286312003484)
101	60,0.140942140451	(101, 0.12005286312003484)
101	29,0.162838507244	(101, 0.12005286312003484)
101	93,0.164364471689	(101, 0.12005286312003484)
101	77,0.16499370068	(101, 0.12005286312003484)
102	91,0.161236047912	(102, 0.17113381568501773)
102	114,0.165819398	(102, 0.17113381568501773)
102	102,0.171133815685	(102, 0.17113381568501773)
102	101,0.173759182236	(102, 0.17113381568501773)
102	41,0.178700158714	(102, 0.17113381568501773)
102	154,0.182614704201	(102, 0.17113381568501773)
102	110,0.188075435607	(102, 0.17113381568501773)
102	1,0.192263263724	(102, 0.17113381568501773)
102	103,0.206418313975	(102, 0.17113381568501773)
102	53,0.206730008608	(102, 0.17113381568501773)
103	103,0.129928401856	(103, 0.12992840185564974)
103	73,0.188350260727	(103, 0.12992840185564974)
103	101,0.207766901012	(103, 0.12992840185564974)
103	93,0.222613022988	(103, 0.12992840185564974)
103	91,0.22646943355	(103, 0.12992840185564974)
103	114,0.233459795459	(103, 0.12992840185564974)
103	26,0.238815129629	(103, 0.12992840185564974)
103	30,0.243897601808	(103, 0.12992840185564974)
103	127,0.246222487317	(103, 0.12992840185564974)
103	99,0.250476096082	(103, 0.12992840185564974)
104	124,0.0773533054829	(104, 0.17168618167688271)
104	119,0.128077743031	(104, 0.17168618167688271)
104	93,0.129958566907	(104, 0.17168618167688271)
104	11,0.133389072972	(104, 0.17168618167688271)
104	81,0.134887228463	(104, 0.17168618167688271)
104	115,0.138104552867	(104, 0.17168618167688271)
104	73,0.143680306293	(104, 0.17168618167688271)
104	3,0.160174788207	(104, 0.17168618167688271)
104	37,0.163837829527	(104, 0.17168618167688271)
104	120,0.166328584977	(104, 0.17168618167688271)
105	43,0.140954547192	(105, 0.17300646191240898)
105	24,0.14786636233	(105, 0.17300646191240898)
105	27,0.15714073603	(105, 0.17300646191240898)
105	19,0.170856075949	(105, 0.17300646191240898)
105	105,0.173006461912	(105, 0.17300646191240898)
105	107,0.182911485751	(105, 0.17300646191240898)
105	38,0.197480471198	(105, 0.17300646191240898)
105	50,0.204437553219	(105, 0.17300646191240898)
105	61,0.206122732972	(105, 0.17300646191240898)
105	12,0.208541211013	(105, 0.17300646191240898)
106	106,0.0824280314581	(106, 0.082428031458146409)
106	116,0.138374567425	(106, 0.082428031458146409)
106	156,0.138790002999	(106, 0.082428031458146409)
106	93,0.147953123229	(106, 0.082428031458146409)
106	171,0.149664010236	(106, 0.082428031458146409)
106	173,0.164361957154	(106, 0.082428031458146409)
106	54,0.175004967798	(106, 0.082428031458146409)
106	13,0.180791094169	(106, 0.082428031458146409)
106	155,0.185622386345	(106, 0.082428031458146409)
106	77,0.1867765122	(106, 0.082428031458146409)
107	26,0.0996795262675	(107, 0.10414120476762879)
107	107,0.104141204768	(107, 0.10414120476762879)
107	22,0.109723524313	(107, 0.10414120476762879)
107	138,0.114988390697	(107, 0.10414120476762879)
107	78,0.119776156269	(107, 0.10414120476762879)
107	121,0.124122481351	(107, 0.10414120476762879)
107	76,0.12771829763	(107, 0.10414120476762879)
107	61,0.130622415901	(107, 0.10414120476762879)
107	157,0.13234282522	(107, 0.10414120476762879)
107	127,0.133778339788	(107, 0.10414120476762879)
108	77,0.0780020882061	(108, 0.23083566193786392)
108	171,0.112654354156	(108, 0.23083566193786392)
108	173,0.12680325963	(108, 0.23083566193786392)
108	4,0.136707104492	(108, 0.23083566193786392)
108	17,0.137698138393	(108, 0.23083566193786392)
108	40,0.142684155763	(108, 0.23083566193786392)
108	100,0.143786067968	(108, 0.23083566193786392)
108	49,0.145025307748	(108, 0.23083566193786392)
108	170,0.15242624724	(108, 0.23083566193786392)
108	15,0.154008582918	(108, 0.23083566193786392)
109	109,0.0776270641291	(109, 0.077627064129098866)
109	158,0.0837755373631	(109, 0.077627064129098866)
109	133,0.115449624381	(109, 0.077627064129098866)
109	145,0.121870434228	(109, 0.077627064129098866)
109	127,0.12827624663	(109, 0.077627064129098866)
109	12,0.132929513039	(109, 0.077627064129098866)
109	84,0.136570071673	(109, 0.077627064129098866)
109	14,0.139943995023	(109, 0.077627064129098866)
109	151,0.143250170809	(109, 0.077627064129098866)
109	38,0.144435501186	(109, 0.077627064129098866)
110	1,0.0855136860619	(110, 0.15106877382278791)
110	121,0.0961273040765	(110, 0.15106877382278791)
110	11,0.0972889092426	(110, 0.15106877382278791)
110	3,0.114873791415	(110, 0.15106877382278791)
110	161,0.117749424513	(110, 0.15106877382278791)
110	73,0.129962093002	(110, 0.15106877382278791)
110	26,0.133455087348	(110, 0.15106877382278791)
110	68,0.13365928932	(110, 0.15106877382278791)
110	154,0.134685167736	(110, 0.15106877382278791)
110	13,0.135017608535	(110, 0.15106877382278791)
111	73,0.0910817042537	(111, 0.36594983513447654)
111	101,0.109438546856	(111, 0.36594983513447654)
111	124,0.114071739402	(111, 0.36594983513447654)
111	93,0.123564021718	(111, 0.36594983513447654)
111	13,0.128450475532	(111, 0.36594983513447654)
111	78,0.149486901321	(111, 0.36594983513447654)
111	1,0.149719538659	(111, 0.36594983513447654)
111	127,0.155645757237	(111, 0.36594983513447654)
111	41,0.156297828568	(111, 0.36594983513447654)
111	156,0.164036966996	(111, 0.36594983513447654)
112	90,0.0616937770579	(112, 0.085828243684481512)
112	11,0.0647455626911	(112, 0.085828243684481512)
112	3,0.0746493753508	(112, 0.085828243684481512)
112	100,0.0792828675952	(112, 0.085828243684481512)
112	161,0.0857091211364	(112, 0.085828243684481512)
112	112,0.0858282436845	(112, 0.085828243684481512)
112	81,0.0900731981646	(112, 0.085828243684481512)
112	21,0.0927897321776	(112, 0.085828243684481512)
112	77,0.0949455887963	(112, 0.085828243684481512)
112	17,0.0969632517709	(112, 0.085828243684481512)
113	113,0.116752962606	(113, 0.11675296260599904)
113	65,0.158050578861	(113, 0.11675296260599904)
113	129,0.228703226112	(113, 0.11675296260599904)
113	44,0.276251446541	(113, 0.11675296260599904)
113	154,0.276273680247	(113, 0.11675296260599904)
113	160,0.287075981802	(113, 0.11675296260599904)
113	120,0.29437218436	(113, 0.11675296260599904)
113	53,0.296309847975	(113, 0.11675296260599904)
113	15,0.313562800611	(113, 0.11675296260599904)
113	97,0.323280656509	(113, 0.11675296260599904)
114	114,0.0860284696153	(114, 0.0860284696153015)
114	53,0.0972802331298	(114, 0.0860284696153015)
114	124,0.0974876447663	(114, 0.0860284696153015)
114	73,0.105439240442	(114, 0.0860284696153015)
114	13,0.147765400314	(114, 0.0860284696153015)
114	154,0.153761444841	(114, 0.0860284696153015)
114	104,0.161375130458	(114, 0.0860284696153015)
114	156,0.16245050906	(114, 0.0860284696153015)
114	139,0.168754369977	(114, 0.0860284696153015)
114	93,0.177938072913	(114, 0.0860284696153015)
115	119,0.0859982237629	(115, 0.092780698726849339)
115	11,0.091562520204	(115, 0.092780698726849339)
115	115,0.0927806987268	(115, 0.092780698726849339)
115	37,0.115091320017	(115, 0.092780698726849339)
115	96,0.121217349916	(115, 0.092780698726849339)
115	81,0.131295217823	(115, 0.092780698726849339)
115	135,0.133208104863	(115, 0.092780698726849339)
115	17,0.136585003543	(115, 0.092780698726849339)
115	3,0.137657422488	(115, 0.092780698726849339)
115	90,0.150636652487	(115, 0.092780698726849339)
116	116,0.0680843800616	(116, 0.068084380061589678)
116	93,0.0690491222504	(116, 0.068084380061589678)
116	109,0.139784607815	(116, 0.068084380061589678)
116	73,0.14576114987	(116, 0.068084380061589678)
116	143,0.156455569736	(116, 0.068084380061589678)
116	130,0.165465081553	(116, 0.068084380061589678)
116	158,0.168053456697	(116, 0.068084380061589678)
116	171,0.169154925449	(116, 0.068084380061589678)
116	127,0.174545165492	(116, 0.068084380061589678)
116	84,0.176915298537	(116, 0.068084380061589678)
117	117,0.0291697371766	(117, 0.029169737176550154)
117	21,0.0730027025985	(117, 0.029169737176550154)
117	71,0.0743651995139	(117, 0.029169737176550154)
117	81,0.0879728019415	(117, 0.029169737176550154)
117	76,0.0885470189843	(117, 0.029169737176550154)
117	22,0.0887303809355	(117, 0.029169737176550154)
117	11,0.0895972118904	(117, 0.029169737176550154)
117	121,0.0922060572309	(117, 0.029169737176550154)
117	161,0.0945942341083	(117, 0.029169737176550154)
117	77,0.0968260020639	(117, 0.029169737176550154)
118	33,0.185773664106	(118, 0.28640015080283526)
118	34,0.202379900637	(118, 0.28640015080283526)
118	69,0.218128754798	(118, 0.28640015080283526)
118	113,0.239784947363	(118, 0.28640015080283526)
118	15,0.263247346111	(118, 0.28640015080283526)
118	2,0.277662829316	(118, 0.28640015080283526)
118	118,0.286400150803	(118, 0.28640015080283526)
118	4,0.287790938944	(118, 0.28640015080283526)
118	129,0.304361708344	(118, 0.28640015080283526)
118	25,0.31406430911	(118, 0.28640015080283526)
119	120,0.100010176725	(119, 0.12409794873249649)
119	17,0.113087732477	(119, 0.12409794873249649)
119	171,0.117582168578	(119, 0.12409794873249649)
119	4,0.123495883182	(119, 0.12409794873249649)
119	119,0.124097948732	(119, 0.12409794873249649)
119	153,0.125778978004	(119, 0.12409794873249649)
119	40,0.127763442344	(119, 0.12409794873249649)
119	97,0.128296785541	(119, 0.12409794873249649)
119	69,0.130789630565	(119, 0.12409794873249649)
119	13,0.140016641904	(119, 0.12409794873249649)
120	120,0.076434005607	(120, 0.076434005606955333)
120	65,0.0989907919023	(120, 0.076434005606955333)
120	44,0.129443476554	(120, 0.076434005606955333)
120	160,0.130768688725	(120, 0.076434005606955333)
120	97,0.133186062014	(120, 0.076434005606955333)
120	53,0.140738643609	(120, 0.076434005606955333)
120	154,0.140998054123	(120, 0.076434005606955333)
120	124,0.152122059119	(120, 0.076434005606955333)
120	13,0.164254029817	(120, 0.076434005606955333)
120	54,0.166199070065	(120, 0.076434005606955333)
121	121,0.0698284563842	(121, 0.069828456384200391)
121	22,0.0845360100111	(121, 0.069828456384200391)
121	78,0.0846638856035	(121, 0.069828456384200391)
121	26,0.0902797376047	(121, 0.069828456384200391)
121	1,0.0965169403235	(121, 0.069828456384200391)
121	73,0.108649639678	(121, 0.069828456384200391)
121	61,0.112094820785	(121, 0.069828456384200391)
121	11,0.116419416925	(121, 0.069828456384200391)
121	127,0.116489460057	(121, 0.069828456384200391)
121	23,0.118069580682	(121, 0.069828456384200391)
122	122,0.126294930148	(122, 0.12629493014793142)
122	173,0.12768631528	(122, 0.12629493014793142)
122	153,0.153173130615	(122, 0.12629493014793142)
122	2,0.194611038916	(122, 0.12629493014793142)
122	69,0.201180082038	(122, 0.12629493014793142)
122	48,0.21950587291	(122, 0.12629493014793142)
122	116,0.220256943706	(122, 0.12629493014793142)
122	171,0.230273995267	(122, 0.12629493014793142)
122	4,0.236823402142	(122, 0.12629493014793142)
122	54,0.245520798731	(122, 0.12629493014793142)
123	171,0.0862983055689	(123, 0.08758570559152655)
123	123,0.0875857055915	(123, 0.08758570559152655)
123	81,0.122282781775	(123, 0.08758570559152655)
123	145,0.126829962423	(123, 0.08758570559152655)
123	40,0.139882282239	(123, 0.08758570559152655)
123	119,0.14097819547	(123, 0.08758570559152655)
123	90,0.141917642634	(123, 0.08758570559152655)
123	115,0.15100391511	(123, 0.08758570559152655)
123	96,0.152118305713	(123, 0.08758570559152655)
123	136,0.155505793094	(123, 0.08758570559152655)
124	124,0.133419921322	(124, 0.13341992132249861)
124	101,0.184790993628	(124, 0.13341992132249861)
124	168,0.218547910065	(124, 0.13341992132249861)
124	41,0.219305509559	(124, 0.13341992132249861)
124	73,0.23717247579	(124, 0.13341992132249861)
124	139,0.243141371766	(124, 0.13341992132249861)
124	156,0.247067138664	(124, 0.13341992132249861)
124	53,0.248775457608	(124, 0.13341992132249861)
124	154,0.251000318556	(124, 0.13341992132249861)
124	27,0.254596885987	(124, 0.13341992132249861)
125	13,0.155373347556	(125, 0.23327663005948518)
125	73,0.190004979569	(125, 0.23327663005948518)
125	154,0.192780980588	(125, 0.23327663005948518)
125	65,0.204834509735	(125, 0.23327663005948518)
125	54,0.210856836412	(125, 0.23327663005948518)
125	160,0.217355801514	(125, 0.23327663005948518)
125	41,0.218447439307	(125, 0.23327663005948518)
125	114,0.221581689067	(125, 0.23327663005948518)
125	68,0.225317825116	(125, 0.23327663005948518)
125	23,0.230899852361	(125, 0.23327663005948518)
126	126,0.0915726644352	(126, 0.091572664435207687)
126	81,0.101319284864	(126, 0.091572664435207687)
126	121,0.101670454139	(126, 0.091572664435207687)
126	11,0.104239512974	(126, 0.091572664435207687)
126	131,0.106042237013	(126, 0.091572664435207687)
126	3,0.109375904606	(126, 0.091572664435207687)
126	119,0.109513508457	(126, 0.091572664435207687)
126	12,0.117009450649	(126, 0.091572664435207687)
126	13,0.118640605793	(126, 0.091572664435207687)
126	22,0.120333742984	(126, 0.091572664435207687)
127	127,0.0584474083478	(127, 0.058447408347797811)
127	12,0.0816297757789	(127, 0.058447408347797811)
127	78,0.0971190528991	(127, 0.058447408347797811)
127	22,0.0975021534109	(127, 0.058447408347797811)
127	121,0.0976536899164	(127, 0.058447408347797811)
127	138,0.0998870250305	(127, 0.058447408347797811)
127	158,0.100134907858	(127, 0.058447408347797811)
127	157,0.114483250983	(127, 0.058447408347797811)
127	18,0.114526541455	(127, 0.058447408347797811)
127	107,0.116813844219	(127, 0.058447408347797811)
128	98,0.120263499619	(128, 0.23652750452434274)
128	49,0.122233855898	(128, 0.23652750452434274)
128	15,0.168669091616	(128, 0.23652750452434274)
128	59,0.175990893783	(128, 0.23652750452434274)
128	100,0.180231018939	(128, 0.23652750452434274)
128	77,0.187156022306	(128, 0.23652750452434274)
128	83,0.196952306422	(128, 0.23652750452434274)
128	25,0.208003718885	(128, 0.23652750452434274)
128	94,0.211202671935	(128, 0.23652750452434274)
128	128,0.236527504524	(128, 0.23652750452434274)
129	129,0.181587750248	(129, 0.18158775024764479)
129	34,0.2050406447	(129, 0.18158775024764479)
129	13,0.211615869675	(129, 0.18158775024764479)
129	65,0.213201758235	(129, 0.18158775024764479)
129	91,0.223126541678	(129, 0.18158775024764479)
129	28,0.235705028814	(129, 0.18158775024764479)
129	154,0.244122255548	(129, 0.18158775024764479)
129	15,0.245138237106	(129, 0.18158775024764479)
129	33,0.246932176318	(129, 0.18158775024764479)
129	53,0.248051908955	(129, 0.18158775024764479)
130	165,0.146292430059	(130, 0.16575157895073517)
130	116,0.162636889715	(130, 0.16575157895073517)
130	130,0.165751578951	(130, 0.16575157895073517)
130	72,0.171046155114	(130, 0.16575157895073517)
130	143,0.218808976257	(130, 0.16575157895073517)
130	104,0.227069746259	(130, 0.16575157895073517)
130	84,0.227354589929	(130, 0.16575157895073517)
130	155,0.251840274403	(130, 0.16575157895073517)
130	93,0.265596766159	(130, 0.16575157895073517)
130	164,0.298260097846	(130, 0.16575157895073517)
131	131,0.0498576619916	(131, 0.049857661991646179)
131	18,0.0586874107	(131, 0.049857661991646179)
131	22,0.0610921771435	(131, 0.049857661991646179)
131	138,0.0675487311357	(131, 0.049857661991646179)
131	46,0.0694047750718	(131, 0.049857661991646179)
131	145,0.0747560061603	(131, 0.049857661991646179)
131	76,0.0747923234072	(131, 0.049857661991646179)
131	157,0.0758064791649	(131, 0.049857661991646179)
131	146,0.0797782497261	(131, 0.049857661991646179)
131	121,0.0813181999383	(131, 0.049857661991646179)
132	132,0.0752648307349	(132, 0.075264830734899008)
132	91,0.173842377372	(132, 0.075264830734899008)
132	34,0.190064937928	(132, 0.075264830734899008)
132	129,0.198621860896	(132, 0.075264830734899008)
132	102,0.227696743084	(132, 0.075264830734899008)
132	103,0.23801038321	(132, 0.075264830734899008)
132	114,0.251559272742	(132, 0.075264830734899008)
132	152,0.255792889712	(132, 0.075264830734899008)
132	53,0.260109437767	(132, 0.075264830734899008)
132	101,0.27130409146	(132, 0.075264830734899008)
133	121,0.0736281798725	(133, 0.11376313589712451)
133	127,0.0809285494585	(133, 0.11376313589712451)
133	78,0.0918160130105	(133, 0.11376313589712451)
133	22,0.107408409412	(133, 0.11376313589712451)
133	73,0.110206429115	(133, 0.11376313589712451)
133	18,0.112279758199	(133, 0.11376313589712451)
133	133,0.113763135897	(133, 0.11376313589712451)
133	109,0.122154164918	(133, 0.11376313589712451)
133	88,0.130628049556	(133, 0.11376313589712451)
133	26,0.130699488444	(133, 0.11376313589712451)
134	146,0.0462161638369	(134, 0.070785340868886173)
134	136,0.0559580292831	(134, 0.070785340868886173)
134	76,0.0572187094684	(134, 0.070785340868886173)
134	63,0.0582844084078	(134, 0.070785340868886173)
134	161,0.0686218103983	(134, 0.070785340868886173)
134	77,0.0700840687636	(134, 0.070785340868886173)
134	134,0.0707853408689	(134, 0.070785340868886173)
134	170,0.0748012583472	(134, 0.070785340868886173)
134	117,0.0805883468679	(134, 0.070785340868886173)
134	3,0.0865358231066	(134, 0.070785340868886173)
135	135,0.0901566595756	(135, 0.090156659575648959)
135	54,0.108807111357	(135, 0.090156659575648959)
135	121,0.119643846258	(135, 0.090156659575648959)
135	11,0.121075111776	(135, 0.090156659575648959)
135	126,0.126597509346	(135, 0.090156659575648959)
135	131,0.137289120758	(135, 0.090156659575648959)
135	161,0.139577057847	(135, 0.090156659575648959)
135	3,0.139684770205	(135, 0.090156659575648959)
135	150,0.144181653964	(135, 0.090156659575648959)
135	37,0.145220625951	(135, 0.090156659575648959)
136	136,0.0325091645398	(136, 0.03250916453981563)
136	146,0.0422618151342	(136, 0.03250916453981563)
136	63,0.0432926840853	(136, 0.03250916453981563)
136	76,0.0644965330755	(136, 0.03250916453981563)
136	170,0.0679400313408	(136, 0.03250916453981563)
136	3,0.0705403930501	(136, 0.03250916453981563)
136	90,0.0808598691909	(136, 0.03250916453981563)
136	36,0.0816280583375	(136, 0.03250916453981563)
136	117,0.0865001094091	(136, 0.03250916453981563)
136	135,0.0884835571497	(136, 0.03250916453981563)
137	78,0.105462766021	(137, 0.11598976656763613)
137	127,0.11062911295	(137, 0.11598976656763613)
137	137,0.115989766568	(137, 0.11598976656763613)
137	107,0.119366409897	(137, 0.11598976656763613)
137	157,0.121533253264	(137, 0.11598976656763613)
137	158,0.152415236902	(137, 0.11598976656763613)
137	55,0.15416008719	(137, 0.11598976656763613)
137	99,0.154742253687	(137, 0.11598976656763613)
137	73,0.161212913227	(137, 0.11598976656763613)
137	138,0.161624952322	(137, 0.11598976656763613)
138	138,0.0269877975334	(138, 0.026987797533412721)
138	46,0.0537137148245	(138, 0.026987797533412721)
138	18,0.0722700341637	(138, 0.026987797533412721)
138	150,0.0725800305886	(138, 0.026987797533412721)
138	76,0.0754960091829	(138, 0.026987797533412721)
138	131,0.0828805042126	(138, 0.026987797533412721)
138	22,0.0853288623274	(138, 0.026987797533412721)
138	170,0.0935303346306	(138, 0.026987797533412721)
138	145,0.0985043383377	(138, 0.026987797533412721)
138	63,0.102142427666	(138, 0.026987797533412721)
139	124,0.117582192056	(139, 0.14661728747132036)
139	93,0.119033620661	(139, 0.14661728747132036)
139	69,0.127705025894	(139, 0.14661728747132036)
139	116,0.130990551673	(139, 0.14661728747132036)
139	73,0.134456524801	(139, 0.14661728747132036)
139	156,0.145648487631	(139, 0.14661728747132036)
139	139,0.146617287471	(139, 0.14661728747132036)
139	104,0.157181193051	(139, 0.14661728747132036)
139	13,0.17259156623	(139, 0.14661728747132036)
139	53,0.178312748821	(139, 0.14661728747132036)
140	140,0.204591431166	(140, 0.20459143116630993)
140	48,0.23080613857	(140, 0.20459143116630993)
140	124,0.261419935766	(140, 0.20459143116630993)
140	4,0.282596785167	(140, 0.20459143116630993)
140	56,0.286899953819	(140, 0.20459143116630993)
140	33,0.292534230881	(140, 0.20459143116630993)
140	97,0.297048097027	(140, 0.20459143116630993)
140	120,0.302122996976	(140, 0.20459143116630993)
140	69,0.302815188042	(140, 0.20459143116630993)
140	154,0.307460920666	(140, 0.20459143116630993)
141	61,0.139277740366	(141, 0.39823727845935064)
141	12,0.165594786177	(141, 0.39823727845935064)
141	38,0.168861014309	(141, 0.39823727845935064)
141	73,0.179109255749	(141, 0.39823727845935064)
141	55,0.183044996327	(141, 0.39823727845935064)
141	23,0.184353682983	(141, 0.39823727845935064)
141	16,0.186415384502	(141, 0.39823727845935064)
141	105,0.186469168816	(141, 0.39823727845935064)
141	24,0.192229323971	(141, 0.39823727845935064)
141	134,0.19410278007	(141, 0.39823727845935064)
142	142,0.0488195782023	(142, 0.048819578202255041)
142	3,0.0548405183841	(142, 0.048819578202255041)
142	112,0.066484822738	(142, 0.048819578202255041)
142	11,0.0726749234428	(142, 0.048819578202255041)
142	161,0.0727552181601	(142, 0.048819578202255041)
142	136,0.0734706526224	(142, 0.048819578202255041)
142	90,0.0743990959137	(142, 0.048819578202255041)
142	17,0.0819128132757	(142, 0.048819578202255041)
142	149,0.0914136624331	(142, 0.048819578202255041)
142	135,0.0920777560298	(142, 0.048819578202255041)
143	143,0.0803738598412	(143, 0.080373859841162618)
143	38,0.144683833932	(143, 0.080373859841162618)
143	12,0.15279533863	(143, 0.080373859841162618)
143	14,0.159764516951	(143, 0.080373859841162618)
143	50,0.186127233122	(143, 0.080373859841162618)
143	73,0.192646826391	(143, 0.080373859841162618)
143	116,0.193890148413	(143, 0.080373859841162618)
143	155,0.197606159626	(143, 0.080373859841162618)
143	158,0.201729431847	(143, 0.080373859841162618)
143	144,0.203729879723	(143, 0.080373859841162618)
144	144,0.110176323714	(144, 0.11017632371439741)
144	127,0.111367964589	(144, 0.11017632371439741)
144	157,0.113780493424	(144, 0.11017632371439741)
144	38,0.114352155228	(144, 0.11017632371439741)
144	78,0.11513008426	(144, 0.11017632371439741)
144	24,0.120177456442	(144, 0.11017632371439741)
144	55,0.129137584328	(144, 0.11017632371439741)
144	12,0.139676631356	(144, 0.11017632371439741)
144	14,0.155231928937	(144, 0.11017632371439741)
144	22,0.159554448214	(144, 0.11017632371439741)
145	145,0.0356401475786	(145, 0.035640147578645746)
145	158,0.0909320682397	(145, 0.035640147578645746)
145	12,0.116881206931	(145, 0.035640147578645746)
145	136,0.130524420135	(145, 0.035640147578645746)
145	131,0.135332502723	(145, 0.035640147578645746)
145	81,0.136173581327	(145, 0.035640147578645746)
145	46,0.136370229525	(145, 0.035640147578645746)
145	18,0.136472390048	(145, 0.035640147578645746)
145	171,0.143107747711	(145, 0.035640147578645746)
145	3,0.149857660719	(145, 0.035640147578645746)
146	76,0.0432126408846	(146, 0.045780668476251042)
146	63,0.0449965533933	(146, 0.045780668476251042)
146	146,0.0457806684763	(146, 0.045780668476251042)
146	131,0.0596393746812	(146, 0.045780668476251042)
146	150,0.0620783514198	(146, 0.045780668476251042)
146	18,0.0647692139296	(146, 0.045780668476251042)
146	22,0.0688431110326	(146, 0.045780668476251042)
146	121,0.0723015201696	(146, 0.045780668476251042)
146	126,0.0729887439944	(146, 0.045780668476251042)
146	170,0.0801282633987	(146, 0.045780668476251042)
147	147,0.0508423388111	(147, 0.050842338811052303)
147	17,0.0611252556845	(147, 0.050842338811052303)
147	142,0.0752182369267	(147, 0.050842338811052303)
147	100,0.0893144123209	(147, 0.050842338811052303)
147	90,0.094574284018	(147, 0.050842338811052303)
147	171,0.119534613106	(147, 0.050842338811052303)
147	49,0.120459522901	(147, 0.050842338811052303)
147	112,0.121591461323	(147, 0.050842338811052303)
147	3,0.1315669457	(147, 0.050842338811052303)
147	37,0.131909493171	(147, 0.050842338811052303)
148	148,0.152629000184	(148, 0.15262900018423389)
148	32,0.260578557362	(148, 0.15262900018423389)
148	168,0.315249661141	(148, 0.15262900018423389)
148	33,0.315755071483	(148, 0.15262900018423389)
148	111,0.459393732363	(148, 0.15262900018423389)
148	27,0.464212129344	(148, 0.15262900018423389)
148	164,0.466959122537	(148, 0.15262900018423389)
148	155,0.48420521775	(148, 0.15262900018423389)
148	45,0.495354321963	(148, 0.15262900018423389)
148	91,0.499465674088	(148, 0.15262900018423389)
149	3,0.0374942890054	(149, 0.07714023973551716)
149	11,0.0552024300385	(149, 0.07714023973551716)
149	161,0.0619181108524	(149, 0.07714023973551716)
149	71,0.0685019523298	(149, 0.07714023973551716)
149	121,0.0747655410477	(149, 0.07714023973551716)
149	63,0.0765271154621	(149, 0.07714023973551716)
149	86,0.0770913961217	(149, 0.07714023973551716)
149	149,0.0771402397355	(149, 0.07714023973551716)
149	142,0.0830376517189	(149, 0.07714023973551716)
149	117,0.0859225925639	(149, 0.07714023973551716)
150	121,0.0373025189447	(150, 0.064939059879968355)
150	150,0.06493905988	(150, 0.064939059879968355)
150	131,0.0674154086728	(150, 0.064939059879968355)
150	22,0.0754602085896	(150, 0.064939059879968355)
150	78,0.0783333305572	(150, 0.064939059879968355)
150	18,0.0802122817304	(150, 0.064939059879968355)
150	61,0.0820641679515	(150, 0.064939059879968355)
150	161,0.0875559470864	(150, 0.064939059879968355)
150	76,0.0892285262678	(150, 0.064939059879968355)
150	23,0.0892514588769	(150, 0.064939059879968355)
151	151,0.080753044713	(151, 0.08075304471299681)
151	121,0.0932104228719	(151, 0.08075304471299681)
151	18,0.104127602601	(151, 0.08075304471299681)
151	117,0.113343439776	(151, 0.08075304471299681)
151	11,0.124185205524	(151, 0.08075304471299681)
151	88,0.125567381203	(151, 0.08075304471299681)
151	138,0.126529652466	(151, 0.08075304471299681)
151	35,0.127706042111	(151, 0.08075304471299681)
151	12,0.128548452634	(151, 0.08075304471299681)
151	81,0.128797782599	(151, 0.08075304471299681)
152	132,0.118418811181	(152, 0.17752745972401587)
152	152,0.177527459724	(152, 0.17752745972401587)
152	91,0.201071634702	(152, 0.17752745972401587)
152	34,0.20111062342	(152, 0.17752745972401587)
152	129,0.20155005208	(152, 0.17752745972401587)
152	102,0.221808396284	(152, 0.17752745972401587)
152	103,0.247728685513	(152, 0.17752745972401587)
152	95,0.273994742576	(152, 0.17752745972401587)
152	28,0.278178881566	(152, 0.17752745972401587)
152	1,0.280733647924	(152, 0.17752745972401587)
153	153,0.0396801202976	(153, 0.039680120297622155)
153	40,0.0997955982883	(153, 0.039680120297622155)
153	171,0.106184402716	(153, 0.039680120297622155)
153	4,0.130826254727	(153, 0.039680120297622155)
153	69,0.134779714604	(153, 0.039680120297622155)
153	173,0.135075182058	(153, 0.039680120297622155)
153	116,0.154695102158	(153, 0.039680120297622155)
153	17,0.192313433113	(153, 0.039680120297622155)
153	123,0.19386434063	(153, 0.039680120297622155)
153	2,0.201280544177	(153, 0.039680120297622155)
154	11,0.0737503073505	(154, 0.1158381148065681)
154	71,0.08506652156	(154, 0.1158381148065681)
154	161,0.0861677079219	(154, 0.1158381148065681)
154	121,0.0952122595215	(154, 0.1158381148065681)
154	1,0.0995896926137	(154, 0.1158381148065681)
154	81,0.104444865706	(154, 0.1158381148065681)
154	3,0.107370906873	(154, 0.1158381148065681)
154	117,0.112635457435	(154, 0.1158381148065681)
154	77,0.113782953499	(154, 0.1158381148065681)
154	154,0.115838114807	(154, 0.1158381148065681)
155	73,0.0986547977938	(155, 0.11208996695641925)
155	155,0.112089966956	(155, 0.11208996695641925)
155	109,0.127345456263	(155, 0.11208996695641925)
155	107,0.136968195197	(155, 0.11208996695641925)
155	143,0.137860467644	(155, 0.11208996695641925)
155	50,0.157465871296	(155, 0.11208996695641925)
155	27,0.161773975401	(155, 0.11208996695641925)
155	127,0.162953750153	(155, 0.11208996695641925)
155	38,0.163881332951	(155, 0.11208996695641925)
155	12,0.181263391987	(155, 0.11208996695641925)
156	22,0.0807825743963	(156, 0.13429975346739442)
156	126,0.0917151994334	(156, 0.13429975346739442)
156	12,0.0963315330759	(156, 0.13429975346739442)
156	121,0.101439959054	(156, 0.13429975346739442)
156	3,0.103971071061	(156, 0.13429975346739442)
156	131,0.104832900261	(156, 0.13429975346739442)
156	73,0.104891701965	(156, 0.13429975346739442)
156	127,0.106716710971	(156, 0.13429975346739442)
156	76,0.109646384073	(156, 0.13429975346739442)
156	78,0.110574005923	(156, 0.13429975346739442)
157	77,0.0519904492323	(157, 0.17506795559247243)
157	3,0.0690639862287	(157, 0.17506795559247243)
157	37,0.0802723947809	(157, 0.17506795559247243)
157	135,0.0819330987732	(157, 0.17506795559247243)
157	76,0.0842449811506	(157, 0.17506795559247243)
157	11,0.0843132722837	(157, 0.17506795559247243)
157	170,0.0853351220388	(157, 0.17506795559247243)
157	63,0.086361623132	(157, 0.17506795559247243)
157	146,0.0880007213288	(157, 0.17506795559247243)
157	136,0.0928663810768	(157, 0.17506795559247243)
158	145,0.0425412302408	(158, 0.10693326661208509)
158	136,0.0810578054973	(158, 0.10693326661208509)
158	46,0.0906209101878	(158, 0.10693326661208509)
158	81,0.0959870031888	(158, 0.10693326661208509)
158	36,0.0967073015071	(158, 0.10693326661208509)
158	18,0.0970303473408	(158, 0.10693326661208509)
158	146,0.100205619263	(158, 0.10693326661208509)
158	149,0.101221076156	(158, 0.10693326661208509)
158	158,0.106933266612	(158, 0.10693326661208509)
158	3,0.108984094749	(158, 0.10693326661208509)
159	163,0.157754402328	(159, 0.70500652556672794)
159	27,0.164420531091	(159, 0.70500652556672794)
159	73,0.180852379026	(159, 0.70500652556672794)
159	32,0.200432515453	(159, 0.70500652556672794)
159	38,0.202060220772	(159, 0.70500652556672794)
159	43,0.208004639736	(159, 0.70500652556672794)
159	107,0.218825752234	(159, 0.70500652556672794)
159	109,0.228480956257	(159, 0.70500652556672794)
159	105,0.229052203559	(159, 0.70500652556672794)
159	50,0.232258946548	(159, 0.70500652556672794)
160	160,0.0385421847113	(160, 0.038542184711282103)
160	65,0.0978936936674	(160, 0.038542184711282103)
160	17,0.114422359817	(160, 0.038542184711282103)
160	44,0.120842967496	(160, 0.038542184711282103)
160	83,0.138371221721	(160, 0.038542184711282103)
160	68,0.142103947913	(160, 0.038542184711282103)
160	154,0.142887591184	(160, 0.038542184711282103)
160	13,0.145458142987	(160, 0.038542184711282103)
160	120,0.157100955009	(160, 0.038542184711282103)
160	100,0.159705672827	(160, 0.038542184711282103)
161	161,0.0539430731677	(161, 0.053943073167714399)
161	76,0.0708104824339	(161, 0.053943073167714399)
161	117,0.0711874639739	(161, 0.053943073167714399)
161	146,0.0763470039234	(161, 0.053943073167714399)
161	18,0.0770197404694	(161, 0.053943073167714399)
161	88,0.0858171056293	(161, 0.053943073167714399)
161	90,0.0890355822269	(161, 0.053943073167714399)
161	63,0.0903088373217	(161, 0.053943073167714399)
161	149,0.0916399776597	(161, 0.053943073167714399)
161	121,0.0931716994357	(161, 0.053943073167714399)
162	17,0.0894587351006	(162, 0.137341060625669)
162	171,0.102662709714	(162, 0.137341060625669)
162	3,0.10294926998	(162, 0.137341060625669)
162	40,0.110104097046	(162, 0.137341060625669)
162	100,0.115385104078	(162, 0.137341060625669)
162	11,0.11598764744	(162, 0.137341060625669)
162	37,0.119386806687	(162, 0.137341060625669)
162	147,0.119415908095	(162, 0.137341060625669)
162	142,0.128495473911	(162, 0.137341060625669)
162	83,0.134048240076	(162, 0.137341060625669)
163	155,0.126472892324	(163, 0.16379799807418413)
163	27,0.135837846526	(163, 0.16379799807418413)
163	163,0.163797998074	(163, 0.16379799807418413)
163	32,0.165798407421	(163, 0.16379799807418413)
163	143,0.17577387252	(163, 0.16379799807418413)
163	73,0.177297716329	(163, 0.16379799807418413)
163	130,0.187601503088	(163, 0.16379799807418413)
163	109,0.207732005661	(163, 0.16379799807418413)
163	107,0.225998453561	(163, 0.16379799807418413)
163	84,0.226108771453	(163, 0.16379799807418413)
164	93,0.119282140619	(164, 0.17363245461913321)
164	116,0.151969953212	(164, 0.17363245461913321)
164	156,0.170359224701	(164, 0.17363245461913321)
164	143,0.171897950569	(164, 0.17363245461913321)
164	164,0.173632454619	(164, 0.17363245461913321)
164	73,0.174281511021	(164, 0.17363245461913321)
164	130,0.175221566879	(164, 0.17363245461913321)
164	155,0.201403466897	(164, 0.17363245461913321)
164	27,0.210457584365	(164, 0.17363245461913321)
164	124,0.211229625235	(164, 0.17363245461913321)
165	116,0.152471232132	(165, 0.2054131976563453)
165	143,0.175813136536	(165, 0.2054131976563453)
165	124,0.184865338636	(165, 0.2054131976563453)
165	69,0.194169236747	(165, 0.2054131976563453)
165	104,0.203742134236	(165, 0.2054131976563453)
165	165,0.205413197656	(165, 0.2054131976563453)
165	139,0.20876987402	(165, 0.2054131976563453)
165	123,0.211928728928	(165, 0.2054131976563453)
165	93,0.211975645244	(165, 0.2054131976563453)
165	156,0.215073555007	(165, 0.2054131976563453)
166	51,0.20698498245	(166, 0.23934258225430707)
166	39,0.221359440469	(166, 0.23934258225430707)
166	166,0.239342582254	(166, 0.23934258225430707)
166	27,0.266977602963	(166, 0.23934258225430707)
166	19,0.26932126173	(166, 0.23934258225430707)
166	32,0.293579063209	(166, 0.23934258225430707)
166	137,0.341839837806	(166, 0.23934258225430707)
166	163,0.36757673297	(166, 0.23934258225430707)
166	43,0.370816904601	(166, 0.23934258225430707)
166	107,0.371369734409	(166, 0.23934258225430707)
167	12,0.104683876382	(167, 0.14195032426123505)
167	55,0.108644856893	(167, 0.14195032426123505)
167	151,0.128925440156	(167, 0.14195032426123505)
167	86,0.130936992812	(167, 0.14195032426123505)
167	38,0.133559320784	(167, 0.14195032426123505)
167	18,0.133746801398	(167, 0.14195032426123505)
167	121,0.133748220337	(167, 0.14195032426123505)
167	167,0.141950324261	(167, 0.14195032426123505)
167	150,0.142776876526	(167, 0.14195032426123505)
167	133,0.157328383503	(167, 0.14195032426123505)
168	155,0.145337308036	(168, 0.15497805816790799)
168	168,0.154978058168	(168, 0.15497805816790799)
168	73,0.160873113134	(168, 0.15497805816790799)
168	27,0.173408789143	(168, 0.15497805816790799)
168	143,0.184863825211	(168, 0.15497805816790799)
168	109,0.187605120849	(168, 0.15497805816790799)
168	99,0.1987927208	(168, 0.15497805816790799)
168	84,0.20510294363	(168, 0.15497805816790799)
168	169,0.229177169455	(168, 0.15497805816790799)
168	124,0.23305362401	(168, 0.15497805816790799)
169	169,0.114476992088	(169, 0.11447699208841922)
169	99,0.139412977032	(169, 0.11447699208841922)
169	27,0.167163697652	(169, 0.11447699208841922)
169	19,0.18056432871	(169, 0.11447699208841922)
169	143,0.181069707171	(169, 0.11447699208841922)
169	73,0.204720057239	(169, 0.11447699208841922)
169	84,0.207653327733	(169, 0.11447699208841922)
169	109,0.222325774807	(169, 0.11447699208841922)
169	0,0.23066622541	(169, 0.11447699208841922)
169	114,0.235236398432	(169, 0.11447699208841922)
170	155,0.140110421748	(170, 0.40613051962944408)
170	27,0.148015656075	(170, 0.40613051962944408)
170	73,0.16440689339	(170, 0.40613051962944408)
170	163,0.173080464313	(170, 0.40613051962944408)
170	32,0.175070205399	(170, 0.40613051962944408)
170	107,0.199780290183	(170, 0.40613051962944408)
170	102,0.221012754155	(170, 0.40613051962944408)
170	19,0.224348153365	(170, 0.40613051962944408)
170	143,0.231287258283	(170, 0.40613051962944408)
170	51,0.233509740695	(170, 0.40613051962944408)
171	171,0.0280479874336	(171, 0.028047987433641158)
171	3,0.0700046348215	(171, 0.028047987433641158)
171	17,0.0720532253439	(171, 0.028047987433641158)
171	136,0.0802049253975	(171, 0.028047987433641158)
171	77,0.0931329899917	(171, 0.028047987433641158)
171	37,0.0949571447057	(171, 0.028047987433641158)
171	81,0.100656531322	(171, 0.028047987433641158)
171	135,0.100766555749	(171, 0.028047987433641158)
171	90,0.101277569651	(171, 0.028047987433641158)
171	40,0.105310960118	(171, 0.028047987433641158)
172	107,0.135021178903	(172, 0.23874472544594266)
172	157,0.135175913948	(172, 0.23874472544594266)
172	38,0.148358735293	(172, 0.23874472544594266)
172	24,0.15927318042	(172, 0.23874472544594266)
172	27,0.164214494591	(172, 0.23874472544594266)
172	61,0.183808270427	(172, 0.23874472544594266)
172	78,0.188734338132	(172, 0.23874472544594266)
172	127,0.189717704425	(172, 0.23874472544594266)
172	87,0.200299651116	(172, 0.23874472544594266)
172	55,0.205308715876	(172, 0.23874472544594266)
173	173,0.0596244393547	(173, 0.059624439354681508)
173	15,0.0873508063053	(173, 0.059624439354681508)
173	56,0.104976119825	(173, 0.059624439354681508)
173	69,0.126151055245	(173, 0.059624439354681508)
173	120,0.129262423746	(173, 0.059624439354681508)
173	17,0.133150528931	(173, 0.059624439354681508)
173	4,0.148147509561	(173, 0.059624439354681508)
173	2,0.155311572077	(173, 0.059624439354681508)
173	171,0.161201966015	(173, 0.059624439354681508)
173	153,0.162632802536	(173, 0.059624439354681508)
