0	0,0.0837268303227	(0, 0.083726830322673668)
0	84,0.225470718708	(0, 0.083726830322673668)
0	38,0.245726283844	(0, 0.083726830322673668)
0	99,0.250073626588	(0, 0.083726830322673668)
0	109,0.252683823786	(0, 0.083726830322673668)
0	143,0.268356824369	(0, 0.083726830322673668)
0	172,0.272346537089	(0, 0.083726830322673668)
0	14,0.288180283925	(0, 0.083726830322673668)
0	169,0.289238963748	(0, 0.083726830322673668)
0	137,0.305654184167	(0, 0.083726830322673668)
1	1,0.0783860348271	(1, 0.078386034827072071)
1	28,0.119726991301	(1, 0.078386034827072071)
1	102,0.123143986129	(1, 0.078386034827072071)
1	103,0.125904037986	(1, 0.078386034827072071)
1	91,0.127222186203	(1, 0.078386034827072071)
1	152,0.14856213242	(1, 0.078386034827072071)
1	154,0.151180547568	(1, 0.078386034827072071)
1	114,0.171908233245	(1, 0.078386034827072071)
1	53,0.18105734469	(1, 0.078386034827072071)
1	65,0.181794192399	(1, 0.078386034827072071)
2	153,0.0952482818375	(2, 0.16514428247445928)
2	4,0.108236019359	(2, 0.16514428247445928)
2	69,0.124279220205	(2, 0.16514428247445928)
2	173,0.134057849461	(2, 0.16514428247445928)
2	40,0.14656882763	(2, 0.16514428247445928)
2	2,0.165144282474	(2, 0.16514428247445928)
2	171,0.17357895688	(2, 0.16514428247445928)
2	25,0.188811913123	(2, 0.16514428247445928)
2	147,0.19719264579	(2, 0.16514428247445928)
2	15,0.197234258221	(2, 0.16514428247445928)
3	3,0.0413892740751	(3, 0.041389274075069621)
3	63,0.0647806798789	(3, 0.041389274075069621)
3	131,0.0751648492636	(3, 0.041389274075069621)
3	81,0.0777131585239	(3, 0.041389274075069621)
3	161,0.0848790300207	(3, 0.041389274075069621)
3	121,0.087056823589	(3, 0.041389274075069621)
3	11,0.090426477439	(3, 0.041389274075069621)
3	149,0.0959818356219	(3, 0.041389274075069621)
3	146,0.096029533202	(3, 0.041389274075069621)
3	150,0.0983304550084	(3, 0.041389274075069621)
4	13,0.0708874691198	(4, 0.10262684352874683)
4	171,0.0788397736107	(4, 0.10262684352874683)
4	17,0.091375703694	(4, 0.10262684352874683)
4	37,0.10008169563	(4, 0.10262684352874683)
4	4,0.102626843529	(4, 0.10262684352874683)
4	40,0.105110770894	(4, 0.10262684352874683)
4	69,0.106058725316	(4, 0.10262684352874683)
4	11,0.118785572393	(4, 0.10262684352874683)
4	160,0.121946144595	(4, 0.10262684352874683)
4	120,0.122075048763	(4, 0.10262684352874683)
5	73,0.0796112881454	(5, 0.32514502623074887)
5	93,0.156794251318	(5, 0.32514502623074887)
5	107,0.156903355667	(5, 0.32514502623074887)
5	78,0.166689945881	(5, 0.32514502623074887)
5	26,0.170231799832	(5, 0.32514502623074887)
5	127,0.172329859055	(5, 0.32514502623074887)
5	1,0.173048741262	(5, 0.32514502623074887)
5	124,0.174690615334	(5, 0.32514502623074887)
5	157,0.181043777507	(5, 0.32514502623074887)
5	95,0.181640037281	(5, 0.32514502623074887)
6	138,0.0517481971759	(6, 0.075365026153803055)
6	46,0.0617184477352	(6, 0.075365026153803055)
6	6,0.0753650261538	(6, 0.075365026153803055)
6	76,0.0819329148508	(6, 0.075365026153803055)
6	22,0.0859324663629	(6, 0.075365026153803055)
6	18,0.0976697247142	(6, 0.075365026153803055)
6	157,0.0979925855861	(6, 0.075365026153803055)
6	170,0.0991861127833	(6, 0.075365026153803055)
6	131,0.102590058452	(6, 0.075365026153803055)
6	35,0.103332554749	(6, 0.075365026153803055)
7	66,0.369165034725	(7, 0.65645486673556741)
7	51,0.526341115182	(7, 0.65645486673556741)
7	166,0.533604487597	(7, 0.65645486673556741)
7	168,0.541951420195	(7, 0.65645486673556741)
7	32,0.553381999323	(7, 0.65645486673556741)
7	80,0.568380102954	(7, 0.65645486673556741)
7	132,0.590476129254	(7, 0.65645486673556741)
7	159,0.623199165413	(7, 0.65645486673556741)
7	7,0.656454866736	(7, 0.65645486673556741)
7	148,0.661325423101	(7, 0.65645486673556741)
8	11,0.0863757431747	(8, 0.13378192870001879)
8	121,0.102621508818	(8, 0.13378192870001879)
8	73,0.112344389286	(8, 0.13378192870001879)
8	161,0.115635257644	(8, 0.13378192870001879)
8	71,0.116001235136	(8, 0.13378192870001879)
8	1,0.119058138352	(8, 0.13378192870001879)
8	13,0.121108141241	(8, 0.13378192870001879)
8	78,0.130377600593	(8, 0.13378192870001879)
8	3,0.13354472903	(8, 0.13378192870001879)
8	8,0.1337819287	(8, 0.13378192870001879)
9	9,0.137282002356	(9, 0.13728200235550519)
9	154,0.249655818778	(9, 0.13728200235550519)
9	114,0.273998664697	(9, 0.13728200235550519)
9	53,0.321970516083	(9, 0.13728200235550519)
9	91,0.328307064457	(9, 0.13728200235550519)
9	124,0.349459414471	(9, 0.13728200235550519)
9	41,0.376123858426	(9, 0.13728200235550519)
9	65,0.39402832058	(9, 0.13728200235550519)
9	1,0.427007836872	(9, 0.13728200235550519)
9	28,0.430216057554	(9, 0.13728200235550519)
10	10,0.175194569576	(10, 0.17519456957589261)
10	47,0.232839295416	(10, 0.17519456957589261)
10	166,0.436520863878	(10, 0.17519456957589261)
10	99,0.463024614987	(10, 0.17519456957589261)
10	172,0.46622799203	(10, 0.17519456957589261)
10	84,0.489175451817	(10, 0.17519456957589261)
10	27,0.509988195302	(10, 0.17519456957589261)
10	14,0.516311434093	(10, 0.17519456957589261)
10	19,0.528913028598	(10, 0.17519456957589261)
10	165,0.534947732691	(10, 0.17519456957589261)
11	11,0.045316896522	(11, 0.045316896522039768)
11	119,0.0884600529135	(11, 0.045316896522039768)
11	81,0.0897745732835	(11, 0.045316896522039768)
11	37,0.106834027616	(11, 0.045316896522039768)
11	96,0.109973892539	(11, 0.045316896522039768)
11	115,0.111839205088	(11, 0.045316896522039768)
11	3,0.116164786464	(11, 0.045316896522039768)
11	13,0.11957634858	(11, 0.045316896522039768)
11	71,0.135569391466	(11, 0.045316896522039768)
11	124,0.139193193344	(11, 0.045316896522039768)
12	22,0.0561753397609	(12, 0.057156363135780423)
12	12,0.0571563631358	(12, 0.057156363135780423)
12	126,0.0659610660405	(12, 0.057156363135780423)
12	76,0.066436795105	(12, 0.057156363135780423)
12	150,0.0682300496837	(12, 0.057156363135780423)
12	121,0.0702345196483	(12, 0.057156363135780423)
12	18,0.0791179892901	(12, 0.057156363135780423)
12	86,0.0819095750489	(12, 0.057156363135780423)
12	131,0.0828102993115	(12, 0.057156363135780423)
12	136,0.0913330372245	(12, 0.057156363135780423)
13	11,0.0563045307013	(13, 0.098696643133449335)
13	161,0.0720308314298	(13, 0.098696643133449335)
13	3,0.0736497058291	(13, 0.098696643133449335)
13	17,0.0776623139875	(13, 0.098696643133449335)
13	171,0.0783509937475	(13, 0.098696643133449335)
13	90,0.0821130064683	(13, 0.098696643133449335)
13	37,0.0837476255673	(13, 0.098696643133449335)
13	81,0.0863943654774	(13, 0.098696643133449335)
13	71,0.0880792458693	(13, 0.098696643133449335)
13	142,0.0918835742638	(13, 0.098696643133449335)
14	14,0.0738314751812	(14, 0.073831475181176165)
14	72,0.0945324094726	(14, 0.073831475181176165)
14	158,0.119960312252	(14, 0.073831475181176165)
14	143,0.156619002035	(14, 0.073831475181176165)
14	109,0.157632605926	(14, 0.073831475181176165)
14	144,0.167831252211	(14, 0.073831475181176165)
14	84,0.168307057594	(14, 0.073831475181176165)
14	123,0.180558373865	(14, 0.073831475181176165)
14	12,0.184910548401	(14, 0.073831475181176165)
14	38,0.18904147326	(14, 0.073831475181176165)
15	15,0.0645628659095	(15, 0.064562865909481446)
15	17,0.0689576914575	(15, 0.064562865909481446)
15	77,0.0967856925979	(15, 0.064562865909481446)
15	49,0.103798572418	(15, 0.064562865909481446)
15	100,0.109283485988	(15, 0.064562865909481446)
15	171,0.115247276593	(15, 0.064562865909481446)
15	173,0.116615313639	(15, 0.064562865909481446)
15	69,0.124116929341	(15, 0.064562865909481446)
15	59,0.129491690821	(15, 0.064562865909481446)
15	4,0.131053012618	(15, 0.064562865909481446)
16	16,0.114805916411	(16, 0.11480591641094137)
16	169,0.138258099008	(16, 0.11480591641094137)
16	0,0.178408471765	(16, 0.11480591641094137)
16	19,0.187430088739	(16, 0.11480591641094137)
16	114,0.199738777001	(16, 0.11480591641094137)
16	101,0.206291720645	(16, 0.11480591641094137)
16	143,0.213957317521	(16, 0.11480591641094137)
16	73,0.219231401016	(16, 0.11480591641094137)
16	27,0.226388456297	(16, 0.11480591641094137)
16	109,0.233584367689	(16, 0.11480591641094137)
17	17,0.0411201946507	(17, 0.041120194650737414)
17	171,0.0594454224985	(17, 0.041120194650737414)
17	77,0.0793195934352	(17, 0.041120194650737414)
17	100,0.0901591603527	(17, 0.041120194650737414)
17	142,0.091009021408	(17, 0.041120194650737414)
17	90,0.10001593095	(17, 0.041120194650737414)
17	37,0.101825796915	(17, 0.041120194650737414)
17	135,0.102779009842	(17, 0.041120194650737414)
17	49,0.103036984381	(17, 0.041120194650737414)
17	3,0.109736547064	(17, 0.041120194650737414)
18	18,0.0474786833833	(18, 0.047478683383275995)
18	88,0.0577565095516	(18, 0.047478683383275995)
18	22,0.0649443071683	(18, 0.047478683383275995)
18	121,0.0658214742937	(18, 0.047478683383275995)
18	61,0.0729684012717	(18, 0.047478683383275995)
18	76,0.0735550813748	(18, 0.047478683383275995)
18	35,0.0737725202961	(18, 0.047478683383275995)
18	131,0.0744806681371	(18, 0.047478683383275995)
18	138,0.0755385708786	(18, 0.047478683383275995)
18	150,0.0854705924798	(18, 0.047478683383275995)
19	19,0.143868716353	(19, 0.14386871635304987)
19	43,0.167103296037	(19, 0.14386871635304987)
19	27,0.183664726596	(19, 0.14386871635304987)
19	99,0.196894267116	(19, 0.14386871635304987)
19	107,0.267489840928	(19, 0.14386871635304987)
19	32,0.269004881156	(19, 0.14386871635304987)
19	163,0.269672271694	(19, 0.14386871635304987)
19	84,0.277291214158	(19, 0.14386871635304987)
19	39,0.280601059046	(19, 0.14386871635304987)
19	169,0.307934670519	(19, 0.14386871635304987)
20	73,0.105756568772	(20, 0.13511474625718775)
20	124,0.127944825721	(20, 0.13511474625718775)
20	20,0.135114746257	(20, 0.13511474625718775)
20	93,0.137086185706	(20, 0.13511474625718775)
20	109,0.149018315354	(20, 0.13511474625718775)
20	127,0.159984735744	(20, 0.13511474625718775)
20	156,0.165033590046	(20, 0.13511474625718775)
20	89,0.168243624824	(20, 0.13511474625718775)
20	1,0.171289307203	(20, 0.13511474625718775)
20	101,0.176775096981	(20, 0.13511474625718775)
21	121,0.055741118489	(21, 0.11140738161214683)
21	71,0.0628424266154	(21, 0.11140738161214683)
21	11,0.0677898998886	(21, 0.11140738161214683)
21	161,0.0721709765827	(21, 0.11140738161214683)
21	117,0.0749215552028	(21, 0.11140738161214683)
21	22,0.0927046621393	(21, 0.11140738161214683)
21	23,0.0944632920392	(21, 0.11140738161214683)
21	86,0.101380459874	(21, 0.11140738161214683)
21	76,0.102802277252	(21, 0.11140738161214683)
21	63,0.103730101749	(21, 0.11140738161214683)
22	22,0.0497398092939	(22, 0.049739809293928933)
22	117,0.0564664411146	(22, 0.049739809293928933)
22	138,0.0603626625567	(22, 0.049739809293928933)
22	76,0.0638131782622	(22, 0.049739809293928933)
22	131,0.0656628300609	(22, 0.049739809293928933)
22	46,0.0744589293085	(22, 0.049739809293928933)
22	18,0.0825984572665	(22, 0.049739809293928933)
22	121,0.0833427123055	(22, 0.049739809293928933)
22	3,0.0838009374299	(22, 0.049739809293928933)
22	63,0.0854994794475	(22, 0.049739809293928933)
23	23,0.0402043876269	(23, 0.040204387626921086)
23	61,0.0433696250426	(23, 0.040204387626921086)
23	26,0.100589218174	(23, 0.040204387626921086)
23	121,0.119618029563	(23, 0.040204387626921086)
23	78,0.132530902574	(23, 0.040204387626921086)
23	63,0.133227021141	(23, 0.040204387626921086)
23	161,0.141467089548	(23, 0.040204387626921086)
23	70,0.144808436013	(23, 0.040204387626921086)
23	146,0.145496489721	(23, 0.040204387626921086)
23	76,0.147312553335	(23, 0.040204387626921086)
24	24,0.0599615796127	(24, 0.059961579612680178)
24	107,0.135566637133	(24, 0.059961579612680178)
24	27,0.144953997848	(24, 0.059961579612680178)
24	61,0.165540361926	(24, 0.059961579612680178)
24	157,0.174137075527	(24, 0.059961579612680178)
24	134,0.174939865975	(24, 0.059961579612680178)
24	73,0.178755816909	(24, 0.059961579612680178)
24	50,0.178900909316	(24, 0.059961579612680178)
24	22,0.187222267374	(24, 0.059961579612680178)
24	12,0.190840401386	(24, 0.059961579612680178)
25	69,0.0585992982136	(25, 0.073422172208962466)
25	25,0.073422172209	(25, 0.073422172208962466)
25	40,0.0790125556666	(25, 0.073422172208962466)
25	4,0.101146329924	(25, 0.073422172208962466)
25	15,0.114236674806	(25, 0.073422172208962466)
25	153,0.123556213609	(25, 0.073422172208962466)
25	147,0.130382116438	(25, 0.073422172208962466)
25	79,0.157881118451	(25, 0.073422172208962466)
25	171,0.160537924099	(25, 0.073422172208962466)
25	60,0.164421512464	(25, 0.073422172208962466)
26	18,0.0557668037876	(26, 0.13302342765955955)
26	63,0.0561128200479	(26, 0.13302342765955955)
26	121,0.0562995548437	(26, 0.13302342765955955)
26	150,0.061890403889	(26, 0.13302342765955955)
26	3,0.0640649268832	(26, 0.13302342765955955)
26	11,0.0650635794975	(26, 0.13302342765955955)
26	76,0.0674182416611	(26, 0.13302342765955955)
26	131,0.0695028556956	(26, 0.13302342765955955)
26	22,0.070953495632	(26, 0.13302342765955955)
26	117,0.0720615440267	(26, 0.13302342765955955)
27	78,0.116680474137	(27, 0.16236157398353104)
27	169,0.128025848402	(27, 0.16236157398353104)
27	61,0.128826932918	(27, 0.16236157398353104)
27	26,0.130990089194	(27, 0.16236157398353104)
27	73,0.134037801954	(27, 0.16236157398353104)
27	121,0.136038871085	(27, 0.16236157398353104)
27	101,0.144738518856	(27, 0.16236157398353104)
27	107,0.146527543728	(27, 0.16236157398353104)
27	23,0.162325631714	(27, 0.16236157398353104)
27	27,0.162361573984	(27, 0.16236157398353104)
28	13,0.0941395680722	(28, 0.12775308623049073)
28	1,0.107286948413	(28, 0.12775308623049073)
28	3,0.124912260465	(28, 0.12775308623049073)
28	28,0.12775308623	(28, 0.12775308623049073)
28	73,0.131427752364	(28, 0.12775308623049073)
28	93,0.149072867875	(28, 0.12775308623049073)
28	53,0.159456819463	(28, 0.12775308623049073)
28	156,0.162418280477	(28, 0.12775308623049073)
28	83,0.165074493487	(28, 0.12775308623049073)
28	154,0.165209495228	(28, 0.12775308623049073)
29	29,0.0553543704518	(29, 0.055354370451783132)
29	77,0.077662557908	(29, 0.055354370451783132)
29	71,0.0886708345365	(29, 0.055354370451783132)
29	134,0.104751435017	(29, 0.055354370451783132)
29	11,0.11253478676	(29, 0.055354370451783132)
29	13,0.112695087019	(29, 0.055354370451783132)
29	1,0.121895873992	(29, 0.055354370451783132)
29	76,0.12231071114	(29, 0.055354370451783132)
29	73,0.123557127101	(29, 0.055354370451783132)
29	3,0.125237004711	(29, 0.055354370451783132)
30	30,0.12217086704	(30, 0.12217086703957614)
30	28,0.208259890046	(30, 0.12217086703957614)
30	103,0.219329676513	(30, 0.12217086703957614)
30	91,0.222215633644	(30, 0.12217086703957614)
30	152,0.251168139733	(30, 0.12217086703957614)
30	1,0.259334023835	(30, 0.12217086703957614)
30	53,0.265128902093	(30, 0.12217086703957614)
30	73,0.275540408688	(30, 0.12217086703957614)
30	102,0.275702959242	(30, 0.12217086703957614)
30	114,0.290908491421	(30, 0.12217086703957614)
31	165,0.177958622035	(31, 0.20530214825316248)
31	31,0.205302148253	(31, 0.20530214825316248)
31	116,0.230148237781	(31, 0.20530214825316248)
31	72,0.235676239328	(31, 0.20530214825316248)
31	104,0.236397765034	(31, 0.20530214825316248)
31	124,0.241194543153	(31, 0.20530214825316248)
31	69,0.243210265456	(31, 0.20530214825316248)
31	48,0.249633082695	(31, 0.20530214825316248)
31	130,0.252809405745	(31, 0.20530214825316248)
31	123,0.27754257182	(31, 0.20530214825316248)
32	155,0.125314244941	(32, 0.15040599964475831)
32	32,0.150405999645	(32, 0.15040599964475831)
32	27,0.154886097336	(32, 0.15040599964475831)
32	73,0.179591362208	(32, 0.15040599964475831)
32	50,0.192576442988	(32, 0.15040599964475831)
32	107,0.204092112575	(32, 0.15040599964475831)
32	130,0.212054091597	(32, 0.15040599964475831)
32	163,0.21619946396	(32, 0.15040599964475831)
32	109,0.243153341708	(32, 0.15040599964475831)
32	143,0.243609453864	(32, 0.15040599964475831)
33	33,0.0968903719316	(33, 0.096890371931561456)
33	4,0.181789541078	(33, 0.096890371931561456)
33	69,0.18754662544	(33, 0.096890371931561456)
33	116,0.202750353413	(33, 0.096890371931561456)
33	106,0.21217194849	(33, 0.096890371931561456)
33	155,0.229583070411	(33, 0.096890371931561456)
33	40,0.231914254339	(33, 0.096890371931561456)
33	28,0.250112336123	(33, 0.096890371931561456)
33	93,0.25372097283	(33, 0.096890371931561456)
33	2,0.255300743729	(33, 0.096890371931561456)
34	15,0.0716238447327	(34, 0.21812253721207336)
34	17,0.077673743748	(34, 0.21812253721207336)
34	69,0.0875379511673	(34, 0.21812253721207336)
34	171,0.0941109627126	(34, 0.21812253721207336)
34	40,0.0959198435176	(34, 0.21812253721207336)
34	173,0.106781232684	(34, 0.21812253721207336)
34	120,0.109702604954	(34, 0.21812253721207336)
34	147,0.112048704172	(34, 0.21812253721207336)
34	4,0.117260531521	(34, 0.21812253721207336)
34	56,0.12453527957	(34, 0.21812253721207336)
35	35,0.0498615698924	(35, 0.049861569892447583)
35	88,0.082414158038	(35, 0.049861569892447583)
35	18,0.0871955402724	(35, 0.049861569892447583)
35	12,0.120084503428	(35, 0.049861569892447583)
35	22,0.120794101145	(35, 0.049861569892447583)
35	138,0.125675269904	(35, 0.049861569892447583)
35	38,0.133224763707	(35, 0.049861569892447583)
35	157,0.137929583558	(35, 0.049861569892447583)
35	61,0.138213433367	(35, 0.049861569892447583)
35	127,0.139330233012	(35, 0.049861569892447583)
36	76,0.040814770018	(36, 0.044932292782797707)
36	46,0.0417714265041	(36, 0.044932292782797707)
36	146,0.0437284365866	(36, 0.044932292782797707)
36	36,0.0449322927828	(36, 0.044932292782797707)
36	18,0.0565291568282	(36, 0.044932292782797707)
36	63,0.0597510055459	(36, 0.044932292782797707)
36	170,0.0633348251063	(36, 0.044932292782797707)
36	88,0.0858890027151	(36, 0.044932292782797707)
36	138,0.0871462065606	(36, 0.044932292782797707)
36	131,0.0877683197837	(36, 0.044932292782797707)
37	100,0.0633990541158	(37, 0.067876196377255407)
37	3,0.0658791488566	(37, 0.067876196377255407)
37	37,0.0678761963773	(37, 0.067876196377255407)
37	11,0.0746105277146	(37, 0.067876196377255407)
37	77,0.0786290649845	(37, 0.067876196377255407)
37	17,0.0880720497662	(37, 0.067876196377255407)
37	21,0.0938208479752	(37, 0.067876196377255407)
37	90,0.0984605427056	(37, 0.067876196377255407)
37	142,0.104728289235	(37, 0.067876196377255407)
37	71,0.106814476001	(37, 0.067876196377255407)
38	38,0.0495447235977	(38, 0.049544723597672036)
38	12,0.110143113843	(38, 0.049544723597672036)
38	55,0.1192626337	(38, 0.049544723597672036)
38	14,0.125756667825	(38, 0.049544723597672036)
38	43,0.158641291625	(38, 0.049544723597672036)
38	105,0.168452185312	(38, 0.049544723597672036)
38	50,0.174197617536	(38, 0.049544723597672036)
38	127,0.177396208952	(38, 0.049544723597672036)
38	107,0.180407132585	(38, 0.049544723597672036)
38	24,0.180613649697	(38, 0.049544723597672036)
39	39,0.114925445044	(39, 0.1149254450444482)
39	51,0.232321284828	(39, 0.1149254450444482)
39	168,0.239527533986	(39, 0.1149254450444482)
39	155,0.247845130142	(39, 0.1149254450444482)
39	101,0.252118025683	(39, 0.1149254450444482)
39	27,0.256195115588	(39, 0.1149254450444482)
39	84,0.259729430847	(39, 0.1149254450444482)
39	99,0.264720330225	(39, 0.1149254450444482)
39	107,0.270639835804	(39, 0.1149254450444482)
39	95,0.280856368286	(39, 0.1149254450444482)
40	40,0.0465224352887	(40, 0.046522435288727772)
40	69,0.0589505009897	(40, 0.046522435288727772)
40	79,0.0950523161645	(40, 0.046522435288727772)
40	4,0.0979589320346	(40, 0.046522435288727772)
40	171,0.102822497985	(40, 0.046522435288727772)
40	147,0.105177407794	(40, 0.046522435288727772)
40	15,0.113384479574	(40, 0.046522435288727772)
40	25,0.114911083725	(40, 0.046522435288727772)
40	17,0.124957239009	(40, 0.046522435288727772)
40	60,0.133053639757	(40, 0.046522435288727772)
41	41,0.0674882767705	(41, 0.067488276770537634)
41	154,0.110382524735	(41, 0.067488276770537634)
41	20,0.170371358523	(41, 0.067488276770537634)
41	1,0.177090962867	(41, 0.067488276770537634)
41	91,0.187515518552	(41, 0.067488276770537634)
41	124,0.216129927774	(41, 0.067488276770537634)
41	102,0.21886439726	(41, 0.067488276770537634)
41	101,0.228416399224	(41, 0.067488276770537634)
41	114,0.234880227666	(41, 0.067488276770537634)
41	53,0.241842950604	(41, 0.067488276770537634)
42	162,0.184348372542	(42, 0.38634009966860833)
42	53,0.243513803518	(42, 0.38634009966860833)
42	28,0.255725949117	(42, 0.38634009966860833)
42	69,0.257716567081	(42, 0.38634009966860833)
42	97,0.272220888931	(42, 0.38634009966860833)
42	44,0.284584567104	(42, 0.38634009966860833)
42	65,0.287407263038	(42, 0.38634009966860833)
42	34,0.289490233984	(42, 0.38634009966860833)
42	118,0.296443693369	(42, 0.38634009966860833)
42	139,0.302155810182	(42, 0.38634009966860833)
43	12,0.0759961141266	(43, 0.14363847467224256)
43	22,0.0782725548641	(43, 0.14363847467224256)
43	127,0.0861640787276	(43, 0.14363847467224256)
43	50,0.0935134686186	(43, 0.14363847467224256)
43	121,0.0958352966754	(43, 0.14363847467224256)
43	157,0.0965739807537	(43, 0.14363847467224256)
43	78,0.0972198463028	(43, 0.14363847467224256)
43	61,0.098910347984	(43, 0.14363847467224256)
43	55,0.108442631145	(43, 0.14363847467224256)
43	107,0.109734779352	(43, 0.14363847467224256)
44	109,0.103577040677	(44, 0.46447845756866435)
44	116,0.13315482458	(44, 0.46447845756866435)
44	124,0.144426380077	(44, 0.46447845756866435)
44	143,0.144737977762	(44, 0.46447845756866435)
44	93,0.146014024535	(44, 0.46447845756866435)
44	158,0.150612767083	(44, 0.46447845756866435)
44	84,0.159299553167	(44, 0.46447845756866435)
44	12,0.16481900474	(44, 0.46447845756866435)
44	115,0.172500269215	(44, 0.46447845756866435)
44	123,0.173294973002	(44, 0.46447845756866435)
45	45,0.165128795254	(45, 0.16512879525403076)
45	129,0.233482166456	(45, 0.16512879525403076)
45	94,0.24214391085	(45, 0.16512879525403076)
45	34,0.251774006729	(45, 0.16512879525403076)
45	98,0.304882570903	(45, 0.16512879525403076)
45	132,0.30644237722	(45, 0.16512879525403076)
45	25,0.314356929625	(45, 0.16512879525403076)
45	15,0.317222590303	(45, 0.16512879525403076)
45	128,0.325990443229	(45, 0.16512879525403076)
45	53,0.328076401788	(45, 0.16512879525403076)
46	46,0.0233628977187	(46, 0.023362897718657582)
46	36,0.0416053099429	(46, 0.023362897718657582)
46	170,0.0513059472004	(46, 0.023362897718657582)
46	76,0.0532928967552	(46, 0.023362897718657582)
46	136,0.0604432176434	(46, 0.023362897718657582)
46	146,0.0711998991806	(46, 0.023362897718657582)
46	63,0.0820809900397	(46, 0.023362897718657582)
46	138,0.0862506922732	(46, 0.023362897718657582)
46	6,0.0921296413739	(46, 0.023362897718657582)
46	18,0.0981122958086	(46, 0.023362897718657582)
47	99,0.206400922721	(47, 0.26235572921643258)
47	10,0.235690736293	(47, 0.26235572921643258)
47	19,0.243346603487	(47, 0.26235572921643258)
47	27,0.259194800036	(47, 0.26235572921643258)
47	137,0.259624769429	(47, 0.26235572921643258)
47	47,0.262355729216	(47, 0.26235572921643258)
47	84,0.26714058491	(47, 0.26235572921643258)
47	43,0.292391637037	(47, 0.26235572921643258)
47	0,0.316026982669	(47, 0.26235572921643258)
47	172,0.325483327492	(47, 0.26235572921643258)
48	56,0.095051690325	(48, 0.11044618495803897)
48	48,0.110446184958	(48, 0.11044618495803897)
48	120,0.114029982839	(48, 0.11044618495803897)
48	69,0.127501744453	(48, 0.11044618495803897)
48	97,0.136415466174	(48, 0.11044618495803897)
48	40,0.151665137574	(48, 0.11044618495803897)
48	173,0.158047819567	(48, 0.11044618495803897)
48	4,0.162312567414	(48, 0.11044618495803897)
48	124,0.175413335272	(48, 0.11044618495803897)
48	15,0.187417247519	(48, 0.11044618495803897)
49	49,0.0892053379841	(49, 0.089205337984070862)
49	59,0.107503379751	(49, 0.089205337984070862)
49	15,0.109121122142	(49, 0.089205337984070862)
49	171,0.114879000015	(49, 0.089205337984070862)
49	77,0.115613507684	(49, 0.089205337984070862)
49	17,0.123183461716	(49, 0.089205337984070862)
49	98,0.127850513308	(49, 0.089205337984070862)
49	100,0.138454809183	(49, 0.089205337984070862)
49	173,0.147587993396	(49, 0.089205337984070862)
49	83,0.159630652132	(49, 0.089205337984070862)
50	50,0.051946490542	(50, 0.0519464905420483)
50	12,0.127998088225	(50, 0.0519464905420483)
50	107,0.134911399398	(50, 0.0519464905420483)
50	170,0.143369610031	(50, 0.0519464905420483)
50	157,0.149296962932	(50, 0.0519464905420483)
50	76,0.161431577134	(50, 0.0519464905420483)
50	22,0.165985231129	(50, 0.0519464905420483)
50	127,0.167967710565	(50, 0.0519464905420483)
50	38,0.17007182464	(50, 0.0519464905420483)
50	46,0.178392570911	(50, 0.0519464905420483)
51	124,0.074974690117	(51, 0.32326551567954404)
51	73,0.126899745979	(51, 0.32326551567954404)
51	156,0.14145658847	(51, 0.32326551567954404)
51	154,0.141782417197	(51, 0.32326551567954404)
51	53,0.150222835156	(51, 0.32326551567954404)
51	93,0.167597341792	(51, 0.32326551567954404)
51	41,0.178445285668	(51, 0.32326551567954404)
51	1,0.185767261055	(51, 0.32326551567954404)
51	20,0.186775465217	(51, 0.32326551567954404)
51	28,0.191656130891	(51, 0.32326551567954404)
52	53,0.120960735758	(52, 0.42731791441505573)
52	44,0.133409756857	(52, 0.42731791441505573)
52	124,0.147008236469	(52, 0.42731791441505573)
52	13,0.153544712947	(52, 0.42731791441505573)
52	65,0.159302739414	(52, 0.42731791441505573)
52	154,0.162718434822	(52, 0.42731791441505573)
52	162,0.169011210746	(52, 0.42731791441505573)
52	160,0.172059153725	(52, 0.42731791441505573)
52	97,0.182100592586	(52, 0.42731791441505573)
52	120,0.183165552531	(52, 0.42731791441505573)
53	65,0.0801487313884	(53, 0.11774122453648177)
53	53,0.117741224536	(53, 0.11774122453648177)
53	154,0.128888007461	(53, 0.11774122453648177)
53	44,0.136918557363	(53, 0.11774122453648177)
53	160,0.139396295726	(53, 0.11774122453648177)
53	120,0.154650996564	(53, 0.11774122453648177)
53	162,0.167693855633	(53, 0.11774122453648177)
53	34,0.173551334692	(53, 0.11774122453648177)
53	13,0.183748052189	(53, 0.11774122453648177)
53	114,0.186642793056	(53, 0.11774122453648177)
54	135,0.0472838590166	(54, 0.089069916669182375)
54	54,0.0890699166692	(54, 0.089069916669182375)
54	161,0.0917809517878	(54, 0.089069916669182375)
54	136,0.0935661844983	(54, 0.089069916669182375)
54	3,0.0944217102031	(54, 0.089069916669182375)
54	63,0.099098366992	(54, 0.089069916669182375)
54	17,0.103616130894	(54, 0.089069916669182375)
54	11,0.103925476138	(54, 0.089069916669182375)
54	146,0.105065782308	(54, 0.089069916669182375)
54	71,0.107761086576	(54, 0.089069916669182375)
55	12,0.0708511985382	(55, 0.092741514405885198)
55	55,0.0927415144059	(55, 0.092741514405885198)
55	121,0.10592609863	(55, 0.092741514405885198)
55	158,0.107712595839	(55, 0.092741514405885198)
55	18,0.108862099766	(55, 0.092741514405885198)
55	38,0.109381062086	(55, 0.092741514405885198)
55	127,0.112118496656	(55, 0.092741514405885198)
55	150,0.113512229486	(55, 0.092741514405885198)
55	78,0.120501811665	(55, 0.092741514405885198)
55	151,0.121351592821	(55, 0.092741514405885198)
56	56,0.0771871788925	(56, 0.077187178892494573)
56	15,0.102383195724	(56, 0.077187178892494573)
56	120,0.119166756779	(56, 0.077187178892494573)
56	173,0.152538651288	(56, 0.077187178892494573)
56	69,0.180140459256	(56, 0.077187178892494573)
56	113,0.180269978999	(56, 0.077187178892494573)
56	2,0.181829848651	(56, 0.077187178892494573)
56	97,0.200387983935	(56, 0.077187178892494573)
56	44,0.201028583528	(56, 0.077187178892494573)
56	17,0.20563882829	(56, 0.077187178892494573)
57	57,0.11999249055	(57, 0.11999249055028346)
57	122,0.27666955258	(57, 0.11999249055028346)
57	15,0.311955570533	(57, 0.11999249055028346)
57	173,0.334727795137	(57, 0.11999249055028346)
57	56,0.341486646514	(57, 0.11999249055028346)
57	120,0.399447159673	(57, 0.11999249055028346)
57	59,0.410101107019	(57, 0.11999249055028346)
57	108,0.413890717322	(57, 0.11999249055028346)
57	2,0.414981279735	(57, 0.11999249055028346)
57	113,0.432064658996	(57, 0.11999249055028346)
58	24,0.10151669409	(58, 0.40729211933645093)
58	107,0.120390256845	(58, 0.40729211933645093)
58	27,0.140191064497	(58, 0.40729211933645093)
58	50,0.14182919807	(58, 0.40729211933645093)
58	61,0.16517167364	(58, 0.40729211933645093)
58	157,0.182786938795	(58, 0.40729211933645093)
58	43,0.186008417497	(58, 0.40729211933645093)
58	105,0.191546065754	(58, 0.40729211933645093)
58	38,0.19351655046	(58, 0.40729211933645093)
58	12,0.197569826375	(58, 0.40729211933645093)
59	15,0.197864677874	(59, 0.24880969035307721)
59	83,0.210301469608	(59, 0.24880969035307721)
59	113,0.223314566436	(59, 0.24880969035307721)
59	94,0.229297129725	(59, 0.24880969035307721)
59	65,0.235937988066	(59, 0.24880969035307721)
59	59,0.248809690353	(59, 0.24880969035307721)
59	120,0.256703154285	(59, 0.24880969035307721)
59	44,0.264320744834	(59, 0.24880969035307721)
59	129,0.268761407617	(59, 0.24880969035307721)
59	160,0.269965262657	(59, 0.24880969035307721)
60	60,0.0950244308455	(60, 0.095024430845502675)
60	79,0.106778060304	(60, 0.095024430845502675)
60	69,0.110545295273	(60, 0.095024430845502675)
60	40,0.111830199042	(60, 0.095024430845502675)
60	34,0.130724173166	(60, 0.095024430845502675)
60	4,0.138568091397	(60, 0.095024430845502675)
60	25,0.143614467235	(60, 0.095024430845502675)
60	77,0.148363221568	(60, 0.095024430845502675)
60	171,0.155279392683	(60, 0.095024430845502675)
60	15,0.158556162182	(60, 0.095024430845502675)
61	61,0.0415580823181	(61, 0.041558082318105038)
61	23,0.051467318424	(61, 0.041558082318105038)
61	26,0.0729605227815	(61, 0.041558082318105038)
61	121,0.077763287939	(61, 0.041558082318105038)
61	63,0.0833955609074	(61, 0.041558082318105038)
61	78,0.0850527132217	(61, 0.041558082318105038)
61	161,0.0876424057518	(61, 0.041558082318105038)
61	76,0.0915214998928	(61, 0.041558082318105038)
61	146,0.0978937903894	(61, 0.041558082318105038)
61	131,0.111309659411	(61, 0.041558082318105038)
62	26,0.0851236529052	(62, 0.12948684971317725)
62	78,0.0918981381413	(62, 0.12948684971317725)
62	107,0.10764781315	(62, 0.12948684971317725)
62	61,0.117814569719	(62, 0.12948684971317725)
62	73,0.120144126034	(62, 0.12948684971317725)
62	62,0.129486849713	(62, 0.12948684971317725)
62	121,0.1410771529	(62, 0.12948684971317725)
62	138,0.144952499232	(62, 0.12948684971317725)
62	1,0.147836363309	(62, 0.12948684971317725)
62	157,0.148500228615	(62, 0.12948684971317725)
63	3,0.0452886790326	(63, 0.063426904935394421)
63	11,0.0612910861004	(63, 0.063426904935394421)
63	63,0.0634269049354	(63, 0.063426904935394421)
63	77,0.0712232445197	(63, 0.063426904935394421)
63	161,0.0720623163862	(63, 0.063426904935394421)
63	37,0.0828125408253	(63, 0.063426904935394421)
63	121,0.0886221862274	(63, 0.063426904935394421)
63	71,0.0886660108374	(63, 0.063426904935394421)
63	170,0.0894547460254	(63, 0.063426904935394421)
63	135,0.090968208938	(63, 0.063426904935394421)
64	64,0.255391444242	(64, 0.25539144424161947)
64	118,0.426044394906	(64, 0.25539144424161947)
64	45,0.427542585051	(64, 0.25539144424161947)
64	129,0.477421695018	(64, 0.25539144424161947)
64	33,0.538492609652	(64, 0.25539144424161947)
64	132,0.582524811173	(64, 0.25539144424161947)
64	113,0.608780064464	(64, 0.25539144424161947)
64	34,0.623147472352	(64, 0.25539144424161947)
64	94,0.680430827127	(64, 0.25539144424161947)
64	15,0.685870115892	(64, 0.25539144424161947)
65	65,0.0637073977829	(65, 0.06370739778287117)
65	160,0.0793958192864	(65, 0.06370739778287117)
65	83,0.0921113552785	(65, 0.06370739778287117)
65	68,0.100915917755	(65, 0.06370739778287117)
65	154,0.133098252262	(65, 0.06370739778287117)
65	59,0.142681586422	(65, 0.06370739778287117)
65	13,0.149310666977	(65, 0.06370739778287117)
65	1,0.14990286192	(65, 0.06370739778287117)
65	44,0.155422172151	(65, 0.06370739778287117)
65	100,0.162853815313	(65, 0.06370739778287117)
66	66,0.26725365306	(66, 0.26725365306011217)
66	129,0.512100179692	(66, 0.26725365306011217)
66	132,0.579730122301	(66, 0.26725365306011217)
66	118,0.608374046854	(66, 0.26725365306011217)
66	139,0.615278289264	(66, 0.26725365306011217)
66	91,0.647863952597	(66, 0.26725365306011217)
66	33,0.670048667146	(66, 0.26725365306011217)
66	140,0.680541227879	(66, 0.26725365306011217)
66	168,0.723054467988	(66, 0.26725365306011217)
66	53,0.774261175029	(66, 0.26725365306011217)
67	67,0.172795591925	(67, 0.17279559192484847)
67	84,0.226708132651	(67, 0.17279559192484847)
67	168,0.229287322746	(67, 0.17279559192484847)
67	93,0.244893065524	(67, 0.17279559192484847)
67	139,0.26062792269	(67, 0.17279559192484847)
67	116,0.271633310713	(67, 0.17279559192484847)
67	28,0.275899400401	(67, 0.17279559192484847)
67	148,0.281971825714	(67, 0.17279559192484847)
67	109,0.283546657506	(67, 0.17279559192484847)
67	30,0.286278704968	(67, 0.17279559192484847)
68	68,0.068844347676	(68, 0.068844347675999798)
68	70,0.123487708035	(68, 0.068844347675999798)
68	23,0.124818909199	(68, 0.068844347675999798)
68	61,0.133695317538	(68, 0.068844347675999798)
68	63,0.148614722822	(68, 0.068844347675999798)
68	161,0.161589688443	(68, 0.068844347675999798)
68	146,0.162773815493	(68, 0.068844347675999798)
68	26,0.163976943131	(68, 0.068844347675999798)
68	134,0.167611970805	(68, 0.068844347675999798)
68	71,0.175382149416	(68, 0.068844347675999798)
69	15,0.237792421321	(69, 0.28954635344829643)
69	122,0.273941116409	(69, 0.28954635344829643)
69	173,0.275800973064	(69, 0.28954635344829643)
69	69,0.289546353448	(69, 0.28954635344829643)
69	56,0.294888392378	(69, 0.28954635344829643)
69	153,0.303385137222	(69, 0.28954635344829643)
69	48,0.316889558413	(69, 0.28954635344829643)
69	2,0.318725225644	(69, 0.28954635344829643)
69	4,0.328128572627	(69, 0.28954635344829643)
69	113,0.335537094163	(69, 0.28954635344829643)
70	121,0.082918594997	(70, 0.10553536399728256)
70	3,0.0876267356053	(70, 0.10553536399728256)
70	11,0.101020052391	(70, 0.10553536399728256)
70	70,0.105535363997	(70, 0.10553536399728256)
70	77,0.105807705692	(70, 0.10553536399728256)
70	117,0.107563154676	(70, 0.10553536399728256)
70	1,0.1106096637	(70, 0.10553536399728256)
70	131,0.112426889492	(70, 0.10553536399728256)
70	81,0.114478194793	(70, 0.10553536399728256)
70	138,0.114877705686	(70, 0.10553536399728256)
71	91,0.158785062816	(71, 0.40890704395524119)
71	132,0.172820193438	(71, 0.40890704395524119)
71	41,0.23228495715	(71, 0.40890704395524119)
71	101,0.235240408929	(71, 0.40890704395524119)
71	102,0.23632715552	(71, 0.40890704395524119)
71	154,0.246951163076	(71, 0.40890704395524119)
71	95,0.262319933162	(71, 0.40890704395524119)
71	28,0.263329723832	(71, 0.40890704395524119)
71	1,0.269577735794	(71, 0.40890704395524119)
71	103,0.280388227349	(71, 0.40890704395524119)
72	173,0.119309873585	(72, 0.74936181938872504)
72	17,0.121609261326	(72, 0.74936181938872504)
72	171,0.138546199851	(72, 0.74936181938872504)
72	147,0.146664925505	(72, 0.74936181938872504)
72	142,0.148514606943	(72, 0.74936181938872504)
72	100,0.173704714064	(72, 0.74936181938872504)
72	77,0.176032459872	(72, 0.74936181938872504)
72	49,0.176253878398	(72, 0.74936181938872504)
72	15,0.18273078041	(72, 0.74936181938872504)
72	59,0.190243691171	(72, 0.74936181938872504)
73	73,0.0670365229986	(73, 0.067036522998568368)
73	13,0.109535790019	(73, 0.067036522998568368)
73	156,0.12989824651	(73, 0.067036522998568368)
73	27,0.13241111542	(73, 0.067036522998568368)
73	124,0.134526648675	(73, 0.067036522998568368)
73	53,0.165276448545	(73, 0.067036522998568368)
73	114,0.167028291388	(73, 0.067036522998568368)
73	109,0.178896241041	(73, 0.067036522998568368)
73	26,0.180109998397	(73, 0.067036522998568368)
73	93,0.183048993851	(73, 0.067036522998568368)
74	74,0.0510355481744	(74, 0.051035548174363239)
74	135,0.0571412720911	(74, 0.051035548174363239)
74	17,0.0590959176506	(74, 0.051035548174363239)
74	100,0.0765791683629	(74, 0.051035548174363239)
74	37,0.0776248074232	(74, 0.051035548174363239)
74	77,0.0900982269082	(74, 0.051035548174363239)
74	90,0.0903140582551	(74, 0.051035548174363239)
74	49,0.112740513787	(74, 0.051035548174363239)
74	59,0.114590002769	(74, 0.051035548174363239)
74	11,0.11493146617	(74, 0.051035548174363239)
75	75,0.433379845155	(75, 0.43337984515498434)
75	166,0.472550526395	(75, 0.43337984515498434)
75	80,0.656672385548	(75, 0.43337984515498434)
75	47,0.685702508537	(75, 0.43337984515498434)
75	10,0.703443869534	(75, 0.43337984515498434)
75	67,0.719883830934	(75, 0.43337984515498434)
75	85,0.731613650974	(75, 0.43337984515498434)
75	99,0.731624812152	(75, 0.43337984515498434)
75	84,0.765848985984	(75, 0.43337984515498434)
75	165,0.769495685155	(75, 0.43337984515498434)
76	76,0.0355431953708	(76, 0.035543195370817862)
76	146,0.0408491002295	(76, 0.035543195370817862)
76	63,0.0453867137069	(76, 0.035543195370817862)
76	136,0.0521029296547	(76, 0.035543195370817862)
76	170,0.0558654701294	(76, 0.035543195370817862)
76	46,0.0732778585171	(76, 0.035543195370817862)
76	3,0.0766177303304	(76, 0.035543195370817862)
76	18,0.076628031452	(76, 0.035543195370817862)
76	22,0.077004293529	(76, 0.035543195370817862)
76	36,0.0785876223119	(76, 0.035543195370817862)
77	161,0.0555431516938	(77, 0.074266608950917842)
77	63,0.0567487644184	(77, 0.074266608950917842)
77	11,0.0573609061187	(77, 0.074266608950917842)
77	90,0.0625890255137	(77, 0.074266608950917842)
77	146,0.0648084165152	(77, 0.074266608950917842)
77	3,0.0689430528045	(77, 0.074266608950917842)
77	135,0.0701449545933	(77, 0.074266608950917842)
77	77,0.0742666089509	(77, 0.074266608950917842)
77	136,0.0782267888373	(77, 0.074266608950917842)
77	71,0.0835485302558	(77, 0.074266608950917842)
78	150,0.0469951233376	(78, 0.093448562235650914)
78	76,0.0505882679717	(78, 0.093448562235650914)
78	63,0.0507895171283	(78, 0.093448562235650914)
78	131,0.0578882801472	(78, 0.093448562235650914)
78	18,0.062011582632	(78, 0.093448562235650914)
78	146,0.0626688520561	(78, 0.093448562235650914)
78	22,0.0672506152811	(78, 0.093448562235650914)
78	121,0.0708247597803	(78, 0.093448562235650914)
78	61,0.0809292049048	(78, 0.093448562235650914)
78	23,0.085857273831	(78, 0.093448562235650914)
79	69,0.0619172748137	(79, 0.064056033828865905)
79	79,0.0640560338289	(79, 0.064056033828865905)
79	4,0.0646572718621	(79, 0.064056033828865905)
79	40,0.0665621058791	(79, 0.064056033828865905)
79	25,0.106284014591	(79, 0.064056033828865905)
79	56,0.132600769176	(79, 0.064056033828865905)
79	171,0.133896759088	(79, 0.064056033828865905)
79	60,0.135438674307	(79, 0.064056033828865905)
79	147,0.146414584338	(79, 0.064056033828865905)
79	15,0.150840038545	(79, 0.064056033828865905)
80	80,0.215065636854	(80, 0.21506563685380403)
80	51,0.232274153867	(80, 0.21506563685380403)
80	166,0.301045218062	(80, 0.21506563685380403)
80	32,0.388983698905	(80, 0.21506563685380403)
80	27,0.510833066871	(80, 0.21506563685380403)
80	39,0.522916689128	(80, 0.21506563685380403)
80	58,0.533982871605	(80, 0.21506563685380403)
80	168,0.54407756541	(80, 0.21506563685380403)
80	159,0.552505122341	(80, 0.21506563685380403)
80	164,0.584170577675	(80, 0.21506563685380403)
81	81,0.0553341064968	(81, 0.055334106496798457)
81	3,0.0750388990931	(81, 0.055334106496798457)
81	11,0.0799653437331	(81, 0.055334106496798457)
81	131,0.0809146423505	(81, 0.055334106496798457)
81	121,0.0908475631951	(81, 0.055334106496798457)
81	117,0.0927255679892	(81, 0.055334106496798457)
81	22,0.0931887468089	(81, 0.055334106496798457)
81	150,0.100844934296	(81, 0.055334106496798457)
81	77,0.102785435375	(81, 0.055334106496798457)
81	76,0.110696622162	(81, 0.055334106496798457)
82	38,0.16741743035	(82, 0.26690518561011484)
82	12,0.168671869453	(82, 0.26690518561011484)
82	24,0.171446483516	(82, 0.26690518561011484)
82	105,0.174263483087	(82, 0.26690518561011484)
82	27,0.176249540587	(82, 0.26690518561011484)
82	73,0.18810965368	(82, 0.26690518561011484)
82	50,0.193901478851	(82, 0.26690518561011484)
82	107,0.203136289018	(82, 0.26690518561011484)
82	13,0.204561418683	(82, 0.26690518561011484)
82	143,0.210640263084	(82, 0.26690518561011484)
83	13,0.0702513401027	(83, 0.1046603499279143)
83	154,0.0974596925147	(83, 0.1046603499279143)
83	160,0.100206925648	(83, 0.1046603499279143)
83	71,0.103478451183	(83, 0.1046603499279143)
83	83,0.104660349928	(83, 0.1046603499279143)
83	65,0.108104409654	(83, 0.1046603499279143)
83	17,0.108157535545	(83, 0.1046603499279143)
83	11,0.113057000007	(83, 0.1046603499279143)
83	135,0.113371682082	(83, 0.1046603499279143)
83	120,0.116869727767	(83, 0.1046603499279143)
84	84,0.280085410892	(84, 0.28008541089201583)
84	67,0.28438491287	(84, 0.28008541089201583)
84	165,0.313820374886	(84, 0.28008541089201583)
84	168,0.313861401182	(84, 0.28008541089201583)
84	139,0.367998922819	(84, 0.28008541089201583)
84	99,0.382564645418	(84, 0.28008541089201583)
84	143,0.419477342084	(84, 0.28008541089201583)
84	155,0.430453556908	(84, 0.28008541089201583)
84	148,0.430561826192	(84, 0.28008541089201583)
84	109,0.431026866121	(84, 0.28008541089201583)
85	67,0.229954094712	(85, 0.36553695691522248)
85	85,0.365536956915	(85, 0.36553695691522248)
85	139,0.371497967039	(85, 0.36553695691522248)
85	148,0.422384395439	(85, 0.36553695691522248)
85	84,0.42322277484	(85, 0.36553695691522248)
85	165,0.43580096927	(85, 0.36553695691522248)
85	168,0.464608184962	(85, 0.36553695691522248)
85	143,0.501770346076	(85, 0.36553695691522248)
85	99,0.52739180836	(85, 0.36553695691522248)
85	93,0.536590497756	(85, 0.36553695691522248)
86	86,0.0555034920843	(86, 0.055503492084251149)
86	136,0.0671534594708	(86, 0.055503492084251149)
86	12,0.0787301154147	(86, 0.055503492084251149)
86	170,0.0787671452026	(86, 0.055503492084251149)
86	76,0.0811720839755	(86, 0.055503492084251149)
86	117,0.0831718646119	(86, 0.055503492084251149)
86	161,0.0845491267598	(86, 0.055503492084251149)
86	11,0.0877162133602	(86, 0.055503492084251149)
86	126,0.0882958847696	(86, 0.055503492084251149)
86	3,0.0885059568954	(86, 0.055503492084251149)
87	1,0.0876301707603	(87, 0.23880588533406563)
87	121,0.0958184383466	(87, 0.23880588533406563)
87	26,0.104092089107	(87, 0.23880588533406563)
87	71,0.110821512377	(87, 0.23880588533406563)
87	78,0.114364727949	(87, 0.23880588533406563)
87	11,0.114485319437	(87, 0.23880588533406563)
87	154,0.122607736592	(87, 0.23880588533406563)
87	20,0.126190512197	(87, 0.23880588533406563)
87	41,0.129707050921	(87, 0.23880588533406563)
87	23,0.131508317087	(87, 0.23880588533406563)
88	76,0.0472617875094	(88, 0.075838932306969836)
88	146,0.0545497856461	(88, 0.075838932306969836)
88	18,0.0553697796688	(88, 0.075838932306969836)
88	170,0.0614047006508	(88, 0.075838932306969836)
88	46,0.0650725716027	(88, 0.075838932306969836)
88	22,0.0676031262018	(88, 0.075838932306969836)
88	63,0.0688584378092	(88, 0.075838932306969836)
88	117,0.0729158552785	(88, 0.075838932306969836)
88	138,0.0739672079767	(88, 0.075838932306969836)
88	88,0.075838932307	(88, 0.075838932306969836)
89	124,0.0803129144977	(89, 0.14838229089078331)
89	154,0.105354356381	(89, 0.14838229089078331)
89	53,0.108202270628	(89, 0.14838229089078331)
89	1,0.126244276373	(89, 0.14838229089078331)
89	73,0.132304425244	(89, 0.14838229089078331)
89	13,0.146195635194	(89, 0.14838229089078331)
89	89,0.148382290891	(89, 0.14838229089078331)
89	28,0.154884426086	(89, 0.14838229089078331)
89	71,0.158895052415	(89, 0.14838229089078331)
89	160,0.159165309126	(89, 0.14838229089078331)
90	90,0.0394888061812	(90, 0.039488806181239171)
90	11,0.070540612893	(90, 0.039488806181239171)
90	161,0.0746783094839	(90, 0.039488806181239171)
90	96,0.0829239876087	(90, 0.039488806181239171)
90	81,0.0843381518112	(90, 0.039488806181239171)
90	136,0.087192492531	(90, 0.039488806181239171)
90	135,0.0920264396965	(90, 0.039488806181239171)
90	171,0.0924636899744	(90, 0.039488806181239171)
90	37,0.0931332565983	(90, 0.039488806181239171)
90	17,0.0941738875731	(90, 0.039488806181239171)
91	132,0.164495048045	(91, 0.24000291371344623)
91	91,0.240002913713	(91, 0.24000291371344623)
91	129,0.355786882456	(91, 0.24000291371344623)
91	103,0.432563070897	(91, 0.24000291371344623)
91	34,0.477561526262	(91, 0.24000291371344623)
91	102,0.481053710065	(91, 0.24000291371344623)
91	51,0.490070489592	(91, 0.24000291371344623)
91	66,0.50461580698	(91, 0.24000291371344623)
91	95,0.521377828443	(91, 0.24000291371344623)
91	154,0.521963458464	(91, 0.24000291371344623)
92	78,0.0793651832739	(92, 0.22312145977466896)
92	61,0.09964677808	(92, 0.22312145977466896)
92	157,0.107736430689	(92, 0.22312145977466896)
92	24,0.109419774834	(92, 0.22312145977466896)
92	127,0.111896233053	(92, 0.22312145977466896)
92	12,0.12297437279	(92, 0.22312145977466896)
92	26,0.134448240798	(92, 0.22312145977466896)
92	22,0.141274797272	(92, 0.22312145977466896)
92	38,0.142166506423	(92, 0.22312145977466896)
92	55,0.145866763286	(92, 0.22312145977466896)
93	22,0.0689580696697	(93, 0.092697267774891193)
93	131,0.071335579037	(93, 0.092697267774891193)
93	127,0.0872806619336	(93, 0.092697267774891193)
93	93,0.0926972677749	(93, 0.092697267774891193)
93	157,0.0942410475761	(93, 0.092697267774891193)
93	12,0.0944381056649	(93, 0.092697267774891193)
93	76,0.0952059230347	(93, 0.092697267774891193)
93	3,0.0957825681661	(93, 0.092697267774891193)
93	121,0.0972507887041	(93, 0.092697267774891193)
93	170,0.102889952384	(93, 0.092697267774891193)
94	94,0.11866342843	(94, 0.11866342842954312)
94	83,0.201899387143	(94, 0.11866342842954312)
94	154,0.234268001475	(94, 0.11866342842954312)
94	59,0.262864879594	(94, 0.11866342842954312)
94	15,0.28332447459	(94, 0.11866342842954312)
94	160,0.294420700777	(94, 0.11866342842954312)
94	120,0.30420676075	(94, 0.11866342842954312)
94	65,0.307003086843	(94, 0.11866342842954312)
94	45,0.308726739915	(94, 0.11866342842954312)
94	98,0.312636523052	(94, 0.11866342842954312)
95	99,0.123543951556	(95, 0.28232311837526575)
95	107,0.12565542865	(95, 0.28232311837526575)
95	27,0.165262693881	(95, 0.28232311837526575)
95	137,0.167631685177	(95, 0.28232311837526575)
95	127,0.168072308394	(95, 0.28232311837526575)
95	43,0.170202049987	(95, 0.28232311837526575)
95	84,0.173833280316	(95, 0.28232311837526575)
95	19,0.17961419249	(95, 0.28232311837526575)
95	78,0.182575179967	(95, 0.28232311837526575)
95	50,0.197490823904	(95, 0.28232311837526575)
96	96,0.0628167467265	(96, 0.062816746726544956)
96	13,0.09562787066	(96, 0.062816746726544956)
96	17,0.0957425021127	(96, 0.062816746726544956)
96	161,0.102479056418	(96, 0.062816746726544956)
96	11,0.109675878742	(96, 0.062816746726544956)
96	160,0.110884148993	(96, 0.062816746726544956)
96	142,0.128136000825	(96, 0.062816746726544956)
96	112,0.136211268113	(96, 0.062816746726544956)
96	119,0.139281038033	(96, 0.062816746726544956)
96	90,0.14283600755	(96, 0.062816746726544956)
97	171,0.0702438368025	(97, 0.16859591406426927)
97	40,0.0761820536996	(97, 0.16859591406426927)
97	69,0.0829776829554	(97, 0.16859591406426927)
97	17,0.09940066	(97, 0.16859591406426927)
97	120,0.11007397574	(97, 0.16859591406426927)
97	3,0.116373147556	(97, 0.16859591406426927)
97	4,0.118767775812	(97, 0.16859591406426927)
97	79,0.127393526099	(97, 0.16859591406426927)
97	37,0.135935747578	(97, 0.16859591406426927)
97	13,0.140735056938	(97, 0.16859591406426927)
98	98,0.0527614445707	(98, 0.052761444570737247)
98	40,0.100142649548	(98, 0.052761444570737247)
98	15,0.104604092551	(98, 0.052761444570737247)
98	25,0.12246306919	(98, 0.052761444570737247)
98	153,0.126841218656	(98, 0.052761444570737247)
98	171,0.130065630142	(98, 0.052761444570737247)
98	49,0.147145536063	(98, 0.052761444570737247)
98	83,0.15926316916	(98, 0.052761444570737247)
98	69,0.160374621109	(98, 0.052761444570737247)
98	4,0.160413896417	(98, 0.052761444570737247)
99	84,0.107499957373	(99, 0.14133912332037463)
99	73,0.107507178451	(99, 0.14133912332037463)
99	143,0.107960845392	(99, 0.14133912332037463)
99	109,0.115158162665	(99, 0.14133912332037463)
99	93,0.115569703781	(99, 0.14133912332037463)
99	78,0.130279996604	(99, 0.14133912332037463)
99	127,0.132953400139	(99, 0.14133912332037463)
99	155,0.134410841158	(99, 0.14133912332037463)
99	116,0.140110374061	(99, 0.14133912332037463)
99	99,0.14133912332	(99, 0.14133912332037463)
100	100,0.0428832752877	(100, 0.042883275287725703)
100	77,0.0685913820717	(100, 0.042883275287725703)
100	74,0.0694739308008	(100, 0.042883275287725703)
100	17,0.0712453922769	(100, 0.042883275287725703)
100	90,0.075431040663	(100, 0.042883275287725703)
100	37,0.0767853417919	(100, 0.042883275287725703)
100	21,0.0772584662796	(100, 0.042883275287725703)
100	135,0.0791048585311	(100, 0.042883275287725703)
100	11,0.0833925262791	(100, 0.042883275287725703)
100	3,0.0888172991851	(100, 0.042883275287725703)
101	73,0.119979451211	(101, 0.12798706614179015)
101	101,0.127987066142	(101, 0.12798706614179015)
101	1,0.129146437384	(101, 0.12798706614179015)
101	13,0.130844198706	(101, 0.12798706614179015)
101	69,0.13791200927	(101, 0.12798706614179015)
101	124,0.138040532513	(101, 0.12798706614179015)
101	60,0.13891624649	(101, 0.12798706614179015)
101	29,0.155562101186	(101, 0.12798706614179015)
101	77,0.159114738205	(101, 0.12798706614179015)
101	4,0.164821894772	(101, 0.12798706614179015)
102	91,0.151004730621	(102, 0.16605778663603932)
102	114,0.163930394546	(102, 0.16605778663603932)
102	102,0.166057786636	(102, 0.16605778663603932)
102	101,0.179309295205	(102, 0.16605778663603932)
102	154,0.180102427777	(102, 0.16605778663603932)
102	41,0.180583394774	(102, 0.16605778663603932)
102	110,0.185288653788	(102, 0.16605778663603932)
102	1,0.188565157364	(102, 0.16605778663603932)
102	103,0.199798548896	(102, 0.16605778663603932)
102	53,0.207699332052	(102, 0.16605778663603932)
103	103,0.118028037648	(103, 0.11802803764849157)
103	73,0.177259668371	(103, 0.11802803764849157)
103	101,0.20613310889	(103, 0.11802803764849157)
103	91,0.219340200746	(103, 0.11802803764849157)
103	26,0.227528513486	(103, 0.11802803764849157)
103	93,0.228101604863	(103, 0.11802803764849157)
103	114,0.23134255202	(103, 0.11802803764849157)
103	127,0.239509833436	(103, 0.11802803764849157)
103	39,0.242216993528	(103, 0.11802803764849157)
103	51,0.245658942185	(103, 0.11802803764849157)
104	124,0.0795425081355	(104, 0.16037561174172515)
104	93,0.123398085219	(104, 0.16037561174172515)
104	119,0.129372092034	(104, 0.16037561174172515)
104	81,0.129975555924	(104, 0.16037561174172515)
104	115,0.136842012624	(104, 0.16037561174172515)
104	11,0.139629327219	(104, 0.16037561174172515)
104	73,0.14092095528	(104, 0.16037561174172515)
104	104,0.160375611742	(104, 0.16037561174172515)
104	3,0.162172839788	(104, 0.16037561174172515)
104	37,0.170374454322	(104, 0.16037561174172515)
105	43,0.136958997589	(105, 0.18611288098839396)
105	27,0.15781847426	(105, 0.18611288098839396)
105	24,0.158515263351	(105, 0.18611288098839396)
105	19,0.172988226583	(105, 0.18611288098839396)
105	107,0.183906027236	(105, 0.18611288098839396)
105	105,0.186112880988	(105, 0.18611288098839396)
105	38,0.202047606448	(105, 0.18611288098839396)
105	50,0.207390165365	(105, 0.18611288098839396)
105	99,0.214885322263	(105, 0.18611288098839396)
105	61,0.222289358889	(105, 0.18611288098839396)
106	106,0.0796949268232	(106, 0.079694926823231052)
106	156,0.141420795022	(106, 0.079694926823231052)
106	116,0.142394145788	(106, 0.079694926823231052)
106	171,0.148390312723	(106, 0.079694926823231052)
106	173,0.149452878095	(106, 0.079694926823231052)
106	93,0.156241185095	(106, 0.079694926823231052)
106	13,0.167053468064	(106, 0.079694926823231052)
106	54,0.175463730203	(106, 0.079694926823231052)
106	77,0.183096795134	(106, 0.079694926823231052)
106	124,0.18842810272	(106, 0.079694926823231052)
107	26,0.102704680412	(107, 0.10734369752421054)
107	107,0.107343697524	(107, 0.10734369752421054)
107	22,0.107854956759	(107, 0.10734369752421054)
107	138,0.117333435255	(107, 0.10734369752421054)
107	78,0.120473540149	(107, 0.10734369752421054)
107	121,0.122371884199	(107, 0.10734369752421054)
107	76,0.123355974744	(107, 0.10734369752421054)
107	1,0.1234036027	(107, 0.10734369752421054)
107	77,0.123658748322	(107, 0.10734369752421054)
107	61,0.123942354582	(107, 0.10734369752421054)
108	77,0.0752872765904	(108, 0.22308589356851591)
108	171,0.116924577564	(108, 0.22308589356851591)
108	173,0.130928144963	(108, 0.22308589356851591)
108	17,0.140490423153	(108, 0.22308589356851591)
108	49,0.140961134048	(108, 0.22308589356851591)
108	100,0.145011305628	(108, 0.22308589356851591)
108	4,0.145197604388	(108, 0.22308589356851591)
108	40,0.148177467125	(108, 0.22308589356851591)
108	170,0.151615413526	(108, 0.22308589356851591)
108	37,0.155004558648	(108, 0.22308589356851591)
109	109,0.0768351311748	(109, 0.07683513117478355)
109	158,0.0850626502912	(109, 0.07683513117478355)
109	133,0.117719882461	(109, 0.07683513117478355)
109	127,0.124345247504	(109, 0.07683513117478355)
109	145,0.12557490842	(109, 0.07683513117478355)
109	12,0.127893111896	(109, 0.07683513117478355)
109	84,0.136765751042	(109, 0.07683513117478355)
109	151,0.139246764292	(109, 0.07683513117478355)
109	14,0.139662695785	(109, 0.07683513117478355)
109	38,0.147289975851	(109, 0.07683513117478355)
110	1,0.0785559981451	(110, 0.1552565374444784)
110	121,0.0927415924843	(110, 0.1552565374444784)
110	11,0.0980089703267	(110, 0.1552565374444784)
110	161,0.115969414006	(110, 0.1552565374444784)
110	3,0.117875294896	(110, 0.1552565374444784)
110	73,0.125311086224	(110, 0.1552565374444784)
110	26,0.125731875206	(110, 0.1552565374444784)
110	13,0.129659933136	(110, 0.1552565374444784)
110	154,0.133893199469	(110, 0.1552565374444784)
110	71,0.134021168831	(110, 0.1552565374444784)
111	73,0.0954249020929	(111, 0.37144102842541921)
111	101,0.115428737668	(111, 0.37144102842541921)
111	124,0.118907625179	(111, 0.37144102842541921)
111	93,0.124492728016	(111, 0.37144102842541921)
111	13,0.130195296615	(111, 0.37144102842541921)
111	1,0.152887940726	(111, 0.37144102842541921)
111	78,0.153409165266	(111, 0.37144102842541921)
111	127,0.156121918359	(111, 0.37144102842541921)
111	156,0.158188135983	(111, 0.37144102842541921)
111	41,0.165442421122	(111, 0.37144102842541921)
112	90,0.063344948698	(112, 0.084130503835731646)
112	11,0.0651657989789	(112, 0.084130503835731646)
112	3,0.070782774984	(112, 0.084130503835731646)
112	100,0.0795511019864	(112, 0.084130503835731646)
112	161,0.083193547527	(112, 0.084130503835731646)
112	112,0.0841305038357	(112, 0.084130503835731646)
112	81,0.0863068218357	(112, 0.084130503835731646)
112	21,0.0934019653186	(112, 0.084130503835731646)
112	77,0.0957376131629	(112, 0.084130503835731646)
112	17,0.0966285516538	(112, 0.084130503835731646)
113	113,0.12456272264	(113, 0.1245627226395873)
113	65,0.157829158744	(113, 0.1245627226395873)
113	129,0.230186372023	(113, 0.1245627226395873)
113	154,0.275262275334	(113, 0.1245627226395873)
113	44,0.28404867574	(113, 0.1245627226395873)
113	160,0.288696756658	(113, 0.1245627226395873)
113	53,0.294931917275	(113, 0.1245627226395873)
113	120,0.30735970841	(113, 0.1245627226395873)
113	15,0.328290587952	(113, 0.1245627226395873)
113	68,0.334936892689	(113, 0.1245627226395873)
114	114,0.08657056848	(114, 0.08657056847995491)
114	53,0.0965697681712	(114, 0.08657056847995491)
114	73,0.10228683671	(114, 0.08657056847995491)
114	124,0.103850317079	(114, 0.08657056847995491)
114	13,0.14793029884	(114, 0.08657056847995491)
114	104,0.150755345532	(114, 0.08657056847995491)
114	154,0.163270400839	(114, 0.08657056847995491)
114	156,0.163570884085	(114, 0.08657056847995491)
114	139,0.177118421297	(114, 0.08657056847995491)
114	93,0.178082080147	(114, 0.08657056847995491)
115	119,0.085086285917	(115, 0.090486610747672211)
115	115,0.0904866107477	(115, 0.090486610747672211)
115	11,0.0908247737394	(115, 0.090486610747672211)
115	37,0.114505843821	(115, 0.090486610747672211)
115	96,0.116177719432	(115, 0.090486610747672211)
115	135,0.132802866508	(115, 0.090486610747672211)
115	81,0.135394028624	(115, 0.090486610747672211)
115	17,0.135633182935	(115, 0.090486610747672211)
115	3,0.138641408963	(115, 0.090486610747672211)
115	90,0.148406185246	(115, 0.090486610747672211)
116	116,0.0677009319483	(116, 0.067700931948292215)
116	93,0.0727098157721	(116, 0.067700931948292215)
116	109,0.136213643201	(116, 0.067700931948292215)
116	73,0.143018554776	(116, 0.067700931948292215)
116	143,0.154044904766	(116, 0.067700931948292215)
116	124,0.163273292214	(116, 0.067700931948292215)
116	171,0.167089540668	(116, 0.067700931948292215)
116	158,0.168633074397	(116, 0.067700931948292215)
116	130,0.169339699377	(116, 0.067700931948292215)
116	127,0.17430031907	(116, 0.067700931948292215)
117	117,0.0312717563313	(117, 0.031271756331313544)
117	71,0.0700959112297	(117, 0.031271756331313544)
117	21,0.074714794005	(117, 0.031271756331313544)
117	76,0.0893183563238	(117, 0.031271756331313544)
117	22,0.0893363746783	(117, 0.031271756331313544)
117	121,0.0908030683012	(117, 0.031271756331313544)
117	161,0.0921183406438	(117, 0.031271756331313544)
117	11,0.0933339198689	(117, 0.031271756331313544)
117	81,0.102071303818	(117, 0.031271756331313544)
117	77,0.102744099322	(117, 0.031271756331313544)
118	33,0.165400774113	(118, 0.27522800085760157)
118	34,0.203444405881	(118, 0.27522800085760157)
118	69,0.233180990417	(118, 0.27522800085760157)
118	113,0.258824129928	(118, 0.27522800085760157)
118	118,0.275228000858	(118, 0.27522800085760157)
118	15,0.279858857384	(118, 0.27522800085760157)
118	4,0.283741936788	(118, 0.27522800085760157)
118	2,0.284514062567	(118, 0.27522800085760157)
118	129,0.299077576594	(118, 0.27522800085760157)
118	25,0.320814118289	(118, 0.27522800085760157)
119	120,0.109593503331	(119, 0.11818415817569453)
119	17,0.115673059036	(119, 0.11818415817569453)
119	119,0.118184158176	(119, 0.11818415817569453)
119	171,0.119088041967	(119, 0.11818415817569453)
119	4,0.122706744523	(119, 0.11818415817569453)
119	40,0.1298514414	(119, 0.11818415817569453)
119	153,0.132424510102	(119, 0.11818415817569453)
119	97,0.133016820589	(119, 0.11818415817569453)
119	13,0.136960983662	(119, 0.11818415817569453)
119	124,0.140418592413	(119, 0.11818415817569453)
120	120,0.0756370581411	(120, 0.075637058141120081)
120	65,0.106296039665	(120, 0.075637058141120081)
120	44,0.125051966105	(120, 0.075637058141120081)
120	97,0.127139832545	(120, 0.075637058141120081)
120	160,0.135647854817	(120, 0.075637058141120081)
120	53,0.138154207911	(120, 0.075637058141120081)
120	154,0.152657333435	(120, 0.075637058141120081)
120	124,0.153316941223	(120, 0.075637058141120081)
120	54,0.160862288056	(120, 0.075637058141120081)
120	17,0.166918142192	(120, 0.075637058141120081)
121	121,0.0702649016878	(121, 0.070264901687848436)
121	26,0.0847444725269	(121, 0.070264901687848436)
121	78,0.0850116640152	(121, 0.070264901687848436)
121	22,0.0869290929797	(121, 0.070264901687848436)
121	1,0.0941979897877	(121, 0.070264901687848436)
121	61,0.108300042706	(121, 0.070264901687848436)
121	73,0.109838219723	(121, 0.070264901687848436)
121	23,0.114007731793	(121, 0.070264901687848436)
121	131,0.119234860106	(121, 0.070264901687848436)
121	127,0.119645219189	(121, 0.070264901687848436)
122	173,0.121013783953	(122, 0.12861808208553788)
122	122,0.128618082086	(122, 0.12861808208553788)
122	153,0.153083785893	(122, 0.12861808208553788)
122	2,0.188118316907	(122, 0.12861808208553788)
122	69,0.19310107552	(122, 0.12861808208553788)
122	48,0.217018410046	(122, 0.12861808208553788)
122	171,0.222585670224	(122, 0.12861808208553788)
122	116,0.222638325429	(122, 0.12861808208553788)
122	4,0.230796303251	(122, 0.12861808208553788)
122	54,0.238491981331	(122, 0.12861808208553788)
123	123,0.089539228224	(123, 0.089539228223956741)
123	171,0.0895579088854	(123, 0.089539228223956741)
123	81,0.124579377091	(123, 0.089539228223956741)
123	145,0.127000875993	(123, 0.089539228223956741)
123	90,0.138463060726	(123, 0.089539228223956741)
123	40,0.140532947352	(123, 0.089539228223956741)
123	119,0.141066966396	(123, 0.089539228223956741)
123	115,0.148580180617	(123, 0.089539228223956741)
123	96,0.149655889226	(123, 0.089539228223956741)
123	136,0.15737772184	(123, 0.089539228223956741)
124	124,0.140594180485	(124, 0.14059418048530209)
124	101,0.179510072392	(124, 0.14059418048530209)
124	41,0.211466232666	(124, 0.14059418048530209)
124	168,0.229045188791	(124, 0.14059418048530209)
124	73,0.242552127961	(124, 0.14059418048530209)
124	139,0.248403439885	(124, 0.14059418048530209)
124	156,0.249879439832	(124, 0.14059418048530209)
124	154,0.252228971435	(124, 0.14059418048530209)
124	27,0.252919111653	(124, 0.14059418048530209)
124	91,0.256775485416	(124, 0.14059418048530209)
125	13,0.172665021476	(125, 0.23257950272917588)
125	73,0.19338728708	(125, 0.23257950272917588)
125	154,0.204769596578	(125, 0.23257950272917588)
125	114,0.214784405479	(125, 0.23257950272917588)
125	41,0.21887605579	(125, 0.23257950272917588)
125	65,0.226971062391	(125, 0.23257950272917588)
125	23,0.227580655963	(125, 0.23257950272917588)
125	61,0.230953156109	(125, 0.23257950272917588)
125	125,0.232579502729	(125, 0.23257950272917588)
125	29,0.233868331478	(125, 0.23257950272917588)
126	126,0.0902649252236	(126, 0.090264925223554698)
126	81,0.100046112025	(126, 0.090264925223554698)
126	121,0.104346039935	(126, 0.090264925223554698)
126	131,0.10505221413	(126, 0.090264925223554698)
126	12,0.111354872068	(126, 0.090264925223554698)
126	3,0.111453678894	(126, 0.090264925223554698)
126	11,0.112191129011	(126, 0.090264925223554698)
126	127,0.11334911808	(126, 0.090264925223554698)
126	119,0.114875659183	(126, 0.090264925223554698)
126	150,0.119422581002	(126, 0.090264925223554698)
127	127,0.0567816975073	(127, 0.056781697507250255)
127	12,0.083023760926	(127, 0.056781697507250255)
127	78,0.0897268602754	(127, 0.056781697507250255)
127	22,0.0992398688136	(127, 0.056781697507250255)
127	138,0.101220923236	(127, 0.056781697507250255)
127	158,0.102156101025	(127, 0.056781697507250255)
127	121,0.104576411275	(127, 0.056781697507250255)
127	107,0.107880989005	(127, 0.056781697507250255)
127	157,0.110078469057	(127, 0.056781697507250255)
127	50,0.110456535314	(127, 0.056781697507250255)
128	98,0.117248807491	(128, 0.2347085617190125)
128	49,0.120761456256	(128, 0.2347085617190125)
128	15,0.168640203181	(128, 0.2347085617190125)
128	100,0.175469559529	(128, 0.2347085617190125)
128	59,0.176595778834	(128, 0.2347085617190125)
128	77,0.178711801038	(128, 0.2347085617190125)
128	83,0.18931763376	(128, 0.2347085617190125)
128	25,0.209946310441	(128, 0.2347085617190125)
128	94,0.213361339076	(128, 0.2347085617190125)
128	171,0.234133759936	(128, 0.2347085617190125)
129	129,0.180246045552	(129, 0.1802460455519119)
129	13,0.202180936698	(129, 0.1802460455519119)
129	65,0.208321869353	(129, 0.1802460455519119)
129	34,0.212498340209	(129, 0.1802460455519119)
129	91,0.222945414626	(129, 0.1802460455519119)
129	28,0.233084227346	(129, 0.1802460455519119)
129	53,0.235315330837	(129, 0.1802460455519119)
129	154,0.238121521705	(129, 0.1802460455519119)
129	73,0.243281879248	(129, 0.1802460455519119)
129	156,0.246934357841	(129, 0.1802460455519119)
130	165,0.157377458792	(130, 0.17176941848624369)
130	116,0.162291622851	(130, 0.17176941848624369)
130	130,0.171769418486	(130, 0.17176941848624369)
130	72,0.181801596115	(130, 0.17176941848624369)
130	104,0.208874110862	(130, 0.17176941848624369)
130	143,0.213366958622	(130, 0.17176941848624369)
130	84,0.228890433131	(130, 0.17176941848624369)
130	155,0.255566466868	(130, 0.17176941848624369)
130	93,0.258423069623	(130, 0.17176941848624369)
130	124,0.284369665863	(130, 0.17176941848624369)
131	131,0.0512776204129	(131, 0.051277620412862351)
131	18,0.0597013922486	(131, 0.051277620412862351)
131	22,0.0650592448879	(131, 0.051277620412862351)
131	46,0.0696438896149	(131, 0.051277620412862351)
131	138,0.069910743856	(131, 0.051277620412862351)
131	145,0.0734769395124	(131, 0.051277620412862351)
131	157,0.0773088302021	(131, 0.051277620412862351)
131	76,0.0782686869135	(131, 0.051277620412862351)
131	146,0.0822440867516	(131, 0.051277620412862351)
131	170,0.0822499999283	(131, 0.051277620412862351)
132	132,0.075200387849	(132, 0.075200387848975661)
132	34,0.188356476213	(132, 0.075200387848975661)
132	129,0.189194247321	(132, 0.075200387848975661)
132	91,0.194914636216	(132, 0.075200387848975661)
132	102,0.239159897922	(132, 0.075200387848975661)
132	103,0.250090116633	(132, 0.075200387848975661)
132	114,0.263994596527	(132, 0.075200387848975661)
132	152,0.270310212088	(132, 0.075200387848975661)
132	53,0.271914585416	(132, 0.075200387848975661)
132	65,0.279115465587	(132, 0.075200387848975661)
133	121,0.0790636555721	(133, 0.11557826442661605)
133	127,0.082401539728	(133, 0.11557826442661605)
133	78,0.0907216241354	(133, 0.11557826442661605)
133	22,0.108177310822	(133, 0.11557826442661605)
133	73,0.110463272879	(133, 0.11557826442661605)
133	133,0.115578264427	(133, 0.11557826442661605)
133	18,0.117653654332	(133, 0.11557826442661605)
133	88,0.121226851076	(133, 0.11557826442661605)
133	109,0.123963356554	(133, 0.11557826442661605)
133	26,0.128154958982	(133, 0.11557826442661605)
134	146,0.045834950636	(134, 0.071432096607225479)
134	136,0.0568800312434	(134, 0.071432096607225479)
134	63,0.0575724357352	(134, 0.071432096607225479)
134	76,0.0587019040961	(134, 0.071432096607225479)
134	161,0.0672631938047	(134, 0.071432096607225479)
134	77,0.0713741652004	(134, 0.071432096607225479)
134	134,0.0714320966072	(134, 0.071432096607225479)
134	170,0.0738033073007	(134, 0.071432096607225479)
134	117,0.0840593959977	(134, 0.071432096607225479)
134	3,0.0873292531053	(134, 0.071432096607225479)
135	135,0.0855234865112	(135, 0.08552348651121626)
135	54,0.101139148475	(135, 0.08552348651121626)
135	126,0.117435703714	(135, 0.08552348651121626)
135	11,0.120091211331	(135, 0.08552348651121626)
135	121,0.125093460355	(135, 0.08552348651121626)
135	3,0.135466087622	(135, 0.08552348651121626)
135	161,0.137048472773	(135, 0.08552348651121626)
135	131,0.138109620052	(135, 0.08552348651121626)
135	150,0.139683989758	(135, 0.08552348651121626)
135	13,0.140493493752	(135, 0.08552348651121626)
136	136,0.033564400001	(136, 0.033564400000980162)
136	146,0.0428935868656	(136, 0.033564400000980162)
136	63,0.0431281902219	(136, 0.033564400000980162)
136	76,0.0677229946671	(136, 0.033564400000980162)
136	170,0.0692815413096	(136, 0.033564400000980162)
136	3,0.0726675672055	(136, 0.033564400000980162)
136	90,0.0790352991834	(136, 0.033564400000980162)
136	36,0.0810106509913	(136, 0.033564400000980162)
136	117,0.0867948960125	(136, 0.033564400000980162)
136	135,0.0918766910903	(136, 0.033564400000980162)
137	137,0.105054092158	(137, 0.10505409215764377)
137	127,0.108018100416	(137, 0.10505409215764377)
137	78,0.110395279141	(137, 0.10505409215764377)
137	157,0.127523794015	(137, 0.10505409215764377)
137	107,0.130119162703	(137, 0.10505409215764377)
137	99,0.148404861168	(137, 0.10505409215764377)
137	158,0.149589085036	(137, 0.10505409215764377)
137	55,0.151169953978	(137, 0.10505409215764377)
137	84,0.154617611644	(137, 0.10505409215764377)
137	73,0.16325205297	(137, 0.10505409215764377)
138	138,0.0270256133594	(138, 0.02702561335937427)
138	46,0.0548417735185	(138, 0.02702561335937427)
138	150,0.0724162333063	(138, 0.02702561335937427)
138	76,0.0741011200344	(138, 0.02702561335937427)
138	18,0.0747590008616	(138, 0.02702561335937427)
138	22,0.0845317865266	(138, 0.02702561335937427)
138	131,0.0859937820983	(138, 0.02702561335937427)
138	170,0.0945195829922	(138, 0.02702561335937427)
138	145,0.102491277844	(138, 0.02702561335937427)
138	35,0.103169499902	(138, 0.02702561335937427)
139	124,0.115222965031	(139, 0.1490544158285608)
139	73,0.117266533457	(139, 0.1490544158285608)
139	93,0.13261115067	(139, 0.1490544158285608)
139	69,0.134596713261	(139, 0.1490544158285608)
139	116,0.14427441683	(139, 0.1490544158285608)
139	104,0.144673985864	(139, 0.1490544158285608)
139	156,0.1479554772	(139, 0.1490544158285608)
139	139,0.149054415829	(139, 0.1490544158285608)
139	53,0.161279247964	(139, 0.1490544158285608)
139	13,0.177157071047	(139, 0.1490544158285608)
140	140,0.205699861281	(140, 0.20569986128125475)
140	48,0.2348346774	(140, 0.20569986128125475)
140	124,0.274468252291	(140, 0.20569986128125475)
140	56,0.284830497753	(140, 0.20569986128125475)
140	4,0.287509042259	(140, 0.20569986128125475)
140	33,0.28917043001	(140, 0.20569986128125475)
140	97,0.295070895933	(140, 0.20569986128125475)
140	2,0.300435625876	(140, 0.20569986128125475)
140	120,0.301692626743	(140, 0.20569986128125475)
140	69,0.306594295618	(140, 0.20569986128125475)
141	61,0.135684293518	(141, 0.38349992743162942)
141	23,0.172424323213	(141, 0.38349992743162942)
141	16,0.177530006667	(141, 0.38349992743162942)
141	12,0.177657218502	(141, 0.38349992743162942)
141	105,0.179523828389	(141, 0.38349992743162942)
141	38,0.179704507381	(141, 0.38349992743162942)
141	73,0.184464847326	(141, 0.38349992743162942)
141	24,0.192022473808	(141, 0.38349992743162942)
141	55,0.195945922802	(141, 0.38349992743162942)
141	29,0.196302103028	(141, 0.38349992743162942)
142	142,0.0484598398469	(142, 0.04845983984691335)
142	3,0.0539998178616	(142, 0.04845983984691335)
142	112,0.0689171861874	(142, 0.04845983984691335)
142	11,0.0689769543814	(142, 0.04845983984691335)
142	161,0.0711448768984	(142, 0.04845983984691335)
142	90,0.0720409446954	(142, 0.04845983984691335)
142	136,0.0726070965027	(142, 0.04845983984691335)
142	17,0.0794320844675	(142, 0.04845983984691335)
142	135,0.0906905659465	(142, 0.04845983984691335)
142	149,0.0915074070661	(142, 0.04845983984691335)
143	143,0.0787725330441	(143, 0.078772533044062135)
143	14,0.144669139538	(143, 0.078772533044062135)
143	38,0.149192046986	(143, 0.078772533044062135)
143	12,0.153299563852	(143, 0.078772533044062135)
143	116,0.184060846369	(143, 0.078772533044062135)
143	50,0.190793793812	(143, 0.078772533044062135)
143	144,0.191465980848	(143, 0.078772533044062135)
143	158,0.196478852632	(143, 0.078772533044062135)
143	109,0.202595453112	(143, 0.078772533044062135)
143	155,0.203387586021	(143, 0.078772533044062135)
144	157,0.10911592583	(144, 0.11227153716768586)
144	144,0.112271537168	(144, 0.11227153716768586)
144	127,0.112628359486	(144, 0.11227153716768586)
144	78,0.112668892245	(144, 0.11227153716768586)
144	38,0.117529080622	(144, 0.11227153716768586)
144	55,0.122131019665	(144, 0.11227153716768586)
144	24,0.12895798655	(144, 0.11227153716768586)
144	12,0.147061317755	(144, 0.11227153716768586)
144	14,0.155072084509	(144, 0.11227153716768586)
144	22,0.158055553825	(144, 0.11227153716768586)
145	145,0.0379172033534	(145, 0.037917203353378545)
145	158,0.0888100299539	(145, 0.037917203353378545)
145	12,0.118119163759	(145, 0.037917203353378545)
145	136,0.138458197903	(145, 0.037917203353378545)
145	81,0.143030189577	(145, 0.037917203353378545)
145	46,0.144317165277	(145, 0.037917203353378545)
145	131,0.144381697438	(145, 0.037917203353378545)
145	18,0.146057042137	(145, 0.037917203353378545)
145	171,0.152425408636	(145, 0.037917203353378545)
145	123,0.153253627261	(145, 0.037917203353378545)
146	63,0.0463038434859	(146, 0.048913058637916229)
146	76,0.046414319768	(146, 0.048913058637916229)
146	146,0.0489130586379	(146, 0.048913058637916229)
146	131,0.0578673449831	(146, 0.048913058637916229)
146	150,0.0586672057237	(146, 0.048913058637916229)
146	18,0.0603499641988	(146, 0.048913058637916229)
146	22,0.0676610007765	(146, 0.048913058637916229)
146	121,0.0686919306167	(146, 0.048913058637916229)
146	126,0.0751492112796	(146, 0.048913058637916229)
146	23,0.0772592164919	(146, 0.048913058637916229)
147	147,0.0476033966497	(147, 0.0476033966497185)
147	17,0.0601927225272	(147, 0.0476033966497185)
147	142,0.0719772123191	(147, 0.0476033966497185)
147	100,0.0916270813454	(147, 0.0476033966497185)
147	90,0.0989106618229	(147, 0.0476033966497185)
147	171,0.117674873378	(147, 0.0476033966497185)
147	49,0.118936123498	(147, 0.0476033966497185)
147	112,0.120464207833	(147, 0.0476033966497185)
147	3,0.129006403391	(147, 0.0476033966497185)
147	37,0.136927074095	(147, 0.0476033966497185)
148	148,0.155656246617	(148, 0.15565624661688346)
148	32,0.25591697341	(148, 0.15565624661688346)
148	168,0.303822157322	(148, 0.15565624661688346)
148	33,0.332078936742	(148, 0.15565624661688346)
148	27,0.444417309081	(148, 0.15565624661688346)
148	111,0.468572555575	(148, 0.15565624661688346)
148	155,0.474510399007	(148, 0.15565624661688346)
148	164,0.486528344574	(148, 0.15565624661688346)
148	51,0.489864658555	(148, 0.15565624661688346)
148	91,0.494405448774	(148, 0.15565624661688346)
149	3,0.038616416544	(149, 0.076343368900318065)
149	11,0.0563869751992	(149, 0.076343368900318065)
149	161,0.0631985449518	(149, 0.076343368900318065)
149	71,0.0675177790776	(149, 0.076343368900318065)
149	121,0.0751277887626	(149, 0.076343368900318065)
149	149,0.0763433689003	(149, 0.076343368900318065)
149	63,0.0783322092051	(149, 0.076343368900318065)
149	86,0.0787083222506	(149, 0.076343368900318065)
149	142,0.0848163658607	(149, 0.076343368900318065)
149	117,0.0889393977734	(149, 0.076343368900318065)
150	121,0.0392918333597	(150, 0.064325250768234241)
150	131,0.0641674298421	(150, 0.064325250768234241)
150	150,0.0643252507682	(150, 0.064325250768234241)
150	22,0.0763470037041	(150, 0.064325250768234241)
150	78,0.07986488814	(150, 0.064325250768234241)
150	18,0.0832387391225	(150, 0.064325250768234241)
150	61,0.0840139163754	(150, 0.064325250768234241)
150	63,0.08482525013	(150, 0.064325250768234241)
150	70,0.0882795315392	(150, 0.064325250768234241)
150	23,0.08844557493	(150, 0.064325250768234241)
151	151,0.0750608824641	(151, 0.075060882464121487)
151	121,0.0972883966555	(151, 0.075060882464121487)
151	18,0.108120889485	(151, 0.075060882464121487)
151	117,0.116927155041	(151, 0.075060882464121487)
151	88,0.120612265501	(151, 0.075060882464121487)
151	138,0.12135739323	(151, 0.075060882464121487)
151	35,0.123166545221	(151, 0.075060882464121487)
151	81,0.125062653645	(151, 0.075060882464121487)
151	12,0.126551358238	(151, 0.075060882464121487)
151	11,0.134395125387	(151, 0.075060882464121487)
152	132,0.115839184309	(152, 0.17699318763487951)
152	152,0.176993187635	(152, 0.17699318763487951)
152	129,0.199893351864	(152, 0.17699318763487951)
152	34,0.206374024756	(152, 0.17699318763487951)
152	91,0.217838935306	(152, 0.17699318763487951)
152	102,0.219605051471	(152, 0.17699318763487951)
152	103,0.251686652277	(152, 0.17699318763487951)
152	95,0.280691093983	(152, 0.17699318763487951)
152	1,0.288683633527	(152, 0.17699318763487951)
152	28,0.295224024021	(152, 0.17699318763487951)
153	153,0.0379380392905	(153, 0.037938039290517693)
153	40,0.095685785669	(153, 0.037938039290517693)
153	171,0.116656995429	(153, 0.037938039290517693)
153	69,0.127275325522	(153, 0.037938039290517693)
153	173,0.131977627628	(153, 0.037938039290517693)
153	4,0.138782491541	(153, 0.037938039290517693)
153	116,0.164386696142	(153, 0.037938039290517693)
153	48,0.192412062986	(153, 0.037938039290517693)
153	2,0.20171310426	(153, 0.037938039290517693)
153	56,0.201886312217	(153, 0.037938039290517693)
154	11,0.0756035338382	(154, 0.10756133356909878)
154	71,0.0869408510789	(154, 0.10756133356909878)
154	1,0.0887916976105	(154, 0.10756133356909878)
154	121,0.0936745858639	(154, 0.10756133356909878)
154	161,0.0938738019105	(154, 0.10756133356909878)
154	154,0.107561333569	(154, 0.10756133356909878)
154	117,0.118086424715	(154, 0.10756133356909878)
154	81,0.119186356929	(154, 0.10756133356909878)
154	73,0.124348738261	(154, 0.10756133356909878)
154	3,0.127631500008	(154, 0.10756133356909878)
155	73,0.103081637366	(155, 0.11510464584574666)
155	155,0.115104645846	(155, 0.11510464584574666)
155	109,0.127962669433	(155, 0.11510464584574666)
155	143,0.134774070844	(155, 0.11510464584574666)
155	107,0.148042975129	(155, 0.11510464584574666)
155	27,0.159356044051	(155, 0.11510464584574666)
155	127,0.162202747704	(155, 0.11510464584574666)
155	50,0.162468041407	(155, 0.11510464584574666)
155	38,0.176449501865	(155, 0.11510464584574666)
155	78,0.188506161966	(155, 0.11510464584574666)
156	22,0.0852287343961	(156, 0.12870553814081948)
156	126,0.0927127817731	(156, 0.12870553814081948)
156	12,0.0957864092802	(156, 0.12870553814081948)
156	131,0.104770180255	(156, 0.12870553814081948)
156	3,0.105205909548	(156, 0.12870553814081948)
156	127,0.105325334446	(156, 0.12870553814081948)
156	73,0.105589169343	(156, 0.12870553814081948)
156	121,0.108485254203	(156, 0.12870553814081948)
156	76,0.110983047371	(156, 0.12870553814081948)
156	93,0.111412837769	(156, 0.12870553814081948)
157	77,0.055220660394	(157, 0.17107227610430614)
157	3,0.0672364056106	(157, 0.17107227610430614)
157	37,0.0805597129119	(157, 0.17107227610430614)
157	135,0.0824976651611	(157, 0.17107227610430614)
157	11,0.0836149413321	(157, 0.17107227610430614)
157	170,0.0847453886762	(157, 0.17107227610430614)
157	76,0.0847547340151	(157, 0.17107227610430614)
157	63,0.0848105286515	(157, 0.17107227610430614)
157	146,0.0875153501495	(157, 0.17107227610430614)
157	136,0.091409981638	(157, 0.17107227610430614)
158	145,0.0435217887132	(158, 0.10357136357007241)
158	136,0.0816421409801	(158, 0.10357136357007241)
158	18,0.0843880431246	(158, 0.10357136357007241)
158	149,0.0894830208741	(158, 0.10357136357007241)
158	46,0.0904214011594	(158, 0.10357136357007241)
158	146,0.0932032468166	(158, 0.10357136357007241)
158	81,0.0934201660035	(158, 0.10357136357007241)
158	36,0.0958596011933	(158, 0.10357136357007241)
158	150,0.0978250639721	(158, 0.10357136357007241)
158	3,0.0998120244329	(158, 0.10357136357007241)
159	27,0.159242508758	(159, 0.70641437041085287)
159	163,0.163310419388	(159, 0.70641437041085287)
159	73,0.189136082921	(159, 0.70641437041085287)
159	32,0.195335948241	(159, 0.70641437041085287)
159	38,0.205800660209	(159, 0.70641437041085287)
159	43,0.207640771084	(159, 0.70641437041085287)
159	107,0.213296709765	(159, 0.70641437041085287)
159	105,0.224000504604	(159, 0.70641437041085287)
159	24,0.227391753791	(159, 0.70641437041085287)
159	50,0.235023124081	(159, 0.70641437041085287)
160	160,0.0395399916138	(160, 0.03953999161376269)
160	65,0.0975831885006	(160, 0.03953999161376269)
160	17,0.119470066336	(160, 0.03953999161376269)
160	44,0.126331660264	(160, 0.03953999161376269)
160	83,0.127673593604	(160, 0.03953999161376269)
160	68,0.13061169763	(160, 0.03953999161376269)
160	154,0.142670846152	(160, 0.03953999161376269)
160	13,0.149903012575	(160, 0.03953999161376269)
160	100,0.155388393469	(160, 0.03953999161376269)
160	120,0.161454665763	(160, 0.03953999161376269)
161	161,0.052388270126	(161, 0.052388270125969721)
161	76,0.0710618861912	(161, 0.052388270125969721)
161	117,0.0713659476725	(161, 0.052388270125969721)
161	18,0.0730003154442	(161, 0.052388270125969721)
161	146,0.0778902244196	(161, 0.052388270125969721)
161	88,0.0856795061277	(161, 0.052388270125969721)
161	121,0.0888924694098	(161, 0.052388270125969721)
161	63,0.0890906013826	(161, 0.052388270125969721)
161	149,0.0896766753069	(161, 0.052388270125969721)
161	90,0.0922448390898	(161, 0.052388270125969721)
162	17,0.0956134566853	(162, 0.13784344390584069)
162	3,0.106060384721	(162, 0.13784344390584069)
162	171,0.10652954593	(162, 0.13784344390584069)
162	40,0.10968913891	(162, 0.13784344390584069)
162	100,0.11380081893	(162, 0.13784344390584069)
162	147,0.115769120483	(162, 0.13784344390584069)
162	11,0.119053840962	(162, 0.13784344390584069)
162	37,0.123450303771	(162, 0.13784344390584069)
162	142,0.125894255172	(162, 0.13784344390584069)
162	83,0.130597652754	(162, 0.13784344390584069)
163	155,0.133311507115	(163, 0.15729394461474988)
163	27,0.133522826362	(163, 0.15729394461474988)
163	163,0.157293944615	(163, 0.15729394461474988)
163	32,0.165059668635	(163, 0.15729394461474988)
163	73,0.166803211278	(163, 0.15729394461474988)
163	143,0.17387951924	(163, 0.15729394461474988)
163	130,0.192283960302	(163, 0.15729394461474988)
163	109,0.203615918025	(163, 0.15729394461474988)
163	107,0.219093745387	(163, 0.15729394461474988)
163	84,0.225739590509	(163, 0.15729394461474988)
164	93,0.115932817447	(164, 0.17459269472421843)
164	116,0.143673347489	(164, 0.17459269472421843)
164	156,0.164070532601	(164, 0.17459269472421843)
164	143,0.17054838577	(164, 0.17459269472421843)
164	130,0.17244689868	(164, 0.17459269472421843)
164	73,0.174370029678	(164, 0.17459269472421843)
164	164,0.174592694724	(164, 0.17459269472421843)
164	155,0.204696040076	(164, 0.17459269472421843)
164	124,0.205479456567	(164, 0.17459269472421843)
164	27,0.228172396999	(164, 0.17459269472421843)
165	116,0.152691142691	(165, 0.20557217228937133)
165	124,0.175018938926	(165, 0.20557217228937133)
165	143,0.177412026727	(165, 0.20557217228937133)
165	69,0.181063811124	(165, 0.20557217228937133)
165	104,0.201292248317	(165, 0.20557217228937133)
165	165,0.205572172289	(165, 0.20557217228937133)
165	13,0.207409557957	(165, 0.20557217228937133)
165	139,0.210758825643	(165, 0.20557217228937133)
165	123,0.213574228425	(165, 0.20557217228937133)
165	156,0.216195920285	(165, 0.20557217228937133)
166	51,0.193489397837	(166, 0.23812066459139369)
166	39,0.216595665759	(166, 0.23812066459139369)
166	166,0.238120664591	(166, 0.23812066459139369)
166	27,0.272642529667	(166, 0.23812066459139369)
166	32,0.280012044519	(166, 0.23812066459139369)
166	19,0.290569008363	(166, 0.23812066459139369)
166	137,0.344263421095	(166, 0.23812066459139369)
166	163,0.353149778372	(166, 0.23812066459139369)
166	168,0.354493223529	(166, 0.23812066459139369)
166	107,0.371676589985	(166, 0.23812066459139369)
167	12,0.111392450201	(167, 0.13080193645091165)
167	55,0.123122313098	(167, 0.13080193645091165)
167	86,0.127332476667	(167, 0.13080193645091165)
167	167,0.130801936451	(167, 0.13080193645091165)
167	151,0.1329800759	(167, 0.13080193645091165)
167	18,0.136382033301	(167, 0.13080193645091165)
167	121,0.138321422564	(167, 0.13080193645091165)
167	150,0.139293678064	(167, 0.13080193645091165)
167	38,0.146615254522	(167, 0.13080193645091165)
167	133,0.161047212073	(167, 0.13080193645091165)
168	155,0.138801043859	(168, 0.1628067811321737)
168	168,0.162806781132	(168, 0.1628067811321737)
168	143,0.172599201278	(168, 0.1628067811321737)
168	73,0.174624828623	(168, 0.1628067811321737)
168	27,0.182592736105	(168, 0.1628067811321737)
168	99,0.190820208385	(168, 0.1628067811321737)
168	109,0.192026221591	(168, 0.1628067811321737)
168	84,0.194495953165	(168, 0.1628067811321737)
168	93,0.229014806584	(168, 0.1628067811321737)
168	116,0.230722751197	(168, 0.1628067811321737)
169	169,0.109533264324	(169, 0.10953326432382902)
169	99,0.13887331613	(169, 0.10953326432382902)
169	27,0.17532673873	(169, 0.10953326432382902)
169	143,0.181810931531	(169, 0.10953326432382902)
169	19,0.182814818211	(169, 0.10953326432382902)
169	73,0.195319182728	(169, 0.10953326432382902)
169	84,0.208551294465	(169, 0.10953326432382902)
169	109,0.216458632746	(169, 0.10953326432382902)
169	0,0.219284010403	(169, 0.10953326432382902)
169	114,0.223898238202	(169, 0.10953326432382902)
170	155,0.145731652457	(170, 0.42507028223470983)
170	27,0.153094977819	(170, 0.42507028223470983)
170	32,0.164877069695	(170, 0.42507028223470983)
170	163,0.173641194558	(170, 0.42507028223470983)
170	73,0.175365509746	(170, 0.42507028223470983)
170	107,0.196032883141	(170, 0.42507028223470983)
170	51,0.225242455389	(170, 0.42507028223470983)
170	102,0.228681136087	(170, 0.42507028223470983)
170	19,0.232006755487	(170, 0.42507028223470983)
170	168,0.235239460452	(170, 0.42507028223470983)
171	171,0.0295622055962	(171, 0.02956220559618155)
171	3,0.0652962743833	(171, 0.02956220559618155)
171	17,0.0717237807747	(171, 0.02956220559618155)
171	136,0.0724831246436	(171, 0.02956220559618155)
171	77,0.0848341911807	(171, 0.02956220559618155)
171	37,0.0887225734486	(171, 0.02956220559618155)
171	135,0.0898983259644	(171, 0.02956220559618155)
171	90,0.0904522536315	(171, 0.02956220559618155)
171	81,0.101020638574	(171, 0.02956220559618155)
171	170,0.105908129569	(171, 0.02956220559618155)
172	107,0.133814504837	(172, 0.23210394246076366)
172	157,0.136750458073	(172, 0.23210394246076366)
172	38,0.150816375968	(172, 0.23210394246076366)
172	24,0.15675531836	(172, 0.23210394246076366)
172	27,0.163168724332	(172, 0.23210394246076366)
172	61,0.180170105285	(172, 0.23210394246076366)
172	78,0.185931811806	(172, 0.23210394246076366)
172	127,0.18908958852	(172, 0.23210394246076366)
172	87,0.204730128768	(172, 0.23210394246076366)
172	55,0.207400509802	(172, 0.23210394246076366)
173	173,0.0567919080577	(173, 0.056791908057737692)
173	15,0.0908035162192	(173, 0.056791908057737692)
173	56,0.104093239441	(173, 0.056791908057737692)
173	17,0.129472306806	(173, 0.056791908057737692)
173	120,0.130845263008	(173, 0.056791908057737692)
173	69,0.134656052407	(173, 0.056791908057737692)
173	4,0.156078307462	(173, 0.056791908057737692)
173	2,0.1571131458	(173, 0.056791908057737692)
173	171,0.157870711109	(173, 0.056791908057737692)
173	153,0.161158319717	(173, 0.056791908057737692)
