0	0,0.0112568479702	(0, 0.011256847970203968)
0	38,0.0280194269896	(0, 0.011256847970203968)
0	84,0.0307350781983	(0, 0.011256847970203968)
0	109,0.0335501993341	(0, 0.011256847970203968)
0	99,0.0339090856251	(0, 0.011256847970203968)
0	14,0.0363039089433	(0, 0.011256847970203968)
0	144,0.036882028962	(0, 0.011256847970203968)
0	55,0.038435228354	(0, 0.011256847970203968)
0	170,0.0393804637775	(0, 0.011256847970203968)
0	173,0.0415155616516	(0, 0.011256847970203968)
1	1,0.0110349455181	(1, 0.011034945518090786)
1	91,0.0165501031616	(1, 0.011034945518090786)
1	102,0.0170701638248	(1, 0.011034945518090786)
1	28,0.017731766094	(1, 0.011034945518090786)
1	155,0.0187793795878	(1, 0.011034945518090786)
1	103,0.0188088689736	(1, 0.011034945518090786)
1	153,0.0210291391075	(1, 0.011034945518090786)
1	114,0.0214899006021	(1, 0.011034945518090786)
1	53,0.0218991527083	(1, 0.011034945518090786)
1	41,0.0223735587287	(1, 0.011034945518090786)
2	154,0.0143534258375	(2, 0.021706856952146653)
2	4,0.0151634520997	(2, 0.021706856952146653)
2	69,0.0201646632149	(2, 0.021706856952146653)
2	174,0.0212317506874	(2, 0.021706856952146653)
2	2,0.0217068569521	(2, 0.021706856952146653)
2	40,0.0228316403632	(2, 0.021706856952146653)
2	172,0.0257360331942	(2, 0.021706856952146653)
2	25,0.0297935817585	(2, 0.021706856952146653)
2	116,0.0308502261036	(2, 0.021706856952146653)
2	15,0.0327972356113	(2, 0.021706856952146653)
3	3,0.00529675029534	(3, 0.00529675029533611)
3	63,0.00932435658957	(3, 0.00529675029533611)
3	81,0.0093936183876	(3, 0.00529675029533611)
3	132,0.0109821145647	(3, 0.00529675029533611)
3	11,0.0118606619017	(3, 0.00529675029533611)
3	150,0.0123889126438	(3, 0.00529675029533611)
3	162,0.012606073771	(3, 0.00529675029533611)
3	121,0.0130733839729	(3, 0.00529675029533611)
3	151,0.0131635481953	(3, 0.00529675029533611)
3	137,0.013430616182	(3, 0.00529675029533611)
4	172,0.00991877037801	(4, 0.01474381091442804)
4	17,0.0106417621479	(4, 0.01474381091442804)
4	13,0.0108061241144	(4, 0.01474381091442804)
4	37,0.0126790526982	(4, 0.01474381091442804)
4	77,0.0143176773089	(4, 0.01474381091442804)
4	4,0.0147438109144	(4, 0.01474381091442804)
4	120,0.0149656713429	(4, 0.01474381091442804)
4	40,0.0155600444051	(4, 0.01474381091442804)
4	69,0.0160568204875	(4, 0.01474381091442804)
4	136,0.0162447203116	(4, 0.01474381091442804)
5	73,0.0115670949494	(5, 0.044631520993250483)
5	107,0.0208713844319	(5, 0.044631520993250483)
5	93,0.0225173024523	(5, 0.044631520993250483)
5	26,0.0241141410087	(5, 0.044631520993250483)
5	95,0.0243606755134	(5, 0.044631520993250483)
5	78,0.0243737094476	(5, 0.044631520993250483)
5	128,0.0246403867606	(5, 0.044631520993250483)
5	1,0.025273047407	(5, 0.044631520993250483)
5	158,0.0258229339956	(5, 0.044631520993250483)
5	124,0.0260159179341	(5, 0.044631520993250483)
6	139,0.0068972118101	(6, 0.010207648006251362)
6	46,0.00796168552762	(6, 0.010207648006251362)
6	6,0.0102076480063	(6, 0.010207648006251362)
6	76,0.0108395549298	(6, 0.010207648006251362)
6	22,0.0116017275608	(6, 0.010207648006251362)
6	18,0.0127541246238	(6, 0.010207648006251362)
6	158,0.0133511629513	(6, 0.010207648006251362)
6	171,0.0135444053815	(6, 0.010207648006251362)
6	132,0.013723111951	(6, 0.010207648006251362)
6	35,0.0138012081735	(6, 0.010207648006251362)
7	66,0.0506703706315	(7, 0.089979177139265926)
7	167,0.0695797945919	(7, 0.089979177139265926)
7	51,0.0755731455678	(7, 0.089979177139265926)
7	32,0.0767686464848	(7, 0.089979177139265926)
7	80,0.0793679339385	(7, 0.089979177139265926)
7	169,0.0800252720883	(7, 0.089979177139265926)
7	160,0.0849687660393	(7, 0.089979177139265926)
7	133,0.0850063102774	(7, 0.089979177139265926)
7	7,0.0899791771393	(7, 0.089979177139265926)
7	149,0.0928304448498	(7, 0.089979177139265926)
8	11,0.0102191707554	(8, 0.016416471010307469)
8	121,0.0111827130394	(8, 0.016416471010307469)
8	162,0.0125757802264	(8, 0.016416471010307469)
8	71,0.0155639774293	(8, 0.016416471010307469)
8	18,0.0160657026474	(8, 0.016416471010307469)
8	8,0.0164164710103	(8, 0.016416471010307469)
8	73,0.0164360125914	(8, 0.016416471010307469)
8	3,0.016646564807	(8, 0.016416471010307469)
8	1,0.0173136866064	(8, 0.016416471010307469)
8	86,0.0175156698533	(8, 0.016416471010307469)
9	9,0.019558329658	(9, 0.019558329658006621)
9	155,0.0370388958603	(9, 0.019558329658006621)
9	114,0.0418255325811	(9, 0.019558329658006621)
9	91,0.0447772368184	(9, 0.019558329658006621)
9	53,0.0468791693628	(9, 0.019558329658006621)
9	124,0.0489041922438	(9, 0.019558329658006621)
9	28,0.0568425536279	(9, 0.019558329658006621)
9	41,0.058068410356	(9, 0.019558329658006621)
9	65,0.0587335681508	(9, 0.019558329658006621)
9	52,0.0618727207291	(9, 0.019558329658006621)
10	10,0.0240477890535	(10, 0.024047789053500631)
10	47,0.0378682258286	(10, 0.024047789053500631)
10	167,0.0617403813527	(10, 0.024047789053500631)
10	84,0.0658302746238	(10, 0.024047789053500631)
10	99,0.0662296226506	(10, 0.024047789053500631)
10	173,0.0682826195686	(10, 0.024047789053500631)
10	166,0.0684985990614	(10, 0.024047789053500631)
10	72,0.0718418312659	(10, 0.024047789053500631)
10	14,0.0734599753281	(10, 0.024047789053500631)
10	138,0.0746447696546	(10, 0.024047789053500631)
11	11,0.00644523394656	(11, 0.0064452339465589413)
11	119,0.0114405809759	(11, 0.0064452339465589413)
11	81,0.0126178602619	(11, 0.0064452339465589413)
11	115,0.0148189958777	(11, 0.0064452339465589413)
11	96,0.0159568335417	(11, 0.0064452339465589413)
11	3,0.0160442638876	(11, 0.0064452339465589413)
11	13,0.0178225113335	(11, 0.0064452339465589413)
11	37,0.0180197704857	(11, 0.0064452339465589413)
11	86,0.0196214652929	(11, 0.0064452339465589413)
11	121,0.0201849221838	(11, 0.0064452339465589413)
12	22,0.00794036180575	(12, 0.0090619944396842823)
12	126,0.00818722630304	(12, 0.0090619944396842823)
12	12,0.00906199443968	(12, 0.0090619944396842823)
12	76,0.00910798827938	(12, 0.0090619944396842823)
12	151,0.00912850187917	(12, 0.0090619944396842823)
12	121,0.00914798433666	(12, 0.0090619944396842823)
12	132,0.0104924386261	(12, 0.0090619944396842823)
12	18,0.0107181233548	(12, 0.0090619944396842823)
12	86,0.0108817164765	(12, 0.0090619944396842823)
12	3,0.010991887996	(12, 0.0090619944396842823)
13	172,0.00780507669317	(13, 0.010914303612766189)
13	11,0.0103395389126	(13, 0.010914303612766189)
13	17,0.0107246345523	(13, 0.010914303612766189)
13	13,0.0109143036128	(13, 0.010914303612766189)
13	77,0.0116548345328	(13, 0.010914303612766189)
13	3,0.0118026649767	(13, 0.010914303612766189)
13	71,0.0123131933198	(13, 0.010914303612766189)
13	37,0.0123686136958	(13, 0.010914303612766189)
13	81,0.0132134982156	(13, 0.010914303612766189)
13	162,0.014039230477	(13, 0.010914303612766189)
14	14,0.0116363535224	(14, 0.011636353522429881)
14	72,0.0123018846983	(14, 0.011636353522429881)
14	159,0.0197901703919	(14, 0.011636353522429881)
14	144,0.0216230956854	(14, 0.011636353522429881)
14	145,0.0228149248751	(14, 0.011636353522429881)
14	84,0.0239127812883	(14, 0.011636353522429881)
14	109,0.0250588736226	(14, 0.011636353522429881)
14	123,0.0253433200106	(14, 0.011636353522429881)
14	131,0.0262099615795	(14, 0.011636353522429881)
14	116,0.0278093030799	(14, 0.011636353522429881)
15	15,0.00860882532162	(15, 0.0086088253216176722)
15	17,0.0104605279975	(15, 0.0086088253216176722)
15	49,0.0114762227587	(15, 0.0086088253216176722)
15	100,0.0126999310787	(15, 0.0086088253216176722)
15	59,0.0135298594559	(15, 0.0086088253216176722)
15	77,0.0150400209383	(15, 0.0086088253216176722)
15	83,0.0155925929319	(15, 0.0086088253216176722)
15	174,0.0162206617866	(15, 0.0086088253216176722)
15	172,0.0169239329148	(15, 0.0086088253216176722)
15	4,0.0192441529869	(15, 0.0086088253216176722)
16	16,0.0162128156731	(16, 0.016212815673111468)
16	170,0.0218373828188	(16, 0.016212815673111468)
16	19,0.0257687766566	(16, 0.016212815673111468)
16	0,0.0259368204131	(16, 0.016212815673111468)
16	114,0.0286920948453	(16, 0.016212815673111468)
16	27,0.0295177689642	(16, 0.016212815673111468)
16	101,0.0312583465884	(16, 0.016212815673111468)
16	73,0.0319207722579	(16, 0.016212815673111468)
16	144,0.0321072669086	(16, 0.016212815673111468)
16	140,0.0322595105356	(16, 0.016212815673111468)
17	17,0.00511423134706	(17, 0.0051142313470581941)
17	172,0.00785053535007	(17, 0.0051142313470581941)
17	77,0.0112180512159	(17, 0.0051142313470581941)
17	143,0.0122276610047	(17, 0.0051142313470581941)
17	100,0.0123643738147	(17, 0.0051142313470581941)
17	90,0.0130658161612	(17, 0.0051142313470581941)
17	37,0.0137170945382	(17, 0.0051142313470581941)
17	136,0.0138318586387	(17, 0.0051142313470581941)
17	49,0.0144415211894	(17, 0.0051142313470581941)
17	3,0.0146483380919	(17, 0.0051142313470581941)
18	88,0.00639181788966	(18, 0.0078124654696306185)
18	18,0.00781246546963	(18, 0.0078124654696306185)
18	35,0.00909679312578	(18, 0.0078124654696306185)
18	139,0.00968941000014	(18, 0.0078124654696306185)
18	61,0.0099127749578	(18, 0.0078124654696306185)
18	76,0.0100176897517	(18, 0.0078124654696306185)
18	22,0.0100703827252	(18, 0.0078124654696306185)
18	121,0.0111739940642	(18, 0.0078124654696306185)
18	132,0.0114426886967	(18, 0.0078124654696306185)
18	147,0.0120720690907	(18, 0.0078124654696306185)
19	19,0.0201084822195	(19, 0.020108482219536622)
19	27,0.0202289334649	(19, 0.020108482219536622)
19	43,0.0281320403095	(19, 0.020108482219536622)
19	99,0.0284867081719	(19, 0.020108482219536622)
19	32,0.0315857683668	(19, 0.020108482219536622)
19	164,0.0335510345118	(19, 0.020108482219536622)
19	84,0.0374028618345	(19, 0.020108482219536622)
19	107,0.0395514535142	(19, 0.020108482219536622)
19	144,0.0409680015331	(19, 0.020108482219536622)
19	170,0.041202793794	(19, 0.020108482219536622)
20	73,0.014101305484	(20, 0.01677092015401626)
20	124,0.0164170857412	(20, 0.01677092015401626)
20	20,0.016770920154	(20, 0.01677092015401626)
20	93,0.0187258479536	(20, 0.01677092015401626)
20	89,0.0205864765983	(20, 0.01677092015401626)
20	109,0.0207026220525	(20, 0.01677092015401626)
20	1,0.0209166445631	(20, 0.01677092015401626)
20	157,0.0221690764447	(20, 0.01677092015401626)
20	128,0.0226633352928	(20, 0.01677092015401626)
20	101,0.024343022368	(20, 0.01677092015401626)
21	71,0.00800074682531	(21, 0.01479059075735214)
21	121,0.0085174343621	(21, 0.01479059075735214)
21	11,0.00885078305765	(21, 0.01479059075735214)
21	117,0.00958847746167	(21, 0.01479059075735214)
21	162,0.010563426701	(21, 0.01479059075735214)
21	22,0.012734174169	(21, 0.01479059075735214)
21	23,0.0138956930194	(21, 0.01479059075735214)
21	86,0.0141067661509	(21, 0.01479059075735214)
21	76,0.0145965805855	(21, 0.01479059075735214)
21	21,0.0147905907574	(21, 0.01479059075735214)
22	22,0.00682185801205	(22, 0.0068218580120502524)
22	117,0.00771715245553	(22, 0.0068218580120502524)
22	139,0.00860545981104	(22, 0.0068218580120502524)
22	76,0.00863869497833	(22, 0.0068218580120502524)
22	132,0.00972344576389	(22, 0.0068218580120502524)
22	46,0.0100443807432	(22, 0.0068218580120502524)
22	3,0.011170840495	(22, 0.0068218580120502524)
22	171,0.0115410761878	(22, 0.0068218580120502524)
22	18,0.0117751095705	(22, 0.0068218580120502524)
22	137,0.0118140731477	(22, 0.0068218580120502524)
23	23,0.00499719481208	(23, 0.0049971948120759889)
23	61,0.00709083136909	(23, 0.0049971948120759889)
23	26,0.016923481917	(23, 0.0049971948120759889)
23	121,0.0188063775415	(23, 0.0049971948120759889)
23	63,0.0196178917954	(23, 0.0049971948120759889)
23	78,0.0198725356175	(23, 0.0049971948120759889)
23	76,0.0209949107533	(23, 0.0049971948120759889)
23	147,0.0214218684052	(23, 0.0049971948120759889)
23	162,0.0217691257732	(23, 0.0049971948120759889)
23	70,0.0217818113484	(23, 0.0049971948120759889)
24	24,0.00811727016369	(24, 0.0081172701636877953)
24	27,0.0191753419054	(24, 0.0081172701636877953)
24	107,0.0192632263625	(24, 0.0081172701636877953)
24	61,0.0238989238563	(24, 0.0081172701636877953)
24	158,0.0245864375451	(24, 0.0081172701636877953)
24	50,0.0251367221003	(24, 0.0081172701636877953)
24	135,0.0254708861876	(24, 0.0081172701636877953)
24	73,0.0262305894034	(24, 0.0081172701636877953)
24	12,0.0270298737701	(24, 0.0081172701636877953)
24	22,0.0270551868999	(24, 0.0081172701636877953)
25	69,0.00749255994842	(25, 0.010683295763873585)
25	40,0.00991459020078	(25, 0.010683295763873585)
25	25,0.0106832957639	(25, 0.010683295763873585)
25	15,0.0127756394124	(25, 0.010683295763873585)
25	4,0.0128423999065	(25, 0.010683295763873585)
25	148,0.0139116976277	(25, 0.010683295763873585)
25	79,0.018382712093	(25, 0.010683295763873585)
25	154,0.0187253772756	(25, 0.010683295763873585)
25	17,0.0192050697755	(25, 0.010683295763873585)
25	172,0.0199857349463	(25, 0.010683295763873585)
26	121,0.00670501168015	(26, 0.016659578312663032)
26	18,0.00739820276486	(26, 0.016659578312663032)
26	117,0.00822844069882	(26, 0.016659578312663032)
26	63,0.00887195125438	(26, 0.016659578312663032)
26	76,0.00904442300754	(26, 0.016659578312663032)
26	22,0.00925209332245	(26, 0.016659578312663032)
26	11,0.00932940459167	(26, 0.016659578312663032)
26	132,0.00955380381001	(26, 0.016659578312663032)
26	162,0.0101548781356	(26, 0.016659578312663032)
26	151,0.0104242708159	(26, 0.016659578312663032)
27	78,0.0170717128803	(27, 0.019518082700701822)
27	61,0.0189360816613	(27, 0.019518082700701822)
27	26,0.0189404391471	(27, 0.019518082700701822)
27	73,0.0193427445528	(27, 0.019518082700701822)
27	27,0.0195180827007	(27, 0.019518082700701822)
27	101,0.0200121885638	(27, 0.019518082700701822)
27	170,0.0204932433722	(27, 0.019518082700701822)
27	121,0.0207618923025	(27, 0.019518082700701822)
27	107,0.0208026513518	(27, 0.019518082700701822)
27	19,0.022265255083	(27, 0.019518082700701822)
28	1,0.0134603009776	(28, 0.019637553640538312)
28	13,0.014600712696	(28, 0.019637553640538312)
28	3,0.0168436821176	(28, 0.019637553640538312)
28	73,0.0172700989331	(28, 0.019637553640538312)
28	28,0.0196375536405	(28, 0.019637553640538312)
28	155,0.0215972138886	(28, 0.019637553640538312)
28	53,0.0219549639824	(28, 0.019637553640538312)
28	26,0.0220580206105	(28, 0.019637553640538312)
28	121,0.0220697625722	(28, 0.019637553640538312)
28	11,0.0223722522915	(28, 0.019637553640538312)
29	29,0.00806634419109	(29, 0.0080663441910927992)
29	77,0.0105754583125	(29, 0.0080663441910927992)
29	71,0.0126794066469	(29, 0.0080663441910927992)
29	135,0.0138954587808	(29, 0.0080663441910927992)
29	13,0.015495109997	(29, 0.0080663441910927992)
29	73,0.0156661981073	(29, 0.0080663441910927992)
29	1,0.0162618205997	(29, 0.0080663441910927992)
29	76,0.0169333458678	(29, 0.0080663441910927992)
29	3,0.0169377342948	(29, 0.0080663441910927992)
29	11,0.0169842999593	(29, 0.0080663441910927992)
30	30,0.0157817275806	(30, 0.01578172758063482)
30	28,0.024571573769	(30, 0.01578172758063482)
30	91,0.0272913870309	(30, 0.01578172758063482)
30	103,0.0275213884697	(30, 0.01578172758063482)
30	1,0.0298426219806	(30, 0.01578172758063482)
30	53,0.0305600266429	(30, 0.01578172758063482)
30	153,0.0306622269964	(30, 0.01578172758063482)
30	102,0.0340753501238	(30, 0.01578172758063482)
30	114,0.0346440061975	(30, 0.01578172758063482)
30	73,0.0367610065852	(30, 0.01578172758063482)
31	166,0.0270849004365	(31, 0.027566032007177679)
31	31,0.0275660320072	(31, 0.027566032007177679)
31	48,0.029943106792	(31, 0.027566032007177679)
31	69,0.0314699184479	(31, 0.027566032007177679)
31	116,0.0318276611005	(31, 0.027566032007177679)
31	124,0.034152488206	(31, 0.027566032007177679)
31	72,0.0349896598066	(31, 0.027566032007177679)
31	104,0.0372597273763	(31, 0.027566032007177679)
31	131,0.0383389358192	(31, 0.027566032007177679)
31	4,0.0403041436096	(31, 0.027566032007177679)
32	32,0.0167215140877	(32, 0.016721514087706068)
32	156,0.0214940301981	(32, 0.016721514087706068)
32	27,0.0247753225156	(32, 0.016721514087706068)
32	164,0.0304912728085	(32, 0.016721514087706068)
32	73,0.0327674833621	(32, 0.016721514087706068)
32	50,0.0341179836004	(32, 0.016721514087706068)
32	131,0.035145667038	(32, 0.016721514087706068)
32	107,0.0353179200097	(32, 0.016721514087706068)
32	165,0.0382368726267	(32, 0.016721514087706068)
32	106,0.0399207058612	(32, 0.016721514087706068)
33	33,0.0134776569904	(33, 0.013477656990408851)
33	4,0.0256442543227	(33, 0.013477656990408851)
33	106,0.0281423742152	(33, 0.013477656990408851)
33	116,0.0294048889356	(33, 0.013477656990408851)
33	69,0.0294818115037	(33, 0.013477656990408851)
33	40,0.0339968069956	(33, 0.013477656990408851)
33	2,0.0340157014981	(33, 0.013477656990408851)
33	156,0.0348744949994	(33, 0.013477656990408851)
33	28,0.034892576085	(33, 0.013477656990408851)
33	73,0.0364070649725	(33, 0.013477656990408851)
34	15,0.00839502034187	(34, 0.028933409856535402)
34	69,0.0110883952077	(34, 0.028933409856535402)
34	17,0.0113285431164	(34, 0.028933409856535402)
34	40,0.0128890657875	(34, 0.028933409856535402)
34	120,0.0132117326179	(34, 0.028933409856535402)
34	172,0.0138509458728	(34, 0.028933409856535402)
34	174,0.0141973551389	(34, 0.028933409856535402)
34	148,0.0155272528245	(34, 0.028933409856535402)
34	56,0.0157681478203	(34, 0.028933409856535402)
34	4,0.0160302773874	(34, 0.028933409856535402)
35	35,0.00642375138529	(35, 0.0064237513852896996)
35	88,0.00972472396458	(35, 0.0064237513852896996)
35	18,0.0116894693779	(35, 0.0064237513852896996)
35	12,0.0161282765804	(35, 0.0064237513852896996)
35	22,0.0162036595816	(35, 0.0064237513852896996)
35	38,0.0170871457749	(35, 0.0064237513852896996)
35	139,0.0177157355425	(35, 0.0064237513852896996)
35	121,0.017774628044	(35, 0.0064237513852896996)
35	61,0.0179205347659	(35, 0.0064237513852896996)
35	158,0.018511925149	(35, 0.0064237513852896996)
36	76,0.00595332733257	(36, 0.0079191651921289331)
36	147,0.00625491760453	(36, 0.0079191651921289331)
36	18,0.00657158595831	(36, 0.0079191651921289331)
36	46,0.00681569868648	(36, 0.0079191651921289331)
36	36,0.00791916519213	(36, 0.0079191651921289331)
36	63,0.0087526701986	(36, 0.0079191651921289331)
36	171,0.00975785864322	(36, 0.0079191651921289331)
36	88,0.0102748904276	(36, 0.0079191651921289331)
36	35,0.0112726677637	(36, 0.0079191651921289331)
36	150,0.0114321648024	(36, 0.0079191651921289331)
37	37,0.0089833880157	(37, 0.0089833880157016866)
37	3,0.00982834196948	(37, 0.0089833880157016866)
37	11,0.0104686027845	(37, 0.0089833880157016866)
37	100,0.0111151873165	(37, 0.0089833880157016866)
37	21,0.0127119269296	(37, 0.0089833880157016866)
37	90,0.013228310862	(37, 0.0089833880157016866)
37	77,0.013884079617	(37, 0.0089833880157016866)
37	17,0.0140430488235	(37, 0.0089833880157016866)
37	136,0.0146518456089	(37, 0.0089833880157016866)
37	143,0.0160328552626	(37, 0.0089833880157016866)
38	38,0.00609001474789	(38, 0.0060900147478916778)
38	12,0.0151167487335	(38, 0.0060900147478916778)
38	14,0.0160887171718	(38, 0.0060900147478916778)
38	55,0.0169948589849	(38, 0.0060900147478916778)
38	43,0.0233148182027	(38, 0.0060900147478916778)
38	50,0.023397328472	(38, 0.0060900147478916778)
38	128,0.0236989062406	(38, 0.0060900147478916778)
38	105,0.0242101221611	(38, 0.0060900147478916778)
38	24,0.024710228396	(38, 0.0060900147478916778)
38	159,0.0247413529352	(38, 0.0060900147478916778)
39	39,0.0154670825085	(39, 0.015467082508485433)
39	84,0.0340843685847	(39, 0.015467082508485433)
39	156,0.035046576484	(39, 0.015467082508485433)
39	99,0.0351872977535	(39, 0.015467082508485433)
39	101,0.0363187767075	(39, 0.015467082508485433)
39	27,0.0369188405049	(39, 0.015467082508485433)
39	107,0.0369880213465	(39, 0.015467082508485433)
39	169,0.0371490456266	(39, 0.015467082508485433)
39	51,0.0373448784257	(39, 0.015467082508485433)
39	138,0.0394837848365	(39, 0.015467082508485433)
40	40,0.00739583793516	(40, 0.0073958379351639156)
40	172,0.0104993499539	(40, 0.0073958379351639156)
40	69,0.0109994164394	(40, 0.0073958379351639156)
40	79,0.0121810584341	(40, 0.0073958379351639156)
40	4,0.0122880208294	(40, 0.0073958379351639156)
40	148,0.0137054449512	(40, 0.0073958379351639156)
40	25,0.0142815607973	(40, 0.0073958379351639156)
40	17,0.0144812601028	(40, 0.0073958379351639156)
40	77,0.0147238747101	(40, 0.0073958379351639156)
40	15,0.0157117157992	(40, 0.0073958379351639156)
41	41,0.00983279657787	(41, 0.0098327965778705305)
41	155,0.0171373495586	(41, 0.0098327965778705305)
41	1,0.0258985629241	(41, 0.0098327965778705305)
41	20,0.0267395437717	(41, 0.0098327965778705305)
41	91,0.0274421654678	(41, 0.0098327965778705305)
41	102,0.0314363206178	(41, 0.0098327965778705305)
41	124,0.0320410969906	(41, 0.0098327965778705305)
41	101,0.0328125678239	(41, 0.0098327965778705305)
41	83,0.0363488864323	(41, 0.0098327965778705305)
41	28,0.0364641636422	(41, 0.0098327965778705305)
42	163,0.0268732433952	(42, 0.051663236041142896)
42	28,0.0335182627534	(42, 0.051663236041142896)
42	69,0.034957850186	(42, 0.051663236041142896)
42	53,0.0360958797904	(42, 0.051663236041142896)
42	118,0.0367754149668	(42, 0.051663236041142896)
42	65,0.0383838129488	(42, 0.051663236041142896)
42	34,0.0386406181131	(42, 0.051663236041142896)
42	97,0.0389437239271	(42, 0.051663236041142896)
42	140,0.0419328613196	(42, 0.051663236041142896)
42	44,0.0422908482488	(42, 0.051663236041142896)
43	12,0.00992837175558	(43, 0.0199670513092664)
43	128,0.0114561047462	(43, 0.0199670513092664)
43	22,0.0115304877893	(43, 0.0199670513092664)
43	121,0.0126841216495	(43, 0.0199670513092664)
43	78,0.0131577944695	(43, 0.0199670513092664)
43	50,0.0136412386549	(43, 0.0199670513092664)
43	18,0.0136829009313	(43, 0.0199670513092664)
43	158,0.0140290419759	(43, 0.0199670513092664)
43	55,0.0141983869129	(43, 0.0199670513092664)
43	61,0.0145604427881	(43, 0.0199670513092664)
44	116,0.0154740725364	(44, 0.059907964680225002)
44	93,0.0176758738381	(44, 0.059907964680225002)
44	109,0.0178971733285	(44, 0.059907964680225002)
44	115,0.0207207861166	(44, 0.059907964680225002)
44	159,0.0208957924684	(44, 0.059907964680225002)
44	124,0.0213208108117	(44, 0.059907964680225002)
44	123,0.0215352564418	(44, 0.059907964680225002)
44	144,0.0225014618561	(44, 0.059907964680225002)
44	119,0.0238820395795	(44, 0.059907964680225002)
44	73,0.0242026118867	(44, 0.059907964680225002)
45	45,0.02072493198	(45, 0.020724931980021996)
45	130,0.0299536105691	(45, 0.020724931980021996)
45	94,0.035181901291	(45, 0.020724931980021996)
45	34,0.0376268740372	(45, 0.020724931980021996)
45	133,0.0405779510335	(45, 0.020724931980021996)
45	98,0.0430829713667	(45, 0.020724931980021996)
45	15,0.0436039710558	(45, 0.020724931980021996)
45	25,0.0447514611402	(45, 0.020724931980021996)
45	129,0.045557927373	(45, 0.020724931980021996)
45	113,0.047096791352	(45, 0.020724931980021996)
46	46,0.00250746385283	(46, 0.0025074638528269706)
46	36,0.00578799247553	(46, 0.0025074638528269706)
46	171,0.00793614002107	(46, 0.0025074638528269706)
46	76,0.00875250321775	(46, 0.0025074638528269706)
46	137,0.00980349708951	(46, 0.0025074638528269706)
46	139,0.0111239024	(46, 0.0025074638528269706)
46	147,0.0116893841915	(46, 0.0025074638528269706)
46	146,0.011921839351	(46, 0.0025074638528269706)
46	18,0.0122751044689	(46, 0.0025074638528269706)
46	6,0.0124135036339	(46, 0.0025074638528269706)
47	99,0.0284537900079	(47, 0.029468000395412166)
47	47,0.0294680003954	(47, 0.029468000395412166)
47	10,0.0319514455206	(47, 0.029468000395412166)
47	27,0.0333879875192	(47, 0.029468000395412166)
47	19,0.0348152060449	(47, 0.029468000395412166)
47	43,0.0395940115897	(47, 0.029468000395412166)
47	84,0.0396173983262	(47, 0.029468000395412166)
47	138,0.0412641166277	(47, 0.029468000395412166)
47	173,0.0441759157812	(47, 0.029468000395412166)
47	92,0.0446661565385	(47, 0.029468000395412166)
48	56,0.0171705870985	(48, 0.017937830104806131)
48	120,0.017806963757	(48, 0.017937830104806131)
48	48,0.0179378301048	(48, 0.017937830104806131)
48	69,0.0187727378023	(48, 0.017937830104806131)
48	97,0.019424040183	(48, 0.017937830104806131)
48	40,0.0222553561725	(48, 0.017937830104806131)
48	4,0.0240551771586	(48, 0.017937830104806131)
48	174,0.0246084452457	(48, 0.017937830104806131)
48	104,0.0247631223467	(48, 0.017937830104806131)
48	124,0.0248947982088	(48, 0.017937830104806131)
49	49,0.0113452643789	(49, 0.011345264378879848)
49	15,0.0129930042541	(49, 0.011345264378879848)
49	98,0.0146473841873	(49, 0.011345264378879848)
49	77,0.0147479528441	(49, 0.011345264378879848)
49	59,0.0149369801791	(49, 0.011345264378879848)
49	172,0.0156555530005	(49, 0.011345264378879848)
49	100,0.016152469621	(49, 0.011345264378879848)
49	17,0.0162051293945	(49, 0.011345264378879848)
49	83,0.0198082414906	(49, 0.011345264378879848)
49	37,0.0221756343689	(49, 0.011345264378879848)
50	50,0.00643343154251	(50, 0.0064334315425088745)
50	12,0.0167459600353	(50, 0.0064334315425088745)
50	107,0.0182179570829	(50, 0.0064334315425088745)
50	171,0.0197118373211	(50, 0.0064334315425088745)
50	158,0.0203146139846	(50, 0.0064334315425088745)
50	128,0.0221147412324	(50, 0.0064334315425088745)
50	38,0.0223512185519	(50, 0.0064334315425088745)
50	76,0.022595672888	(50, 0.0064334315425088745)
50	22,0.0229391273789	(50, 0.0064334315425088745)
50	46,0.0245599991487	(50, 0.0064334315425088745)
51	124,0.00887611254342	(51, 0.042804464180665691)
51	73,0.0154510968947	(51, 0.042804464180665691)
51	155,0.0161813500792	(51, 0.042804464180665691)
51	53,0.0189825701976	(51, 0.042804464180665691)
51	157,0.0197527767232	(51, 0.042804464180665691)
51	20,0.0215946977279	(51, 0.042804464180665691)
51	41,0.0224368197542	(51, 0.042804464180665691)
51	1,0.024225426196	(51, 0.042804464180665691)
51	93,0.024412458137	(51, 0.042804464180665691)
51	28,0.024857181141	(51, 0.042804464180665691)
52	53,0.0180264541507	(52, 0.060492518189402045)
52	124,0.0191243965058	(52, 0.060492518189402045)
52	44,0.0202325643817	(52, 0.060492518189402045)
52	155,0.0208367940476	(52, 0.060492518189402045)
52	13,0.022063004233	(52, 0.060492518189402045)
52	119,0.0227785148629	(52, 0.060492518189402045)
52	161,0.0246374262163	(52, 0.060492518189402045)
52	65,0.0247208552682	(52, 0.060492518189402045)
52	4,0.024928516758	(52, 0.060492518189402045)
52	163,0.0251213306731	(52, 0.060492518189402045)
53	65,0.0108014257972	(53, 0.014553245624795739)
53	53,0.0145532456248	(53, 0.014553245624795739)
53	155,0.0182477425586	(53, 0.014553245624795739)
53	44,0.0186008437967	(53, 0.014553245624795739)
53	120,0.0194524111734	(53, 0.014553245624795739)
53	161,0.0195847794399	(53, 0.014553245624795739)
53	13,0.0230687339063	(53, 0.014553245624795739)
53	163,0.0231392942984	(53, 0.014553245624795739)
53	114,0.0241261598411	(53, 0.014553245624795739)
53	124,0.0244533816227	(53, 0.014553245624795739)
54	136,0.00702748859601	(54, 0.011555472321962289)
54	54,0.011555472322	(54, 0.011555472321962289)
54	3,0.0123209687034	(54, 0.011555472321962289)
54	137,0.0130167285883	(54, 0.011555472321962289)
54	162,0.013814207454	(54, 0.011555472321962289)
54	63,0.0145017370761	(54, 0.011555472321962289)
54	11,0.0148428202257	(54, 0.011555472321962289)
54	147,0.0151229213789	(54, 0.011555472321962289)
54	37,0.0153539017584	(54, 0.011555472321962289)
54	71,0.0153996404012	(54, 0.011555472321962289)
55	12,0.0106245851583	(55, 0.012330504128802907)
55	55,0.0123305041288	(55, 0.012330504128802907)
55	159,0.0129627875021	(55, 0.012330504128802907)
55	38,0.0138097063536	(55, 0.012330504128802907)
55	128,0.0154859630697	(55, 0.012330504128802907)
55	134,0.0155261719269	(55, 0.012330504128802907)
55	121,0.0162864506528	(55, 0.012330504128802907)
55	152,0.0163314777657	(55, 0.012330504128802907)
55	18,0.017716538676	(55, 0.012330504128802907)
55	78,0.017955274592	(55, 0.012330504128802907)
56	56,0.0121008010625	(56, 0.012100801062494282)
56	15,0.0170236098538	(56, 0.012100801062494282)
56	120,0.0174576844196	(56, 0.012100801062494282)
56	113,0.0214390392085	(56, 0.012100801062494282)
56	174,0.0229974353357	(56, 0.012100801062494282)
56	2,0.0248618081497	(56, 0.012100801062494282)
56	97,0.0254500496551	(56, 0.012100801062494282)
56	69,0.0264385486494	(56, 0.012100801062494282)
56	44,0.0268551602718	(56, 0.012100801062494282)
56	4,0.028136557796	(56, 0.012100801062494282)
57	57,0.020687317562	(57, 0.020687317561973697)
57	122,0.0329634806721	(57, 0.020687317561973697)
57	15,0.0468630418113	(57, 0.020687317561973697)
57	174,0.0475158522618	(57, 0.020687317561973697)
57	56,0.0519980127311	(57, 0.020687317561973697)
57	120,0.0581388786923	(57, 0.020687317561973697)
57	2,0.0584368063898	(57, 0.020687317561973697)
57	113,0.0590086228835	(57, 0.020687317561973697)
57	108,0.060262423329	(57, 0.020687317561973697)
57	59,0.0646795228756	(57, 0.020687317561973697)
58	24,0.014141419684	(58, 0.055497421271254295)
58	107,0.0166637244235	(58, 0.055497421271254295)
58	27,0.0179825983126	(58, 0.055497421271254295)
58	50,0.0193839898287	(58, 0.055497421271254295)
58	61,0.0243023954778	(58, 0.055497421271254295)
58	43,0.0249527575236	(58, 0.055497421271254295)
58	38,0.0252855690481	(58, 0.055497421271254295)
58	158,0.0260577382342	(58, 0.055497421271254295)
58	105,0.0263918955413	(58, 0.055497421271254295)
58	12,0.0265845422389	(58, 0.055497421271254295)
59	15,0.0310396899348	(59, 0.038987022725968427)
59	113,0.0316893982225	(59, 0.038987022725968427)
59	83,0.0317097042081	(59, 0.038987022725968427)
59	65,0.0324654979237	(59, 0.038987022725968427)
59	94,0.0344022455789	(59, 0.038987022725968427)
59	130,0.0366268613356	(59, 0.038987022725968427)
59	59,0.038987022726	(59, 0.038987022725968427)
59	44,0.0395587512228	(59, 0.038987022725968427)
59	120,0.0401980202398	(59, 0.038987022725968427)
59	34,0.0405918671754	(59, 0.038987022725968427)
60	60,0.0135346559307	(60, 0.013534655930683768)
60	69,0.0135927418595	(60, 0.013534655930683768)
60	40,0.0148724172971	(60, 0.013534655930683768)
60	79,0.0151704639846	(60, 0.013534655930683768)
60	4,0.0165905270158	(60, 0.013534655930683768)
60	34,0.0182617686029	(60, 0.013534655930683768)
60	77,0.019780311367	(60, 0.013534655930683768)
60	25,0.0207902006003	(60, 0.013534655930683768)
60	15,0.0208668686114	(60, 0.013534655930683768)
60	172,0.0213046036265	(60, 0.013534655930683768)
61	61,0.00664489353472	(61, 0.0066448935347196746)
61	23,0.00756467412222	(61, 0.0066448935347196746)
61	26,0.00974233287405	(61, 0.0066448935347196746)
61	121,0.0110499187598	(61, 0.0066448935347196746)
61	78,0.0110735455263	(61, 0.0066448935347196746)
61	76,0.0111707319157	(61, 0.0066448935347196746)
61	63,0.0128783803588	(61, 0.0066448935347196746)
61	162,0.0129101914753	(61, 0.0066448935347196746)
61	3,0.0138170509019	(61, 0.0066448935347196746)
61	22,0.0138196486754	(61, 0.0066448935347196746)
62	107,0.0123217088722	(62, 0.015395448349519706)
62	78,0.0131963072798	(62, 0.015395448349519706)
62	26,0.0146182222207	(62, 0.015395448349519706)
62	62,0.0153954483495	(62, 0.015395448349519706)
62	61,0.0164347429769	(62, 0.015395448349519706)
62	158,0.0167198276482	(62, 0.015395448349519706)
62	73,0.0168960370143	(62, 0.015395448349519706)
62	22,0.0187378673168	(62, 0.015395448349519706)
62	128,0.0188522364855	(62, 0.015395448349519706)
62	139,0.019182400916	(62, 0.015395448349519706)
63	3,0.00648258475188	(63, 0.0088949576223742981)
63	63,0.00889495762237	(63, 0.0088949576223742981)
63	11,0.00978317112493	(63, 0.0088949576223742981)
63	77,0.0100933002181	(63, 0.0088949576223742981)
63	132,0.0109028288931	(63, 0.0088949576223742981)
63	162,0.0109318066363	(63, 0.0088949576223742981)
63	81,0.0113071328439	(63, 0.0088949576223742981)
63	37,0.0113524870697	(63, 0.0088949576223742981)
63	70,0.011528183732	(63, 0.0088949576223742981)
63	147,0.0115434319499	(63, 0.0088949576223742981)
64	64,0.0340942174721	(64, 0.034094217472125148)
64	45,0.0610669897651	(64, 0.034094217472125148)
64	118,0.0620162030796	(64, 0.034094217472125148)
64	130,0.0667478949032	(64, 0.034094217472125148)
64	133,0.0764093772715	(64, 0.034094217472125148)
64	33,0.0787551226226	(64, 0.034094217472125148)
64	113,0.0892995004454	(64, 0.034094217472125148)
64	34,0.0910895209469	(64, 0.034094217472125148)
64	94,0.0945696420122	(64, 0.034094217472125148)
64	15,0.102056068023	(64, 0.034094217472125148)
65	65,0.00895594676228	(65, 0.0089559467622772702)
65	161,0.00932470933367	(65, 0.0089559467622772702)
65	83,0.011703909021	(65, 0.0089559467622772702)
65	155,0.0164554221098	(65, 0.0089559467622772702)
65	68,0.0169892162748	(65, 0.0089559467622772702)
65	120,0.0178940398643	(65, 0.0089559467622772702)
65	44,0.0191756363154	(65, 0.0089559467622772702)
65	59,0.0192161619275	(65, 0.0089559467622772702)
65	13,0.0200801203664	(65, 0.0089559467622772702)
65	17,0.0203784403783	(65, 0.0089559467622772702)
66	66,0.0415435966767	(66, 0.04154359667669507)
66	130,0.0769275787894	(66, 0.04154359667669507)
66	133,0.0850058764106	(66, 0.04154359667669507)
66	118,0.0870366407927	(66, 0.04154359667669507)
66	140,0.0939617760233	(66, 0.04154359667669507)
66	91,0.0966600211489	(66, 0.04154359667669507)
66	141,0.0990746618228	(66, 0.04154359667669507)
66	33,0.100700015721	(66, 0.04154359667669507)
66	169,0.111769770152	(66, 0.04154359667669507)
66	149,0.116035761131	(66, 0.04154359667669507)
67	67,0.0245373696848	(67, 0.024537369684775587)
67	169,0.0283030006033	(67, 0.024537369684775587)
67	84,0.0294459697214	(67, 0.024537369684775587)
67	93,0.0337120942304	(67, 0.024537369684775587)
67	140,0.0357421908845	(67, 0.024537369684775587)
67	149,0.0363212797402	(67, 0.024537369684775587)
67	116,0.0364456188225	(67, 0.024537369684775587)
67	109,0.0379494196742	(67, 0.024537369684775587)
67	28,0.0382278708701	(67, 0.024537369684775587)
67	131,0.0393142846328	(67, 0.024537369684775587)
68	68,0.00922247586634	(68, 0.0092224758663355631)
68	23,0.0171661264729	(68, 0.0092224758663355631)
68	70,0.018137389221	(68, 0.0092224758663355631)
68	61,0.0195866430104	(68, 0.0092224758663355631)
68	63,0.0214058544048	(68, 0.0092224758663355631)
68	162,0.0216904581202	(68, 0.0092224758663355631)
68	71,0.0217283311412	(68, 0.0092224758663355631)
68	26,0.0219574678645	(68, 0.0092224758663355631)
68	77,0.0224126268121	(68, 0.0092224758663355631)
68	135,0.0239830148716	(68, 0.0092224758663355631)
69	15,0.038462220375	(69, 0.044252959985388911)
69	122,0.0390636856066	(69, 0.044252959985388911)
69	174,0.0433715938096	(69, 0.044252959985388911)
69	113,0.0437021067179	(69, 0.044252959985388911)
69	69,0.0442529599854	(69, 0.044252959985388911)
69	154,0.0442704271848	(69, 0.044252959985388911)
69	48,0.0452958704192	(69, 0.044252959985388911)
69	56,0.0453775065837	(69, 0.044252959985388911)
69	2,0.0495069906079	(69, 0.044252959985388911)
69	97,0.0520664214165	(69, 0.044252959985388911)
70	121,0.0102336495622	(70, 0.012738939672974165)
70	3,0.0118051068649	(70, 0.012738939672974165)
70	70,0.012738939673	(70, 0.012738939672974165)
70	132,0.0134465896426	(70, 0.012738939672974165)
70	88,0.0141108468804	(70, 0.012738939672974165)
70	139,0.0145759355806	(70, 0.012738939672974165)
70	77,0.0146220453243	(70, 0.012738939672974165)
70	18,0.0150995179089	(70, 0.012738939672974165)
70	117,0.0153280048245	(70, 0.012738939672974165)
70	11,0.015458327604	(70, 0.012738939672974165)
71	91,0.023271156065	(71, 0.065077324961258814)
71	133,0.0253941297557	(71, 0.065077324961258814)
71	101,0.031973186801	(71, 0.065077324961258814)
71	41,0.0351120714935	(71, 0.065077324961258814)
71	28,0.0353573742309	(71, 0.065077324961258814)
71	102,0.0358019023605	(71, 0.065077324961258814)
71	103,0.0367718792835	(71, 0.065077324961258814)
71	155,0.0399677309669	(71, 0.065077324961258814)
71	95,0.0400167849746	(71, 0.065077324961258814)
71	53,0.0411206951213	(71, 0.065077324961258814)
72	174,0.0171562277115	(72, 0.10183240575601142)
72	17,0.0178886386061	(72, 0.10183240575601142)
72	172,0.0191987917245	(72, 0.10183240575601142)
72	143,0.0207664331543	(72, 0.10183240575601142)
72	148,0.0208767381991	(72, 0.10183240575601142)
72	77,0.0246489167387	(72, 0.10183240575601142)
72	100,0.0252220475192	(72, 0.10183240575601142)
72	49,0.0264008565956	(72, 0.10183240575601142)
72	3,0.0265440974418	(72, 0.10183240575601142)
72	171,0.0265521108074	(72, 0.10183240575601142)
73	73,0.00866251761544	(73, 0.0086625176154366598)
73	13,0.0148895844762	(73, 0.0086625176154366598)
73	157,0.0166506840506	(73, 0.0086625176154366598)
73	124,0.0176927199274	(73, 0.0086625176154366598)
73	27,0.0201010513104	(73, 0.0086625176154366598)
73	93,0.0225338237887	(73, 0.0086625176154366598)
73	53,0.0230134743189	(73, 0.0086625176154366598)
73	109,0.0231503332877	(73, 0.0086625176154366598)
73	114,0.0262784254839	(73, 0.0086625176154366598)
73	116,0.0274041715003	(73, 0.0086625176154366598)
74	136,0.00789213615719	(74, 0.008494777951808705)
74	17,0.0084750821496	(74, 0.008494777951808705)
74	74,0.00849477795181	(74, 0.008494777951808705)
74	37,0.00967384508224	(74, 0.008494777951808705)
74	90,0.0107735897026	(74, 0.008494777951808705)
74	100,0.0112036600859	(74, 0.008494777951808705)
74	127,0.0115438440268	(74, 0.008494777951808705)
74	77,0.0115882207863	(74, 0.008494777951808705)
74	11,0.0126348828785	(74, 0.008494777951808705)
74	21,0.0153782345565	(74, 0.008494777951808705)
75	75,0.0589327455158	(75, 0.058932745515835515)
75	167,0.0613150062141	(75, 0.058932745515835515)
75	80,0.0895928546977	(75, 0.058932745515835515)
75	47,0.0933877278246	(75, 0.058932745515835515)
75	10,0.0933978736385	(75, 0.058932745515835515)
75	99,0.0981291082934	(75, 0.058932745515835515)
75	67,0.100423911844	(75, 0.058932745515835515)
75	84,0.104301455639	(75, 0.058932745515835515)
75	166,0.104799317044	(75, 0.058932745515835515)
75	169,0.105740151384	(75, 0.058932745515835515)
76	76,0.0047033995998	(76, 0.0047033995997959018)
76	147,0.00608408182531	(76, 0.0047033995997959018)
76	63,0.00656761678709	(76, 0.0047033995997959018)
76	137,0.00671487054248	(76, 0.0047033995997959018)
76	171,0.00775275002759	(76, 0.0047033995997959018)
76	22,0.00984286369241	(76, 0.0047033995997959018)
76	46,0.00995727846721	(76, 0.0047033995997959018)
76	3,0.0103974921986	(76, 0.0047033995997959018)
76	18,0.0106479852648	(76, 0.0047033995997959018)
76	36,0.0114836473505	(76, 0.0047033995997959018)
77	162,0.00708125203371	(77, 0.0086070625640986137)
77	3,0.0077958723458	(77, 0.0086070625640986137)
77	136,0.00790758693149	(77, 0.0086070625640986137)
77	63,0.00845426366003	(77, 0.0086070625640986137)
77	90,0.00846725499205	(77, 0.0086070625640986137)
77	77,0.0086070625641	(77, 0.0086070625640986137)
77	11,0.00881762070576	(77, 0.0086070625640986137)
77	147,0.00952825047577	(77, 0.0086070625640986137)
77	137,0.0101939124838	(77, 0.0086070625640986137)
77	74,0.0113252118781	(77, 0.0086070625640986137)
78	151,0.00645006913183	(78, 0.0122287547863322)
78	132,0.00840920779562	(78, 0.0122287547863322)
78	76,0.00885447778943	(78, 0.0122287547863322)
78	18,0.00888685000757	(78, 0.0122287547863322)
78	63,0.00913546672136	(78, 0.0122287547863322)
78	121,0.00963868344214	(78, 0.0122287547863322)
78	22,0.0098242969919	(78, 0.0122287547863322)
78	61,0.0100564214673	(78, 0.0122287547863322)
78	147,0.0105034322748	(78, 0.0122287547863322)
78	23,0.0111803091313	(78, 0.0122287547863322)
79	69,0.00729945546007	(79, 0.011229680622119513)
79	4,0.0101701828036	(79, 0.011229680622119513)
79	79,0.0112296806221	(79, 0.011229680622119513)
79	40,0.012547374745	(79, 0.011229680622119513)
79	25,0.0132487043588	(79, 0.011229680622119513)
79	56,0.0167217314644	(79, 0.011229680622119513)
79	148,0.0174857540297	(79, 0.011229680622119513)
79	15,0.0175450199522	(79, 0.011229680622119513)
79	34,0.0183891955182	(79, 0.011229680622119513)
79	17,0.0235797535672	(79, 0.011229680622119513)
80	80,0.0298013712424	(80, 0.029801371242403302)
80	51,0.0324278463883	(80, 0.029801371242403302)
80	167,0.0454429686743	(80, 0.029801371242403302)
80	32,0.0526135458245	(80, 0.029801371242403302)
80	169,0.0740639402641	(80, 0.029801371242403302)
80	39,0.0746349484094	(80, 0.029801371242403302)
80	27,0.0756599863834	(80, 0.029801371242403302)
80	165,0.0788038618754	(80, 0.029801371242403302)
80	160,0.0798342019675	(80, 0.029801371242403302)
80	58,0.0807001856076	(80, 0.029801371242403302)
81	81,0.00797463897052	(81, 0.0079746389705224827)
81	117,0.0113773274364	(81, 0.0079746389705224827)
81	132,0.0114570337667	(81, 0.0079746389705224827)
81	3,0.0114686498027	(81, 0.0079746389705224827)
81	121,0.0119853150791	(81, 0.0079746389705224827)
81	22,0.0121180694917	(81, 0.0079746389705224827)
81	11,0.0127760278425	(81, 0.0079746389705224827)
81	151,0.0128305208493	(81, 0.0079746389705224827)
81	12,0.0133220162746	(81, 0.0079746389705224827)
81	77,0.0137000102701	(81, 0.0079746389705224827)
82	24,0.020780234097	(82, 0.040825296910495093)
82	12,0.0209588225939	(82, 0.040825296910495093)
82	13,0.0224964969629	(82, 0.040825296910495093)
82	38,0.0230034324219	(82, 0.040825296910495093)
82	105,0.0230527989339	(82, 0.040825296910495093)
82	50,0.0238498059775	(82, 0.040825296910495093)
82	107,0.0243580209401	(82, 0.040825296910495093)
82	73,0.0246228573618	(82, 0.040825296910495093)
82	27,0.0250996342171	(82, 0.040825296910495093)
82	61,0.0257273924377	(82, 0.040825296910495093)
83	13,0.010353917345	(83, 0.012005918322722383)
83	83,0.0120059183227	(83, 0.012005918322722383)
83	155,0.0126222055155	(83, 0.012005918322722383)
83	161,0.0130903080209	(83, 0.012005918322722383)
83	65,0.014372824419	(83, 0.012005918322722383)
83	71,0.0144139456973	(83, 0.012005918322722383)
83	17,0.0146420752814	(83, 0.012005918322722383)
83	120,0.0155947308333	(83, 0.012005918322722383)
83	11,0.0167806289382	(83, 0.012005918322722383)
83	1,0.0174490420137	(83, 0.012005918322722383)
84	84,0.0371363818351	(84, 0.037136381835085781)
84	67,0.0373336849451	(84, 0.037136381835085781)
84	166,0.0395888631282	(84, 0.037136381835085781)
84	169,0.0439325422204	(84, 0.037136381835085781)
84	140,0.0492579335833	(84, 0.037136381835085781)
84	109,0.0565419499427	(84, 0.037136381835085781)
84	99,0.0570876429975	(84, 0.037136381835085781)
84	149,0.0581084751648	(84, 0.037136381835085781)
84	72,0.0581667870124	(84, 0.037136381835085781)
84	156,0.0592137888455	(84, 0.037136381835085781)
85	67,0.0331871453866	(85, 0.045118617436140034)
85	85,0.0451186174361	(85, 0.045118617436140034)
85	140,0.0544010592508	(85, 0.045118617436140034)
85	166,0.0590765934735	(85, 0.045118617436140034)
85	84,0.0638292109184	(85, 0.045118617436140034)
85	149,0.0639877243446	(85, 0.045118617436140034)
85	169,0.0694898615188	(85, 0.045118617436140034)
85	144,0.0711811431089	(85, 0.045118617436140034)
85	99,0.0741265945693	(85, 0.045118617436140034)
85	93,0.0784918422905	(85, 0.045118617436140034)
86	86,0.00720108224866	(86, 0.0072010822486587448)
86	137,0.00947560610692	(86, 0.0072010822486587448)
86	162,0.0107745886538	(86, 0.0072010822486587448)
86	117,0.0111084478855	(86, 0.0072010822486587448)
86	11,0.0112671051727	(86, 0.0072010822486587448)
86	3,0.0117192386822	(86, 0.0072010822486587448)
86	76,0.0119132869874	(86, 0.0072010822486587448)
86	171,0.0119791716383	(86, 0.0072010822486587448)
86	150,0.0120306249639	(86, 0.0072010822486587448)
86	12,0.0123336632043	(86, 0.0072010822486587448)
87	121,0.0133751911173	(87, 0.03287898900854988)
87	1,0.0134190698519	(87, 0.03287898900854988)
87	26,0.0139225538148	(87, 0.03287898900854988)
87	78,0.0139362559253	(87, 0.03287898900854988)
87	71,0.0166363536359	(87, 0.03287898900854988)
87	11,0.0166489211017	(87, 0.03287898900854988)
87	61,0.0167446124416	(87, 0.03287898900854988)
87	23,0.0173659159432	(87, 0.03287898900854988)
87	155,0.0182308103624	(87, 0.03287898900854988)
87	20,0.0182669532863	(87, 0.03287898900854988)
88	147,0.0074078995753	(88, 0.0088018923187708348)
88	76,0.0076339034536	(88, 0.0088018923187708348)
88	18,0.00781234268498	(88, 0.0088018923187708348)
88	88,0.00880189231877	(88, 0.0088018923187708348)
88	63,0.00947148283733	(88, 0.0088018923187708348)
88	117,0.00969571160878	(88, 0.0088018923187708348)
88	46,0.00993969831042	(88, 0.0088018923187708348)
88	35,0.0104264390038	(88, 0.0088018923187708348)
88	171,0.010870976053	(88, 0.0088018923187708348)
88	139,0.011069511874	(88, 0.0088018923187708348)
89	155,0.0115560866827	(89, 0.016669704865869842)
89	124,0.0133995537545	(89, 0.016669704865869842)
89	1,0.0151773590004	(89, 0.016669704865869842)
89	53,0.0162048141024	(89, 0.016669704865869842)
89	89,0.0166697048659	(89, 0.016669704865869842)
89	71,0.0185015345161	(89, 0.016669704865869842)
89	161,0.0185461239237	(89, 0.016669704865869842)
89	20,0.0195914647706	(89, 0.016669704865869842)
89	13,0.0205539600091	(89, 0.016669704865869842)
89	120,0.0213313354047	(89, 0.016669704865869842)
90	90,0.00553935332859	(90, 0.0055393533285905718)
90	162,0.0104072646345	(90, 0.0055393533285905718)
90	11,0.0108981534687	(90, 0.0055393533285905718)
90	81,0.0110546624055	(90, 0.0055393533285905718)
90	137,0.011196224098	(90, 0.0055393533285905718)
90	96,0.0117533663117	(90, 0.0055393533285905718)
90	172,0.0118260499974	(90, 0.0055393533285905718)
90	3,0.0132714074907	(90, 0.0055393533285905718)
90	136,0.013566306388	(90, 0.0055393533285905718)
90	117,0.0138247711017	(90, 0.0055393533285905718)
91	133,0.0256922254785	(91, 0.034725929585471375)
91	91,0.0347259295855	(91, 0.034725929585471375)
91	130,0.051283247895	(91, 0.034725929585471375)
91	103,0.062454685594	(91, 0.034725929585471375)
91	34,0.0673253056655	(91, 0.034725929585471375)
91	66,0.0673828274578	(91, 0.034725929585471375)
91	51,0.0700065591151	(91, 0.034725929585471375)
91	102,0.0723451821563	(91, 0.034725929585471375)
91	101,0.0744280410857	(91, 0.034725929585471375)
91	53,0.0756008641336	(91, 0.034725929585471375)
92	78,0.0111271267236	(92, 0.032048063071534891)
92	61,0.0136389573226	(92, 0.032048063071534891)
92	24,0.0146532860116	(92, 0.032048063071534891)
92	128,0.0157913485984	(92, 0.032048063071534891)
92	26,0.0168203472472	(92, 0.032048063071534891)
92	158,0.01844571797	(92, 0.032048063071534891)
92	12,0.0188989683919	(92, 0.032048063071534891)
92	107,0.0191958577517	(92, 0.032048063071534891)
92	23,0.0192556266183	(92, 0.032048063071534891)
92	22,0.0206720212003	(92, 0.032048063071534891)
93	132,0.00978645758812	(93, 0.011537883723060484)
93	22,0.0100419968329	(93, 0.011537883723060484)
93	93,0.0115378837231	(93, 0.011537883723060484)
93	3,0.0121289640446	(93, 0.011537883723060484)
93	128,0.0125396011419	(93, 0.011537883723060484)
93	121,0.0132357457545	(93, 0.011537883723060484)
93	158,0.0140090682018	(93, 0.011537883723060484)
93	146,0.0143138044871	(93, 0.011537883723060484)
93	76,0.0145827285863	(93, 0.011537883723060484)
93	171,0.0148329357229	(93, 0.011537883723060484)
94	94,0.0139124869338	(94, 0.013912486933831295)
94	83,0.027959686542	(94, 0.013912486933831295)
94	15,0.0358797385872	(94, 0.013912486933831295)
94	155,0.0359942779301	(94, 0.013912486933831295)
94	59,0.0374357383717	(94, 0.013912486933831295)
94	45,0.0400801415556	(94, 0.013912486933831295)
94	98,0.0423307373437	(94, 0.013912486933831295)
94	120,0.0424191229091	(94, 0.013912486933831295)
94	161,0.0443104278466	(94, 0.013912486933831295)
94	65,0.0456206008346	(94, 0.013912486933831295)
95	107,0.0171187329108	(95, 0.045199284566962809)
95	99,0.0177605154992	(95, 0.045199284566962809)
95	43,0.0203209204731	(95, 0.045199284566962809)
95	27,0.0213069152995	(95, 0.045199284566962809)
95	19,0.0219054295727	(95, 0.045199284566962809)
95	138,0.024938657072	(95, 0.045199284566962809)
95	128,0.0256652574384	(95, 0.045199284566962809)
95	78,0.0265888211055	(95, 0.045199284566962809)
95	50,0.0269289952157	(95, 0.045199284566962809)
95	84,0.0282064479717	(95, 0.045199284566962809)
96	96,0.00771036204473	(96, 0.0077103620447345755)
96	17,0.0131692227153	(96, 0.0077103620447345755)
96	13,0.0139471827068	(96, 0.0077103620447345755)
96	162,0.0140716740092	(96, 0.0077103620447345755)
96	11,0.0156780153852	(96, 0.0077103620447345755)
96	161,0.016999339597	(96, 0.0077103620447345755)
96	143,0.0174819725998	(96, 0.0077103620447345755)
96	119,0.0177745508791	(96, 0.0077103620447345755)
96	112,0.0185206216282	(96, 0.0077103620447345755)
96	90,0.0190274597007	(96, 0.0077103620447345755)
97	172,0.0107812514637	(97, 0.024545971988627222)
97	40,0.0118993156869	(97, 0.024545971988627222)
97	69,0.0141754963001	(97, 0.024545971988627222)
97	17,0.0145146790495	(97, 0.024545971988627222)
97	3,0.0168881935527	(97, 0.024545971988627222)
97	120,0.0169244499498	(97, 0.024545971988627222)
97	90,0.0174566013091	(97, 0.024545971988627222)
97	123,0.0183380373013	(97, 0.024545971988627222)
97	37,0.0189920314829	(97, 0.024545971988627222)
97	81,0.0191739213953	(97, 0.024545971988627222)
98	98,0.00749706296955	(98, 0.0074970629695509852)
98	40,0.0142463319747	(98, 0.0074970629695509852)
98	15,0.0146040166959	(98, 0.0074970629695509852)
98	25,0.0174179795079	(98, 0.0074970629695509852)
98	154,0.0186230046478	(98, 0.0074970629695509852)
98	172,0.0188376747218	(98, 0.0074970629695509852)
98	83,0.0212954037387	(98, 0.0074970629695509852)
98	49,0.0213201074561	(98, 0.0074970629695509852)
98	4,0.021889185149	(98, 0.0074970629695509852)
98	69,0.022573417892	(98, 0.0074970629695509852)
99	84,0.0160193236834	(99, 0.019237841244016375)
99	144,0.0162095876964	(99, 0.019237841244016375)
99	156,0.0173899817881	(99, 0.019237841244016375)
99	38,0.018154914782	(99, 0.019237841244016375)
99	128,0.0191722584933	(99, 0.019237841244016375)
99	93,0.0192374694199	(99, 0.019237841244016375)
99	99,0.019237841244	(99, 0.019237841244016375)
99	73,0.019528446389	(99, 0.019237841244016375)
99	109,0.0197989262989	(99, 0.019237841244016375)
99	78,0.0205399524225	(99, 0.019237841244016375)
100	100,0.00682312665401	(100, 0.0068231266540115295)
100	77,0.00964080987163	(100, 0.0068231266540115295)
100	21,0.00989063834282	(100, 0.0068231266540115295)
100	37,0.0100870915094	(100, 0.0068231266540115295)
100	11,0.010486198826	(100, 0.0068231266540115295)
100	74,0.0108155264179	(100, 0.0068231266540115295)
100	90,0.0108354124928	(100, 0.0068231266540115295)
100	136,0.0114965696969	(100, 0.0068231266540115295)
100	63,0.0120623351664	(100, 0.0068231266540115295)
100	71,0.0121984728811	(100, 0.0068231266540115295)
101	73,0.0169705721294	(101, 0.019554012944261196)
101	124,0.0191319214842	(101, 0.019554012944261196)
101	13,0.0194213285632	(101, 0.019554012944261196)
101	101,0.0195540129443	(101, 0.019554012944261196)
101	1,0.0202780626207	(101, 0.019554012944261196)
101	60,0.0206085640599	(101, 0.019554012944261196)
101	69,0.0212205058573	(101, 0.019554012944261196)
101	81,0.0231361725296	(101, 0.019554012944261196)
101	29,0.0235978908043	(101, 0.019554012944261196)
101	53,0.0238125853581	(101, 0.019554012944261196)
102	91,0.0208430716762	(102, 0.022677735298326677)
102	114,0.02108433746	(102, 0.022677735298326677)
102	102,0.0226777352983	(102, 0.022677735298326677)
102	155,0.0227871933982	(102, 0.022677735298326677)
102	41,0.0234943531012	(102, 0.022677735298326677)
102	1,0.0242369583134	(102, 0.022677735298326677)
102	110,0.0245977901812	(102, 0.022677735298326677)
102	53,0.026243853117	(102, 0.022677735298326677)
102	103,0.0264833330248	(102, 0.022677735298326677)
102	101,0.0284975465362	(102, 0.022677735298326677)
103	103,0.0186772762564	(103, 0.018677276256418667)
103	73,0.0233599419219	(103, 0.018677276256418667)
103	101,0.0296244853796	(103, 0.018677276256418667)
103	93,0.0306008174979	(103, 0.018677276256418667)
103	91,0.0313792218617	(103, 0.018677276256418667)
103	51,0.0326063401636	(103, 0.018677276256418667)
103	114,0.0327116740679	(103, 0.018677276256418667)
103	30,0.0332258686395	(103, 0.018677276256418667)
103	39,0.0339991359384	(103, 0.018677276256418667)
103	128,0.0351414819901	(103, 0.018677276256418667)
104	124,0.0108583585066	(104, 0.021608261435814041)
104	93,0.0156038389505	(104, 0.021608261435814041)
104	119,0.0173603392117	(104, 0.021608261435814041)
104	81,0.0175284891377	(104, 0.021608261435814041)
104	115,0.0187126910949	(104, 0.021608261435814041)
104	73,0.0190036494685	(104, 0.021608261435814041)
104	11,0.0196684851897	(104, 0.021608261435814041)
104	104,0.0216082614358	(104, 0.021608261435814041)
104	3,0.0226407057244	(104, 0.021608261435814041)
104	13,0.0233995112958	(104, 0.021608261435814041)
105	27,0.0179144697613	(105, 0.026896587830937523)
105	24,0.01925328028	(105, 0.026896587830937523)
105	43,0.0205722408724	(105, 0.026896587830937523)
105	107,0.022226640216	(105, 0.026896587830937523)
105	19,0.0224888733759	(105, 0.026896587830937523)
105	38,0.0243678479728	(105, 0.026896587830937523)
105	50,0.0263332457945	(105, 0.026896587830937523)
105	61,0.0266409420914	(105, 0.026896587830937523)
105	105,0.0268965878309	(105, 0.026896587830937523)
105	99,0.0272329553026	(105, 0.026896587830937523)
106	106,0.00873303842674	(106, 0.0087330384267449886)
106	157,0.0215836611237	(106, 0.0087330384267449886)
106	174,0.022697131755	(106, 0.0087330384267449886)
106	116,0.0229031159715	(106, 0.0087330384267449886)
106	93,0.0246588568049	(106, 0.0087330384267449886)
106	13,0.0247041292929	(106, 0.0087330384267449886)
106	172,0.0248429923187	(106, 0.0087330384267449886)
106	54,0.0257746032772	(106, 0.0087330384267449886)
106	156,0.0268800834113	(106, 0.0087330384267449886)
106	77,0.027281051958	(106, 0.0087330384267449886)
107	139,0.0141917197377	(107, 0.014715537657135869)
107	107,0.0147155376571	(107, 0.014715537657135869)
107	77,0.0147967869439	(107, 0.014715537657135869)
107	1,0.0151551418387	(107, 0.014715537657135869)
107	26,0.0152219141234	(107, 0.014715537657135869)
107	22,0.0159542949238	(107, 0.014715537657135869)
107	76,0.0166488708026	(107, 0.014715537657135869)
107	3,0.0169136181986	(107, 0.014715537657135869)
107	121,0.0169303523951	(107, 0.014715537657135869)
107	128,0.0178834265306	(107, 0.014715537657135869)
108	77,0.0101149495999	(108, 0.030945037609851067)
108	172,0.0161367932918	(108, 0.030945037609851067)
108	174,0.0167305755768	(108, 0.030945037609851067)
108	49,0.0178778067632	(108, 0.030945037609851067)
108	100,0.018528412299	(108, 0.030945037609851067)
108	17,0.0186651762996	(108, 0.030945037609851067)
108	40,0.0190757662675	(108, 0.030945037609851067)
108	4,0.0190906759137	(108, 0.030945037609851067)
108	15,0.0195456361305	(108, 0.030945037609851067)
108	37,0.0213523250287	(108, 0.030945037609851067)
109	109,0.011545538718	(109, 0.01154553871804165)
109	159,0.0120096429377	(109, 0.01154553871804165)
109	134,0.0143895329602	(109, 0.01154553871804165)
109	146,0.0163349872325	(109, 0.01154553871804165)
109	128,0.0176352859787	(109, 0.01154553871804165)
109	12,0.0193180300968	(109, 0.01154553871804165)
109	152,0.0198438429678	(109, 0.01154553871804165)
109	84,0.0204928409473	(109, 0.01154553871804165)
109	14,0.0209662451211	(109, 0.01154553871804165)
109	38,0.0213379367056	(109, 0.01154553871804165)
110	1,0.011881943496	(110, 0.019257296215510328)
110	11,0.0123120570824	(110, 0.019257296215510328)
110	121,0.0124996614383	(110, 0.019257296215510328)
110	162,0.0142211971669	(110, 0.019257296215510328)
110	3,0.0159251556406	(110, 0.019257296215510328)
110	71,0.0170612227398	(110, 0.019257296215510328)
110	155,0.0185637869335	(110, 0.019257296215510328)
110	13,0.0189198503662	(110, 0.019257296215510328)
110	110,0.0192572962155	(110, 0.019257296215510328)
110	26,0.0193072545689	(110, 0.019257296215510328)
111	73,0.0120992783582	(111, 0.048085121918446827)
111	124,0.012334488032	(111, 0.048085121918446827)
111	13,0.0157123904679	(111, 0.048085121918446827)
111	93,0.0160942708454	(111, 0.048085121918446827)
111	101,0.0164989879596	(111, 0.048085121918446827)
111	157,0.0199915955	(111, 0.048085121918446827)
111	1,0.0213238213834	(111, 0.048085121918446827)
111	114,0.0219751550396	(111, 0.048085121918446827)
111	41,0.0221387048381	(111, 0.048085121918446827)
111	155,0.0225800397702	(111, 0.048085121918446827)
112	11,0.00861742389954	(112, 0.010299502750548188)
112	90,0.00883560511416	(112, 0.010299502750548188)
112	100,0.0101209947992	(112, 0.010299502750548188)
112	3,0.0102065760696	(112, 0.010299502750548188)
112	112,0.0102995027505	(112, 0.010299502750548188)
112	21,0.0107044479207	(112, 0.010299502750548188)
112	162,0.0109909153978	(112, 0.010299502750548188)
112	71,0.0124066088922	(112, 0.010299502750548188)
112	77,0.0128599920271	(112, 0.010299502750548188)
112	143,0.0132627777529	(112, 0.010299502750548188)
113	113,0.0142670662471	(113, 0.014267066247133088)
113	65,0.0239796896033	(113, 0.014267066247133088)
113	130,0.0317451722604	(113, 0.014267066247133088)
113	120,0.0377061295082	(113, 0.014267066247133088)
113	155,0.0399335164201	(113, 0.014267066247133088)
113	53,0.0409552176068	(113, 0.014267066247133088)
113	44,0.040977105875	(113, 0.014267066247133088)
113	97,0.0415322333526	(113, 0.014267066247133088)
113	15,0.0415893861693	(113, 0.014267066247133088)
113	161,0.0432627003836	(113, 0.014267066247133088)
114	124,0.0129479539681	(114, 0.013465280816048355)
114	114,0.013465280816	(114, 0.013465280816048355)
114	73,0.0136476985629	(114, 0.013465280816048355)
114	53,0.0142356894818	(114, 0.013465280816048355)
114	13,0.0178929876906	(114, 0.013465280816048355)
114	104,0.0194117511141	(114, 0.013465280816048355)
114	93,0.0213886548153	(114, 0.013465280816048355)
114	155,0.0217210203132	(114, 0.013465280816048355)
114	140,0.0217860910672	(114, 0.013465280816048355)
114	157,0.0223750603297	(114, 0.013465280816048355)
115	119,0.0127110161646	(115, 0.014365426074562688)
115	11,0.0143030845743	(115, 0.014365426074562688)
115	115,0.0143654260746	(115, 0.014365426074562688)
115	37,0.0164747796045	(115, 0.014365426074562688)
115	96,0.0176243896955	(115, 0.014365426074562688)
115	17,0.0182104212185	(115, 0.014365426074562688)
115	81,0.019067389056	(115, 0.014365426074562688)
115	3,0.0191695831009	(115, 0.014365426074562688)
115	136,0.0192712348176	(115, 0.014365426074562688)
115	172,0.0193885943225	(115, 0.014365426074562688)
116	116,0.00904508083622	(116, 0.009045080836218895)
116	93,0.0109962386597	(116, 0.009045080836218895)
116	144,0.0199007817016	(116, 0.009045080836218895)
116	109,0.0212237747483	(116, 0.009045080836218895)
116	73,0.0229792220808	(116, 0.009045080836218895)
116	156,0.0230573396752	(116, 0.009045080836218895)
116	159,0.023508506838	(116, 0.009045080836218895)
116	128,0.0244077296438	(116, 0.009045080836218895)
116	131,0.0250356274669	(116, 0.009045080836218895)
116	146,0.0253482270673	(116, 0.009045080836218895)
117	117,0.00400983116804	(117, 0.0040098311680442505)
117	71,0.00924674266099	(117, 0.0040098311680442505)
117	21,0.0100427596492	(117, 0.0040098311680442505)
117	76,0.0112097765578	(117, 0.0040098311680442505)
117	22,0.0114019526698	(117, 0.0040098311680442505)
117	121,0.0116804900632	(117, 0.0040098311680442505)
117	11,0.0116817291225	(117, 0.0040098311680442505)
117	81,0.0117552349106	(117, 0.0040098311680442505)
117	162,0.0119877513438	(117, 0.0040098311680442505)
117	77,0.0126108397985	(117, 0.0040098311680442505)
118	33,0.0235251199007	(118, 0.034985521495468179)
118	130,0.0333193108161	(118, 0.034985521495468179)
118	34,0.033760994487	(118, 0.034985521495468179)
118	118,0.0349855214955	(118, 0.034985521495468179)
118	113,0.0350061391268	(118, 0.034985521495468179)
118	69,0.0408481332234	(118, 0.034985521495468179)
118	133,0.0448809224485	(118, 0.034985521495468179)
118	45,0.0457086430586	(118, 0.034985521495468179)
118	2,0.0467672980059	(118, 0.034985521495468179)
118	15,0.0472934196978	(118, 0.034985521495468179)
119	120,0.013328369435	(119, 0.015744881824645823)
119	69,0.0155539000949	(119, 0.015744881824645823)
119	119,0.0157448818246	(119, 0.015744881824645823)
119	40,0.0164066998609	(119, 0.015744881824645823)
119	4,0.0175314682987	(119, 0.015744881824645823)
119	17,0.0178547015572	(119, 0.015744881824645823)
119	154,0.0186250091151	(119, 0.015744881824645823)
119	172,0.018733466076	(119, 0.015744881824645823)
119	97,0.0190885132383	(119, 0.015744881824645823)
119	124,0.0200788028022	(119, 0.015744881824645823)
120	120,0.00999789826551	(120, 0.0099978982655057162)
120	65,0.013569897567	(120, 0.0099978982655057162)
120	161,0.0178613400149	(120, 0.0099978982655057162)
120	44,0.0197445849879	(120, 0.0099978982655057162)
120	97,0.0204108594292	(120, 0.0099978982655057162)
120	155,0.0207659220755	(120, 0.0099978982655057162)
120	53,0.0218411800838	(120, 0.0099978982655057162)
120	54,0.0221763635973	(120, 0.0099978982655057162)
120	13,0.0226351400774	(120, 0.0099978982655057162)
120	83,0.0232174264396	(120, 0.0099978982655057162)
121	121,0.0104138746114	(121, 0.010413874611446302)
121	1,0.011353899189	(121, 0.010413874611446302)
121	26,0.0129012204668	(121, 0.010413874611446302)
121	22,0.0129156956575	(121, 0.010413874611446302)
121	78,0.0132744246794	(121, 0.010413874611446302)
121	23,0.0166228125857	(121, 0.010413874611446302)
121	73,0.0166445487139	(121, 0.010413874611446302)
121	61,0.0168134766433	(121, 0.010413874611446302)
121	128,0.0171260758393	(121, 0.010413874611446302)
121	11,0.0178806747291	(121, 0.010413874611446302)
122	122,0.018199368356	(122, 0.018199368356048202)
122	174,0.0201595493346	(122, 0.018199368356048202)
122	154,0.0226039424483	(122, 0.018199368356048202)
122	69,0.028446833481	(122, 0.018199368356048202)
122	116,0.0301812744695	(122, 0.018199368356048202)
122	2,0.0302307370487	(122, 0.018199368356048202)
122	48,0.0323189090675	(122, 0.018199368356048202)
122	172,0.0339158057459	(122, 0.018199368356048202)
122	165,0.034606211823	(122, 0.018199368356048202)
122	4,0.0352776195945	(122, 0.018199368356048202)
123	123,0.0116792712567	(123, 0.011679271256719369)
123	172,0.0125323225618	(123, 0.011679271256719369)
123	81,0.016981594085	(123, 0.011679271256719369)
123	146,0.017504060026	(123, 0.011679271256719369)
123	40,0.0187357954343	(123, 0.011679271256719369)
123	119,0.0195828002858	(123, 0.011679271256719369)
123	90,0.0197878229715	(123, 0.011679271256719369)
123	115,0.020686603909	(123, 0.011679271256719369)
123	137,0.0213470086412	(123, 0.011679271256719369)
123	96,0.0215921848761	(123, 0.011679271256719369)
124	124,0.0168001256976	(124, 0.01680012569762215)
124	101,0.0250650344791	(124, 0.01680012569762215)
124	73,0.0296178732446	(124, 0.01680012569762215)
124	41,0.0297875016148	(124, 0.01680012569762215)
124	169,0.0306223453453	(124, 0.01680012569762215)
124	140,0.0327572236066	(124, 0.01680012569762215)
124	144,0.0332661301537	(124, 0.01680012569762215)
124	53,0.0334365930837	(124, 0.01680012569762215)
124	155,0.0338750293734	(124, 0.01680012569762215)
124	157,0.0344497810329	(124, 0.01680012569762215)
125	13,0.0258769911915	(125, 0.032220953493130776)
125	73,0.0280512607465	(125, 0.032220953493130776)
125	114,0.0293224562813	(125, 0.032220953493130776)
125	65,0.03030495546	(125, 0.032220953493130776)
125	155,0.0315446816891	(125, 0.032220953493130776)
125	125,0.0322209534931	(125, 0.032220953493130776)
125	41,0.0342405675194	(125, 0.032220953493130776)
125	68,0.0360399098114	(125, 0.032220953493130776)
125	16,0.0363595412414	(125, 0.032220953493130776)
125	54,0.036865718372	(125, 0.032220953493130776)
126	126,0.012054607426	(126, 0.012054607426030546)
126	81,0.0133810635205	(126, 0.012054607426030546)
126	121,0.0150988596386	(126, 0.012054607426030546)
126	3,0.0151194625172	(126, 0.012054607426030546)
126	128,0.0152264399727	(126, 0.012054607426030546)
126	132,0.0152500097615	(126, 0.012054607426030546)
126	12,0.0153126727349	(126, 0.012054607426030546)
126	11,0.0153811588002	(126, 0.012054607426030546)
126	22,0.0162229596456	(126, 0.012054607426030546)
126	119,0.0163253490688	(126, 0.012054607426030546)
127	17,0.00798342458037	(127, 0.01056183064565824)
127	74,0.00913669420887	(127, 0.01056183064565824)
127	136,0.00983100151635	(127, 0.01056183064565824)
127	127,0.0105618306457	(127, 0.01056183064565824)
127	100,0.0112937195994	(127, 0.01056183064565824)
127	77,0.0119926339062	(127, 0.01056183064565824)
127	59,0.0127256854009	(127, 0.01056183064565824)
127	37,0.0137073788141	(127, 0.01056183064565824)
127	49,0.0153115416678	(127, 0.01056183064565824)
127	172,0.0182080925223	(127, 0.01056183064565824)
128	128,0.00775208498148	(128, 0.0077520849814759285)
128	78,0.0120346944313	(128, 0.0077520849814759285)
128	12,0.0121636535388	(128, 0.0077520849814759285)
128	159,0.0143334775534	(128, 0.0077520849814759285)
128	158,0.0144806779243	(128, 0.0077520849814759285)
128	121,0.0153487656736	(128, 0.0077520849814759285)
128	55,0.0157186537111	(128, 0.0077520849814759285)
128	22,0.0158376679634	(128, 0.0077520849814759285)
128	107,0.0159066824377	(128, 0.0077520849814759285)
128	50,0.0162005562302	(128, 0.0077520849814759285)
129	49,0.0172196949859	(129, 0.028805449874608251)
129	98,0.017730936106	(129, 0.028805449874608251)
129	100,0.0235773340404	(129, 0.028805449874608251)
129	83,0.0241921564259	(129, 0.028805449874608251)
129	15,0.0244826952676	(129, 0.028805449874608251)
129	59,0.0247178372368	(129, 0.028805449874608251)
129	77,0.025717328743	(129, 0.028805449874608251)
129	129,0.0288054498746	(129, 0.028805449874608251)
129	94,0.0288430443726	(129, 0.028805449874608251)
129	25,0.0304426105376	(129, 0.028805449874608251)
130	130,0.0272810675516	(130, 0.027281067551637457)
130	13,0.0287138722046	(130, 0.027281067551637457)
130	65,0.0300463608045	(130, 0.027281067551637457)
130	91,0.031676534945	(130, 0.027281067551637457)
130	34,0.0317628062159	(130, 0.027281067551637457)
130	155,0.0326384478461	(130, 0.027281067551637457)
130	53,0.0332109865977	(130, 0.027281067551637457)
130	28,0.0339618433113	(130, 0.027281067551637457)
130	73,0.0341914197851	(130, 0.027281067551637457)
130	157,0.0344863069369	(130, 0.027281067551637457)
131	166,0.0211415881453	(131, 0.024205482745853817)
131	116,0.0234797923272	(131, 0.024205482745853817)
131	131,0.0242054827459	(131, 0.024205482745853817)
131	144,0.0253452059049	(131, 0.024205482745853817)
131	72,0.0266970718717	(131, 0.024205482745853817)
131	84,0.0279896524686	(131, 0.024205482745853817)
131	104,0.0299957728315	(131, 0.024205482745853817)
131	156,0.0320842088414	(131, 0.024205482745853817)
131	93,0.0357503421885	(131, 0.024205482745853817)
131	73,0.0390978208455	(131, 0.024205482745853817)
132	132,0.00679780453682	(132, 0.0067978045368194059)
132	18,0.00711838405667	(132, 0.0067978045368194059)
132	22,0.00778653776215	(132, 0.0067978045368194059)
132	139,0.00883340906088	(132, 0.0067978045368194059)
132	76,0.00897834771075	(132, 0.0067978045368194059)
132	46,0.00916691243236	(132, 0.0067978045368194059)
132	158,0.00962077567398	(132, 0.0067978045368194059)
132	147,0.0100600909555	(132, 0.0067978045368194059)
132	171,0.0106449749377	(132, 0.0067978045368194059)
132	121,0.0115059937539	(132, 0.0067978045368194059)
133	133,0.00754691161027	(133, 0.0075469116102695423)
133	130,0.0280390901696	(133, 0.0075469116102695423)
133	34,0.0305107574094	(133, 0.0075469116102695423)
133	91,0.032107184261	(133, 0.0075469116102695423)
133	103,0.0361547357591	(133, 0.0075469116102695423)
133	102,0.0365876485965	(133, 0.0075469116102695423)
133	153,0.041930117326	(133, 0.0075469116102695423)
133	53,0.0420358957178	(133, 0.0075469116102695423)
133	65,0.0429975188279	(133, 0.0075469116102695423)
133	101,0.0433105343077	(133, 0.0075469116102695423)
134	121,0.00995844634488	(134, 0.013575761225141958)
134	128,0.0105784676829	(134, 0.013575761225141958)
134	78,0.0116928056677	(134, 0.013575761225141958)
134	134,0.0135757612251	(134, 0.013575761225141958)
134	22,0.0159030614963	(134, 0.013575761225141958)
134	18,0.0161057510593	(134, 0.013575761225141958)
134	73,0.0163639571486	(134, 0.013575761225141958)
134	109,0.016913520375	(134, 0.013575761225141958)
134	26,0.0188235852588	(134, 0.013575761225141958)
134	151,0.0191758269019	(134, 0.013575761225141958)
135	147,0.0074406703249	(135, 0.0094602555918536294)
135	162,0.00841356073022	(135, 0.0094602555918536294)
135	76,0.00911674496592	(135, 0.0094602555918536294)
135	137,0.00914188216038	(135, 0.0094602555918536294)
135	63,0.00923272077067	(135, 0.0094602555918536294)
135	135,0.00946025559185	(135, 0.0094602555918536294)
135	77,0.0107621083423	(135, 0.0094602555918536294)
135	117,0.0112880178272	(135, 0.0094602555918536294)
135	171,0.0117528024651	(135, 0.0094602555918536294)
135	71,0.0124366508164	(135, 0.0094602555918536294)
136	136,0.0145648878889	(136, 0.01456488788885241)
136	121,0.0162670185173	(136, 0.01456488788885241)
136	11,0.0167444308171	(136, 0.01456488788885241)
136	54,0.0174286351672	(136, 0.01456488788885241)
136	78,0.0178364915013	(136, 0.01456488788885241)
136	126,0.0182566816644	(136, 0.01456488788885241)
136	162,0.0193802273939	(136, 0.01456488788885241)
136	151,0.0194748303491	(136, 0.01456488788885241)
136	119,0.019911505493	(136, 0.01456488788885241)
136	3,0.0199826787936	(136, 0.01456488788885241)
137	137,0.00396445699503	(137, 0.0039644569950293453)
137	63,0.00663754016131	(137, 0.0039644569950293453)
137	147,0.00699786106372	(137, 0.0039644569950293453)
137	3,0.00810977962166	(137, 0.0039644569950293453)
137	171,0.00846138947478	(137, 0.0039644569950293453)
137	76,0.0091210383616	(137, 0.0039644569950293453)
137	90,0.0114079790816	(137, 0.0039644569950293453)
137	77,0.0115676637991	(137, 0.0039644569950293453)
137	136,0.012074147431	(137, 0.0039644569950293453)
137	36,0.0120876546009	(137, 0.0039644569950293453)
138	78,0.0118949054084	(138, 0.018293400256814037)
138	158,0.0122287648854	(138, 0.018293400256814037)
138	128,0.0139904405688	(138, 0.018293400256814037)
138	107,0.0154623264257	(138, 0.018293400256814037)
138	61,0.0168543444881	(138, 0.018293400256814037)
138	138,0.0182934002568	(138, 0.018293400256814037)
138	22,0.0186565111202	(138, 0.018293400256814037)
138	139,0.0192725964195	(138, 0.018293400256814037)
138	73,0.0193875535248	(138, 0.018293400256814037)
138	38,0.0202687338997	(138, 0.018293400256814037)
139	139,0.00331540698497	(139, 0.0033154069849656593)
139	46,0.00760266476986	(139, 0.0033154069849656593)
139	76,0.00930757311409	(139, 0.0033154069849656593)
139	22,0.0101594096259	(139, 0.0033154069849656593)
139	18,0.0107757639607	(139, 0.0033154069849656593)
139	151,0.0111876393283	(139, 0.0033154069849656593)
139	132,0.011747842378	(139, 0.0033154069849656593)
139	171,0.0125593903566	(139, 0.0033154069849656593)
139	35,0.0138100618515	(139, 0.0033154069849656593)
139	63,0.0138658752761	(139, 0.0033154069849656593)
140	73,0.0178379932661	(140, 0.019849236712745664)
140	124,0.0185611006077	(140, 0.019849236712745664)
140	140,0.0198492367127	(140, 0.019849236712745664)
140	101,0.0202779380755	(140, 0.019849236712745664)
140	93,0.0213009626962	(140, 0.019849236712745664)
140	69,0.0220510904661	(140, 0.019849236712745664)
140	13,0.0224893126825	(140, 0.019849236712745664)
140	53,0.0236447047331	(140, 0.019849236712745664)
140	116,0.0242066487338	(140, 0.019849236712745664)
140	157,0.0253126244961	(140, 0.019849236712745664)
141	141,0.031527119941	(141, 0.03152711994096849)
141	124,0.0379615242659	(141, 0.03152711994096849)
141	48,0.0381928548906	(141, 0.03152711994096849)
141	2,0.0404395464631	(141, 0.03152711994096849)
141	120,0.0411488838926	(141, 0.03152711994096849)
141	155,0.0414645472659	(141, 0.03152711994096849)
141	4,0.0416296503063	(141, 0.03152711994096849)
141	33,0.0424250858724	(141, 0.03152711994096849)
141	56,0.0427837210009	(141, 0.03152711994096849)
141	97,0.0428589828071	(141, 0.03152711994096849)
142	61,0.0203479438568	(142, 0.056041983294502891)
142	12,0.0209788624188	(142, 0.056041983294502891)
142	38,0.0211568758019	(142, 0.056041983294502891)
142	105,0.0234847410702	(142, 0.056041983294502891)
142	73,0.0238334143631	(142, 0.056041983294502891)
142	24,0.0252007210207	(142, 0.056041983294502891)
142	23,0.0256348633994	(142, 0.056041983294502891)
142	55,0.0258254445394	(142, 0.056041983294502891)
142	78,0.0262053341698	(142, 0.056041983294502891)
142	16,0.0274922147522	(142, 0.056041983294502891)
143	143,0.0064674321905	(143, 0.0064674321905023435)
143	3,0.00830431936565	(143, 0.0064674321905023435)
143	112,0.00881757681654	(143, 0.0064674321905023435)
143	90,0.00948098362334	(143, 0.0064674321905023435)
143	137,0.00953452868676	(143, 0.0064674321905023435)
143	162,0.00960788678777	(143, 0.0064674321905023435)
143	11,0.0104461368202	(143, 0.0064674321905023435)
143	17,0.0116488305709	(143, 0.0064674321905023435)
143	136,0.0118850921461	(143, 0.0064674321905023435)
143	63,0.0119176242142	(143, 0.0064674321905023435)
144	144,0.0108388053377	(144, 0.010838805337725294)
144	38,0.0207457783767	(144, 0.010838805337725294)
144	14,0.0230851376986	(144, 0.010838805337725294)
144	12,0.0248483640322	(144, 0.010838805337725294)
144	50,0.0248634360456	(144, 0.010838805337725294)
144	156,0.0271057897916	(144, 0.010838805337725294)
144	27,0.0274009190379	(144, 0.010838805337725294)
144	116,0.0288842283964	(144, 0.010838805337725294)
144	145,0.0293829185426	(144, 0.010838805337725294)
144	73,0.0294401698998	(144, 0.010838805337725294)
145	78,0.0133896123558	(145, 0.01540520991988286)
145	158,0.0137182723952	(145, 0.01540520991988286)
145	128,0.0141288449583	(145, 0.01540520991988286)
145	38,0.0144853645286	(145, 0.01540520991988286)
145	145,0.0154052099199	(145, 0.01540520991988286)
145	55,0.0158245587616	(145, 0.01540520991988286)
145	24,0.0162565351078	(145, 0.01540520991988286)
145	12,0.0179470750733	(145, 0.01540520991988286)
145	61,0.0198957620553	(145, 0.01540520991988286)
145	22,0.0200751784673	(145, 0.01540520991988286)
146	146,0.00477029964786	(146, 0.0047702996478588278)
146	159,0.0121283756854	(146, 0.0047702996478588278)
146	12,0.0156669955945	(146, 0.0047702996478588278)
146	137,0.0182759743163	(146, 0.0047702996478588278)
146	132,0.0184185275458	(146, 0.0047702996478588278)
146	18,0.0186766960653	(146, 0.0047702996478588278)
146	46,0.0187617382901	(146, 0.0047702996478588278)
146	81,0.0190772837815	(146, 0.0047702996478588278)
146	3,0.0197623554778	(146, 0.0047702996478588278)
146	151,0.0204082592233	(146, 0.0047702996478588278)
147	76,0.00581192702166	(147, 0.0069476897781990095)
147	63,0.0068538024541	(147, 0.0069476897781990095)
147	147,0.0069476897782	(147, 0.0069476897781990095)
147	151,0.00844103638568	(147, 0.0069476897781990095)
147	132,0.00853488463899	(147, 0.0069476897781990095)
147	22,0.0101145979353	(147, 0.0069476897781990095)
147	18,0.0106056072533	(147, 0.0069476897781990095)
147	3,0.0107384384646	(147, 0.0069476897781990095)
147	121,0.0107424747328	(147, 0.0069476897781990095)
147	61,0.0107910507553	(147, 0.0069476897781990095)
148	148,0.00618517788854	(148, 0.0061851778885364667)
148	17,0.00862881443708	(148, 0.0061851778885364667)
148	143,0.0100474275487	(148, 0.0061851778885364667)
148	100,0.0121401247103	(148, 0.0061851778885364667)
148	90,0.013185357898	(148, 0.0061851778885364667)
148	49,0.0162899307102	(148, 0.0061851778885364667)
148	172,0.0165628261852	(148, 0.0061851778885364667)
148	112,0.0175272008328	(148, 0.0061851778885364667)
148	40,0.0194169138089	(148, 0.0061851778885364667)
148	37,0.0194536098927	(148, 0.0061851778885364667)
149	149,0.0172202032112	(149, 0.017220203211245066)
149	32,0.0358628752054	(149, 0.017220203211245066)
149	169,0.0389881749706	(149, 0.017220203211245066)
149	33,0.0445381569202	(149, 0.017220203211245066)
149	156,0.0597642680562	(149, 0.017220203211245066)
149	165,0.0607201444626	(149, 0.017220203211245066)
149	27,0.0623724006463	(149, 0.017220203211245066)
149	111,0.0627137442116	(149, 0.017220203211245066)
149	131,0.0632579391905	(149, 0.017220203211245066)
149	51,0.0660579873116	(149, 0.017220203211245066)
150	3,0.00565661841273	(150, 0.010464590608585761)
150	11,0.00688089670697	(150, 0.010464590608585761)
150	162,0.00844851277303	(150, 0.010464590608585761)
150	71,0.00860509140113	(150, 0.010464590608585761)
150	121,0.0102875206729	(150, 0.010464590608585761)
150	150,0.0104645906086	(150, 0.010464590608585761)
150	63,0.0108147183586	(150, 0.010464590608585761)
150	143,0.011282160495	(150, 0.010464590608585761)
150	117,0.011343318449	(150, 0.010464590608585761)
150	86,0.0114044396832	(150, 0.010464590608585761)
151	121,0.00571941557073	(151, 0.0088701559020868733)
151	151,0.00887015590209	(151, 0.0088701559020868733)
151	132,0.00958859092753	(151, 0.0088701559020868733)
151	22,0.0111347384022	(151, 0.0088701559020868733)
151	78,0.0114651885707	(151, 0.0088701559020868733)
151	70,0.0118102438232	(151, 0.0088701559020868733)
151	63,0.0124712568044	(151, 0.0088701559020868733)
151	11,0.0125825525556	(151, 0.0088701559020868733)
151	23,0.0127825265444	(151, 0.0088701559020868733)
151	61,0.0128377714505	(151, 0.0088701559020868733)
152	121,0.0107209106606	(152, 0.011179252739375031)
152	152,0.0111792527394	(152, 0.011179252739375031)
152	18,0.0134980964837	(152, 0.011179252739375031)
152	88,0.0149236825876	(152, 0.011179252739375031)
152	35,0.0159276958074	(152, 0.011179252739375031)
152	117,0.0160278607343	(152, 0.011179252739375031)
152	139,0.0169508643722	(152, 0.011179252739375031)
152	22,0.0173357375892	(152, 0.011179252739375031)
152	11,0.0175348817233	(152, 0.011179252739375031)
152	73,0.017749433161	(152, 0.011179252739375031)
153	133,0.0167279818563	(153, 0.021087568549146812)
153	153,0.0210875685491	(153, 0.021087568549146812)
153	34,0.0236815713186	(153, 0.021087568549146812)
153	102,0.0272263694889	(153, 0.021087568549146812)
153	91,0.0286683691146	(153, 0.021087568549146812)
153	130,0.0296935884525	(153, 0.021087568549146812)
153	103,0.0355793748567	(153, 0.021087568549146812)
153	1,0.0362031604049	(153, 0.021087568549146812)
153	95,0.0373946784771	(153, 0.021087568549146812)
153	53,0.0383584003097	(153, 0.021087568549146812)
154	154,0.0044635494808	(154, 0.0044635494808014193)
154	40,0.0130739211117	(154, 0.0044635494808014193)
154	174,0.0160517274826	(154, 0.0044635494808014193)
154	172,0.016914821865	(154, 0.0044635494808014193)
154	69,0.0182911892635	(154, 0.0044635494808014193)
154	4,0.0198040901928	(154, 0.0044635494808014193)
154	116,0.0241937511423	(154, 0.0044635494808014193)
154	56,0.0247124458669	(154, 0.0044635494808014193)
154	48,0.0250332501526	(154, 0.0044635494808014193)
154	17,0.0255047153289	(154, 0.0044635494808014193)
155	71,0.00898661977398	(155, 0.015837740677477594)
155	11,0.0108137327583	(155, 0.015837740677477594)
155	1,0.0126274284674	(155, 0.015837740677477594)
155	117,0.0135643853699	(155, 0.015837740677477594)
155	81,0.0136297329402	(155, 0.015837740677477594)
155	121,0.0146422154419	(155, 0.015837740677477594)
155	162,0.0146816846102	(155, 0.015837740677477594)
155	155,0.0158377406775	(155, 0.015837740677477594)
155	3,0.0161628055645	(155, 0.015837740677477594)
155	77,0.0169664612183	(155, 0.015837740677477594)
156	156,0.0135122116682	(156, 0.013512211668200125)
156	73,0.0144298555254	(156, 0.013512211668200125)
156	109,0.0162260478394	(156, 0.013512211668200125)
156	144,0.0184798099058	(156, 0.013512211668200125)
156	107,0.0217979585353	(156, 0.013512211668200125)
156	27,0.0221970244036	(156, 0.013512211668200125)
156	84,0.0235872704698	(156, 0.013512211668200125)
156	50,0.0237483530089	(156, 0.013512211668200125)
156	38,0.0246147010729	(156, 0.013512211668200125)
156	138,0.0246677685254	(156, 0.013512211668200125)
157	93,0.0125259551969	(157, 0.016813416053562173)
157	22,0.0129545379538	(157, 0.016813416053562173)
157	12,0.01344590055	(157, 0.016813416053562173)
157	73,0.013525647734	(157, 0.016813416053562173)
157	128,0.0135834269308	(157, 0.016813416053562173)
157	132,0.0140920940085	(157, 0.016813416053562173)
157	3,0.0143699380248	(157, 0.016813416053562173)
157	121,0.0147890083335	(157, 0.016813416053562173)
157	81,0.0151230670476	(157, 0.016813416053562173)
157	126,0.0155637743923	(157, 0.016813416053562173)
158	77,0.00746897639111	(158, 0.020939020876624703)
158	3,0.00932127680386	(158, 0.020939020876624703)
158	76,0.0102838788155	(158, 0.020939020876624703)
158	171,0.0106169945366	(158, 0.020939020876624703)
158	63,0.0107939693848	(158, 0.020939020876624703)
158	147,0.0109159584912	(158, 0.020939020876624703)
158	37,0.0112374552199	(158, 0.020939020876624703)
158	11,0.0119334190958	(158, 0.020939020876624703)
158	136,0.0122062166819	(158, 0.020939020876624703)
158	137,0.0128282247009	(158, 0.020939020876624703)
159	146,0.00706420707563	(159, 0.016126901025072679)
159	18,0.0103738038627	(159, 0.016126901025072679)
159	137,0.010390447039	(159, 0.016126901025072679)
159	150,0.0121877352184	(159, 0.016126901025072679)
159	46,0.0122312424531	(159, 0.016126901025072679)
159	81,0.0125918174391	(159, 0.016126901025072679)
159	147,0.0126990951729	(159, 0.016126901025072679)
159	90,0.0127358512733	(159, 0.016126901025072679)
159	36,0.0131270903222	(159, 0.016126901025072679)
159	117,0.0131351384011	(159, 0.016126901025072679)
160	164,0.0230401313586	(160, 0.094168063497365173)
160	27,0.0246661494542	(160, 0.094168063497365173)
160	73,0.0288205440436	(160, 0.094168063497365173)
160	32,0.0298989446644	(160, 0.094168063497365173)
160	38,0.030283781354	(160, 0.094168063497365173)
160	105,0.0308222565346	(160, 0.094168063497365173)
160	43,0.0318070204952	(160, 0.094168063497365173)
160	24,0.0334830214464	(160, 0.094168063497365173)
160	107,0.0339723417223	(160, 0.094168063497365173)
160	109,0.0344402722266	(160, 0.094168063497365173)
161	161,0.00552483951493	(161, 0.0055248395149265278)
161	65,0.0143947540131	(161, 0.0055248395149265278)
161	17,0.0169912373839	(161, 0.0055248395149265278)
161	83,0.0173445285458	(161, 0.0055248395149265278)
161	155,0.0182333233237	(161, 0.0055248395149265278)
161	44,0.018897279213	(161, 0.0055248395149265278)
161	68,0.0193018497439	(161, 0.0055248395149265278)
161	100,0.0205081726508	(161, 0.0055248395149265278)
161	1,0.0206165384368	(161, 0.0055248395149265278)
161	13,0.0206212164001	(161, 0.0055248395149265278)
162	162,0.00880398152353	(162, 0.0088039815235326502)
162	18,0.00898358117325	(162, 0.0088039815235326502)
162	117,0.00984753555681	(162, 0.0088039815235326502)
162	76,0.00998520859839	(162, 0.0088039815235326502)
162	88,0.0103471885564	(162, 0.0088039815235326502)
162	147,0.0107943142724	(162, 0.0088039815235326502)
162	121,0.0112440480991	(162, 0.0088039815235326502)
162	150,0.0115247625714	(162, 0.0088039815235326502)
162	63,0.0118061659824	(162, 0.0088039815235326502)
162	11,0.012033396856	(162, 0.0088039815235326502)
163	17,0.0143544608241	(163, 0.01764288887465059)
163	172,0.015425289095	(163, 0.01764288887465059)
163	3,0.0159828223279	(163, 0.01764288887465059)
163	40,0.015993160442	(163, 0.01764288887465059)
163	148,0.017154991626	(163, 0.01764288887465059)
163	100,0.0171984997564	(163, 0.01764288887465059)
163	37,0.0172394992914	(163, 0.01764288887465059)
163	163,0.0176428888747	(163, 0.01764288887465059)
163	11,0.0184041696433	(163, 0.01764288887465059)
163	83,0.0187390144503	(163, 0.01764288887465059)
164	156,0.0179114010267	(164, 0.022953601871745024)
164	164,0.0229536018717	(164, 0.022953601871745024)
164	27,0.0230516232078	(164, 0.022953601871745024)
164	144,0.0235655059423	(164, 0.022953601871745024)
164	73,0.0240338564813	(164, 0.022953601871745024)
164	131,0.0257290704557	(164, 0.022953601871745024)
164	109,0.0264569376361	(164, 0.022953601871745024)
164	32,0.0270493415586	(164, 0.022953601871745024)
164	50,0.0303509291564	(164, 0.022953601871745024)
164	84,0.0306667243027	(164, 0.022953601871745024)
165	93,0.0165942994485	(165, 0.023827540816184108)
165	116,0.0216158638523	(165, 0.023827540816184108)
165	157,0.0225672401298	(165, 0.023827540816184108)
165	131,0.0234097107574	(165, 0.023827540816184108)
165	165,0.0238275408162	(165, 0.023827540816184108)
165	144,0.024586381214	(165, 0.023827540816184108)
165	73,0.0252282076465	(165, 0.023827540816184108)
165	124,0.0286597450098	(165, 0.023827540816184108)
165	156,0.0301396451914	(165, 0.023827540816184108)
165	27,0.0317604630891	(165, 0.023827540816184108)
166	116,0.0214107092777	(166, 0.029709874666646902)
166	69,0.0233430164415	(166, 0.029709874666646902)
166	124,0.0240956234717	(166, 0.029709874666646902)
166	144,0.0274096723644	(166, 0.029709874666646902)
166	104,0.0291505268494	(166, 0.029709874666646902)
166	166,0.0297098746666	(166, 0.029709874666646902)
166	140,0.0299179025322	(166, 0.029709874666646902)
166	123,0.0309307588023	(166, 0.029709874666646902)
166	157,0.0310426414675	(166, 0.029709874666646902)
166	13,0.0312865867045	(166, 0.029709874666646902)
167	51,0.0263582814122	(167, 0.02841080020568185)
167	167,0.0284108002057	(167, 0.02841080020568185)
167	39,0.0320199753795	(167, 0.02841080020568185)
167	32,0.0320414577024	(167, 0.02841080020568185)
167	27,0.036230359645	(167, 0.02841080020568185)
167	169,0.0445778339128	(167, 0.02841080020568185)
167	19,0.0454991658302	(167, 0.02841080020568185)
167	164,0.0476075017001	(167, 0.02841080020568185)
167	142,0.048891529225	(167, 0.02841080020568185)
167	138,0.0502057432809	(167, 0.02841080020568185)
168	55,0.0148808487014	(168, 0.019911767359187448)
168	12,0.017002726552	(168, 0.019911767359187448)
168	38,0.018224980081	(168, 0.019911767359187448)
168	121,0.0196647096325	(168, 0.019911767359187448)
168	168,0.0199117673592	(168, 0.019911767359187448)
168	18,0.0206556621911	(168, 0.019911767359187448)
168	151,0.0216168584032	(168, 0.019911767359187448)
168	86,0.0217528432521	(168, 0.019911767359187448)
168	61,0.0223590264262	(168, 0.019911767359187448)
168	152,0.022592571708	(168, 0.019911767359187448)
169	156,0.0255172282227	(169, 0.025983245593077714)
169	109,0.0257846790642	(169, 0.025983245593077714)
169	169,0.0259832455931	(169, 0.025983245593077714)
169	73,0.026171159883	(169, 0.025983245593077714)
169	144,0.0287948442237	(169, 0.025983245593077714)
169	99,0.0288775623645	(169, 0.025983245593077714)
169	170,0.0306844520875	(169, 0.025983245593077714)
169	27,0.0311203693976	(169, 0.025983245593077714)
169	41,0.0315205184595	(169, 0.025983245593077714)
169	84,0.0317626457414	(169, 0.025983245593077714)
170	170,0.0167650351653	(170, 0.016765035165251834)
170	99,0.0200375008562	(170, 0.016765035165251834)
170	27,0.0226423175169	(170, 0.016765035165251834)
170	144,0.0256256987368	(170, 0.016765035165251834)
170	19,0.0263927188919	(170, 0.016765035165251834)
170	73,0.0291267587081	(170, 0.016765035165251834)
170	0,0.0292473716961	(170, 0.016765035165251834)
170	84,0.0302404737681	(170, 0.016765035165251834)
170	109,0.0325656209736	(170, 0.016765035165251834)
170	114,0.0335260737491	(170, 0.016765035165251834)
171	156,0.0156140781988	(171, 0.053453655951336609)
171	27,0.0195274303768	(171, 0.053453655951336609)
171	73,0.023039929757	(171, 0.053453655951336609)
171	107,0.0235734970029	(171, 0.053453655951336609)
171	164,0.0236338721369	(171, 0.053453655951336609)
171	32,0.0238313751266	(171, 0.053453655951336609)
171	144,0.0282703677346	(171, 0.053453655951336609)
171	19,0.0286159528908	(171, 0.053453655951336609)
171	50,0.0325276134794	(171, 0.053453655951336609)
171	131,0.0329392483094	(171, 0.053453655951336609)
172	172,0.00496851066121	(172, 0.0049685106612051486)
172	3,0.00874082789814	(172, 0.0049685106612051486)
172	137,0.0101040042937	(172, 0.0049685106612051486)
172	17,0.0116330367519	(172, 0.0049685106612051486)
172	90,0.0122224238758	(172, 0.0049685106612051486)
172	77,0.0125298100636	(172, 0.0049685106612051486)
172	37,0.0127943643639	(172, 0.0049685106612051486)
172	136,0.0130904981349	(172, 0.0049685106612051486)
172	81,0.0138334775711	(172, 0.0049685106612051486)
172	171,0.0146416337973	(172, 0.0049685106612051486)
173	107,0.0189663155045	(173, 0.03029089981091513)
173	38,0.0199660152047	(173, 0.03029089981091513)
173	158,0.0202488076382	(173, 0.03029089981091513)
173	24,0.0219104193746	(173, 0.03029089981091513)
173	27,0.022482132539	(173, 0.03029089981091513)
173	61,0.0269022808931	(173, 0.03029089981091513)
173	128,0.0270438358095	(173, 0.03029089981091513)
173	78,0.0276025966956	(173, 0.03029089981091513)
173	156,0.0276136082503	(173, 0.03029089981091513)
173	43,0.0293785506322	(173, 0.03029089981091513)
174	174,0.00640576425379	(174, 0.0064057642537865356)
174	56,0.0133282907719	(174, 0.0064057642537865356)
174	15,0.0140421956553	(174, 0.0064057642537865356)
174	120,0.0157208233386	(174, 0.0064057642537865356)
174	69,0.0174608362215	(174, 0.0064057642537865356)
174	17,0.0179356759101	(174, 0.0064057642537865356)
174	4,0.0189224664483	(174, 0.0064057642537865356)
174	2,0.0189393566486	(174, 0.0064057642537865356)
174	154,0.0211084116733	(174, 0.0064057642537865356)
174	172,0.0213687620754	(174, 0.0064057642537865356)
