0	0,0.0904656873346	(0, 0.090465687334646036)
0	84,0.241128201679	(0, 0.090465687334646036)
0	38,0.253036532994	(0, 0.090465687334646036)
0	173,0.262156371286	(0, 0.090465687334646036)
0	99,0.264681600861	(0, 0.090465687334646036)
0	109,0.277912674935	(0, 0.090465687334646036)
0	144,0.294909853026	(0, 0.090465687334646036)
0	14,0.297655750891	(0, 0.090465687334646036)
0	170,0.302773831829	(0, 0.090465687334646036)
0	138,0.312624867844	(0, 0.090465687334646036)
1	1,0.0787532032026	(1, 0.078753203202642966)
1	102,0.117416397107	(1, 0.078753203202642966)
1	28,0.124656457988	(1, 0.078753203202642966)
1	103,0.124665572614	(1, 0.078753203202642966)
1	91,0.128531024086	(1, 0.078753203202642966)
1	155,0.144902644949	(1, 0.078753203202642966)
1	153,0.147702493281	(1, 0.078753203202642966)
1	114,0.166444584498	(1, 0.078753203202642966)
1	41,0.172207407028	(1, 0.078753203202642966)
1	53,0.181550809216	(1, 0.078753203202642966)
2	154,0.0943678444519	(2, 0.1500962076919895)
2	4,0.1072098663	(2, 0.1500962076919895)
2	69,0.125518849198	(2, 0.1500962076919895)
2	174,0.132664459123	(2, 0.1500962076919895)
2	2,0.150096207692	(2, 0.1500962076919895)
2	40,0.151129062695	(2, 0.1500962076919895)
2	172,0.173997468225	(2, 0.1500962076919895)
2	25,0.195606685007	(2, 0.1500962076919895)
2	15,0.200829040087	(2, 0.1500962076919895)
2	56,0.202717796484	(2, 0.1500962076919895)
3	3,0.0414524843047	(3, 0.041452484304672223)
3	63,0.0588081107144	(3, 0.041452484304672223)
3	132,0.0729801143164	(3, 0.041452484304672223)
3	81,0.0819455079223	(3, 0.041452484304672223)
3	121,0.0819829550341	(3, 0.041452484304672223)
3	162,0.0845459218507	(3, 0.041452484304672223)
3	147,0.0872072705816	(3, 0.041452484304672223)
3	11,0.0904707930468	(3, 0.041452484304672223)
3	150,0.0930921002447	(3, 0.041452484304672223)
3	151,0.0934715475676	(3, 0.041452484304672223)
4	172,0.0744202641002	(4, 0.096693421398469828)
4	13,0.0770515767746	(4, 0.096693421398469828)
4	17,0.0893086084347	(4, 0.096693421398469828)
4	4,0.0966934213985	(4, 0.096693421398469828)
4	69,0.0970813967393	(4, 0.096693421398469828)
4	40,0.0993860608359	(4, 0.096693421398469828)
4	37,0.102420375238	(4, 0.096693421398469828)
4	120,0.111793832521	(4, 0.096693421398469828)
4	161,0.121647906442	(4, 0.096693421398469828)
4	77,0.121670077843	(4, 0.096693421398469828)
5	73,0.0821212072481	(5, 0.32690964061736305)
5	107,0.164309706719	(5, 0.32690964061736305)
5	93,0.166931801993	(5, 0.32690964061736305)
5	78,0.174189435649	(5, 0.32690964061736305)
5	26,0.17462609514	(5, 0.32690964061736305)
5	124,0.185447681333	(5, 0.32690964061736305)
5	1,0.186279378731	(5, 0.32690964061736305)
5	158,0.186662170801	(5, 0.32690964061736305)
5	128,0.188861899302	(5, 0.32690964061736305)
5	22,0.19171365299	(5, 0.32690964061736305)
6	139,0.048021132192	(6, 0.075409580729387193)
6	46,0.0586844981405	(6, 0.075409580729387193)
6	6,0.0754095807294	(6, 0.075409580729387193)
6	76,0.0800805447705	(6, 0.075409580729387193)
6	22,0.0803579668801	(6, 0.075409580729387193)
6	18,0.0933194146448	(6, 0.075409580729387193)
6	158,0.0942406112029	(6, 0.075409580729387193)
6	35,0.0986447995466	(6, 0.075409580729387193)
6	132,0.0991990449662	(6, 0.075409580729387193)
6	171,0.0998058872935	(6, 0.075409580729387193)
7	66,0.365847192289	(7, 0.66701498628946854)
7	167,0.527620224676	(7, 0.66701498628946854)
7	51,0.531251471897	(7, 0.66701498628946854)
7	169,0.535780110722	(7, 0.66701498628946854)
7	32,0.538472380741	(7, 0.66701498628946854)
7	80,0.543522527358	(7, 0.66701498628946854)
7	133,0.591262001284	(7, 0.66701498628946854)
7	160,0.619051752356	(7, 0.66701498628946854)
7	149,0.626640696763	(7, 0.66701498628946854)
7	7,0.667014986289	(7, 0.66701498628946854)
8	11,0.0831332950583	(8, 0.13808219491402926)
8	121,0.0995962599985	(8, 0.13808219491402926)
8	71,0.109780036999	(8, 0.13808219491402926)
8	1,0.113384816787	(8, 0.13808219491402926)
8	162,0.117147571742	(8, 0.13808219491402926)
8	73,0.120552171063	(8, 0.13808219491402926)
8	13,0.125050098042	(8, 0.13808219491402926)
8	3,0.129895921869	(8, 0.13808219491402926)
8	78,0.129938586417	(8, 0.13808219491402926)
8	155,0.134028556434	(8, 0.13808219491402926)
9	9,0.138781654142	(9, 0.13878165414163612)
9	155,0.244346608668	(9, 0.13878165414163612)
9	114,0.268496753509	(9, 0.13878165414163612)
9	91,0.309969470363	(9, 0.13878165414163612)
9	53,0.310117479767	(9, 0.13878165414163612)
9	124,0.323565723064	(9, 0.13878165414163612)
9	41,0.365358726315	(9, 0.13878165414163612)
9	65,0.394610851803	(9, 0.13878165414163612)
9	28,0.407241756341	(9, 0.13878165414163612)
9	1,0.424798157283	(9, 0.13878165414163612)
10	10,0.182612844856	(10, 0.18261284485618462)
10	47,0.224351463896	(10, 0.18261284485618462)
10	167,0.457784617146	(10, 0.18261284485618462)
10	99,0.474174486113	(10, 0.18261284485618462)
10	173,0.485853037448	(10, 0.18261284485618462)
10	84,0.511289774085	(10, 0.18261284485618462)
10	14,0.524308931893	(10, 0.18261284485618462)
10	27,0.53171142624	(10, 0.18261284485618462)
10	166,0.543695470537	(10, 0.18261284485618462)
10	138,0.550970378945	(10, 0.18261284485618462)
11	11,0.0502565231009	(11, 0.050256523100877852)
11	119,0.0854783970622	(11, 0.050256523100877852)
11	81,0.0870295746051	(11, 0.050256523100877852)
11	37,0.107054293015	(11, 0.050256523100877852)
11	115,0.110746196603	(11, 0.050256523100877852)
11	96,0.113397597837	(11, 0.050256523100877852)
11	3,0.114509627215	(11, 0.050256523100877852)
11	13,0.125683459143	(11, 0.050256523100877852)
11	124,0.136299648077	(11, 0.050256523100877852)
11	71,0.141705360773	(11, 0.050256523100877852)
12	22,0.0506973199216	(12, 0.058666512091121573)
12	12,0.0586665120911	(12, 0.058666512091121573)
12	121,0.0619424845985	(12, 0.058666512091121573)
12	151,0.0655839435006	(12, 0.058666512091121573)
12	76,0.066091638036	(12, 0.058666512091121573)
12	126,0.0748312185183	(12, 0.058666512091121573)
12	18,0.0751993305739	(12, 0.058666512091121573)
12	132,0.0800129758821	(12, 0.058666512091121573)
12	86,0.084856310238	(12, 0.058666512091121573)
12	78,0.0898825464798	(12, 0.058666512091121573)
13	11,0.0533178739084	(13, 0.099247444251830297)
13	3,0.0682907579613	(13, 0.099247444251830297)
13	17,0.0700676837664	(13, 0.099247444251830297)
13	162,0.0723024478101	(13, 0.099247444251830297)
13	172,0.0740741743949	(13, 0.099247444251830297)
13	143,0.0812334592731	(13, 0.099247444251830297)
13	90,0.0813202489038	(13, 0.099247444251830297)
13	37,0.0814021174133	(13, 0.099247444251830297)
13	81,0.0889067138055	(13, 0.099247444251830297)
13	77,0.0899775685534	(13, 0.099247444251830297)
14	14,0.0765195230268	(14, 0.076519523026824701)
14	72,0.0943784762655	(14, 0.076519523026824701)
14	159,0.122734072248	(14, 0.076519523026824701)
14	144,0.162616672586	(14, 0.076519523026824701)
14	109,0.164698966295	(14, 0.076519523026824701)
14	84,0.17027599132	(14, 0.076519523026824701)
14	145,0.172679907121	(14, 0.076519523026824701)
14	123,0.175457226833	(14, 0.076519523026824701)
14	12,0.190336888018	(14, 0.076519523026824701)
14	131,0.195428593258	(14, 0.076519523026824701)
15	17,0.0713569474058	(15, 0.071894274583035156)
15	15,0.071894274583	(15, 0.071894274583035156)
15	77,0.0876812143154	(15, 0.071894274583035156)
15	100,0.0998320365909	(15, 0.071894274583035156)
15	49,0.0999882842575	(15, 0.071894274583035156)
15	172,0.106434098045	(15, 0.071894274583035156)
15	174,0.12012471407	(15, 0.071894274583035156)
15	4,0.122975189399	(15, 0.071894274583035156)
15	59,0.124019119267	(15, 0.071894274583035156)
15	69,0.124657633979	(15, 0.071894274583035156)
16	16,0.120864748083	(16, 0.12086474808260335)
16	170,0.132675168875	(16, 0.12086474808260335)
16	0,0.175791211163	(16, 0.12086474808260335)
16	19,0.180422065313	(16, 0.12086474808260335)
16	114,0.202625914284	(16, 0.12086474808260335)
16	144,0.203634293432	(16, 0.12086474808260335)
16	101,0.2053360757	(16, 0.12086474808260335)
16	73,0.216847081953	(16, 0.12086474808260335)
16	27,0.220827083192	(16, 0.12086474808260335)
16	109,0.23109590561	(16, 0.12086474808260335)
17	17,0.0413232640715	(17, 0.041323264071474256)
17	172,0.0602533157268	(17, 0.041323264071474256)
17	77,0.0797011057518	(17, 0.041323264071474256)
17	100,0.0850238321359	(17, 0.041323264071474256)
17	143,0.0870181790357	(17, 0.041323264071474256)
17	37,0.0965821351988	(17, 0.041323264071474256)
17	49,0.0966189651604	(17, 0.041323264071474256)
17	136,0.0976508636752	(17, 0.041323264071474256)
17	90,0.0977401658198	(17, 0.041323264071474256)
17	3,0.106368058016	(17, 0.041323264071474256)
18	18,0.0466016756919	(18, 0.04660167569188868)
18	88,0.0547441289309	(18, 0.04660167569188868)
18	22,0.0617845205707	(18, 0.04660167569188868)
18	121,0.0642143382583	(18, 0.04660167569188868)
18	35,0.0682435093581	(18, 0.04660167569188868)
18	76,0.069268035024	(18, 0.04660167569188868)
18	61,0.0716908176549	(18, 0.04660167569188868)
18	139,0.0763735218096	(18, 0.04660167569188868)
18	132,0.0767771096786	(18, 0.04660167569188868)
18	151,0.0854011980417	(18, 0.04660167569188868)
19	19,0.147917077471	(19, 0.14791707747067548)
19	43,0.163314690383	(19, 0.14791707747067548)
19	27,0.173101934168	(19, 0.14791707747067548)
19	99,0.188073474105	(19, 0.14791707747067548)
19	32,0.242913328228	(19, 0.14791707747067548)
19	107,0.244190375174	(19, 0.14791707747067548)
19	84,0.255846228952	(19, 0.14791707747067548)
19	164,0.263264669271	(19, 0.14791707747067548)
19	39,0.272911902678	(19, 0.14791707747067548)
19	144,0.290653955521	(19, 0.14791707747067548)
20	73,0.111226710276	(20, 0.13123146784374121)
20	20,0.131231467844	(20, 0.13123146784374121)
20	124,0.132098315297	(20, 0.13123146784374121)
20	93,0.142036008422	(20, 0.13123146784374121)
20	109,0.155821435605	(20, 0.13123146784374121)
20	1,0.16422703742	(20, 0.13123146784374121)
20	128,0.168629867863	(20, 0.13123146784374121)
20	157,0.169247562952	(20, 0.13123146784374121)
20	89,0.169869905127	(20, 0.13123146784374121)
20	101,0.176780715025	(20, 0.13123146784374121)
21	121,0.0547584778698	(21, 0.10948363757184362)
21	71,0.0623831749238	(21, 0.10948363757184362)
21	11,0.0639381437601	(21, 0.10948363757184362)
21	117,0.0726770092904	(21, 0.10948363757184362)
21	162,0.0744549742598	(21, 0.10948363757184362)
21	22,0.0886209907248	(21, 0.10948363757184362)
21	23,0.0972891356711	(21, 0.10948363757184362)
21	86,0.0977467104656	(21, 0.10948363757184362)
21	76,0.0980527186396	(21, 0.10948363757184362)
21	63,0.103201545843	(21, 0.10948363757184362)
22	22,0.0494720072082	(22, 0.049472007208230737)
22	117,0.0565809183166	(22, 0.049472007208230737)
22	139,0.061241599654	(22, 0.049472007208230737)
22	76,0.0620871377525	(22, 0.049472007208230737)
22	132,0.0668722509308	(22, 0.049472007208230737)
22	46,0.0734297561512	(22, 0.049472007208230737)
22	3,0.0813151554999	(22, 0.049472007208230737)
22	121,0.0822417780595	(22, 0.049472007208230737)
22	18,0.0833562272077	(22, 0.049472007208230737)
22	63,0.0847904232652	(22, 0.049472007208230737)
23	23,0.0364936718278	(23, 0.036493671827818194)
23	61,0.0383218193262	(23, 0.036493671827818194)
23	26,0.0954194802636	(23, 0.036493671827818194)
23	121,0.111491967685	(23, 0.036493671827818194)
23	78,0.120072268393	(23, 0.036493671827818194)
23	63,0.130693319442	(23, 0.036493671827818194)
23	162,0.134536424305	(23, 0.036493671827818194)
23	76,0.135802483034	(23, 0.036493671827818194)
23	70,0.139220177316	(23, 0.036493671827818194)
23	147,0.14061982193	(23, 0.036493671827818194)
24	24,0.0586545307047	(24, 0.058654530704700586)
24	107,0.133635544088	(24, 0.058654530704700586)
24	27,0.148206064308	(24, 0.058654530704700586)
24	61,0.159480449494	(24, 0.058654530704700586)
24	158,0.16809501698	(24, 0.058654530704700586)
24	135,0.168994527611	(24, 0.058654530704700586)
24	50,0.178754000657	(24, 0.058654530704700586)
24	73,0.178983892162	(24, 0.058654530704700586)
24	22,0.182274927533	(24, 0.058654530704700586)
24	23,0.184427853815	(24, 0.058654530704700586)
25	69,0.0639903680813	(25, 0.065726199083951733)
25	25,0.065726199084	(25, 0.065726199083951733)
25	40,0.0798156561191	(25, 0.065726199083951733)
25	4,0.0960274040067	(25, 0.065726199083951733)
25	15,0.108710714837	(25, 0.065726199083951733)
25	148,0.109917741644	(25, 0.065726199083951733)
25	154,0.13186606743	(25, 0.065726199083951733)
25	79,0.149168969677	(25, 0.065726199083951733)
25	60,0.159037273314	(25, 0.065726199083951733)
25	172,0.161171917689	(25, 0.065726199083951733)
26	18,0.0502404336419	(26, 0.13585429256256676)
26	121,0.0530381606266	(26, 0.13585429256256676)
26	63,0.0571117863745	(26, 0.13585429256256676)
26	11,0.0608519837968	(26, 0.13585429256256676)
26	3,0.0625570030658	(26, 0.13585429256256676)
26	151,0.0636913866983	(26, 0.13585429256256676)
26	162,0.064058075952	(26, 0.13585429256256676)
26	76,0.0651175121174	(26, 0.13585429256256676)
26	22,0.0707889029059	(26, 0.13585429256256676)
26	150,0.0727656219121	(26, 0.13585429256256676)
27	78,0.107892335501	(27, 0.1562466666884105)
27	26,0.124400561211	(27, 0.1562466666884105)
27	61,0.126757926628	(27, 0.1562466666884105)
27	73,0.129395561156	(27, 0.1562466666884105)
27	170,0.131621220389	(27, 0.1562466666884105)
27	121,0.133757705819	(27, 0.1562466666884105)
27	107,0.138471573117	(27, 0.1562466666884105)
27	101,0.140200681061	(27, 0.1562466666884105)
27	27,0.156246666688	(27, 0.1562466666884105)
27	23,0.15738964513	(27, 0.1562466666884105)
28	13,0.0986717307847	(28, 0.11703642676844997)
28	1,0.102025572144	(28, 0.11703642676844997)
28	28,0.117036426768	(28, 0.11703642676844997)
28	3,0.13048456728	(28, 0.11703642676844997)
28	73,0.140250360652	(28, 0.11703642676844997)
28	53,0.15524902329	(28, 0.11703642676844997)
28	93,0.155382554997	(28, 0.11703642676844997)
28	65,0.15690363153	(28, 0.11703642676844997)
28	83,0.156928373992	(28, 0.11703642676844997)
28	157,0.158105442585	(28, 0.11703642676844997)
29	29,0.0561394328184	(29, 0.056139432818392961)
29	77,0.0769592460991	(29, 0.056139432818392961)
29	71,0.0919776738706	(29, 0.056139432818392961)
29	135,0.107896497179	(29, 0.056139432818392961)
29	13,0.110820736158	(29, 0.056139432818392961)
29	11,0.114577088287	(29, 0.056139432818392961)
29	1,0.120564324933	(29, 0.056139432818392961)
29	73,0.121174649991	(29, 0.056139432818392961)
29	3,0.121471233825	(29, 0.056139432818392961)
29	172,0.122602219888	(29, 0.056139432818392961)
30	30,0.124878480872	(30, 0.1248784808717389)
30	28,0.200821236907	(30, 0.1248784808717389)
30	103,0.216280531386	(30, 0.1248784808717389)
30	91,0.218842483201	(30, 0.1248784808717389)
30	1,0.232317611351	(30, 0.1248784808717389)
30	153,0.236200185709	(30, 0.1248784808717389)
30	53,0.251796806612	(30, 0.1248784808717389)
30	102,0.25736158452	(30, 0.1248784808717389)
30	73,0.266044769181	(30, 0.1248784808717389)
30	114,0.268666557943	(30, 0.1248784808717389)
31	166,0.179722746035	(31, 0.2150704160060872)
31	116,0.214134508798	(31, 0.2150704160060872)
31	31,0.215070416006	(31, 0.2150704160060872)
31	104,0.223884144939	(31, 0.2150704160060872)
31	72,0.225379529926	(31, 0.2150704160060872)
31	124,0.234490165049	(31, 0.2150704160060872)
31	69,0.237896817252	(31, 0.2150704160060872)
31	131,0.247735611172	(31, 0.2150704160060872)
31	48,0.248374742451	(31, 0.2150704160060872)
31	123,0.253250193646	(31, 0.2150704160060872)
32	156,0.121568238049	(32, 0.14596728562406774)
32	32,0.145967285624	(32, 0.14596728562406774)
32	27,0.152488180458	(32, 0.14596728562406774)
32	73,0.173441810082	(32, 0.14596728562406774)
32	50,0.197817081431	(32, 0.14596728562406774)
32	164,0.207264478815	(32, 0.14596728562406774)
32	107,0.207286741962	(32, 0.14596728562406774)
32	131,0.220364623038	(32, 0.14596728562406774)
32	109,0.248492307686	(32, 0.14596728562406774)
32	106,0.251216052843	(32, 0.14596728562406774)
33	33,0.0981987597694	(33, 0.098198759769388091)
33	4,0.181900501876	(33, 0.098198759769388091)
33	69,0.193478628658	(33, 0.098198759769388091)
33	106,0.199702924072	(33, 0.098198759769388091)
33	116,0.199900313375	(33, 0.098198759769388091)
33	156,0.22615590722	(33, 0.098198759769388091)
33	40,0.235983086416	(33, 0.098198759769388091)
33	28,0.246101827255	(33, 0.098198759769388091)
33	2,0.24817886785	(33, 0.098198759769388091)
33	73,0.25036315801	(33, 0.098198759769388091)
34	15,0.0682481877619	(34, 0.20257325029464412)
34	17,0.0759059548105	(34, 0.20257325029464412)
34	69,0.0847557538081	(34, 0.20257325029464412)
34	172,0.0921791860718	(34, 0.20257325029464412)
34	40,0.0951120794246	(34, 0.20257325029464412)
34	148,0.10181171079	(34, 0.20257325029464412)
34	120,0.107838572649	(34, 0.20257325029464412)
34	174,0.11324318146	(34, 0.20257325029464412)
34	4,0.113456669647	(34, 0.20257325029464412)
34	83,0.121335192734	(34, 0.20257325029464412)
35	35,0.0490937954508	(35, 0.0490937954507586)
35	88,0.0779427947351	(35, 0.0490937954507586)
35	18,0.0868482880981	(35, 0.0490937954507586)
35	22,0.117045139619	(35, 0.0490937954507586)
35	12,0.11794140122	(35, 0.0490937954507586)
35	139,0.12533102989	(35, 0.0490937954507586)
35	38,0.131656145398	(35, 0.0490937954507586)
35	158,0.132812915973	(35, 0.0490937954507586)
35	61,0.134525747645	(35, 0.0490937954507586)
35	121,0.134937663792	(35, 0.0490937954507586)
36	147,0.0395119778126	(36, 0.045014311988839255)
36	76,0.0395352030052	(36, 0.045014311988839255)
36	36,0.0450143119888	(36, 0.045014311988839255)
36	46,0.0458217737105	(36, 0.045014311988839255)
36	63,0.0578350449688	(36, 0.045014311988839255)
36	18,0.0591663069556	(36, 0.045014311988839255)
36	171,0.0619887607931	(36, 0.045014311988839255)
36	137,0.0846487045051	(36, 0.045014311988839255)
36	88,0.0847925197328	(36, 0.045014311988839255)
36	139,0.0898570320462	(36, 0.045014311988839255)
37	3,0.0603400364344	(37, 0.068560699997258071)
37	100,0.0649066109115	(37, 0.068560699997258071)
37	37,0.0685606999973	(37, 0.068560699997258071)
37	11,0.0747993569873	(37, 0.068560699997258071)
37	77,0.0772479063471	(37, 0.068560699997258071)
37	21,0.0898595206884	(37, 0.068560699997258071)
37	90,0.0970841776884	(37, 0.068560699997258071)
37	17,0.0976620613871	(37, 0.068560699997258071)
37	143,0.105498454389	(37, 0.068560699997258071)
37	71,0.106565335373	(37, 0.068560699997258071)
38	38,0.0463376797465	(38, 0.046337679746491701)
38	12,0.113730262233	(38, 0.046337679746491701)
38	55,0.11713277098	(38, 0.046337679746491701)
38	14,0.127399223163	(38, 0.046337679746491701)
38	43,0.160072971705	(38, 0.046337679746491701)
38	50,0.174702513741	(38, 0.046337679746491701)
38	105,0.176371661428	(38, 0.046337679746491701)
38	128,0.177887809205	(38, 0.046337679746491701)
38	61,0.178433900225	(38, 0.046337679746491701)
38	107,0.180049646116	(38, 0.046337679746491701)
39	39,0.0983459388959	(39, 0.09834593889590551)
39	51,0.230602883925	(39, 0.09834593889590551)
39	156,0.236534583274	(39, 0.09834593889590551)
39	169,0.237738678534	(39, 0.09834593889590551)
39	27,0.246884534976	(39, 0.09834593889590551)
39	101,0.248245044822	(39, 0.09834593889590551)
39	99,0.256131930547	(39, 0.09834593889590551)
39	107,0.256501997	(39, 0.09834593889590551)
39	84,0.259754441051	(39, 0.09834593889590551)
39	95,0.271931507917	(39, 0.09834593889590551)
40	40,0.0480567208643	(40, 0.048056720864338556)
40	69,0.0512757048394	(40, 0.048056720864338556)
40	4,0.0910533276637	(40, 0.048056720864338556)
40	79,0.0929397726881	(40, 0.048056720864338556)
40	148,0.099877181146	(40, 0.048056720864338556)
40	15,0.109693245031	(40, 0.048056720864338556)
40	172,0.111283060858	(40, 0.048056720864338556)
40	25,0.11406073783	(40, 0.048056720864338556)
40	60,0.126880021028	(40, 0.048056720864338556)
40	17,0.134189276949	(40, 0.048056720864338556)
41	41,0.0643630507442	(41, 0.064363050744163264)
41	155,0.10098380002	(41, 0.064363050744163264)
41	1,0.166142625603	(41, 0.064363050744163264)
41	20,0.167724984912	(41, 0.064363050744163264)
41	91,0.181273881433	(41, 0.064363050744163264)
41	124,0.191855902135	(41, 0.064363050744163264)
41	101,0.216002982432	(41, 0.064363050744163264)
41	102,0.219562735261	(41, 0.064363050744163264)
41	114,0.226051647784	(41, 0.064363050744163264)
41	53,0.226125846376	(41, 0.064363050744163264)
42	163,0.185702631437	(42, 0.37302964290512558)
42	53,0.238872512464	(42, 0.37302964290512558)
42	28,0.25213991176	(42, 0.37302964290512558)
42	69,0.255951031614	(42, 0.37302964290512558)
42	97,0.267183037637	(42, 0.37302964290512558)
42	44,0.286106474438	(42, 0.37302964290512558)
42	65,0.291355839497	(42, 0.37302964290512558)
42	34,0.293720325772	(42, 0.37302964290512558)
42	118,0.298045314518	(42, 0.37302964290512558)
42	140,0.298751780093	(42, 0.37302964290512558)
43	12,0.0714354240095	(43, 0.13621440372721122)
43	22,0.0789709770464	(43, 0.13621440372721122)
43	128,0.0855163484079	(43, 0.13621440372721122)
43	50,0.092526753802	(43, 0.13621440372721122)
43	78,0.0951748188048	(43, 0.13621440372721122)
43	158,0.0969972230197	(43, 0.13621440372721122)
43	121,0.0970355907743	(43, 0.13621440372721122)
43	61,0.102491407746	(43, 0.13621440372721122)
43	55,0.105158712446	(43, 0.13621440372721122)
43	107,0.107678946602	(43, 0.13621440372721122)
44	109,0.112027122252	(44, 0.46373607910831638)
44	116,0.130244586426	(44, 0.46373607910831638)
44	144,0.142969490721	(44, 0.46373607910831638)
44	124,0.146683349319	(44, 0.46373607910831638)
44	93,0.147722628887	(44, 0.46373607910831638)
44	159,0.154653984024	(44, 0.46373607910831638)
44	84,0.162865554645	(44, 0.46373607910831638)
44	12,0.169376033812	(44, 0.46373607910831638)
44	123,0.171797873704	(44, 0.46373607910831638)
44	115,0.172618439466	(44, 0.46373607910831638)
45	45,0.186629726328	(45, 0.18662972632770991)
45	130,0.217595387722	(45, 0.18662972632770991)
45	94,0.242391707905	(45, 0.18662972632770991)
45	34,0.25645688211	(45, 0.18662972632770991)
45	129,0.295052981707	(45, 0.18662972632770991)
45	133,0.296109485119	(45, 0.18662972632770991)
45	98,0.308441915101	(45, 0.18662972632770991)
45	53,0.31677709485	(45, 0.18662972632770991)
45	83,0.32918359952	(45, 0.18662972632770991)
45	15,0.332020161652	(45, 0.18662972632770991)
46	46,0.0242233704743	(46, 0.024223370474324685)
46	36,0.0392824580288	(46, 0.024223370474324685)
46	171,0.050974039324	(46, 0.024223370474324685)
46	76,0.0586383187567	(46, 0.024223370474324685)
46	137,0.0589668336147	(46, 0.024223370474324685)
46	147,0.0714471898007	(46, 0.024223370474324685)
46	63,0.0837378486481	(46, 0.024223370474324685)
46	6,0.0885293964221	(46, 0.024223370474324685)
46	139,0.0923554579732	(46, 0.024223370474324685)
46	146,0.0958650868458	(46, 0.024223370474324685)
47	99,0.198005717759	(47, 0.25968595083297957)
47	10,0.23391189207	(47, 0.25968595083297957)
47	138,0.245255086542	(47, 0.25968595083297957)
47	19,0.247111614939	(47, 0.25968595083297957)
47	27,0.250236985338	(47, 0.25968595083297957)
47	47,0.259685950833	(47, 0.25968595083297957)
47	84,0.266822445221	(47, 0.25968595083297957)
47	43,0.298030996434	(47, 0.25968595083297957)
47	173,0.30738268328	(47, 0.25968595083297957)
47	0,0.31930106001	(47, 0.25968595083297957)
48	56,0.0970097125058	(48, 0.11921990560955754)
48	120,0.107215816022	(48, 0.11921990560955754)
48	48,0.11921990561	(48, 0.11921990560955754)
48	69,0.12685897394	(48, 0.11921990560955754)
48	97,0.128787695661	(48, 0.11921990560955754)
48	40,0.147792736144	(48, 0.11921990560955754)
48	4,0.155763737121	(48, 0.11921990560955754)
48	174,0.162008496888	(48, 0.11921990560955754)
48	124,0.175993273594	(48, 0.11921990560955754)
48	154,0.180250561854	(48, 0.11921990560955754)
49	49,0.0796026778857	(49, 0.079602677885693335)
49	59,0.100147808912	(49, 0.079602677885693335)
49	15,0.119634707828	(49, 0.079602677885693335)
49	77,0.122501146342	(49, 0.079602677885693335)
49	172,0.126466001456	(49, 0.079602677885693335)
49	98,0.126756367198	(49, 0.079602677885693335)
49	17,0.130925838034	(49, 0.079602677885693335)
49	100,0.134152933644	(49, 0.079602677885693335)
49	83,0.16013004401	(49, 0.079602677885693335)
49	174,0.163013064947	(49, 0.079602677885693335)
50	50,0.0507783810477	(50, 0.050778381047718125)
50	107,0.119071539513	(50, 0.050778381047718125)
50	12,0.132155400192	(50, 0.050778381047718125)
50	158,0.142016302377	(50, 0.050778381047718125)
50	171,0.145054955516	(50, 0.050778381047718125)
50	76,0.155762991334	(50, 0.050778381047718125)
50	22,0.160873994408	(50, 0.050778381047718125)
50	38,0.16625324669	(50, 0.050778381047718125)
50	128,0.168633281705	(50, 0.050778381047718125)
50	156,0.180951501042	(50, 0.050778381047718125)
51	124,0.0685158045479	(51, 0.32016679042285018)
51	73,0.11923551719	(51, 0.32016679042285018)
51	157,0.135528563183	(51, 0.32016679042285018)
51	53,0.137301861599	(51, 0.32016679042285018)
51	155,0.142919021238	(51, 0.32016679042285018)
51	93,0.165977687028	(51, 0.32016679042285018)
51	20,0.182064442719	(51, 0.32016679042285018)
51	41,0.182723953011	(51, 0.32016679042285018)
51	1,0.184301181342	(51, 0.32016679042285018)
51	28,0.189689127165	(51, 0.32016679042285018)
52	53,0.116007743725	(52, 0.42759188175385315)
52	44,0.126695542363	(52, 0.42759188175385315)
52	155,0.14159174274	(52, 0.42759188175385315)
52	65,0.14402289943	(52, 0.42759188175385315)
52	124,0.145140047857	(52, 0.42759188175385315)
52	13,0.148124360978	(52, 0.42759188175385315)
52	163,0.153351849417	(52, 0.42759188175385315)
52	161,0.156284905618	(52, 0.42759188175385315)
52	4,0.178149633864	(52, 0.42759188175385315)
52	120,0.178275937935	(52, 0.42759188175385315)
53	65,0.0809657834678	(53, 0.10819742592549153)
53	53,0.108197425925	(53, 0.10819742592549153)
53	155,0.119471328849	(53, 0.10819742592549153)
53	44,0.137975245996	(53, 0.10819742592549153)
53	161,0.14031390381	(53, 0.10819742592549153)
53	120,0.153517974176	(53, 0.10819742592549153)
53	163,0.1598703386	(53, 0.10819742592549153)
53	34,0.171697069035	(53, 0.10819742592549153)
53	13,0.174198769487	(53, 0.10819742592549153)
53	114,0.174355401313	(53, 0.10819742592549153)
54	136,0.0490279367823	(54, 0.084979483914397427)
54	54,0.0849794839144	(54, 0.084979483914397427)
54	137,0.0923391336303	(54, 0.084979483914397427)
54	3,0.0946486949996	(54, 0.084979483914397427)
54	162,0.0950639005052	(54, 0.084979483914397427)
54	63,0.103632030325	(54, 0.084979483914397427)
54	17,0.104134173963	(54, 0.084979483914397427)
54	147,0.105598564671	(54, 0.084979483914397427)
54	11,0.107721997441	(54, 0.084979483914397427)
54	71,0.109171131002	(54, 0.084979483914397427)
55	12,0.0720574666048	(55, 0.093560124882139883)
55	55,0.0935601248821	(55, 0.093560124882139883)
55	38,0.103041370076	(55, 0.093560124882139883)
55	159,0.104559326752	(55, 0.093560124882139883)
55	121,0.106309311009	(55, 0.093560124882139883)
55	18,0.108172871348	(55, 0.093560124882139883)
55	128,0.114874355313	(55, 0.093560124882139883)
55	151,0.118943525129	(55, 0.093560124882139883)
55	152,0.120616621248	(55, 0.093560124882139883)
55	134,0.120806999558	(55, 0.093560124882139883)
56	56,0.074474950993	(56, 0.074474950992953301)
56	15,0.0999023715582	(56, 0.074474950992953301)
56	120,0.112957833694	(56, 0.074474950992953301)
56	174,0.157491370131	(56, 0.074474950992953301)
56	113,0.173395272206	(56, 0.074474950992953301)
56	2,0.177034687069	(56, 0.074474950992953301)
56	69,0.179031472135	(56, 0.074474950992953301)
56	44,0.187846634006	(56, 0.074474950992953301)
56	4,0.198106600919	(56, 0.074474950992953301)
56	97,0.203317479319	(56, 0.074474950992953301)
57	57,0.118671256194	(57, 0.11867125619356943)
57	122,0.257438232757	(57, 0.11867125619356943)
57	15,0.305949402019	(57, 0.11867125619356943)
57	174,0.315554240371	(57, 0.11867125619356943)
57	56,0.330929816605	(57, 0.11867125619356943)
57	120,0.380265399617	(57, 0.11867125619356943)
57	2,0.382276142069	(57, 0.11867125619356943)
57	59,0.403763837156	(57, 0.11867125619356943)
57	108,0.405755443976	(57, 0.11867125619356943)
57	113,0.420618356113	(57, 0.11867125619356943)
58	24,0.1023524537	(58, 0.40664453424469305)
58	107,0.12115178758	(58, 0.40664453424469305)
58	50,0.138898971439	(58, 0.40664453424469305)
58	27,0.144600878859	(58, 0.40664453424469305)
58	61,0.16392230981	(58, 0.40664453424469305)
58	158,0.180552689632	(58, 0.40664453424469305)
58	43,0.184056540309	(58, 0.40664453424469305)
58	38,0.190077183149	(58, 0.40664453424469305)
58	105,0.192625299557	(58, 0.40664453424469305)
58	12,0.195626364639	(58, 0.40664453424469305)
59	15,0.194672500709	(59, 0.25965916037618042)
59	94,0.212604405376	(59, 0.25965916037618042)
59	83,0.217844498313	(59, 0.25965916037618042)
59	113,0.227929814109	(59, 0.25965916037618042)
59	65,0.241801972729	(59, 0.25965916037618042)
59	120,0.256827577985	(59, 0.25965916037618042)
59	59,0.259659160376	(59, 0.25965916037618042)
59	130,0.265005983226	(59, 0.25965916037618042)
59	97,0.274133877357	(59, 0.25965916037618042)
59	98,0.279424249762	(59, 0.25965916037618042)
60	60,0.091218523549	(60, 0.09121852354902539)
60	79,0.0977895728374	(60, 0.09121852354902539)
60	69,0.0993980984127	(60, 0.09121852354902539)
60	40,0.101742692653	(60, 0.09121852354902539)
60	4,0.124567118582	(60, 0.09121852354902539)
60	34,0.128024618709	(60, 0.09121852354902539)
60	25,0.136542028613	(60, 0.09121852354902539)
60	15,0.142820454926	(60, 0.09121852354902539)
60	172,0.144889148188	(60, 0.09121852354902539)
60	77,0.146048728232	(60, 0.09121852354902539)
61	61,0.0446933420699	(61, 0.044693342069936831)
61	23,0.0494419393659	(61, 0.044693342069936831)
61	26,0.0778791954926	(61, 0.044693342069936831)
61	121,0.0790357435556	(61, 0.044693342069936831)
61	162,0.0842993002196	(61, 0.044693342069936831)
61	63,0.0866011225402	(61, 0.044693342069936831)
61	76,0.092552762488	(61, 0.044693342069936831)
61	78,0.0930539032103	(61, 0.044693342069936831)
61	147,0.100372340977	(61, 0.044693342069936831)
61	3,0.112936386953	(61, 0.044693342069936831)
62	78,0.0869313781055	(62, 0.12513211515747952)
62	26,0.0897109815364	(62, 0.12513211515747952)
62	107,0.108464994736	(62, 0.12513211515747952)
62	61,0.116637320481	(62, 0.12513211515747952)
62	73,0.122370038983	(62, 0.12513211515747952)
62	62,0.125132115157	(62, 0.12513211515747952)
62	121,0.13645896463	(62, 0.12513211515747952)
62	158,0.137610916034	(62, 0.12513211515747952)
62	139,0.146078533745	(62, 0.12513211515747952)
62	22,0.150338104021	(62, 0.12513211515747952)
63	3,0.0424275032722	(63, 0.064629005086900851)
63	11,0.062994774935	(63, 0.064629005086900851)
63	63,0.0646290050869	(63, 0.064629005086900851)
63	77,0.0688566909863	(63, 0.064629005086900851)
63	162,0.0724861904714	(63, 0.064629005086900851)
63	37,0.0837196841518	(63, 0.064629005086900851)
63	121,0.0851358057932	(63, 0.064629005086900851)
63	171,0.087041768373	(63, 0.064629005086900851)
63	76,0.0887874164575	(63, 0.064629005086900851)
63	71,0.0908632941462	(63, 0.064629005086900851)
64	64,0.254956353287	(64, 0.25495635328672694)
64	118,0.43062826449	(64, 0.25495635328672694)
64	45,0.433134070414	(64, 0.25495635328672694)
64	130,0.459382395177	(64, 0.25495635328672694)
64	33,0.539831440935	(64, 0.25495635328672694)
64	133,0.558043644859	(64, 0.25495635328672694)
64	34,0.607804299697	(64, 0.25495635328672694)
64	113,0.619988231245	(64, 0.25495635328672694)
64	94,0.678154340558	(64, 0.25495635328672694)
64	15,0.689393654179	(64, 0.25495635328672694)
65	65,0.0676261120073	(65, 0.067626112007315997)
65	161,0.078788587161	(65, 0.067626112007315997)
65	83,0.0869443469203	(65, 0.067626112007315997)
65	68,0.106070774081	(65, 0.067626112007315997)
65	155,0.131714462464	(65, 0.067626112007315997)
65	59,0.140728611263	(65, 0.067626112007315997)
65	1,0.144669405967	(65, 0.067626112007315997)
65	44,0.151263616548	(65, 0.067626112007315997)
65	13,0.154295889331	(65, 0.067626112007315997)
65	100,0.157069809955	(65, 0.067626112007315997)
66	66,0.273630330121	(66, 0.27363033012124316)
66	130,0.490217943504	(66, 0.27363033012124316)
66	133,0.558474894149	(66, 0.27363033012124316)
66	118,0.563176930901	(66, 0.27363033012124316)
66	140,0.605356415232	(66, 0.27363033012124316)
66	91,0.62221050666	(66, 0.27363033012124316)
66	33,0.638993541349	(66, 0.27363033012124316)
66	141,0.652567444369	(66, 0.27363033012124316)
66	169,0.719142457308	(66, 0.27363033012124316)
66	53,0.743005885817	(66, 0.27363033012124316)
67	67,0.169012915085	(67, 0.16901291508464555)
67	84,0.215426350679	(67, 0.16901291508464555)
67	169,0.227325572299	(67, 0.16901291508464555)
67	93,0.238808563271	(67, 0.16901291508464555)
67	140,0.262536182882	(67, 0.16901291508464555)
67	116,0.266421721901	(67, 0.16901291508464555)
67	131,0.278355030161	(67, 0.16901291508464555)
67	109,0.282933324658	(67, 0.16901291508464555)
67	28,0.28329911812	(67, 0.16901291508464555)
67	149,0.283613504718	(67, 0.16901291508464555)
68	68,0.0670744735666	(68, 0.067074473566619858)
68	70,0.117223788741	(68, 0.067074473566619858)
68	23,0.122809828891	(68, 0.067074473566619858)
68	61,0.129185136406	(68, 0.067074473566619858)
68	63,0.147988639383	(68, 0.067074473566619858)
68	147,0.159017602027	(68, 0.067074473566619858)
68	162,0.159683809306	(68, 0.067074473566619858)
68	26,0.164857519879	(68, 0.067074473566619858)
68	135,0.166256866395	(68, 0.067074473566619858)
68	77,0.172348468169	(68, 0.067074473566619858)
69	15,0.239580993414	(69, 0.2838125767615573)
69	69,0.283812576762	(69, 0.2838125767615573)
69	174,0.284887482624	(69, 0.2838125767615573)
69	122,0.293759968137	(69, 0.2838125767615573)
69	56,0.295608907137	(69, 0.2838125767615573)
69	154,0.307826395764	(69, 0.2838125767615573)
69	48,0.311997160918	(69, 0.2838125767615573)
69	4,0.317580794036	(69, 0.2838125767615573)
69	2,0.318180205338	(69, 0.2838125767615573)
69	25,0.330529823676	(69, 0.2838125767615573)
70	121,0.0781229585769	(70, 0.094738480994621066)
70	3,0.0858996084794	(70, 0.094738480994621066)
70	70,0.0947384809946	(70, 0.094738480994621066)
70	11,0.0989943521738	(70, 0.094738480994621066)
70	77,0.102568791141	(70, 0.094738480994621066)
70	132,0.103498984105	(70, 0.094738480994621066)
70	117,0.105806888073	(70, 0.094738480994621066)
70	139,0.108529552624	(70, 0.094738480994621066)
70	22,0.115596260974	(70, 0.094738480994621066)
70	88,0.115726524477	(70, 0.094738480994621066)
71	133,0.166265862132	(71, 0.41669972270740019)
71	91,0.169341690555	(71, 0.41669972270740019)
71	101,0.232245300955	(71, 0.41669972270740019)
71	41,0.235293340677	(71, 0.41669972270740019)
71	102,0.23606418694	(71, 0.41669972270740019)
71	155,0.259006282201	(71, 0.41669972270740019)
71	28,0.260880444033	(71, 0.41669972270740019)
71	95,0.268728119539	(71, 0.41669972270740019)
71	1,0.275310234526	(71, 0.41669972270740019)
71	103,0.284863767705	(71, 0.41669972270740019)
72	174,0.118713493799	(72, 0.73796102633106775)
72	17,0.123954468791	(72, 0.73796102633106775)
72	172,0.141411819548	(72, 0.73796102633106775)
72	148,0.144129265424	(72, 0.73796102633106775)
72	143,0.149797498323	(72, 0.73796102633106775)
72	49,0.173975001269	(72, 0.73796102633106775)
72	100,0.17574726029	(72, 0.73796102633106775)
72	77,0.180294268729	(72, 0.73796102633106775)
72	15,0.183530893834	(72, 0.73796102633106775)
72	4,0.190392031568	(72, 0.73796102633106775)
73	73,0.0671538355167	(73, 0.067153835516688354)
73	13,0.0938943362744	(73, 0.067153835516688354)
73	157,0.127125675434	(73, 0.067153835516688354)
73	124,0.136068938498	(73, 0.067153835516688354)
73	27,0.140464533649	(73, 0.067153835516688354)
73	53,0.17066534111	(73, 0.067153835516688354)
73	109,0.170953463727	(73, 0.067153835516688354)
73	93,0.171173533278	(73, 0.067153835516688354)
73	114,0.175419324872	(73, 0.067153835516688354)
73	144,0.188874855025	(73, 0.067153835516688354)
74	74,0.0535304126597	(74, 0.053530412659717724)
74	17,0.0571009715916	(74, 0.053530412659717724)
74	136,0.0584340975905	(74, 0.053530412659717724)
74	100,0.0704687029096	(74, 0.053530412659717724)
74	127,0.0722479653905	(74, 0.053530412659717724)
74	37,0.0726602761404	(74, 0.053530412659717724)
74	90,0.0828632621804	(74, 0.053530412659717724)
74	77,0.0845074979538	(74, 0.053530412659717724)
74	49,0.109093791537	(74, 0.053530412659717724)
74	172,0.117598694966	(74, 0.053530412659717724)
75	75,0.454948818259	(75, 0.45494881825904326)
75	167,0.490077741497	(75, 0.45494881825904326)
75	80,0.681945682999	(75, 0.45494881825904326)
75	47,0.703435246252	(75, 0.45494881825904326)
75	99,0.707819410777	(75, 0.45494881825904326)
75	67,0.709158693725	(75, 0.45494881825904326)
75	10,0.725572388252	(75, 0.45494881825904326)
75	85,0.729561336508	(75, 0.45494881825904326)
75	166,0.747024135266	(75, 0.45494881825904326)
75	84,0.768339205515	(75, 0.45494881825904326)
76	76,0.0337834498905	(76, 0.033783449890494442)
76	147,0.0416549972558	(76, 0.033783449890494442)
76	63,0.0467484419154	(76, 0.033783449890494442)
76	137,0.0510228648004	(76, 0.033783449890494442)
76	171,0.0548918428481	(76, 0.033783449890494442)
76	46,0.0728714767441	(76, 0.033783449890494442)
76	3,0.0737328633107	(76, 0.033783449890494442)
76	22,0.0742983313804	(76, 0.033783449890494442)
76	18,0.0777373373389	(76, 0.033783449890494442)
76	36,0.0793447629872	(76, 0.033783449890494442)
77	162,0.0557281364085	(77, 0.068408777218382136)
77	63,0.0587394225064	(77, 0.068408777218382136)
77	90,0.0592021013475	(77, 0.068408777218382136)
77	11,0.0609655950012	(77, 0.068408777218382136)
77	147,0.0640762796907	(77, 0.068408777218382136)
77	136,0.0671297183845	(77, 0.068408777218382136)
77	77,0.0684087772184	(77, 0.068408777218382136)
77	3,0.0689841410313	(77, 0.068408777218382136)
77	137,0.0773532027882	(77, 0.068408777218382136)
77	37,0.0824496792963	(77, 0.068408777218382136)
78	151,0.0453054792124	(78, 0.090754241923274151)
78	76,0.0503442737633	(78, 0.090754241923274151)
78	63,0.0545367910503	(78, 0.090754241923274151)
78	132,0.0598934491072	(78, 0.090754241923274151)
78	18,0.0623717949369	(78, 0.090754241923274151)
78	22,0.0626094455567	(78, 0.090754241923274151)
78	147,0.0659857800469	(78, 0.090754241923274151)
78	121,0.0679505008768	(78, 0.090754241923274151)
78	61,0.0783547115439	(78, 0.090754241923274151)
78	23,0.0831486439502	(78, 0.090754241923274151)
79	4,0.0565005955849	(79, 0.059734936259442858)
79	79,0.0597349362594	(79, 0.059734936259442858)
79	69,0.0626574922281	(79, 0.059734936259442858)
79	40,0.0656737067724	(79, 0.059734936259442858)
79	25,0.104524964247	(79, 0.059734936259442858)
79	56,0.12555106123	(79, 0.059734936259442858)
79	172,0.128948749107	(79, 0.059734936259442858)
79	148,0.137085141194	(79, 0.059734936259442858)
79	60,0.138900864466	(79, 0.059734936259442858)
79	154,0.147439703447	(79, 0.059734936259442858)
80	80,0.195707641852	(80, 0.19570764185172171)
80	51,0.245560847108	(80, 0.19570764185172171)
80	167,0.304027830248	(80, 0.19570764185172171)
80	32,0.386266866528	(80, 0.19570764185172171)
80	27,0.511058239411	(80, 0.19570764185172171)
80	169,0.530035536171	(80, 0.19570764185172171)
80	39,0.536297935511	(80, 0.19570764185172171)
80	58,0.539206971959	(80, 0.19570764185172171)
80	160,0.551113862295	(80, 0.19570764185172171)
80	165,0.553556461318	(80, 0.19570764185172171)
81	81,0.0575475436171	(81, 0.05754754361706374)
81	3,0.0715718673821	(81, 0.05754754361706374)
81	11,0.0741065629099	(81, 0.05754754361706374)
81	132,0.076099649555	(81, 0.05754754361706374)
81	121,0.081900672719	(81, 0.05754754361706374)
81	22,0.0875930627583	(81, 0.05754754361706374)
81	117,0.0906637458747	(81, 0.05754754361706374)
81	77,0.0958812320857	(81, 0.05754754361706374)
81	151,0.099637234745	(81, 0.05754754361706374)
81	76,0.100763975976	(81, 0.05754754361706374)
82	12,0.152215172141	(82, 0.28240744562927889)
82	38,0.154681016491	(82, 0.28240744562927889)
82	24,0.157915872778	(82, 0.28240744562927889)
82	105,0.171960172248	(82, 0.28240744562927889)
82	27,0.184583282806	(82, 0.28240744562927889)
82	50,0.195398210629	(82, 0.28240744562927889)
82	73,0.205065998266	(82, 0.28240744562927889)
82	13,0.206310607573	(82, 0.28240744562927889)
82	144,0.207134022804	(82, 0.28240744562927889)
82	14,0.210626343188	(82, 0.28240744562927889)
83	13,0.0716632060159	(83, 0.10363555480529939)
83	71,0.0951276981342	(83, 0.10363555480529939)
83	155,0.0960935836633	(83, 0.10363555480529939)
83	161,0.100547690548	(83, 0.10363555480529939)
83	83,0.103635554805	(83, 0.10363555480529939)
83	17,0.107048791038	(83, 0.10363555480529939)
83	11,0.107136538049	(83, 0.10363555480529939)
83	65,0.110929460009	(83, 0.10363555480529939)
83	136,0.113331283074	(83, 0.10363555480529939)
83	3,0.116212258302	(83, 0.10363555480529939)
84	67,0.265182876909	(84, 0.26675798695844055)
84	84,0.266757986958	(84, 0.26675798695844055)
84	166,0.27343748777	(84, 0.26675798695844055)
84	169,0.309737826298	(84, 0.26675798695844055)
84	140,0.353358344814	(84, 0.26675798695844055)
84	99,0.369082471217	(84, 0.26675798695844055)
84	144,0.392815624563	(84, 0.26675798695844055)
84	156,0.404031081252	(84, 0.26675798695844055)
84	109,0.410328350856	(84, 0.26675798695844055)
84	149,0.417698601998	(84, 0.26675798695844055)
85	67,0.243050277032	(85, 0.34357690367154553)
85	85,0.343576903672	(85, 0.34357690367154553)
85	140,0.380882805853	(85, 0.34357690367154553)
85	149,0.413431855928	(85, 0.34357690367154553)
85	166,0.430545508801	(85, 0.34357690367154553)
85	84,0.449539209633	(85, 0.34357690367154553)
85	169,0.483669027768	(85, 0.34357690367154553)
85	144,0.523418673838	(85, 0.34357690367154553)
85	93,0.554753807101	(85, 0.34357690367154553)
85	99,0.556857552076	(85, 0.34357690367154553)
86	86,0.0556051481753	(86, 0.055605148175339701)
86	137,0.066771655809	(86, 0.055605148175339701)
86	171,0.0808149682651	(86, 0.055605148175339701)
86	12,0.0814553228995	(86, 0.055605148175339701)
86	76,0.0823222226112	(86, 0.055605148175339701)
86	162,0.0841535856672	(86, 0.055605148175339701)
86	117,0.0845615862068	(86, 0.055605148175339701)
86	3,0.0855388531095	(86, 0.055605148175339701)
86	11,0.0860370477823	(86, 0.055605148175339701)
86	150,0.0899647584991	(86, 0.055605148175339701)
87	121,0.0827574809236	(87, 0.23988884624764228)
87	1,0.0892298558133	(87, 0.23988884624764228)
87	26,0.0990808177688	(87, 0.23988884624764228)
87	78,0.101912912359	(87, 0.23988884624764228)
87	11,0.105194230903	(87, 0.23988884624764228)
87	71,0.109227786218	(87, 0.23988884624764228)
87	22,0.118824965222	(87, 0.23988884624764228)
87	23,0.125784787513	(87, 0.23988884624764228)
87	61,0.125907395283	(87, 0.23988884624764228)
87	20,0.129257504534	(87, 0.23988884624764228)
88	76,0.0487074153152	(88, 0.075232043943281632)
88	18,0.0570065581798	(88, 0.075232043943281632)
88	147,0.0589415670855	(88, 0.075232043943281632)
88	171,0.0623139297568	(88, 0.075232043943281632)
88	22,0.0691445705771	(88, 0.075232043943281632)
88	63,0.0706144747678	(88, 0.075232043943281632)
88	46,0.0716783148426	(88, 0.075232043943281632)
88	117,0.0717079818725	(88, 0.075232043943281632)
88	88,0.0752320439433	(88, 0.075232043943281632)
88	139,0.0754328971427	(88, 0.075232043943281632)
89	124,0.0809277426237	(89, 0.14789773704103282)
89	155,0.101292115246	(89, 0.14789773704103282)
89	53,0.10406875201	(89, 0.14789773704103282)
89	1,0.125752356775	(89, 0.14789773704103282)
89	73,0.138917088356	(89, 0.14789773704103282)
89	89,0.147897737041	(89, 0.14789773704103282)
89	28,0.150306703341	(89, 0.14789773704103282)
89	13,0.154791121449	(89, 0.14789773704103282)
89	120,0.15943373607	(89, 0.14789773704103282)
89	65,0.160248159214	(89, 0.14789773704103282)
90	90,0.0387605801086	(90, 0.038760580108556826)
90	11,0.076552391743	(90, 0.038760580108556826)
90	162,0.0795749823904	(90, 0.038760580108556826)
90	81,0.0830689092476	(90, 0.038760580108556826)
90	96,0.0847340516165	(90, 0.038760580108556826)
90	137,0.0868853549121	(90, 0.038760580108556826)
90	172,0.0869730838982	(90, 0.038760580108556826)
90	37,0.0935778605155	(90, 0.038760580108556826)
90	136,0.0940037525483	(90, 0.038760580108556826)
90	17,0.0968431624013	(90, 0.038760580108556826)
91	133,0.165686449854	(91, 0.22850548306713545)
91	91,0.228505483067	(91, 0.22850548306713545)
91	130,0.322591953372	(91, 0.22850548306713545)
91	103,0.406428021568	(91, 0.22850548306713545)
91	66,0.444156792454	(91, 0.22850548306713545)
91	51,0.452481869212	(91, 0.22850548306713545)
91	102,0.46132618452	(91, 0.22850548306713545)
91	34,0.474272498044	(91, 0.22850548306713545)
91	101,0.477548363192	(91, 0.22850548306713545)
91	53,0.487945897341	(91, 0.22850548306713545)
92	78,0.076277231418	(92, 0.21853947783273553)
92	61,0.100759845027	(92, 0.21853947783273553)
92	24,0.102423022863	(92, 0.21853947783273553)
92	128,0.106522074303	(92, 0.21853947783273553)
92	158,0.109216848658	(92, 0.21853947783273553)
92	12,0.121442900754	(92, 0.21853947783273553)
92	26,0.122750976709	(92, 0.21853947783273553)
92	22,0.132268019677	(92, 0.21853947783273553)
92	107,0.142608661101	(92, 0.21853947783273553)
92	23,0.144447001204	(92, 0.21853947783273553)
93	22,0.0653680827663	(93, 0.092623198638923751)
93	132,0.0707356311649	(93, 0.092623198638923751)
93	128,0.0872762928437	(93, 0.092623198638923751)
93	158,0.0877794660251	(93, 0.092623198638923751)
93	121,0.0925638486762	(93, 0.092623198638923751)
93	93,0.0926231986389	(93, 0.092623198638923751)
93	76,0.0953720806592	(93, 0.092623198638923751)
93	12,0.097345376193	(93, 0.092623198638923751)
93	78,0.102910045373	(93, 0.092623198638923751)
93	3,0.105377059345	(93, 0.092623198638923751)
94	94,0.107622588664	(94, 0.10762258866395293)
94	83,0.20338272097	(94, 0.10762258866395293)
94	155,0.24135978409	(94, 0.10762258866395293)
94	59,0.26529776902	(94, 0.10762258866395293)
94	15,0.274529098167	(94, 0.10762258866395293)
94	120,0.295939799132	(94, 0.10762258866395293)
94	45,0.29913709146	(94, 0.10762258866395293)
94	161,0.300605166668	(94, 0.10762258866395293)
94	98,0.305558045551	(94, 0.10762258866395293)
94	65,0.312037982991	(94, 0.10762258866395293)
95	99,0.113321720856	(95, 0.29680361039036585)
95	107,0.127598691375	(95, 0.29680361039036585)
95	43,0.159570203672	(95, 0.29680361039036585)
95	128,0.162243964109	(95, 0.29680361039036585)
95	138,0.164269454575	(95, 0.29680361039036585)
95	27,0.166418538346	(95, 0.29680361039036585)
95	78,0.170303686396	(95, 0.29680361039036585)
95	84,0.171403152201	(95, 0.29680361039036585)
95	19,0.1750394553	(95, 0.29680361039036585)
95	50,0.191956815958	(95, 0.29680361039036585)
96	96,0.0609071727489	(96, 0.060907172748883763)
96	13,0.0941219588204	(96, 0.060907172748883763)
96	162,0.1001696964	(96, 0.060907172748883763)
96	17,0.102520351462	(96, 0.060907172748883763)
96	11,0.105071715469	(96, 0.060907172748883763)
96	161,0.114205416729	(96, 0.060907172748883763)
96	143,0.126197275754	(96, 0.060907172748883763)
96	112,0.133071342527	(96, 0.060907172748883763)
96	119,0.139402009212	(96, 0.060907172748883763)
96	90,0.140821942679	(96, 0.060907172748883763)
97	172,0.0656032925292	(97, 0.16269177724543696)
97	40,0.0729925897822	(97, 0.16269177724543696)
97	69,0.0790527675197	(97, 0.16269177724543696)
97	17,0.10053317022	(97, 0.16269177724543696)
97	120,0.102871930013	(97, 0.16269177724543696)
97	3,0.118101369003	(97, 0.16269177724543696)
97	4,0.118343894329	(97, 0.16269177724543696)
97	79,0.129553677487	(97, 0.16269177724543696)
97	37,0.136361972524	(97, 0.16269177724543696)
97	13,0.142987837391	(97, 0.16269177724543696)
98	98,0.0527310142999	(98, 0.052731014299877019)
98	40,0.101542564362	(98, 0.052731014299877019)
98	15,0.106518009743	(98, 0.052731014299877019)
98	25,0.123573722249	(98, 0.052731014299877019)
98	154,0.128359742371	(98, 0.052731014299877019)
98	172,0.131908191549	(98, 0.052731014299877019)
98	49,0.14948462522	(98, 0.052731014299877019)
98	4,0.155604537878	(98, 0.052731014299877019)
98	83,0.158582447674	(98, 0.052731014299877019)
98	174,0.160546351558	(98, 0.052731014299877019)
99	144,0.1060265536	(99, 0.13896492471995542)
99	84,0.111547019097	(99, 0.13896492471995542)
99	73,0.118563619573	(99, 0.13896492471995542)
99	109,0.128481525149	(99, 0.13896492471995542)
99	156,0.128959098302	(99, 0.13896492471995542)
99	93,0.13003303779	(99, 0.13896492471995542)
99	78,0.130182941914	(99, 0.13896492471995542)
99	128,0.137454609987	(99, 0.13896492471995542)
99	99,0.13896492472	(99, 0.13896492471995542)
99	116,0.149642461339	(99, 0.13896492471995542)
100	100,0.0433560395217	(100, 0.043356039521687713)
100	77,0.0660056115605	(100, 0.043356039521687713)
100	74,0.0716927598718	(100, 0.043356039521687713)
100	90,0.0720888466788	(100, 0.043356039521687713)
100	37,0.0725470233063	(100, 0.043356039521687713)
100	21,0.0733699502682	(100, 0.043356039521687713)
100	11,0.0764256602848	(100, 0.043356039521687713)
100	17,0.0767914212689	(100, 0.043356039521687713)
100	136,0.0790568204287	(100, 0.043356039521687713)
100	3,0.0828158162965	(100, 0.043356039521687713)
101	73,0.12283059202	(101, 0.12468709670924012)
101	101,0.124687096709	(101, 0.12468709670924012)
101	13,0.13030358957	(101, 0.12468709670924012)
101	1,0.134855307955	(101, 0.12468709670924012)
101	124,0.136834186951	(101, 0.12468709670924012)
101	60,0.137762960729	(101, 0.12468709670924012)
101	69,0.138989508806	(101, 0.12468709670924012)
101	4,0.162856155025	(101, 0.12468709670924012)
101	29,0.164096648711	(101, 0.12468709670924012)
101	53,0.168758761589	(101, 0.12468709670924012)
102	91,0.155796109849	(102, 0.17298264519717477)
102	114,0.165766617407	(102, 0.17298264519717477)
102	102,0.172982645197	(102, 0.17298264519717477)
102	41,0.174392319035	(102, 0.17298264519717477)
102	101,0.174704955893	(102, 0.17298264519717477)
102	155,0.176096431562	(102, 0.17298264519717477)
102	110,0.185033021347	(102, 0.17298264519717477)
102	1,0.186006896503	(102, 0.17298264519717477)
102	53,0.201407248131	(102, 0.17298264519717477)
102	103,0.201709390992	(102, 0.17298264519717477)
103	103,0.12602062465	(103, 0.12602062465016989)
103	73,0.184215132779	(103, 0.12602062465016989)
103	101,0.200881371852	(103, 0.12602062465016989)
103	93,0.22292435297	(103, 0.12602062465016989)
103	91,0.229616651323	(103, 0.12602062465016989)
103	114,0.232328341157	(103, 0.12602062465016989)
103	26,0.232776168637	(103, 0.12602062465016989)
103	128,0.243233202484	(103, 0.12602062465016989)
103	39,0.243994222596	(103, 0.12602062465016989)
103	99,0.248126310102	(103, 0.12602062465016989)
104	124,0.0809452045748	(104, 0.15892432130150813)
104	93,0.124024144073	(104, 0.15892432130150813)
104	119,0.133382789026	(104, 0.15892432130150813)
104	81,0.137915047954	(104, 0.15892432130150813)
104	73,0.14359849598	(104, 0.15892432130150813)
104	115,0.146220763815	(104, 0.15892432130150813)
104	11,0.147191187299	(104, 0.15892432130150813)
104	104,0.158924321302	(104, 0.15892432130150813)
104	3,0.164506465993	(104, 0.15892432130150813)
104	37,0.168134095574	(104, 0.15892432130150813)
105	43,0.13391710554	(105, 0.18679930261197492)
105	27,0.159972171334	(105, 0.18679930261197492)
105	24,0.163973641674	(105, 0.18679930261197492)
105	19,0.165255923548	(105, 0.18679930261197492)
105	107,0.17704714852	(105, 0.18679930261197492)
105	105,0.186799302612	(105, 0.18679930261197492)
105	38,0.202330617359	(105, 0.18679930261197492)
105	50,0.203461242631	(105, 0.18679930261197492)
105	99,0.209672857694	(105, 0.18679930261197492)
105	61,0.214599657037	(105, 0.18679930261197492)
106	106,0.087898646744	(106, 0.087898646743960487)
106	157,0.138643363709	(106, 0.087898646743960487)
106	116,0.141142454416	(106, 0.087898646743960487)
106	93,0.149445418554	(106, 0.087898646743960487)
106	172,0.153524280584	(106, 0.087898646743960487)
106	174,0.162920343618	(106, 0.087898646743960487)
106	54,0.179232168865	(106, 0.087898646743960487)
106	13,0.182847052883	(106, 0.087898646743960487)
106	156,0.18328064247	(106, 0.087898646743960487)
106	77,0.19431591151	(106, 0.087898646743960487)
107	22,0.102178324078	(107, 0.10575802119253756)
107	107,0.105758021193	(107, 0.10575802119253756)
107	139,0.109890473071	(107, 0.10575802119253756)
107	26,0.110404151324	(107, 0.10575802119253756)
107	76,0.116357888065	(107, 0.10575802119253756)
107	78,0.120468215126	(107, 0.10575802119253756)
107	77,0.121601850227	(107, 0.10575802119253756)
107	121,0.122434745301	(107, 0.10575802119253756)
107	171,0.12723087468	(107, 0.10575802119253756)
107	128,0.127657755686	(107, 0.10575802119253756)
108	77,0.0776899536535	(108, 0.22157804356595395)
108	172,0.115991717675	(108, 0.22157804356595395)
108	174,0.127328258172	(108, 0.22157804356595395)
108	4,0.136956080254	(108, 0.22157804356595395)
108	49,0.138910927852	(108, 0.22157804356595395)
108	17,0.140290394021	(108, 0.22157804356595395)
108	100,0.142958089694	(108, 0.22157804356595395)
108	40,0.146182759684	(108, 0.22157804356595395)
108	15,0.150502478774	(108, 0.22157804356595395)
108	171,0.155611436022	(108, 0.22157804356595395)
109	109,0.0763807747283	(109, 0.076380774728254483)
109	159,0.0845523663463	(109, 0.076380774728254483)
109	134,0.117216529258	(109, 0.076380774728254483)
109	146,0.123116428338	(109, 0.076380774728254483)
109	128,0.129826962808	(109, 0.076380774728254483)
109	12,0.134501204057	(109, 0.076380774728254483)
109	84,0.13452107941	(109, 0.076380774728254483)
109	152,0.139562468189	(109, 0.076380774728254483)
109	14,0.143880433256	(109, 0.076380774728254483)
109	38,0.148140954876	(109, 0.076380774728254483)
110	1,0.0819494659696	(110, 0.15074495036361649)
110	121,0.0927183347928	(110, 0.15074495036361649)
110	11,0.0963102716604	(110, 0.15074495036361649)
110	162,0.114897213826	(110, 0.15074495036361649)
110	3,0.117856524846	(110, 0.15074495036361649)
110	68,0.126329041699	(110, 0.15074495036361649)
110	26,0.130740352222	(110, 0.15074495036361649)
110	73,0.13355070217	(110, 0.15074495036361649)
110	71,0.134596202959	(110, 0.15074495036361649)
110	13,0.135882281117	(110, 0.15074495036361649)
111	73,0.098776889034	(111, 0.3687635224048626)
111	101,0.11241859751	(111, 0.3687635224048626)
111	124,0.120216361885	(111, 0.3687635224048626)
111	93,0.127659427759	(111, 0.3687635224048626)
111	13,0.138685407687	(111, 0.3687635224048626)
111	1,0.153415323749	(111, 0.3687635224048626)
111	157,0.157301762865	(111, 0.3687635224048626)
111	114,0.159011208315	(111, 0.3687635224048626)
111	78,0.159563779635	(111, 0.3687635224048626)
111	41,0.165493454364	(111, 0.3687635224048626)
112	90,0.0589731815402	(112, 0.081583360849535547)
112	11,0.0620546306948	(112, 0.081583360849535547)
112	3,0.0697301231947	(112, 0.081583360849535547)
112	100,0.0809136206172	(112, 0.081583360849535547)
112	162,0.0814595172384	(112, 0.081583360849535547)
112	112,0.0815833608495	(112, 0.081583360849535547)
112	81,0.0877207618066	(112, 0.081583360849535547)
112	77,0.0920648173663	(112, 0.081583360849535547)
112	21,0.092997990449	(112, 0.081583360849535547)
112	143,0.0949204657126	(112, 0.081583360849535547)
113	113,0.11965789494	(113, 0.11965789493999959)
113	65,0.160636576013	(113, 0.11965789493999959)
113	130,0.216744525934	(113, 0.11965789493999959)
113	155,0.275729697682	(113, 0.11965789493999959)
113	44,0.281078335351	(113, 0.11965789493999959)
113	53,0.286478025969	(113, 0.11965789493999959)
113	161,0.295443148655	(113, 0.11965789493999959)
113	120,0.302467999944	(113, 0.11965789493999959)
113	15,0.319278600114	(113, 0.11965789493999959)
113	97,0.325452032977	(113, 0.11965789493999959)
114	114,0.0903322196161	(114, 0.090332219616056392)
114	124,0.100908481049	(114, 0.090332219616056392)
114	73,0.105680334314	(114, 0.090332219616056392)
114	53,0.10655845269	(114, 0.090332219616056392)
114	13,0.148586161075	(114, 0.090332219616056392)
114	104,0.149037693031	(114, 0.090332219616056392)
114	157,0.155515132105	(114, 0.090332219616056392)
114	155,0.169942761485	(114, 0.090332219616056392)
114	140,0.170115137589	(114, 0.090332219616056392)
114	109,0.171866292172	(114, 0.090332219616056392)
115	119,0.0875079546696	(115, 0.093917980373116022)
115	11,0.0901215132862	(115, 0.093917980373116022)
115	115,0.0939179803731	(115, 0.093917980373116022)
115	37,0.109358623007	(115, 0.093917980373116022)
115	96,0.117156113749	(115, 0.093917980373116022)
115	81,0.127464326683	(115, 0.093917980373116022)
115	136,0.127489486563	(115, 0.093917980373116022)
115	3,0.130889121223	(115, 0.093917980373116022)
115	17,0.133563860889	(115, 0.093917980373116022)
115	90,0.14230733428	(115, 0.093917980373116022)
116	116,0.0682045822537	(116, 0.068204582253704363)
116	93,0.0719660644505	(116, 0.068204582253704363)
116	109,0.136135272268	(116, 0.068204582253704363)
116	73,0.138708749535	(116, 0.068204582253704363)
116	144,0.149952712762	(116, 0.068204582253704363)
116	124,0.162674155719	(116, 0.068204582253704363)
116	128,0.169786031211	(116, 0.068204582253704363)
116	131,0.170439297586	(116, 0.068204582253704363)
116	172,0.170609909211	(116, 0.068204582253704363)
116	159,0.173008635252	(116, 0.068204582253704363)
117	117,0.0291852238847	(117, 0.029185223884664033)
117	71,0.0718885792965	(117, 0.029185223884664033)
117	21,0.0740979039692	(117, 0.029185223884664033)
117	22,0.0865091578655	(117, 0.029185223884664033)
117	76,0.0872665633199	(117, 0.029185223884664033)
117	11,0.0883781177716	(117, 0.029185223884664033)
117	121,0.0896380370931	(117, 0.029185223884664033)
117	81,0.0896836184939	(117, 0.029185223884664033)
117	162,0.0935487051735	(117, 0.029185223884664033)
117	77,0.0952002166661	(117, 0.029185223884664033)
118	33,0.168274161005	(118, 0.27387094419939778)
118	34,0.225914142702	(118, 0.27387094419939778)
118	69,0.248460751352	(118, 0.27387094419939778)
118	113,0.265935783325	(118, 0.27387094419939778)
118	118,0.273870944199	(118, 0.27387094419939778)
118	2,0.285723251002	(118, 0.27387094419939778)
118	15,0.287322065835	(118, 0.27387094419939778)
118	4,0.307004706468	(118, 0.27387094419939778)
118	130,0.314204657945	(118, 0.27387094419939778)
118	25,0.333380177497	(118, 0.27387094419939778)
119	120,0.107192951275	(119, 0.1188686937137915)
119	172,0.10883329025	(119, 0.1188686937137915)
119	17,0.111750268052	(119, 0.1188686937137915)
119	119,0.118868693714	(119, 0.1188686937137915)
119	4,0.120308177451	(119, 0.1188686937137915)
119	154,0.123607767297	(119, 0.1188686937137915)
119	40,0.126085524216	(119, 0.1188686937137915)
119	69,0.13042217427	(119, 0.1188686937137915)
119	97,0.137675742498	(119, 0.1188686937137915)
119	13,0.138431586817	(119, 0.1188686937137915)
120	120,0.0665534037793	(120, 0.066553403779259168)
120	65,0.111385271115	(120, 0.066553403779259168)
120	44,0.129747983109	(120, 0.066553403779259168)
120	97,0.130466253692	(120, 0.066553403779259168)
120	161,0.133342566303	(120, 0.066553403779259168)
120	53,0.143395313297	(120, 0.066553403779259168)
120	155,0.146523805844	(120, 0.066553403779259168)
120	124,0.149344270122	(120, 0.066553403779259168)
120	54,0.15737280631	(120, 0.066553403779259168)
120	17,0.161064792777	(120, 0.066553403779259168)
121	121,0.0753836336313	(121, 0.075383633631311328)
121	78,0.086294714266	(121, 0.075383633631311328)
121	1,0.089635457603	(121, 0.075383633631311328)
121	26,0.0902819302834	(121, 0.075383633631311328)
121	22,0.0939133110411	(121, 0.075383633631311328)
121	73,0.110280113364	(121, 0.075383633631311328)
121	61,0.117316311407	(121, 0.075383633631311328)
121	128,0.121818043027	(121, 0.075383633631311328)
121	23,0.122900250111	(121, 0.075383633631311328)
121	11,0.124631028401	(121, 0.075383633631311328)
122	174,0.125052307915	(122, 0.12608869300946571)
122	122,0.126088693009	(122, 0.12608869300946571)
122	154,0.153661347387	(122, 0.12608869300946571)
122	2,0.185600311308	(122, 0.12608869300946571)
122	69,0.197746134535	(122, 0.12608869300946571)
122	48,0.220720557111	(122, 0.12608869300946571)
122	116,0.222502053127	(122, 0.12608869300946571)
122	4,0.229487519067	(122, 0.12608869300946571)
122	172,0.233638233636	(122, 0.12608869300946571)
122	56,0.243464288452	(122, 0.12608869300946571)
123	172,0.0827414449985	(123, 0.08621461035363874)
123	123,0.0862146103536	(123, 0.08621461035363874)
123	81,0.120958970764	(123, 0.08621461035363874)
123	146,0.126921133805	(123, 0.08621461035363874)
123	40,0.134771673593	(123, 0.08621461035363874)
123	119,0.135241154945	(123, 0.08621461035363874)
123	90,0.13774182497	(123, 0.08621461035363874)
123	96,0.147747717101	(123, 0.08621461035363874)
123	115,0.149633420134	(123, 0.08621461035363874)
123	137,0.153241619301	(123, 0.08621461035363874)
124	124,0.130467656251	(124, 0.13046765625083859)
124	101,0.182075261276	(124, 0.13046765625083859)
124	169,0.21205289541	(124, 0.13046765625083859)
124	41,0.213746932049	(124, 0.13046765625083859)
124	73,0.228236693916	(124, 0.13046765625083859)
124	157,0.234428671917	(124, 0.13046765625083859)
124	53,0.240724447291	(124, 0.13046765625083859)
124	27,0.241664276345	(124, 0.13046765625083859)
124	140,0.246478672168	(124, 0.13046765625083859)
124	155,0.247190565519	(124, 0.13046765625083859)
125	13,0.165323994303	(125, 0.22672712929564162)
125	73,0.195997196009	(125, 0.22672712929564162)
125	23,0.21497566624	(125, 0.22672712929564162)
125	155,0.216759991687	(125, 0.22672712929564162)
125	61,0.220688901311	(125, 0.22672712929564162)
125	65,0.223901004269	(125, 0.22672712929564162)
125	125,0.226727129296	(125, 0.22672712929564162)
125	54,0.227361699478	(125, 0.22672712929564162)
125	114,0.228295174406	(125, 0.22672712929564162)
125	162,0.230530110467	(125, 0.22672712929564162)
126	126,0.0872137357131	(126, 0.087213735713122478)
126	81,0.0989115813458	(126, 0.087213735713122478)
126	121,0.103486595633	(126, 0.087213735713122478)
126	119,0.106115852148	(126, 0.087213735713122478)
126	132,0.107063780069	(126, 0.087213735713122478)
126	3,0.107957852041	(126, 0.087213735713122478)
126	11,0.110296900724	(126, 0.087213735713122478)
126	12,0.110898040218	(126, 0.087213735713122478)
126	128,0.117496919077	(126, 0.087213735713122478)
126	22,0.120508946224	(126, 0.087213735713122478)
127	17,0.0580658114336	(127, 0.082369578986209155)
127	74,0.0730754568563	(127, 0.082369578986209155)
127	136,0.0741841180693	(127, 0.082369578986209155)
127	127,0.0823695789862	(127, 0.082369578986209155)
127	100,0.0918661882144	(127, 0.082369578986209155)
127	77,0.0939231682208	(127, 0.082369578986209155)
127	59,0.0948231972705	(127, 0.082369578986209155)
127	37,0.102785341701	(127, 0.082369578986209155)
127	49,0.116935670601	(127, 0.082369578986209155)
127	172,0.131832231786	(127, 0.082369578986209155)
128	128,0.0562682217605	(128, 0.056268221760544447)
128	12,0.082837066854	(128, 0.056268221760544447)
128	78,0.0911328394908	(128, 0.056268221760544447)
128	159,0.0948410567498	(128, 0.056268221760544447)
128	121,0.0969159761256	(128, 0.056268221760544447)
128	22,0.0974403185083	(128, 0.056268221760544447)
128	139,0.104561833572	(128, 0.056268221760544447)
128	18,0.113273891133	(128, 0.056268221760544447)
128	158,0.11333864464	(128, 0.056268221760544447)
128	50,0.1148950307	(128, 0.056268221760544447)
129	49,0.122079707862	(129, 0.23121059622024817)
129	98,0.122391546668	(129, 0.23121059622024817)
129	15,0.172351582038	(129, 0.23121059622024817)
129	100,0.176089781982	(129, 0.23121059622024817)
129	59,0.177334804916	(129, 0.23121059622024817)
129	77,0.178548597841	(129, 0.23121059622024817)
129	83,0.195093771887	(129, 0.23121059622024817)
129	94,0.213726388424	(129, 0.23121059622024817)
129	25,0.216183466233	(129, 0.23121059622024817)
129	129,0.23121059622	(129, 0.23121059622024817)
130	130,0.171769146192	(130, 0.17176914619191228)
130	65,0.205772242468	(130, 0.17176914619191228)
130	34,0.209684107372	(130, 0.17176914619191228)
130	13,0.211238036842	(130, 0.17176914619191228)
130	91,0.22457513329	(130, 0.17176914619191228)
130	28,0.234119493932	(130, 0.17176914619191228)
130	53,0.238962677286	(130, 0.17176914619191228)
130	33,0.244340049032	(130, 0.17176914619191228)
130	15,0.245351143888	(130, 0.17176914619191228)
130	157,0.248064955361	(130, 0.17176914619191228)
131	116,0.149651033222	(131, 0.16581957407620884)
131	166,0.155691240533	(131, 0.16581957407620884)
131	131,0.165819574076	(131, 0.16581957407620884)
131	72,0.177546537161	(131, 0.16581957407620884)
131	104,0.202857086449	(131, 0.16581957407620884)
131	144,0.208569947596	(131, 0.16581957407620884)
131	84,0.231343186371	(131, 0.16581957407620884)
131	156,0.250697818768	(131, 0.16581957407620884)
131	93,0.258258450672	(131, 0.16581957407620884)
131	124,0.288032404134	(131, 0.16581957407620884)
132	132,0.0489625700768	(132, 0.048962570076836097)
132	18,0.0573918335798	(132, 0.048962570076836097)
132	22,0.0585886308979	(132, 0.048962570076836097)
132	139,0.06929208647	(132, 0.048962570076836097)
132	46,0.0701810880293	(132, 0.048962570076836097)
132	76,0.0706764023225	(132, 0.048962570076836097)
132	158,0.0750176603869	(132, 0.048962570076836097)
132	147,0.0755875491643	(132, 0.048962570076836097)
132	146,0.0760840520087	(132, 0.048962570076836097)
132	171,0.0800740687226	(132, 0.048962570076836097)
133	133,0.0736600071375	(133, 0.073660007137503578)
133	34,0.184333733061	(133, 0.073660007137503578)
133	91,0.190999552407	(133, 0.073660007137503578)
133	130,0.197598527	(133, 0.073660007137503578)
133	102,0.223175346249	(133, 0.073660007137503578)
133	103,0.244534750582	(133, 0.073660007137503578)
133	114,0.251267582113	(133, 0.073660007137503578)
133	153,0.257915772332	(133, 0.073660007137503578)
133	53,0.258963426173	(133, 0.073660007137503578)
133	65,0.264185348895	(133, 0.073660007137503578)
134	121,0.0795344865644	(134, 0.10771015812078753)
134	128,0.0822793290685	(134, 0.10771015812078753)
134	78,0.0923714242443	(134, 0.10771015812078753)
134	73,0.106498154928	(134, 0.10771015812078753)
134	134,0.107710158121	(134, 0.10771015812078753)
134	109,0.111162943358	(134, 0.10771015812078753)
134	22,0.111834916622	(134, 0.10771015812078753)
134	18,0.116932344374	(134, 0.10771015812078753)
134	12,0.131212683979	(134, 0.10771015812078753)
134	26,0.133726854416	(134, 0.10771015812078753)
135	147,0.0453358392328	(135, 0.070542734585935185)
135	63,0.0568334840304	(135, 0.070542734585935185)
135	137,0.0569112304851	(135, 0.070542734585935185)
135	76,0.0584507040899	(135, 0.070542734585935185)
135	162,0.0677388993512	(135, 0.070542734585935185)
135	135,0.0705427345859	(135, 0.070542734585935185)
135	77,0.0725910422545	(135, 0.070542734585935185)
135	171,0.0776021280162	(135, 0.070542734585935185)
135	117,0.0785065631018	(135, 0.070542734585935185)
135	3,0.0866070150639	(135, 0.070542734585935185)
136	136,0.0920626635259	(136, 0.092062663525863092)
136	54,0.107475464956	(136, 0.092062663525863092)
136	121,0.119138836252	(136, 0.092062663525863092)
136	11,0.122406309426	(136, 0.092062663525863092)
136	126,0.124910698263	(136, 0.092062663525863092)
136	132,0.131484962834	(136, 0.092062663525863092)
136	151,0.139315953212	(136, 0.092062663525863092)
136	37,0.139602112235	(136, 0.092062663525863092)
136	3,0.140433509491	(136, 0.092062663525863092)
136	162,0.143069690847	(136, 0.092062663525863092)
137	137,0.0330002499914	(137, 0.033000249991354362)
137	147,0.0432959304152	(137, 0.033000249991354362)
137	63,0.0448954363606	(137, 0.033000249991354362)
137	171,0.0686344601231	(137, 0.033000249991354362)
137	76,0.0688576361728	(137, 0.033000249991354362)
137	3,0.0695136161887	(137, 0.033000249991354362)
137	90,0.0783293786578	(137, 0.033000249991354362)
137	36,0.0798318019888	(137, 0.033000249991354362)
137	117,0.0865226391128	(137, 0.033000249991354362)
137	136,0.0921821171379	(137, 0.033000249991354362)
138	78,0.0985329277533	(138, 0.10709637873817199)
138	138,0.107096378738	(138, 0.10709637873817199)
138	128,0.10815649201	(138, 0.10709637873817199)
138	158,0.118824983103	(138, 0.10709637873817199)
138	107,0.123797901839	(138, 0.10709637873817199)
138	55,0.148018029111	(138, 0.10709637873817199)
138	159,0.150452739399	(138, 0.10709637873817199)
138	99,0.1533794813	(138, 0.10709637873817199)
138	38,0.157763929318	(138, 0.10709637873817199)
138	73,0.160928865616	(138, 0.10709637873817199)
139	139,0.0262564931469	(139, 0.026256493146920423)
139	46,0.0545504061633	(139, 0.026256493146920423)
139	18,0.0724686257124	(139, 0.026256493146920423)
139	151,0.0736736020609	(139, 0.026256493146920423)
139	76,0.0746192790567	(139, 0.026256493146920423)
139	22,0.0798399789419	(139, 0.026256493146920423)
139	132,0.0841819529206	(139, 0.026256493146920423)
139	146,0.0967387406629	(139, 0.026256493146920423)
139	171,0.0976107509923	(139, 0.026256493146920423)
139	35,0.0992600852788	(139, 0.026256493146920423)
140	124,0.114347698343	(140, 0.15631014253391054)
140	69,0.12512634056	(140, 0.15631014253391054)
140	73,0.127470876229	(140, 0.15631014253391054)
140	93,0.139461361338	(140, 0.15631014253391054)
140	116,0.148982434854	(140, 0.15631014253391054)
140	157,0.150968763497	(140, 0.15631014253391054)
140	140,0.156310142534	(140, 0.15631014253391054)
140	104,0.156319076645	(140, 0.15631014253391054)
140	53,0.165202567382	(140, 0.15631014253391054)
140	13,0.180370635439	(140, 0.15631014253391054)
141	141,0.1904366959	(141, 0.1904366958995046)
141	48,0.242577855081	(141, 0.1904366958995046)
141	33,0.278263734729	(141, 0.1904366958995046)
141	124,0.284067462386	(141, 0.1904366958995046)
141	4,0.301519286669	(141, 0.1904366958995046)
141	56,0.302125958723	(141, 0.1904366958995046)
141	97,0.30680323521	(141, 0.1904366958995046)
141	69,0.316068664135	(141, 0.1904366958995046)
141	2,0.316718144625	(141, 0.1904366958995046)
141	120,0.318652113789	(141, 0.1904366958995046)
142	61,0.13106233007	(142, 0.40738127433163213)
142	23,0.165197077234	(142, 0.40738127433163213)
142	12,0.169595044957	(142, 0.40738127433163213)
142	38,0.173230127542	(142, 0.40738127433163213)
142	73,0.176153003811	(142, 0.40738127433163213)
142	105,0.176804893521	(142, 0.40738127433163213)
142	135,0.181778857583	(142, 0.40738127433163213)
142	16,0.185656276542	(142, 0.40738127433163213)
142	24,0.189410084271	(142, 0.40738127433163213)
142	29,0.194387944856	(142, 0.40738127433163213)
143	143,0.0472676410929	(143, 0.047267641092922148)
143	3,0.0536488836118	(143, 0.047267641092922148)
143	112,0.0639246154021	(143, 0.047267641092922148)
143	11,0.0684518901589	(143, 0.047267641092922148)
143	162,0.0696040326471	(143, 0.047267641092922148)
143	90,0.0729171583544	(143, 0.047267641092922148)
143	137,0.0750451634185	(143, 0.047267641092922148)
143	17,0.0838883667353	(143, 0.047267641092922148)
143	150,0.0885354575425	(143, 0.047267641092922148)
143	136,0.0904193941677	(143, 0.047267641092922148)
144	144,0.0790674505324	(144, 0.07906745053241819)
144	38,0.146432303353	(144, 0.07906745053241819)
144	12,0.14889998085	(144, 0.07906745053241819)
144	14,0.155015488348	(144, 0.07906745053241819)
144	50,0.179145740494	(144, 0.07906745053241819)
144	156,0.191264702863	(144, 0.07906745053241819)
144	116,0.195129315691	(144, 0.07906745053241819)
144	73,0.197368706806	(144, 0.07906745053241819)
144	159,0.19877346997	(144, 0.07906745053241819)
144	145,0.204134556291	(144, 0.07906745053241819)
145	158,0.111605173504	(145, 0.1137453256219088)
145	78,0.111649269139	(145, 0.1137453256219088)
145	128,0.112720021065	(145, 0.1137453256219088)
145	145,0.113745325622	(145, 0.1137453256219088)
145	38,0.116246978449	(145, 0.1137453256219088)
145	55,0.121594861943	(145, 0.1137453256219088)
145	24,0.12537263208	(145, 0.1137453256219088)
145	12,0.145667030714	(145, 0.1137453256219088)
145	14,0.157259118358	(145, 0.1137453256219088)
145	22,0.159770219068	(145, 0.1137453256219088)
146	146,0.0361523120919	(146, 0.036152312091948274)
146	159,0.0884900589594	(146, 0.036152312091948274)
146	12,0.118817144249	(146, 0.036152312091948274)
146	137,0.131926639101	(146, 0.036152312091948274)
146	132,0.138082342242	(146, 0.036152312091948274)
146	81,0.140631991546	(146, 0.036152312091948274)
146	18,0.140687302781	(146, 0.036152312091948274)
146	46,0.141342214548	(146, 0.036152312091948274)
146	172,0.145927297196	(146, 0.036152312091948274)
146	3,0.153125282445	(146, 0.036152312091948274)
147	76,0.0435656021228	(147, 0.0440667986446866)
147	147,0.0440667986447	(147, 0.0440667986446866)
147	63,0.044626130645	(147, 0.0440667986446866)
147	132,0.0559258602016	(147, 0.0440667986446866)
147	151,0.0594986208107	(147, 0.0440667986446866)
147	18,0.0636509676874	(147, 0.0440667986446866)
147	22,0.0651155725598	(147, 0.0440667986446866)
147	121,0.0691039200458	(147, 0.0440667986446866)
147	126,0.0778617851341	(147, 0.0440667986446866)
147	171,0.0792622018496	(147, 0.0440667986446866)
148	148,0.0483453262806	(148, 0.048345326280551153)
148	17,0.0609932727298	(148, 0.048345326280551153)
148	143,0.0729104329615	(148, 0.048345326280551153)
148	100,0.0906191965737	(148, 0.048345326280551153)
148	90,0.0978222237912	(148, 0.048345326280551153)
148	172,0.117841420851	(148, 0.048345326280551153)
148	49,0.118649304808	(148, 0.048345326280551153)
148	112,0.121684550104	(148, 0.048345326280551153)
148	3,0.130462068205	(148, 0.048345326280551153)
148	37,0.133954303402	(148, 0.048345326280551153)
149	149,0.158629322087	(149, 0.15862932208687203)
149	32,0.267588940013	(149, 0.15862932208687203)
149	33,0.319116442677	(149, 0.15862932208687203)
149	169,0.33038423619	(149, 0.15862932208687203)
149	111,0.461087368319	(149, 0.15862932208687203)
149	27,0.464119531891	(149, 0.15862932208687203)
149	165,0.477638710459	(149, 0.15862932208687203)
149	156,0.487781007966	(149, 0.15862932208687203)
149	91,0.488122559472	(149, 0.15862932208687203)
149	45,0.489081956737	(149, 0.15862932208687203)
150	3,0.0405230069379	(150, 0.076274716793931857)
150	11,0.0541093575401	(150, 0.076274716793931857)
150	162,0.0641184406669	(150, 0.076274716793931857)
150	71,0.0677787072378	(150, 0.076274716793931857)
150	121,0.0691721864967	(150, 0.076274716793931857)
150	150,0.0762747167939	(150, 0.076274716793931857)
150	86,0.0771399830302	(150, 0.076274716793931857)
150	63,0.0775698701721	(150, 0.076274716793931857)
150	143,0.0858234067743	(150, 0.076274716793931857)
150	117,0.0879593528043	(150, 0.076274716793931857)
151	121,0.0372690925451	(151, 0.063632754287511598)
151	151,0.0636327542875	(151, 0.063632754287511598)
151	132,0.0707073883652	(151, 0.063632754287511598)
151	22,0.0761948372894	(151, 0.063632754287511598)
151	78,0.0777888308475	(151, 0.063632754287511598)
151	18,0.0808370616962	(151, 0.063632754287511598)
151	162,0.0833177046414	(151, 0.063632754287511598)
151	3,0.0857336808405	(151, 0.063632754287511598)
151	61,0.0872134014455	(151, 0.063632754287511598)
151	76,0.089720521885	(151, 0.063632754287511598)
152	152,0.0792236145837	(152, 0.07922361458371556)
152	121,0.0900933370624	(152, 0.07922361458371556)
152	18,0.109071499843	(152, 0.07922361458371556)
152	117,0.121932154202	(152, 0.07922361458371556)
152	139,0.127042951083	(152, 0.07922361458371556)
152	12,0.128997813123	(152, 0.07922361458371556)
152	22,0.129195695347	(152, 0.07922361458371556)
152	88,0.130579938659	(152, 0.07922361458371556)
152	35,0.133062027083	(152, 0.07922361458371556)
152	11,0.133509896248	(152, 0.07922361458371556)
153	133,0.112094900461	(153, 0.18434191628335542)
153	153,0.184341916283	(153, 0.18434191628335542)
153	130,0.196876641337	(153, 0.18434191628335542)
153	34,0.204875688941	(153, 0.18434191628335542)
153	91,0.210636112207	(153, 0.18434191628335542)
153	102,0.227504852274	(153, 0.18434191628335542)
153	103,0.25296555044	(153, 0.18434191628335542)
153	95,0.281746859506	(153, 0.18434191628335542)
153	28,0.285006602534	(153, 0.18434191628335542)
153	1,0.289766040927	(153, 0.18434191628335542)
154	154,0.0391690295243	(154, 0.039169029524337588)
154	40,0.103536256657	(154, 0.039169029524337588)
154	172,0.126641377508	(154, 0.039169029524337588)
154	69,0.130587820965	(154, 0.039169029524337588)
154	4,0.134854808426	(154, 0.039169029524337588)
154	174,0.138781574484	(154, 0.039169029524337588)
154	116,0.161654327943	(154, 0.039169029524337588)
154	48,0.190550100354	(154, 0.039169029524337588)
154	2,0.193812624008	(154, 0.039169029524337588)
154	56,0.203060210105	(154, 0.039169029524337588)
155	11,0.0730735342696	(155, 0.12058610761443059)
155	162,0.0882154164735	(155, 0.12058610761443059)
155	71,0.0891176498989	(155, 0.12058610761443059)
155	121,0.0915340698419	(155, 0.12058610761443059)
155	1,0.098903655878	(155, 0.12058610761443059)
155	3,0.103443753115	(155, 0.12058610761443059)
155	81,0.106241029287	(155, 0.12058610761443059)
155	77,0.11452064593	(155, 0.12058610761443059)
155	117,0.116914322525	(155, 0.12058610761443059)
155	155,0.120586107614	(155, 0.12058610761443059)
156	73,0.0986208813379	(156, 0.10149323184374096)
156	156,0.101493231844	(156, 0.10149323184374096)
156	109,0.13715083187	(156, 0.10149323184374096)
156	144,0.139628986303	(156, 0.10149323184374096)
156	107,0.141140405016	(156, 0.10149323184374096)
156	27,0.152344564964	(156, 0.10149323184374096)
156	128,0.165846408313	(156, 0.10149323184374096)
156	50,0.165949881269	(156, 0.10149323184374096)
156	38,0.169586624515	(156, 0.10149323184374096)
156	19,0.185738558093	(156, 0.10149323184374096)
157	22,0.0805600952543	(157, 0.13247466041369207)
157	126,0.0931082784855	(157, 0.13247466041369207)
157	121,0.0971038723257	(157, 0.13247466041369207)
157	12,0.0976975748188	(157, 0.13247466041369207)
157	132,0.101409735646	(157, 0.13247466041369207)
157	3,0.102525346058	(157, 0.13247466041369207)
157	73,0.10404652041	(157, 0.13247466041369207)
157	76,0.105952147949	(157, 0.13247466041369207)
157	78,0.107339224332	(157, 0.13247466041369207)
157	128,0.107875036695	(157, 0.13247466041369207)
158	77,0.0520008099472	(158, 0.17248969060092342)
158	3,0.0660853524723	(158, 0.17248969060092342)
158	37,0.0782358317948	(158, 0.17248969060092342)
158	136,0.0809938406912	(158, 0.17248969060092342)
158	171,0.0833626485066	(158, 0.17248969060092342)
158	76,0.0850817849597	(158, 0.17248969060092342)
158	63,0.0851718311134	(158, 0.17248969060092342)
158	11,0.0860373254962	(158, 0.17248969060092342)
158	147,0.0872486356105	(158, 0.17248969060092342)
158	137,0.0895442690009	(158, 0.17248969060092342)
159	146,0.0456706001412	(159, 0.10924550316064528)
159	137,0.0715433640513	(159, 0.10924550316064528)
159	147,0.0838835901069	(159, 0.10924550316064528)
159	18,0.0858063601479	(159, 0.10924550316064528)
159	46,0.0867134740875	(159, 0.10924550316064528)
159	36,0.0892645128058	(159, 0.10924550316064528)
159	150,0.0892941335265	(159, 0.10924550316064528)
159	81,0.0939009770838	(159, 0.10924550316064528)
159	63,0.0950475607774	(159, 0.10924550316064528)
159	3,0.0955438191544	(159, 0.10924550316064528)
160	164,0.159077071323	(160, 0.69076531119654005)
160	27,0.171641897075	(160, 0.69076531119654005)
160	73,0.187351513542	(160, 0.69076531119654005)
160	32,0.198524316198	(160, 0.69076531119654005)
160	43,0.215335334955	(160, 0.69076531119654005)
160	38,0.216696160379	(160, 0.69076531119654005)
160	107,0.228027091046	(160, 0.69076531119654005)
160	105,0.232646412172	(160, 0.69076531119654005)
160	109,0.233737638804	(160, 0.69076531119654005)
160	50,0.242409637305	(160, 0.69076531119654005)
161	161,0.0413751143273	(161, 0.041375114327287257)
161	65,0.095335624026	(161, 0.041375114327287257)
161	44,0.118948286911	(161, 0.041375114327287257)
161	17,0.129172528619	(161, 0.041375114327287257)
161	68,0.130479892075	(161, 0.041375114327287257)
161	83,0.133412480093	(161, 0.041375114327287257)
161	155,0.142433450044	(161, 0.041375114327287257)
161	13,0.150737971033	(161, 0.041375114327287257)
161	100,0.157142753597	(161, 0.041375114327287257)
161	1,0.166427916458	(161, 0.041375114327287257)
162	162,0.0562131877395	(162, 0.056213187739510333)
162	76,0.0687321470716	(162, 0.056213187739510333)
162	117,0.0699251420957	(162, 0.056213187739510333)
162	147,0.0748944995213	(162, 0.056213187739510333)
162	18,0.0805581089359	(162, 0.056213187739510333)
162	88,0.0843140127406	(162, 0.056213187739510333)
162	90,0.0857476371125	(162, 0.056213187739510333)
162	63,0.0899001811407	(162, 0.056213187739510333)
162	12,0.0931667696788	(162, 0.056213187739510333)
162	150,0.0951792565987	(162, 0.056213187739510333)
163	17,0.0968615639832	(163, 0.13292498419812254)
163	3,0.104456974164	(163, 0.13292498419812254)
163	172,0.105998688686	(163, 0.13292498419812254)
163	40,0.112597593028	(163, 0.13292498419812254)
163	100,0.115425363423	(163, 0.13292498419812254)
163	11,0.118168581607	(163, 0.13292498419812254)
163	148,0.119486834427	(163, 0.13292498419812254)
163	37,0.120076973908	(163, 0.13292498419812254)
163	143,0.126836529455	(163, 0.13292498419812254)
163	83,0.130301687205	(163, 0.13292498419812254)
164	156,0.12008788798	(164, 0.15549162884213819)
164	27,0.133281719981	(164, 0.15549162884213819)
164	164,0.155491628842	(164, 0.15549162884213819)
164	144,0.167631171656	(164, 0.15549162884213819)
164	73,0.17054150051	(164, 0.15549162884213819)
164	32,0.170782159977	(164, 0.15549162884213819)
164	131,0.193526505723	(164, 0.15549162884213819)
164	109,0.202620674731	(164, 0.15549162884213819)
164	107,0.221488415181	(164, 0.15549162884213819)
164	84,0.228252500637	(164, 0.15549162884213819)
165	93,0.118448597896	(165, 0.16694594946222738)
165	116,0.147291569601	(165, 0.16694594946222738)
165	165,0.166945949462	(165, 0.16694594946222738)
165	144,0.167141319173	(165, 0.16694594946222738)
165	157,0.172694581593	(165, 0.16694594946222738)
165	131,0.175246541065	(165, 0.16694594946222738)
165	73,0.183549320291	(165, 0.16694594946222738)
165	156,0.199852676033	(165, 0.16694594946222738)
165	124,0.212107049274	(165, 0.16694594946222738)
165	27,0.229857763784	(165, 0.16694594946222738)
166	116,0.15757179403	(166, 0.20929605481997637)
166	124,0.181459945381	(166, 0.20929605481997637)
166	69,0.182270837746	(166, 0.20929605481997637)
166	144,0.183096236409	(166, 0.20929605481997637)
166	104,0.197762792773	(166, 0.20929605481997637)
166	166,0.20929605482	(166, 0.20929605481997637)
166	140,0.210741880776	(166, 0.20929605481997637)
166	157,0.21567176245	(166, 0.20929605481997637)
166	13,0.216149500885	(166, 0.20929605481997637)
166	123,0.221372560695	(166, 0.20929605481997637)
167	51,0.201064247789	(167, 0.26281615386612672)
167	39,0.209482847313	(167, 0.26281615386612672)
167	167,0.262816153866	(167, 0.26281615386612672)
167	19,0.277534039811	(167, 0.26281615386612672)
167	27,0.287348642004	(167, 0.26281615386612672)
167	32,0.309578849531	(167, 0.26281615386612672)
167	138,0.341503110684	(167, 0.26281615386612672)
167	169,0.358523831079	(167, 0.26281615386612672)
167	99,0.36808255722	(167, 0.26281615386612672)
167	164,0.371850085258	(167, 0.26281615386612672)
168	12,0.110113311732	(168, 0.1365334451404922)
168	55,0.119684956081	(168, 0.1365334451404922)
168	86,0.126204483041	(168, 0.1365334451404922)
168	152,0.133290642296	(168, 0.1365334451404922)
168	18,0.133688034428	(168, 0.1365334451404922)
168	121,0.133801034435	(168, 0.1365334451404922)
168	168,0.13653344514	(168, 0.1365334451404922)
168	38,0.139505871367	(168, 0.1365334451404922)
168	151,0.144082670247	(168, 0.1365334451404922)
168	134,0.157159005477	(168, 0.1365334451404922)
169	156,0.132178920282	(169, 0.15291486601728183)
169	169,0.152914866017	(169, 0.15291486601728183)
169	73,0.158010715676	(169, 0.15291486601728183)
169	27,0.172425690829	(169, 0.15291486601728183)
169	144,0.175996292774	(169, 0.15291486601728183)
169	109,0.181672292791	(169, 0.15291486601728183)
169	99,0.192695451109	(169, 0.15291486601728183)
169	84,0.200826373949	(169, 0.15291486601728183)
169	124,0.226921308203	(169, 0.15291486601728183)
169	170,0.229714617294	(169, 0.15291486601728183)
170	170,0.110777959611	(170, 0.11077795961133034)
170	99,0.144667390076	(170, 0.11077795961133034)
170	27,0.168376126783	(170, 0.11077795961133034)
170	19,0.1804962896	(170, 0.11077795961133034)
170	144,0.185914916687	(170, 0.11077795961133034)
170	73,0.191448395866	(170, 0.11077795961133034)
170	84,0.207578137283	(170, 0.11077795961133034)
170	109,0.211648754267	(170, 0.11077795961133034)
170	114,0.213126475941	(170, 0.11077795961133034)
170	0,0.222926836759	(170, 0.11077795961133034)
171	156,0.13939102037	(171, 0.41999382465742302)
171	27,0.157163140467	(171, 0.41999382465742302)
171	32,0.1657444867	(171, 0.41999382465742302)
171	164,0.167434610535	(171, 0.41999382465742302)
171	73,0.174716609492	(171, 0.41999382465742302)
171	107,0.200914657371	(171, 0.41999382465742302)
171	102,0.218144106176	(171, 0.41999382465742302)
171	51,0.232758611607	(171, 0.41999382465742302)
171	19,0.240452599819	(171, 0.41999382465742302)
171	95,0.241602295455	(171, 0.41999382465742302)
172	172,0.0254281494215	(172, 0.025428149421540789)
172	3,0.06937863865	(172, 0.025428149421540789)
172	137,0.0710975464856	(172, 0.025428149421540789)
172	17,0.0761788143731	(172, 0.025428149421540789)
172	77,0.0904188301638	(172, 0.025428149421540789)
172	90,0.0917020088247	(172, 0.025428149421540789)
172	37,0.0936601427054	(172, 0.025428149421540789)
172	136,0.097208441951	(172, 0.025428149421540789)
172	81,0.0989327827012	(172, 0.025428149421540789)
172	171,0.109447057725	(172, 0.025428149421540789)
173	158,0.131054666481	(173, 0.22789011010978802)
173	107,0.137322653649	(173, 0.22789011010978802)
173	38,0.146340832057	(173, 0.22789011010978802)
173	24,0.15830303838	(173, 0.22789011010978802)
173	27,0.166246413872	(173, 0.22789011010978802)
173	78,0.175362604631	(173, 0.22789011010978802)
173	61,0.180710307272	(173, 0.22789011010978802)
173	128,0.185329791293	(173, 0.22789011010978802)
173	87,0.199881411866	(173, 0.22789011010978802)
173	156,0.200372933414	(173, 0.22789011010978802)
174	174,0.0573238191835	(174, 0.05732381918354576)
174	15,0.0929947521075	(174, 0.05732381918354576)
174	56,0.101842003341	(174, 0.05732381918354576)
174	69,0.126765330312	(174, 0.05732381918354576)
174	17,0.131728735381	(174, 0.05732381918354576)
174	4,0.133964903929	(174, 0.05732381918354576)
174	120,0.134595499863	(174, 0.05732381918354576)
174	2,0.146697562418	(174, 0.05732381918354576)
174	172,0.162711280179	(174, 0.05732381918354576)
174	154,0.163767253831	(174, 0.05732381918354576)
