0	0,0.0319097005803	(0, 0.031909700580330817)
0	38,0.0749563492927	(0, 0.031909700580330817)
0	84,0.0750761554904	(0, 0.031909700580330817)
0	99,0.0778457914501	(0, 0.031909700580330817)
0	144,0.0846491433593	(0, 0.031909700580330817)
0	173,0.0903538091873	(0, 0.031909700580330817)
0	109,0.0923512775922	(0, 0.031909700580330817)
0	170,0.0959793820448	(0, 0.031909700580330817)
0	14,0.0999097923949	(0, 0.031909700580330817)
0	55,0.101571514723	(0, 0.031909700580330817)
1	1,0.0250962765905	(1, 0.025096276590520109)
1	103,0.0392796408039	(1, 0.025096276590520109)
1	102,0.0428441936109	(1, 0.025096276590520109)
1	28,0.04334629647	(1, 0.025096276590520109)
1	91,0.0494944968604	(1, 0.025096276590520109)
1	153,0.0503047880747	(1, 0.025096276590520109)
1	155,0.050364391392	(1, 0.025096276590520109)
1	114,0.0521214852755	(1, 0.025096276590520109)
1	53,0.0536832828243	(1, 0.025096276590520109)
1	65,0.0619475572439	(1, 0.025096276590520109)
2	4,0.0325566971305	(2, 0.057242328294765679)
2	154,0.0331562395531	(2, 0.057242328294765679)
2	69,0.0446619769435	(2, 0.057242328294765679)
2	174,0.0477344102283	(2, 0.057242328294765679)
2	40,0.0486507589238	(2, 0.057242328294765679)
2	172,0.0517983606394	(2, 0.057242328294765679)
2	2,0.0572423282948	(2, 0.057242328294765679)
2	25,0.0606649031846	(2, 0.057242328294765679)
2	148,0.0676084738948	(2, 0.057242328294765679)
2	15,0.0721872182327	(2, 0.057242328294765679)
3	3,0.0125768467716	(3, 0.012576846771639181)
3	63,0.0166026588381	(3, 0.012576846771639181)
3	132,0.0249622366825	(3, 0.012576846771639181)
3	147,0.0265355655351	(3, 0.012576846771639181)
3	81,0.0271691849492	(3, 0.012576846771639181)
3	162,0.0273169410992	(3, 0.012576846771639181)
3	137,0.0293275021006	(3, 0.012576846771639181)
3	150,0.0298100982017	(3, 0.012576846771639181)
3	121,0.0307376882891	(3, 0.012576846771639181)
3	11,0.0312470860406	(3, 0.012576846771639181)
4	172,0.0242423002078	(4, 0.036915601977815633)
4	13,0.0286253915938	(4, 0.036915601977815633)
4	37,0.0303721959176	(4, 0.036915601977815633)
4	17,0.0307323125703	(4, 0.036915601977815633)
4	40,0.0362881756854	(4, 0.036915601977815633)
4	4,0.0369156019778	(4, 0.036915601977815633)
4	120,0.0387955313478	(4, 0.036915601977815633)
4	77,0.0395883747604	(4, 0.036915601977815633)
4	69,0.0409481471546	(4, 0.036915601977815633)
4	11,0.0425545684303	(4, 0.036915601977815633)
5	73,0.0279751095497	(5, 0.11904058242683799)
5	107,0.0527252788485	(5, 0.11904058242683799)
5	95,0.0528543020219	(5, 0.11904058242683799)
5	26,0.0581320616701	(5, 0.11904058242683799)
5	78,0.0589022391111	(5, 0.11904058242683799)
5	1,0.0594152191771	(5, 0.11904058242683799)
5	93,0.0600024333322	(5, 0.11904058242683799)
5	124,0.0647647420681	(5, 0.11904058242683799)
5	128,0.066136314572	(5, 0.11904058242683799)
5	77,0.0662951569894	(5, 0.11904058242683799)
6	139,0.0173180643545	(6, 0.023345746455623397)
6	46,0.0204523775442	(6, 0.023345746455623397)
6	6,0.0233457464556	(6, 0.023345746455623397)
6	76,0.0268115800914	(6, 0.023345746455623397)
6	22,0.0279100946369	(6, 0.023345746455623397)
6	158,0.0302646655449	(6, 0.023345746455623397)
6	171,0.0320216851018	(6, 0.023345746455623397)
6	18,0.0343925651922	(6, 0.023345746455623397)
6	132,0.0346556423567	(6, 0.023345746455623397)
6	35,0.0369950651795	(6, 0.023345746455623397)
7	66,0.131441122076	(7, 0.19475071242051054)
7	167,0.163797748326	(7, 0.19475071242051054)
7	32,0.183992916659	(7, 0.19475071242051054)
7	51,0.184521378384	(7, 0.19475071242051054)
7	160,0.18737057947	(7, 0.19475071242051054)
7	80,0.188770208436	(7, 0.19475071242051054)
7	7,0.194750712421	(7, 0.19475071242051054)
7	169,0.202530048266	(7, 0.19475071242051054)
7	133,0.216346686591	(7, 0.19475071242051054)
7	142,0.227557896556	(7, 0.19475071242051054)
8	11,0.0282838478055	(8, 0.037123264495933325)
8	121,0.0350942872726	(8, 0.037123264495933325)
8	8,0.0371232644959	(8, 0.037123264495933325)
8	73,0.0389534820266	(8, 0.037123264495933325)
8	162,0.0396579932151	(8, 0.037123264495933325)
8	71,0.0440461642764	(8, 0.037123264495933325)
8	13,0.0456268655898	(8, 0.037123264495933325)
8	18,0.046057851009	(8, 0.037123264495933325)
8	86,0.0465435723794	(8, 0.037123264495933325)
8	109,0.0468819695226	(8, 0.037123264495933325)
9	9,0.0372213827221	(9, 0.037221382722100814)
9	114,0.0893837798479	(9, 0.037221382722100814)
9	155,0.090929399709	(9, 0.037221382722100814)
9	53,0.110599436218	(9, 0.037221382722100814)
9	91,0.118584155018	(9, 0.037221382722100814)
9	124,0.123151723601	(9, 0.037221382722100814)
9	65,0.133358970018	(9, 0.037221382722100814)
9	41,0.135091342192	(9, 0.037221382722100814)
9	52,0.143562619993	(9, 0.037221382722100814)
9	28,0.14419828639	(9, 0.037221382722100814)
10	10,0.0559581777288	(10, 0.055958177728788999)
10	47,0.0845646313925	(10, 0.055958177728788999)
10	167,0.143533223885	(10, 0.055958177728788999)
10	173,0.156653802129	(10, 0.055958177728788999)
10	84,0.157706491591	(10, 0.055958177728788999)
10	99,0.161392674801	(10, 0.055958177728788999)
10	166,0.163848936372	(10, 0.055958177728788999)
10	72,0.17028804527	(10, 0.055958177728788999)
10	14,0.171786740824	(10, 0.055958177728788999)
10	27,0.174360564903	(10, 0.055958177728788999)
11	11,0.0162422030345	(11, 0.016242203034464074)
11	81,0.0274551940065	(11, 0.016242203034464074)
11	119,0.0289605150113	(11, 0.016242203034464074)
11	3,0.0358269649077	(11, 0.016242203034464074)
11	115,0.0376849438356	(11, 0.016242203034464074)
11	96,0.0389950913507	(11, 0.016242203034464074)
11	13,0.0394933528988	(11, 0.016242203034464074)
11	37,0.0396708876448	(11, 0.016242203034464074)
11	124,0.0440171317337	(11, 0.016242203034464074)
11	86,0.0447617118054	(11, 0.016242203034464074)
12	22,0.0180949185131	(12, 0.020595788432242895)
12	126,0.0203277562186	(12, 0.020595788432242895)
12	12,0.0205957884322	(12, 0.020595788432242895)
12	121,0.0214927144656	(12, 0.020595788432242895)
12	76,0.0221525746529	(12, 0.020595788432242895)
12	151,0.0239943282715	(12, 0.020595788432242895)
12	18,0.0247321109405	(12, 0.020595788432242895)
12	132,0.0256759780628	(12, 0.020595788432242895)
12	63,0.0285340027604	(12, 0.020595788432242895)
12	3,0.0292923061197	(12, 0.020595788432242895)
13	11,0.0220623644974	(13, 0.029663730938939526)
13	172,0.0223258698615	(13, 0.029663730938939526)
13	17,0.0223533664391	(13, 0.029663730938939526)
13	3,0.0254603115364	(13, 0.029663730938939526)
13	81,0.0284300872691	(13, 0.029663730938939526)
13	162,0.0289644109963	(13, 0.029663730938939526)
13	13,0.0296637309389	(13, 0.029663730938939526)
13	90,0.0302965145752	(13, 0.029663730938939526)
13	37,0.0324107860679	(13, 0.029663730938939526)
13	143,0.0329876642361	(13, 0.029663730938939526)
14	14,0.0254838429966	(14, 0.025483842996554266)
14	72,0.0300742775761	(14, 0.025483842996554266)
14	159,0.0500401666111	(14, 0.025483842996554266)
14	84,0.0513361140262	(14, 0.025483842996554266)
14	144,0.0520840707663	(14, 0.025483842996554266)
14	145,0.0542327241473	(14, 0.025483842996554266)
14	109,0.0592981011594	(14, 0.025483842996554266)
14	38,0.0608735838143	(14, 0.025483842996554266)
14	131,0.0617877874007	(14, 0.025483842996554266)
14	123,0.0627323034244	(14, 0.025483842996554266)
15	15,0.0159249051821	(15, 0.015924905182148227)
15	17,0.0226281797205	(15, 0.015924905182148227)
15	174,0.0305509993399	(15, 0.015924905182148227)
15	69,0.0354992400231	(15, 0.015924905182148227)
15	172,0.036987354635	(15, 0.015924905182148227)
15	100,0.0371150921182	(15, 0.015924905182148227)
15	56,0.0388986470906	(15, 0.015924905182148227)
15	120,0.040064747553	(15, 0.015924905182148227)
15	77,0.0400693006129	(15, 0.015924905182148227)
15	49,0.0402671879931	(15, 0.015924905182148227)
16	16,0.0382294852749	(16, 0.03822948527488057)
16	170,0.0480882029071	(16, 0.03822948527488057)
16	19,0.0569534334541	(16, 0.03822948527488057)
16	0,0.0576060572082	(16, 0.03822948527488057)
16	114,0.0680380732998	(16, 0.03822948527488057)
16	144,0.0705199398338	(16, 0.03822948527488057)
16	73,0.0731295973177	(16, 0.03822948527488057)
16	27,0.0740801817707	(16, 0.03822948527488057)
16	101,0.0750349499435	(16, 0.03822948527488057)
16	140,0.0769973811964	(16, 0.03822948527488057)
17	17,0.0121941079197	(17, 0.012194107919739457)
17	172,0.0187964313957	(17, 0.012194107919739457)
17	77,0.0259681968818	(17, 0.012194107919739457)
17	100,0.0273387876169	(17, 0.012194107919739457)
17	143,0.027745546125	(17, 0.012194107919739457)
17	90,0.0290822386412	(17, 0.012194107919739457)
17	37,0.0303295295596	(17, 0.012194107919739457)
17	136,0.0317107148423	(17, 0.012194107919739457)
17	49,0.0326129888989	(17, 0.012194107919739457)
17	3,0.0342870556049	(17, 0.012194107919739457)
18	18,0.0154175197997	(18, 0.015417519799674562)
18	88,0.01698788981	(18, 0.015417519799674562)
18	22,0.0207768802157	(18, 0.015417519799674562)
18	121,0.0219401448933	(18, 0.015417519799674562)
18	132,0.0228121070752	(18, 0.015417519799674562)
18	76,0.0231042311542	(18, 0.015417519799674562)
18	139,0.0235171588037	(18, 0.015417519799674562)
18	61,0.0238835414427	(18, 0.015417519799674562)
18	35,0.0242750896594	(18, 0.015417519799674562)
18	151,0.027864144701	(18, 0.015417519799674562)
19	19,0.0514589763973	(19, 0.051458976397323414)
19	27,0.0573937945549	(19, 0.051458976397323414)
19	43,0.0642362884922	(19, 0.051458976397323414)
19	99,0.0660699643739	(19, 0.051458976397323414)
19	32,0.0817652379262	(19, 0.051458976397323414)
19	84,0.0844713339424	(19, 0.051458976397323414)
19	164,0.0924330243863	(19, 0.051458976397323414)
19	107,0.0952284289195	(19, 0.051458976397323414)
19	39,0.10090751086	(19, 0.051458976397323414)
19	144,0.102251807274	(19, 0.051458976397323414)
20	73,0.034110277544	(20, 0.040810584367244843)
20	20,0.0408105843672	(20, 0.040810584367244843)
20	124,0.0411747608596	(20, 0.040810584367244843)
20	93,0.0494371931124	(20, 0.040810584367244843)
20	109,0.0501873432467	(20, 0.040810584367244843)
20	89,0.051650574061	(20, 0.040810584367244843)
20	128,0.0519259917526	(20, 0.040810584367244843)
20	1,0.0519488329029	(20, 0.040810584367244843)
20	157,0.0557751391695	(20, 0.040810584367244843)
20	101,0.0575339586968	(20, 0.040810584367244843)
21	71,0.018794037045	(21, 0.032327694222586259)
21	121,0.018984560968	(21, 0.032327694222586259)
21	11,0.0197436992024	(21, 0.032327694222586259)
21	162,0.0218880264321	(21, 0.032327694222586259)
21	117,0.0226815156454	(21, 0.032327694222586259)
21	22,0.0307689081672	(21, 0.032327694222586259)
21	23,0.0322580493471	(21, 0.032327694222586259)
21	21,0.0323276942226	(21, 0.032327694222586259)
21	86,0.0323641288139	(21, 0.032327694222586259)
21	63,0.0334200365272	(21, 0.032327694222586259)
22	22,0.0177371687967	(22, 0.017737168796702871)
22	117,0.0188581882165	(22, 0.017737168796702871)
22	139,0.0205775459098	(22, 0.017737168796702871)
22	76,0.0215498153361	(22, 0.017737168796702871)
22	132,0.0222031976055	(22, 0.017737168796702871)
22	3,0.0249225040925	(22, 0.017737168796702871)
22	46,0.025142338501	(22, 0.017737168796702871)
22	81,0.0262740660497	(22, 0.017737168796702871)
22	63,0.027168296754	(22, 0.017737168796702871)
22	137,0.0290807648754	(22, 0.017737168796702871)
23	23,0.0123136935536	(23, 0.012313693553640235)
23	61,0.0182961105733	(23, 0.012313693553640235)
23	26,0.0374967501086	(23, 0.012313693553640235)
23	121,0.0379653177956	(23, 0.012313693553640235)
23	162,0.039965649873	(23, 0.012313693553640235)
23	63,0.0416889149043	(23, 0.012313693553640235)
23	78,0.0442749647404	(23, 0.012313693553640235)
23	76,0.0461258207213	(23, 0.012313693553640235)
23	147,0.0485407365973	(23, 0.012313693553640235)
23	70,0.0498382503266	(23, 0.012313693553640235)
24	24,0.0185730039952	(24, 0.018573003995158908)
24	107,0.0461809414961	(24, 0.018573003995158908)
24	27,0.048430400373	(24, 0.018573003995158908)
24	50,0.0570245740671	(24, 0.018573003995158908)
24	61,0.0579310657462	(24, 0.018573003995158908)
24	158,0.0590135848303	(24, 0.018573003995158908)
24	73,0.0592353255565	(24, 0.018573003995158908)
24	135,0.0600284675695	(24, 0.018573003995158908)
24	12,0.0603518966645	(24, 0.018573003995158908)
24	22,0.0615148369882	(24, 0.018573003995158908)
25	40,0.0204567598464	(25, 0.022160016791016653)
25	25,0.022160016791	(25, 0.022160016791016653)
25	69,0.0225657912225	(25, 0.022160016791016653)
25	148,0.0307490582278	(25, 0.022160016791016653)
25	4,0.0323075099526	(25, 0.022160016791016653)
25	15,0.0359782802572	(25, 0.022160016791016653)
25	154,0.0430954317174	(25, 0.022160016791016653)
25	172,0.0435029327635	(25, 0.022160016791016653)
25	79,0.0459090979077	(25, 0.022160016791016653)
25	17,0.0487479323436	(25, 0.022160016791016653)
26	18,0.0190111141564	(26, 0.041704718106411347)
26	63,0.0197243054612	(26, 0.041704718106411347)
26	121,0.0198791341202	(26, 0.041704718106411347)
26	11,0.0214560828052	(26, 0.041704718106411347)
26	76,0.0220822068488	(26, 0.041704718106411347)
26	22,0.0238697149978	(26, 0.041704718106411347)
26	147,0.0243083878579	(26, 0.041704718106411347)
26	117,0.024334140824	(26, 0.041704718106411347)
26	132,0.0249661639372	(26, 0.041704718106411347)
26	162,0.0256310136981	(26, 0.041704718106411347)
27	78,0.0383817630973	(27, 0.049728694273635819)
27	61,0.0387136310088	(27, 0.049728694273635819)
27	26,0.0422538979798	(27, 0.049728694273635819)
27	73,0.0434933917555	(27, 0.049728694273635819)
27	121,0.0444631460511	(27, 0.049728694273635819)
27	170,0.0468378047427	(27, 0.049728694273635819)
27	107,0.0491597430416	(27, 0.049728694273635819)
27	27,0.0497286942736	(27, 0.049728694273635819)
27	23,0.0497506669323	(27, 0.049728694273635819)
27	19,0.0502769775594	(27, 0.049728694273635819)
28	13,0.032680953053	(28, 0.039566269122443737)
28	1,0.0346608865709	(28, 0.039566269122443737)
28	28,0.0395662691224	(28, 0.039566269122443737)
28	3,0.0408530395496	(28, 0.039566269122443737)
28	73,0.0447669371133	(28, 0.039566269122443737)
28	93,0.0508113810447	(28, 0.039566269122443737)
28	53,0.0517798677226	(28, 0.039566269122443737)
28	83,0.0527793257514	(28, 0.039566269122443737)
28	155,0.0535621654878	(28, 0.039566269122443737)
28	101,0.0549811061791	(28, 0.039566269122443737)
29	29,0.0179930882393	(29, 0.017993088239257403)
29	77,0.025705405879	(29, 0.017993088239257403)
29	71,0.0315972445458	(29, 0.017993088239257403)
29	13,0.0342401661919	(29, 0.017993088239257403)
29	135,0.0362401047128	(29, 0.017993088239257403)
29	73,0.038062823528	(29, 0.017993088239257403)
29	11,0.0382781445331	(29, 0.017993088239257403)
29	1,0.0386610185685	(29, 0.017993088239257403)
29	3,0.0395278601598	(29, 0.017993088239257403)
29	76,0.0423459148322	(29, 0.017993088239257403)
30	30,0.0451088003431	(30, 0.0451088003430846)
30	28,0.0596127392973	(30, 0.0451088003430846)
30	91,0.0720147848219	(30, 0.0451088003430846)
30	153,0.0738501995531	(30, 0.0451088003430846)
30	53,0.0804267454072	(30, 0.0451088003430846)
30	103,0.0808178439894	(30, 0.0451088003430846)
30	102,0.0831540506594	(30, 0.0451088003430846)
30	1,0.0867824864589	(30, 0.0451088003430846)
30	110,0.0917463698829	(30, 0.0451088003430846)
30	73,0.0957246536232	(30, 0.0451088003430846)
31	166,0.0487458517799	(31, 0.062002217686877213)
31	31,0.0620022176869	(31, 0.062002217686877213)
31	72,0.0696023043661	(31, 0.062002217686877213)
31	104,0.0797626203547	(31, 0.062002217686877213)
31	116,0.0810884242831	(31, 0.062002217686877213)
31	131,0.0824660785916	(31, 0.062002217686877213)
31	123,0.0916749028662	(31, 0.062002217686877213)
31	144,0.0936368598354	(31, 0.062002217686877213)
31	124,0.0941119783312	(31, 0.062002217686877213)
31	48,0.101211225629	(31, 0.062002217686877213)
32	156,0.0458317888244	(32, 0.051029775846959065)
32	32,0.051029775847	(32, 0.051029775846959065)
32	27,0.0602305628796	(32, 0.051029775846959065)
32	73,0.0680311760335	(32, 0.051029775846959065)
32	164,0.0705724860786	(32, 0.051029775846959065)
32	50,0.0721734698963	(32, 0.051029775846959065)
32	131,0.0750768676639	(32, 0.051029775846959065)
32	107,0.0801849736894	(32, 0.051029775846959065)
32	109,0.081349347073	(32, 0.051029775846959065)
32	13,0.0835696599631	(32, 0.051029775846959065)
33	33,0.031486990395	(33, 0.031486990394953555)
33	4,0.059067966289	(33, 0.031486990394953555)
33	106,0.0680127546246	(33, 0.031486990394953555)
33	69,0.0694060107955	(33, 0.031486990394953555)
33	28,0.0755193323403	(33, 0.031486990394953555)
33	116,0.0760345974376	(33, 0.031486990394953555)
33	40,0.0816620945044	(33, 0.031486990394953555)
33	1,0.0821431792418	(33, 0.031486990394953555)
33	102,0.0823549315725	(33, 0.031486990394953555)
33	73,0.0835078062925	(33, 0.031486990394953555)
34	15,0.0218863221427	(34, 0.06548887105132023)
34	17,0.0260447558185	(34, 0.06548887105132023)
34	69,0.0287248195086	(34, 0.06548887105132023)
34	172,0.0293112132426	(34, 0.06548887105132023)
34	40,0.0304623043526	(34, 0.06548887105132023)
34	174,0.0344947932679	(34, 0.06548887105132023)
34	120,0.0352047741999	(34, 0.06548887105132023)
34	148,0.0369963949021	(34, 0.06548887105132023)
34	4,0.0373669994706	(34, 0.06548887105132023)
34	154,0.0408963583816	(34, 0.06548887105132023)
35	35,0.0158933752825	(35, 0.015893375282521022)
35	88,0.0249290954297	(35, 0.015893375282521022)
35	18,0.0277506132597	(35, 0.015893375282521022)
35	12,0.0380621209619	(35, 0.015893375282521022)
35	22,0.0392443014748	(35, 0.015893375282521022)
35	139,0.0410123145285	(35, 0.015893375282521022)
35	121,0.0439328843501	(35, 0.015893375282521022)
35	38,0.0440031736125	(35, 0.015893375282521022)
35	61,0.0445960843873	(35, 0.015893375282521022)
35	152,0.044688347089	(35, 0.015893375282521022)
36	18,0.0136930272094	(36, 0.020989173655778369)
36	76,0.0145194913572	(36, 0.020989173655778369)
36	147,0.0162643900657	(36, 0.020989173655778369)
36	46,0.0181023724781	(36, 0.020989173655778369)
36	63,0.0188766256255	(36, 0.020989173655778369)
36	36,0.0209891736558	(36, 0.020989173655778369)
36	171,0.0229051479826	(36, 0.020989173655778369)
36	151,0.0249624988621	(36, 0.020989173655778369)
36	22,0.025360673236	(36, 0.020989173655778369)
36	139,0.0260213624892	(36, 0.020989173655778369)
37	37,0.0237360073845	(37, 0.023736007384467444)
37	3,0.0243614794614	(37, 0.023736007384467444)
37	100,0.025184261487	(37, 0.023736007384467444)
37	90,0.0290725751693	(37, 0.023736007384467444)
37	11,0.0293681947288	(37, 0.023736007384467444)
37	77,0.029406216775	(37, 0.023736007384467444)
37	17,0.0334400584289	(37, 0.023736007384467444)
37	21,0.0349706879913	(37, 0.023736007384467444)
37	172,0.0367775754874	(37, 0.023736007384467444)
37	81,0.039174993113	(37, 0.023736007384467444)
38	38,0.014512254258	(38, 0.014512254258037122)
38	12,0.0354112694895	(38, 0.014512254258037122)
38	14,0.0361243348718	(38, 0.014512254258037122)
38	55,0.0421730226207	(38, 0.014512254258037122)
38	50,0.0549878512303	(38, 0.014512254258037122)
38	43,0.0563101024277	(38, 0.014512254258037122)
38	105,0.0574713493355	(38, 0.014512254258037122)
38	24,0.0588116789597	(38, 0.014512254258037122)
38	128,0.0604716183118	(38, 0.014512254258037122)
38	159,0.062494429458	(38, 0.014512254258037122)
39	39,0.0360106907024	(39, 0.036010690702417976)
39	51,0.0789515857491	(39, 0.036010690702417976)
39	169,0.0813089179096	(39, 0.036010690702417976)
39	156,0.0847525345537	(39, 0.036010690702417976)
39	101,0.0877188963022	(39, 0.036010690702417976)
39	27,0.0890278167344	(39, 0.036010690702417976)
39	99,0.0935282353246	(39, 0.036010690702417976)
39	95,0.0938770749546	(39, 0.036010690702417976)
39	107,0.0945027171039	(39, 0.036010690702417976)
39	84,0.0949719999092	(39, 0.036010690702417976)
40	40,0.0226717285818	(40, 0.022671728581797574)
40	79,0.0288515362026	(40, 0.022671728581797574)
40	69,0.0298617709576	(40, 0.022671728581797574)
40	4,0.0317440717899	(40, 0.022671728581797574)
40	148,0.0359937480572	(40, 0.022671728581797574)
40	172,0.0368610551956	(40, 0.022671728581797574)
40	17,0.0394855165328	(40, 0.022671728581797574)
40	15,0.0398433456258	(40, 0.022671728581797574)
40	25,0.0417633790447	(40, 0.022671728581797574)
40	77,0.0419848633451	(40, 0.022671728581797574)
41	41,0.0240170534159	(41, 0.024017053415909175)
41	155,0.0380849767857	(41, 0.024017053415909175)
41	91,0.0580915330908	(41, 0.024017053415909175)
41	20,0.06098141643	(41, 0.024017053415909175)
41	1,0.0622803666491	(41, 0.024017053415909175)
41	102,0.0718175148844	(41, 0.024017053415909175)
41	124,0.0725994400746	(41, 0.024017053415909175)
41	101,0.0763033753914	(41, 0.024017053415909175)
41	53,0.0778814333592	(41, 0.024017053415909175)
41	114,0.0796560323439	(41, 0.024017053415909175)
42	163,0.0641434138498	(42, 0.12895552582884481)
42	69,0.0764560542863	(42, 0.12895552582884481)
42	28,0.0770064629493	(42, 0.12895552582884481)
42	53,0.0833681382474	(42, 0.12895552582884481)
42	118,0.0855975624668	(42, 0.12895552582884481)
42	140,0.089043388328	(42, 0.12895552582884481)
42	34,0.0897637986354	(42, 0.12895552582884481)
42	33,0.0921496455563	(42, 0.12895552582884481)
42	97,0.0933270937978	(42, 0.12895552582884481)
42	65,0.0967157882208	(42, 0.12895552582884481)
43	22,0.0252045323923	(43, 0.047922991737066663)
43	12,0.025810782941	(43, 0.047922991737066663)
43	128,0.0285503736014	(43, 0.047922991737066663)
43	78,0.0299179176327	(43, 0.047922991737066663)
43	121,0.0301003893676	(43, 0.047922991737066663)
43	158,0.0310052346338	(43, 0.047922991737066663)
43	50,0.0316257401798	(43, 0.047922991737066663)
43	61,0.0318000625384	(43, 0.047922991737066663)
43	18,0.0342561868942	(43, 0.047922991737066663)
43	23,0.0346789466586	(43, 0.047922991737066663)
44	116,0.0366820645732	(44, 0.1414978306845466)
44	109,0.0375141011054	(44, 0.1414978306845466)
44	124,0.0406896222505	(44, 0.1414978306845466)
44	93,0.0434603418902	(44, 0.1414978306845466)
44	123,0.0499943236955	(44, 0.1414978306845466)
44	144,0.0536806685658	(44, 0.1414978306845466)
44	73,0.0538519333275	(44, 0.1414978306845466)
44	84,0.0558551551946	(44, 0.1414978306845466)
44	115,0.0579079868179	(44, 0.1414978306845466)
44	159,0.0582508445376	(44, 0.1414978306845466)
45	45,0.0552546890057	(45, 0.055254689005740466)
45	94,0.0793762748554	(45, 0.055254689005740466)
45	130,0.0795031831804	(45, 0.055254689005740466)
45	34,0.0828800094806	(45, 0.055254689005740466)
45	133,0.0947575841038	(45, 0.055254689005740466)
45	98,0.0948915840931	(45, 0.055254689005740466)
45	25,0.0973880113673	(45, 0.055254689005740466)
45	83,0.0975493999034	(45, 0.055254689005740466)
45	15,0.0994031862302	(45, 0.055254689005740466)
45	53,0.0994371143627	(45, 0.055254689005740466)
46	46,0.00789440889421	(46, 0.0078944088942114934)
46	36,0.012533115509	(46, 0.0078944088942114934)
46	171,0.01874530826	(46, 0.0078944088942114934)
46	137,0.0215469951874	(46, 0.0078944088942114934)
46	76,0.0221453825698	(46, 0.0078944088942114934)
46	147,0.0270975197396	(46, 0.0078944088942114934)
46	63,0.0289383048163	(46, 0.0078944088942114934)
46	139,0.0291943728874	(46, 0.0078944088942114934)
46	146,0.0299181403834	(46, 0.0078944088942114934)
46	6,0.0324566044211	(46, 0.0078944088942114934)
47	47,0.0699100208142	(47, 0.069910020814178603)
47	99,0.0745014268301	(47, 0.069910020814178603)
47	10,0.0835468324245	(47, 0.069910020814178603)
47	19,0.0875405977125	(47, 0.069910020814178603)
47	27,0.0886375417363	(47, 0.069910020814178603)
47	138,0.0956384417348	(47, 0.069910020814178603)
47	43,0.0980339195743	(47, 0.069910020814178603)
47	173,0.103524231864	(47, 0.069910020814178603)
47	84,0.105261216665	(47, 0.069910020814178603)
47	0,0.112955066332	(47, 0.069910020814178603)
48	48,0.0337245129391	(48, 0.033724512939062506)
48	56,0.0403950862468	(48, 0.033724512939062506)
48	69,0.0450565405756	(48, 0.033724512939062506)
48	120,0.045594935362	(48, 0.033724512939062506)
48	40,0.0533206494213	(48, 0.033724512939062506)
48	97,0.054031144907	(48, 0.033724512939062506)
48	174,0.0549996170119	(48, 0.033724512939062506)
48	4,0.0616914973594	(48, 0.033724512939062506)
48	116,0.0619097135713	(48, 0.033724512939062506)
48	124,0.0646287502152	(48, 0.033724512939062506)
49	49,0.0244400821499	(49, 0.024440082149926393)
49	59,0.0330690241428	(49, 0.024440082149926393)
49	15,0.033161740825	(49, 0.024440082149926393)
49	98,0.0343069115509	(49, 0.024440082149926393)
49	100,0.0414783113766	(49, 0.024440082149926393)
49	77,0.0437408197933	(49, 0.024440082149926393)
49	17,0.0449866826906	(49, 0.024440082149926393)
49	172,0.0458622019995	(49, 0.024440082149926393)
49	83,0.0494472892672	(49, 0.024440082149926393)
49	174,0.0544996698823	(49, 0.024440082149926393)
50	50,0.0158139918393	(50, 0.015813991839287837)
50	12,0.0398521830424	(50, 0.015813991839287837)
50	107,0.0408383599329	(50, 0.015813991839287837)
50	171,0.0447485459912	(50, 0.015813991839287837)
50	158,0.0475899012457	(50, 0.015813991839287837)
50	128,0.0500967884826	(50, 0.015813991839287837)
50	22,0.0504254237842	(50, 0.015813991839287837)
50	76,0.050522240268	(50, 0.015813991839287837)
50	38,0.0539155973852	(50, 0.015813991839287837)
50	46,0.0552254211838	(50, 0.015813991839287837)
51	124,0.0209015838349	(51, 0.11961442977867061)
51	73,0.0427819337459	(51, 0.11961442977867061)
51	155,0.0429888639729	(51, 0.11961442977867061)
51	157,0.0444349667272	(51, 0.11961442977867061)
51	53,0.0480370855449	(51, 0.11961442977867061)
51	93,0.0547543867045	(51, 0.11961442977867061)
51	41,0.0585510609421	(51, 0.11961442977867061)
51	28,0.0586129749668	(51, 0.11961442977867061)
51	13,0.0599919550088	(51, 0.11961442977867061)
51	1,0.0604295077336	(51, 0.11961442977867061)
52	53,0.0357435467375	(52, 0.1448319836575091)
52	124,0.0416555270133	(52, 0.1448319836575091)
52	44,0.0416728819626	(52, 0.1448319836575091)
52	155,0.048234364342	(52, 0.1448319836575091)
52	65,0.0520724344914	(52, 0.1448319836575091)
52	13,0.0534071001125	(52, 0.1448319836575091)
52	163,0.0574562827697	(52, 0.1448319836575091)
52	161,0.0578688444115	(52, 0.1448319836575091)
52	120,0.0616037957661	(52, 0.1448319836575091)
52	4,0.0624851764773	(52, 0.1448319836575091)
53	65,0.0270734692676	(53, 0.036832743122366084)
53	53,0.0368327431224	(53, 0.036832743122366084)
53	44,0.04066370028	(53, 0.036832743122366084)
53	155,0.0444938980271	(53, 0.036832743122366084)
53	120,0.0461322433995	(53, 0.036832743122366084)
53	161,0.0473605477238	(53, 0.036832743122366084)
53	163,0.0514102727355	(53, 0.036832743122366084)
53	34,0.0573122794748	(53, 0.036832743122366084)
53	13,0.0602675382082	(53, 0.036832743122366084)
53	124,0.061870638384	(53, 0.036832743122366084)
54	136,0.0168099144412	(54, 0.027319438133448528)
54	54,0.0273194381334	(54, 0.027319438133448528)
54	3,0.0297865348333	(54, 0.027319438133448528)
54	162,0.0308928388884	(54, 0.027319438133448528)
54	137,0.0310828904512	(54, 0.027319438133448528)
54	11,0.0336900798561	(54, 0.027319438133448528)
54	37,0.0345086560232	(54, 0.027319438133448528)
54	17,0.0349196511548	(54, 0.027319438133448528)
54	147,0.0350920785919	(54, 0.027319438133448528)
54	63,0.035610289268	(54, 0.027319438133448528)
55	12,0.0261865640292	(55, 0.033767043364017042)
55	159,0.0325661434989	(55, 0.033767043364017042)
55	55,0.033767043364	(55, 0.033767043364017042)
55	134,0.0351252599195	(55, 0.033767043364017042)
55	121,0.0361054515845	(55, 0.033767043364017042)
55	152,0.0373341760947	(55, 0.033767043364017042)
55	38,0.0385376572947	(55, 0.033767043364017042)
55	86,0.039644248638	(55, 0.033767043364017042)
55	18,0.0403121209088	(55, 0.033767043364017042)
55	128,0.0408093853795	(55, 0.033767043364017042)
56	56,0.0195979353719	(56, 0.019597935371906974)
56	15,0.0312085345919	(56, 0.019597935371906974)
56	120,0.0380699244056	(56, 0.019597935371906974)
56	174,0.0511589767116	(56, 0.019597935371906974)
56	69,0.0553600738562	(56, 0.019597935371906974)
56	48,0.0599898188221	(56, 0.019597935371906974)
56	113,0.0605887976608	(56, 0.019597935371906974)
56	2,0.0609843068046	(56, 0.019597935371906974)
56	97,0.0642191552879	(56, 0.019597935371906974)
56	4,0.0650041623431	(56, 0.019597935371906974)
57	57,0.044619535866	(57, 0.04461953586600434)
57	122,0.088342247411	(57, 0.04461953586600434)
57	174,0.125509901613	(57, 0.04461953586600434)
57	15,0.126117819929	(57, 0.04461953586600434)
57	56,0.135080017337	(57, 0.04461953586600434)
57	120,0.146910002205	(57, 0.04461953586600434)
57	2,0.148255695528	(57, 0.04461953586600434)
57	113,0.149126703557	(57, 0.04461953586600434)
57	108,0.153381452255	(57, 0.04461953586600434)
57	59,0.157728803989	(57, 0.04461953586600434)
58	24,0.0343739848429	(58, 0.13135790492720475)
58	107,0.0385070482477	(58, 0.13135790492720475)
58	27,0.0446666795189	(58, 0.13135790492720475)
58	50,0.0456560580385	(58, 0.13135790492720475)
58	61,0.0538110744006	(58, 0.13135790492720475)
58	43,0.0580683706294	(58, 0.13135790492720475)
58	158,0.0585080228611	(58, 0.13135790492720475)
58	38,0.0621673249567	(58, 0.13135790492720475)
58	105,0.0634710262587	(58, 0.13135790492720475)
58	78,0.0638295618186	(58, 0.13135790492720475)
59	15,0.0652757836842	(59, 0.087979998497166936)
59	83,0.067964124744	(59, 0.087979998497166936)
59	94,0.0707707463153	(59, 0.087979998497166936)
59	65,0.0755548825253	(59, 0.087979998497166936)
59	113,0.0781156919235	(59, 0.087979998497166936)
59	34,0.0871344692114	(59, 0.087979998497166936)
59	120,0.087447539707	(59, 0.087979998497166936)
59	130,0.0879175490434	(59, 0.087979998497166936)
59	59,0.0879799984972	(59, 0.087979998497166936)
59	44,0.088462132688	(59, 0.087979998497166936)
60	60,0.0253774781243	(60, 0.025377478124346056)
60	69,0.0289649310497	(60, 0.025377478124346056)
60	40,0.0319488595437	(60, 0.025377478124346056)
60	79,0.0370281075711	(60, 0.025377478124346056)
60	34,0.0438441447334	(60, 0.025377478124346056)
60	4,0.0452072784269	(60, 0.025377478124346056)
60	15,0.0461133801234	(60, 0.025377478124346056)
60	25,0.0469350740631	(60, 0.025377478124346056)
60	172,0.0535259443385	(60, 0.025377478124346056)
60	77,0.0566811163336	(60, 0.025377478124346056)
61	61,0.0166134835105	(61, 0.016613483510473665)
61	23,0.0183093423535	(61, 0.016613483510473665)
61	26,0.0255080138673	(61, 0.016613483510473665)
61	63,0.029482810066	(61, 0.016613483510473665)
61	121,0.0314285006629	(61, 0.016613483510473665)
61	76,0.032258928261	(61, 0.016613483510473665)
61	147,0.0323264547495	(61, 0.016613483510473665)
61	78,0.0324776362293	(61, 0.016613483510473665)
61	162,0.0325111344901	(61, 0.016613483510473665)
61	3,0.037531013773	(61, 0.016613483510473665)
62	78,0.0301968975463	(62, 0.037006140115899401)
62	26,0.0324979439578	(62, 0.037006140115899401)
62	107,0.0345527493851	(62, 0.037006140115899401)
62	62,0.0370061401159	(62, 0.037006140115899401)
62	61,0.0393576475095	(62, 0.037006140115899401)
62	73,0.0393748305975	(62, 0.037006140115899401)
62	158,0.0424662705094	(62, 0.037006140115899401)
62	139,0.042566747365	(62, 0.037006140115899401)
62	22,0.0441771675595	(62, 0.037006140115899401)
62	121,0.044257062698	(62, 0.037006140115899401)
63	3,0.0141978202656	(63, 0.021805961640354202)
63	77,0.021274022766	(63, 0.021805961640354202)
63	63,0.0218059616404	(63, 0.021805961640354202)
63	11,0.0226102024921	(63, 0.021805961640354202)
63	162,0.0244271404112	(63, 0.021805961640354202)
63	37,0.0280212757672	(63, 0.021805961640354202)
63	71,0.0289442204452	(63, 0.021805961640354202)
63	136,0.0289931448684	(63, 0.021805961640354202)
63	143,0.0290027581032	(63, 0.021805961640354202)
63	171,0.0308277512994	(63, 0.021805961640354202)
64	64,0.0856542169046	(64, 0.085654216904640451)
64	45,0.140709041892	(64, 0.085654216904640451)
64	130,0.149331025947	(64, 0.085654216904640451)
64	118,0.150398112302	(64, 0.085654216904640451)
64	33,0.184778504734	(64, 0.085654216904640451)
64	133,0.191935007588	(64, 0.085654216904640451)
64	113,0.21293395293	(64, 0.085654216904640451)
64	34,0.21700933954	(64, 0.085654216904640451)
64	94,0.223905854668	(64, 0.085654216904640451)
64	15,0.238927541171	(64, 0.085654216904640451)
65	65,0.022346760424	(65, 0.022346760424046944)
65	161,0.0278632696087	(65, 0.022346760424046944)
65	83,0.0287195489692	(65, 0.022346760424046944)
65	68,0.0361546805611	(65, 0.022346760424046944)
65	155,0.0410162947285	(65, 0.022346760424046944)
65	59,0.0436602840991	(65, 0.022346760424046944)
65	1,0.0507463644441	(65, 0.022346760424046944)
65	100,0.0512300251397	(65, 0.022346760424046944)
65	120,0.0512939379345	(65, 0.022346760424046944)
65	13,0.0514880854321	(65, 0.022346760424046944)
66	66,0.092317879903	(66, 0.092317879902971245)
66	130,0.183276322445	(66, 0.092317879902971245)
66	118,0.19177064906	(66, 0.092317879902971245)
66	133,0.199830847877	(66, 0.092317879902971245)
66	140,0.203646587688	(66, 0.092317879902971245)
66	33,0.211273539988	(66, 0.092317879902971245)
66	141,0.215100925611	(66, 0.092317879902971245)
66	91,0.219758576493	(66, 0.092317879902971245)
66	169,0.250918151373	(66, 0.092317879902971245)
66	149,0.251521341433	(66, 0.092317879902971245)
67	67,0.0532070565531	(67, 0.053207056553112725)
67	84,0.0698383168264	(67, 0.053207056553112725)
67	93,0.0758149592899	(67, 0.053207056553112725)
67	169,0.080250317779	(67, 0.053207056553112725)
67	140,0.0803860948558	(67, 0.053207056553112725)
67	116,0.086065314992	(67, 0.053207056553112725)
67	109,0.0882048254588	(67, 0.053207056553112725)
67	28,0.0885883499836	(67, 0.053207056553112725)
67	149,0.0886087254883	(67, 0.053207056553112725)
67	30,0.0889620506634	(67, 0.053207056553112725)
68	68,0.0235855610973	(68, 0.023585561097263171)
68	23,0.0389810709552	(68, 0.023585561097263171)
68	70,0.0423703212987	(68, 0.023585561097263171)
68	61,0.0430683351867	(68, 0.023585561097263171)
68	63,0.0508071882906	(68, 0.023585561097263171)
68	26,0.0524583648125	(68, 0.023585561097263171)
68	135,0.0545773360291	(68, 0.023585561097263171)
68	162,0.0550493083307	(68, 0.023585561097263171)
68	147,0.0555120189601	(68, 0.023585561097263171)
68	71,0.0581236762361	(68, 0.023585561097263171)
69	15,0.0939392787392	(69, 0.10912966502242621)
69	122,0.100500205073	(69, 0.10912966502242621)
69	174,0.106436962544	(69, 0.10912966502242621)
69	154,0.106993919651	(69, 0.10912966502242621)
69	69,0.109129665022	(69, 0.10912966502242621)
69	56,0.109769456052	(69, 0.10912966502242621)
69	48,0.112354224503	(69, 0.10912966502242621)
69	2,0.115487082703	(69, 0.10912966502242621)
69	113,0.117612075313	(69, 0.10912966502242621)
69	33,0.118112976208	(69, 0.10912966502242621)
70	121,0.027561061518	(70, 0.031523108615672694)
70	3,0.0287524878858	(70, 0.031523108615672694)
70	70,0.0315231086157	(70, 0.031523108615672694)
70	117,0.0322929673921	(70, 0.031523108615672694)
70	88,0.0326785227943	(70, 0.031523108615672694)
70	77,0.0332274285282	(70, 0.031523108615672694)
70	11,0.0341195114888	(70, 0.031523108615672694)
70	162,0.0351952017371	(70, 0.031523108615672694)
70	132,0.0362834142066	(70, 0.031523108615672694)
70	18,0.0375650984774	(70, 0.031523108615672694)
71	91,0.0560754116646	(71, 0.14587222789178647)
71	133,0.0741872612535	(71, 0.14587222789178647)
71	41,0.0809975984789	(71, 0.14587222789178647)
71	101,0.0830613876106	(71, 0.14587222789178647)
71	155,0.0896334910258	(71, 0.14587222789178647)
71	28,0.0913450279453	(71, 0.14587222789178647)
71	102,0.0954074020128	(71, 0.14587222789178647)
71	124,0.0964468843585	(71, 0.14587222789178647)
71	1,0.0968424463896	(71, 0.14587222789178647)
71	53,0.0968856472167	(71, 0.14587222789178647)
72	174,0.0408687952207	(72, 0.24566748106289174)
72	17,0.0417284182135	(72, 0.24566748106289174)
72	172,0.0437849261276	(72, 0.24566748106289174)
72	143,0.0482527290276	(72, 0.24566748106289174)
72	148,0.049233928701	(72, 0.24566748106289174)
72	100,0.0567012149533	(72, 0.24566748106289174)
72	77,0.0567854535586	(72, 0.24566748106289174)
72	49,0.0591099428217	(72, 0.24566748106289174)
72	171,0.0614220749973	(72, 0.24566748106289174)
72	37,0.062102860642	(72, 0.24566748106289174)
73	73,0.0226981036678	(73, 0.022698103667843778)
73	13,0.0361244664582	(73, 0.022698103667843778)
73	124,0.0361796388375	(73, 0.022698103667843778)
73	157,0.0386163272807	(73, 0.022698103667843778)
73	27,0.0473818124538	(73, 0.022698103667843778)
73	93,0.0497860456972	(73, 0.022698103667843778)
73	109,0.0502727103005	(73, 0.022698103667843778)
73	53,0.0550816162668	(73, 0.022698103667843778)
73	101,0.0583331511556	(73, 0.022698103667843778)
73	114,0.0589890334068	(73, 0.022698103667843778)
74	17,0.0199191899552	(74, 0.021790702596351266)
74	74,0.0217907025964	(74, 0.021790702596351266)
74	100,0.0218959108317	(74, 0.021790702596351266)
74	136,0.0219841680262	(74, 0.021790702596351266)
74	37,0.0264760508535	(74, 0.021790702596351266)
74	77,0.0286464403766	(74, 0.021790702596351266)
74	90,0.0307282659798	(74, 0.021790702596351266)
74	127,0.0313925924145	(74, 0.021790702596351266)
74	59,0.0328950255659	(74, 0.021790702596351266)
74	49,0.033731603135	(74, 0.021790702596351266)
75	75,0.127552568681	(75, 0.1275525686813786)
75	167,0.158713307718	(75, 0.1275525686813786)
75	47,0.2275558765	(75, 0.1275525686813786)
75	80,0.229781253948	(75, 0.1275525686813786)
75	10,0.250048860426	(75, 0.1275525686813786)
75	99,0.256090016294	(75, 0.1275525686813786)
75	85,0.264059607711	(75, 0.1275525686813786)
75	67,0.264689544213	(75, 0.1275525686813786)
75	84,0.272412704745	(75, 0.1275525686813786)
75	166,0.276813358937	(75, 0.1275525686813786)
76	76,0.0106788922968	(76, 0.010678892296817571)
76	147,0.0131209148257	(76, 0.010678892296817571)
76	63,0.0153176876361	(76, 0.010678892296817571)
76	137,0.0175051186996	(76, 0.010678892296817571)
76	171,0.0183406754285	(76, 0.010678892296817571)
76	22,0.0224890013153	(76, 0.010678892296817571)
76	46,0.0239915525865	(76, 0.010678892296817571)
76	3,0.024504012404	(76, 0.010678892296817571)
76	18,0.0258356149136	(76, 0.010678892296817571)
76	132,0.0265165341369	(76, 0.010678892296817571)
77	162,0.0188300863228	(77, 0.020426203202582951)
77	90,0.0190333886826	(77, 0.020426203202582951)
77	11,0.0197046365013	(77, 0.020426203202582951)
77	63,0.0197519271847	(77, 0.020426203202582951)
77	147,0.0199795176003	(77, 0.020426203202582951)
77	77,0.0204262032026	(77, 0.020426203202582951)
77	136,0.0208339747999	(77, 0.020426203202582951)
77	3,0.0212064293685	(77, 0.020426203202582951)
77	137,0.0235637136202	(77, 0.020426203202582951)
77	37,0.0241413241676	(77, 0.020426203202582951)
78	151,0.0167941305253	(78, 0.028136423645812796)
78	76,0.0175451913379	(78, 0.028136423645812796)
78	63,0.0178084722186	(78, 0.028136423645812796)
78	132,0.0211786826014	(78, 0.028136423645812796)
78	22,0.0215440578239	(78, 0.028136423645812796)
78	147,0.0226534463756	(78, 0.028136423645812796)
78	18,0.02420223925	(78, 0.028136423645812796)
78	121,0.024382362432	(78, 0.028136423645812796)
78	61,0.0260741160074	(78, 0.028136423645812796)
78	23,0.0275017927219	(78, 0.028136423645812796)
79	79,0.0150923116162	(79, 0.015092311616218927)
79	69,0.0187617634694	(79, 0.015092311616218927)
79	4,0.019213625233	(79, 0.015092311616218927)
79	40,0.025838532562	(79, 0.015092311616218927)
79	56,0.0370748757582	(79, 0.015092311616218927)
79	25,0.0378340712586	(79, 0.015092311616218927)
79	34,0.0415604380768	(79, 0.015092311616218927)
79	17,0.0434663787551	(79, 0.015092311616218927)
79	15,0.0463788795635	(79, 0.015092311616218927)
79	172,0.046420307589	(79, 0.015092311616218927)
80	80,0.0690703119269	(80, 0.069070311926878236)
80	51,0.0820481095292	(80, 0.069070311926878236)
80	167,0.0980001674924	(80, 0.069070311926878236)
80	32,0.126683961578	(80, 0.069070311926878236)
80	39,0.172593451608	(80, 0.069070311926878236)
80	169,0.176323738544	(80, 0.069070311926878236)
80	27,0.178520399796	(80, 0.069070311926878236)
80	165,0.181963629068	(80, 0.069070311926878236)
80	160,0.187636918634	(80, 0.069070311926878236)
80	58,0.194870451686	(80, 0.069070311926878236)
81	81,0.0181351815599	(81, 0.018135181559929152)
81	132,0.0256475231327	(81, 0.018135181559929152)
81	3,0.0268166939077	(81, 0.018135181559929152)
81	117,0.029569568227	(81, 0.018135181559929152)
81	11,0.0303176849902	(81, 0.018135181559929152)
81	77,0.0307894016754	(81, 0.018135181559929152)
81	22,0.0312429172023	(81, 0.018135181559929152)
81	121,0.0331487211356	(81, 0.018135181559929152)
81	37,0.0355926567749	(81, 0.018135181559929152)
81	151,0.0360417107044	(81, 0.018135181559929152)
82	12,0.0552451511919	(82, 0.088404040593602032)
82	13,0.0568422070425	(82, 0.088404040593602032)
82	73,0.0600882201303	(82, 0.088404040593602032)
82	105,0.0612116291295	(82, 0.088404040593602032)
82	24,0.0653853110468	(82, 0.088404040593602032)
82	38,0.0665508127068	(82, 0.088404040593602032)
82	50,0.0674221455428	(82, 0.088404040593602032)
82	27,0.067460268114	(82, 0.088404040593602032)
82	144,0.068345171159	(82, 0.088404040593602032)
82	107,0.0719299871526	(82, 0.088404040593602032)
83	13,0.0224160735213	(83, 0.034227340808241191)
83	155,0.030847868024	(83, 0.034227340808241191)
83	161,0.0312728960133	(83, 0.034227340808241191)
83	17,0.0331044873453	(83, 0.034227340808241191)
83	71,0.0338134961631	(83, 0.034227340808241191)
83	83,0.0342273408082	(83, 0.034227340808241191)
83	65,0.0345818050281	(83, 0.034227340808241191)
83	11,0.0362440434895	(83, 0.034227340808241191)
83	120,0.037341651616	(83, 0.034227340808241191)
83	136,0.0384053700111	(83, 0.034227340808241191)
84	84,0.0804071004495	(84, 0.080407100449490274)
84	67,0.0825555928235	(84, 0.080407100449490274)
84	166,0.0999534140836	(84, 0.080407100449490274)
84	169,0.110492315329	(84, 0.080407100449490274)
84	99,0.116517193266	(84, 0.080407100449490274)
84	140,0.121098967572	(84, 0.080407100449490274)
84	109,0.13120828018	(84, 0.080407100449490274)
84	144,0.136103370927	(84, 0.080407100449490274)
84	156,0.139064372123	(84, 0.080407100449490274)
84	72,0.140397941894	(84, 0.080407100449490274)
85	67,0.0716934171624	(85, 0.11296358566792145)
85	85,0.112963585668	(85, 0.11296358566792145)
85	140,0.120482734546	(85, 0.11296358566792145)
85	166,0.135179670215	(85, 0.11296358566792145)
85	149,0.139677755978	(85, 0.11296358566792145)
85	84,0.142381825564	(85, 0.11296358566792145)
85	169,0.160781294927	(85, 0.11296358566792145)
85	144,0.166457129047	(85, 0.11296358566792145)
85	93,0.174930906268	(85, 0.11296358566792145)
85	99,0.175979579186	(85, 0.11296358566792145)
86	86,0.0169484385765	(86, 0.016948438576453641)
86	137,0.0211346438489	(86, 0.016948438576453641)
86	162,0.0259066697465	(86, 0.016948438576453641)
86	11,0.0261305421707	(86, 0.016948438576453641)
86	117,0.0264449447829	(86, 0.016948438576453641)
86	171,0.0279407510783	(86, 0.016948438576453641)
86	71,0.0289302158149	(86, 0.016948438576453641)
86	76,0.0290017859402	(86, 0.016948438576453641)
86	3,0.0290316109754	(86, 0.016948438576453641)
86	150,0.0300768269663	(86, 0.016948438576453641)
87	121,0.0295990410374	(87, 0.082653160031768688)
87	1,0.0319651243105	(87, 0.082653160031768688)
87	26,0.0341494810938	(87, 0.082653160031768688)
87	78,0.0341531750083	(87, 0.082653160031768688)
87	71,0.0362745951251	(87, 0.082653160031768688)
87	11,0.0368073222425	(87, 0.082653160031768688)
87	23,0.0402740864369	(87, 0.082653160031768688)
87	61,0.0414119683642	(87, 0.082653160031768688)
87	41,0.0428942326336	(87, 0.082653160031768688)
87	155,0.0428992831918	(87, 0.082653160031768688)
88	147,0.0174092693567	(88, 0.019574345220390015)
88	18,0.0174512209621	(88, 0.019574345220390015)
88	76,0.0192889874588	(88, 0.019574345220390015)
88	88,0.0195743452204	(88, 0.019574345220390015)
88	63,0.0224476360049	(88, 0.019574345220390015)
88	171,0.0247063967291	(88, 0.019574345220390015)
88	22,0.0248189518826	(88, 0.019574345220390015)
88	117,0.0254489903469	(88, 0.019574345220390015)
88	35,0.025663998302	(88, 0.019574345220390015)
88	46,0.0258362514937	(88, 0.019574345220390015)
89	124,0.0235633141724	(89, 0.036991301817835533)
89	155,0.0338073727862	(89, 0.036991301817835533)
89	89,0.0369913018178	(89, 0.036991301817835533)
89	53,0.0371922408855	(89, 0.036991301817835533)
89	1,0.0388722402923	(89, 0.036991301817835533)
89	20,0.0427448226995	(89, 0.036991301817835533)
89	73,0.0438465345529	(89, 0.036991301817835533)
89	71,0.0490796572135	(89, 0.036991301817835533)
89	13,0.0572338605285	(89, 0.036991301817835533)
89	11,0.0579200579398	(89, 0.036991301817835533)
90	90,0.0127432464293	(90, 0.012743246429250265)
90	11,0.0254965117031	(90, 0.012743246429250265)
90	137,0.02616273442	(90, 0.012743246429250265)
90	162,0.0264973066656	(90, 0.012743246429250265)
90	81,0.0274102424851	(90, 0.012743246429250265)
90	96,0.027496934249	(90, 0.012743246429250265)
90	172,0.0293281935441	(90, 0.012743246429250265)
90	136,0.0307650181781	(90, 0.012743246429250265)
90	37,0.0315370294601	(90, 0.012743246429250265)
90	17,0.0322414997785	(90, 0.012743246429250265)
91	133,0.0497717461923	(91, 0.082434972102854262)
91	91,0.0824349721029	(91, 0.082434972102854262)
91	130,0.107455291241	(91, 0.082434972102854262)
91	103,0.141514305273	(91, 0.082434972102854262)
91	34,0.144286246345	(91, 0.082434972102854262)
91	102,0.150357476828	(91, 0.082434972102854262)
91	51,0.15711515257	(91, 0.082434972102854262)
91	66,0.159636911913	(91, 0.082434972102854262)
91	53,0.161092633903	(91, 0.082434972102854262)
91	153,0.166449938928	(91, 0.082434972102854262)
92	78,0.0264793345799	(92, 0.065303625603094315)
92	24,0.0334065194556	(92, 0.065303625603094315)
92	61,0.0359543509391	(92, 0.065303625603094315)
92	128,0.0363947861077	(92, 0.065303625603094315)
92	158,0.0378494950313	(92, 0.065303625603094315)
92	12,0.0416560001661	(92, 0.065303625603094315)
92	26,0.0448906973297	(92, 0.065303625603094315)
92	22,0.0479075735023	(92, 0.065303625603094315)
92	107,0.0486217102658	(92, 0.065303625603094315)
92	27,0.0503595563923	(92, 0.065303625603094315)
93	132,0.0208384410976	(93, 0.030189984297227863)
93	22,0.022845668213	(93, 0.030189984297227863)
93	3,0.025323995668	(93, 0.030189984297227863)
93	121,0.0290961760088	(93, 0.030189984297227863)
93	93,0.0301899842972	(93, 0.030189984297227863)
93	146,0.0305269737739	(93, 0.030189984297227863)
93	128,0.0311840376521	(93, 0.030189984297227863)
93	76,0.0320437147078	(93, 0.030189984297227863)
93	171,0.0331492547147	(93, 0.030189984297227863)
93	81,0.0334287944089	(93, 0.030189984297227863)
94	94,0.039648973935	(94, 0.039648973934977828)
94	83,0.0648899250866	(94, 0.039648973934977828)
94	155,0.0792211080761	(94, 0.039648973934977828)
94	59,0.0876256368939	(94, 0.039648973934977828)
94	15,0.0886514508083	(94, 0.039648973934977828)
94	161,0.0951806988535	(94, 0.039648973934977828)
94	65,0.0993764151067	(94, 0.039648973934977828)
94	120,0.099846251159	(94, 0.039648973934977828)
94	45,0.103398622539	(94, 0.039648973934977828)
94	98,0.108032287229	(94, 0.039648973934977828)
95	99,0.0361292672264	(95, 0.1078192013767293)
95	107,0.0438240467608	(95, 0.1078192013767293)
95	43,0.0494399866221	(95, 0.1078192013767293)
95	19,0.0560016828539	(95, 0.1078192013767293)
95	128,0.0561529584444	(95, 0.1078192013767293)
95	27,0.0565129558706	(95, 0.1078192013767293)
95	138,0.0592505974926	(95, 0.1078192013767293)
95	78,0.0617269467314	(95, 0.1078192013767293)
95	84,0.0641800111278	(95, 0.1078192013767293)
95	39,0.0671441782561	(95, 0.1078192013767293)
96	96,0.018658799244	(96, 0.018658799243973696)
96	13,0.0313990285502	(96, 0.018658799243973696)
96	17,0.0325878006863	(96, 0.018658799243973696)
96	11,0.034656918486	(96, 0.018658799243973696)
96	162,0.0357886215016	(96, 0.018658799243973696)
96	161,0.0377006069768	(96, 0.018658799243973696)
96	119,0.0409429928794	(96, 0.018658799243973696)
96	143,0.0426335146688	(96, 0.018658799243973696)
96	112,0.0432333982385	(96, 0.018658799243973696)
96	4,0.0463471677847	(96, 0.018658799243973696)
97	172,0.0267764142989	(97, 0.05813084174152678)
97	40,0.0279048837676	(97, 0.05813084174152678)
97	17,0.0290420847353	(97, 0.05813084174152678)
97	120,0.0293246227547	(97, 0.05813084174152678)
97	69,0.0346120283887	(97, 0.05813084174152678)
97	3,0.040809051573	(97, 0.05813084174152678)
97	37,0.0413922550937	(97, 0.05813084174152678)
97	90,0.0418836241184	(97, 0.05813084174152678)
97	79,0.0423176460311	(97, 0.05813084174152678)
97	11,0.0427668985414	(97, 0.05813084174152678)
98	98,0.0184420007699	(98, 0.018442000769932156)
98	15,0.0311583328221	(98, 0.018442000769932156)
98	40,0.0331804330716	(98, 0.018442000769932156)
98	25,0.0385876791017	(98, 0.018442000769932156)
98	154,0.0447349006501	(98, 0.018442000769932156)
98	172,0.0447995091383	(98, 0.018442000769932156)
98	49,0.0487416146506	(98, 0.018442000769932156)
98	174,0.0502414680915	(98, 0.018442000769932156)
98	83,0.0520857644845	(98, 0.018442000769932156)
98	4,0.0522181698878	(98, 0.018442000769932156)
99	84,0.036988653541	(99, 0.050041920553255834)
99	128,0.0416458437556	(99, 0.050041920553255834)
99	144,0.0422579716003	(99, 0.050041920553255834)
99	156,0.0451045638516	(99, 0.050041920553255834)
99	73,0.0451353616394	(99, 0.050041920553255834)
99	109,0.0463722291826	(99, 0.050041920553255834)
99	78,0.0465999218444	(99, 0.050041920553255834)
99	93,0.0467207283033	(99, 0.050041920553255834)
99	38,0.0482294503017	(99, 0.050041920553255834)
99	12,0.0482605733492	(99, 0.050041920553255834)
100	100,0.0152007896816	(100, 0.015200789681587659)
100	77,0.0214796213219	(100, 0.015200789681587659)
100	74,0.0218884265252	(100, 0.015200789681587659)
100	21,0.0228404035656	(100, 0.015200789681587659)
100	90,0.0235260809126	(100, 0.015200789681587659)
100	17,0.0250893619457	(100, 0.015200789681587659)
100	11,0.0262482363283	(100, 0.015200789681587659)
100	37,0.0269120663854	(100, 0.015200789681587659)
100	143,0.0275212606739	(100, 0.015200789681587659)
100	136,0.0277555810845	(100, 0.015200789681587659)
101	73,0.038357802965	(101, 0.044372233591458705)
101	13,0.0400828396948	(101, 0.044372233591458705)
101	1,0.0437918127204	(101, 0.044372233591458705)
101	101,0.0443722335915	(101, 0.044372233591458705)
101	124,0.0463292726627	(101, 0.044372233591458705)
101	29,0.0479576801469	(101, 0.044372233591458705)
101	77,0.0489608350238	(101, 0.044372233591458705)
101	60,0.0498882899452	(101, 0.044372233591458705)
101	69,0.0508897422167	(101, 0.044372233591458705)
101	4,0.0536867472328	(101, 0.044372233591458705)
102	114,0.0534948839374	(102, 0.055367662884080647)
102	91,0.0545511584715	(102, 0.055367662884080647)
102	102,0.0553676628841	(102, 0.055367662884080647)
102	110,0.0572776483229	(102, 0.055367662884080647)
102	155,0.0598341585794	(102, 0.055367662884080647)
102	41,0.0611060772121	(102, 0.055367662884080647)
102	1,0.0632751074145	(102, 0.055367662884080647)
102	101,0.0655724286273	(102, 0.055367662884080647)
102	53,0.0667203600588	(102, 0.055367662884080647)
102	103,0.0733529025764	(102, 0.055367662884080647)
103	103,0.0371069954826	(103, 0.03710699548262951)
103	73,0.0591997322707	(103, 0.03710699548262951)
103	101,0.0705638858012	(103, 0.03710699548262951)
103	26,0.0715834136952	(103, 0.03710699548262951)
103	51,0.0732901675886	(103, 0.03710699548262951)
103	39,0.0740902861045	(103, 0.03710699548262951)
103	114,0.0771546442988	(103, 0.03710699548262951)
103	91,0.0776950646059	(103, 0.03710699548262951)
103	1,0.0807006579642	(103, 0.03710699548262951)
103	107,0.0808197268756	(103, 0.03710699548262951)
104	124,0.0262064850751	(104, 0.054828749904527393)
104	93,0.0392951590034	(104, 0.054828749904527393)
104	81,0.0404626449384	(104, 0.054828749904527393)
104	119,0.040665093095	(104, 0.054828749904527393)
104	115,0.0435793076205	(104, 0.054828749904527393)
104	73,0.0439929921576	(104, 0.054828749904527393)
104	11,0.0443267484931	(104, 0.054828749904527393)
104	3,0.0499340257396	(104, 0.054828749904527393)
104	37,0.0533409957663	(104, 0.054828749904527393)
104	104,0.0548287499045	(104, 0.054828749904527393)
105	27,0.0411795105333	(105, 0.064779238917367407)
105	24,0.045787371847	(105, 0.064779238917367407)
105	43,0.0531623986427	(105, 0.064779238917367407)
105	19,0.059082730405	(105, 0.064779238917367407)
105	38,0.0614410738843	(105, 0.064779238917367407)
105	107,0.0619412836283	(105, 0.064779238917367407)
105	105,0.0647792389174	(105, 0.064779238917367407)
105	99,0.0653577574787	(105, 0.064779238917367407)
105	61,0.067766642571	(105, 0.064779238917367407)
105	50,0.0679265120741	(105, 0.064779238917367407)
106	106,0.0223213366613	(106, 0.02232133666127516)
106	174,0.0521455070434	(106, 0.02232133666127516)
106	116,0.0572590075913	(106, 0.02232133666127516)
106	157,0.0618397695444	(106, 0.02232133666127516)
106	165,0.0635062808029	(106, 0.02232133666127516)
106	172,0.0704183065924	(106, 0.02232133666127516)
106	13,0.0705379894986	(106, 0.02232133666127516)
106	156,0.0711715927904	(106, 0.02232133666127516)
106	54,0.0712496887112	(106, 0.02232133666127516)
106	93,0.0714289193069	(106, 0.02232133666127516)
107	107,0.0280644829948	(107, 0.028064482994843026)
107	22,0.0369311328393	(107, 0.028064482994843026)
107	78,0.0376576756539	(107, 0.028064482994843026)
107	128,0.0380405682804	(107, 0.028064482994843026)
107	139,0.0397447865173	(107, 0.028064482994843026)
107	1,0.0400455916504	(107, 0.028064482994843026)
107	26,0.0404401329462	(107, 0.028064482994843026)
107	77,0.0418506214318	(107, 0.028064482994843026)
107	73,0.044718700906	(107, 0.028064482994843026)
107	158,0.0447620787393	(107, 0.028064482994843026)
108	77,0.0250389703273	(108, 0.072894164733829606)
108	172,0.036643123004	(108, 0.072894164733829606)
108	174,0.0402484800311	(108, 0.072894164733829606)
108	40,0.0460844219358	(108, 0.072894164733829606)
108	17,0.0467263365248	(108, 0.072894164733829606)
108	4,0.0475171372078	(108, 0.072894164733829606)
108	100,0.0477180984032	(108, 0.072894164733829606)
108	49,0.0483259587164	(108, 0.072894164733829606)
108	15,0.0509472569903	(108, 0.072894164733829606)
108	171,0.0510744218662	(108, 0.072894164733829606)
109	109,0.0247630192024	(109, 0.024763019202432981)
109	159,0.0284934930027	(109, 0.024763019202432981)
109	134,0.0353029713039	(109, 0.024763019202432981)
109	146,0.0387476056617	(109, 0.024763019202432981)
109	12,0.0434199985233	(109, 0.024763019202432981)
109	128,0.0447810031293	(109, 0.024763019202432981)
109	152,0.0465428236448	(109, 0.024763019202432981)
109	84,0.047057384667	(109, 0.024763019202432981)
109	14,0.0514873204082	(109, 0.024763019202432981)
109	38,0.0518429319582	(109, 0.024763019202432981)
110	1,0.0272574642178	(110, 0.052379057867379432)
110	121,0.0287776083668	(110, 0.052379057867379432)
110	11,0.0305220566116	(110, 0.052379057867379432)
110	162,0.0373298743539	(110, 0.052379057867379432)
110	3,0.0396498127763	(110, 0.052379057867379432)
110	26,0.0401095188173	(110, 0.052379057867379432)
110	68,0.0411088951529	(110, 0.052379057867379432)
110	71,0.0412290183438	(110, 0.052379057867379432)
110	155,0.044619338199	(110, 0.052379057867379432)
110	70,0.0448572469313	(110, 0.052379057867379432)
111	73,0.0279149904544	(111, 0.10560275833429447)
111	124,0.0379991867262	(111, 0.10560275833429447)
111	93,0.0393755087124	(111, 0.10560275833429447)
111	157,0.0394727017125	(111, 0.10560275833429447)
111	13,0.0435165522035	(111, 0.10560275833429447)
111	101,0.0436466020976	(111, 0.10560275833429447)
111	78,0.052978583025	(111, 0.10560275833429447)
111	109,0.0548105941513	(111, 0.10560275833429447)
111	128,0.0554271106724	(111, 0.10560275833429447)
111	114,0.0560792027248	(111, 0.10560275833429447)
112	90,0.0186659682715	(112, 0.02628907856354196)
112	11,0.0206141251467	(112, 0.02628907856354196)
112	3,0.0238326445447	(112, 0.02628907856354196)
112	100,0.0258308357728	(112, 0.02628907856354196)
112	112,0.0262890785635	(112, 0.02628907856354196)
112	162,0.0266103666404	(112, 0.02628907856354196)
112	21,0.0281587286972	(112, 0.02628907856354196)
112	77,0.029436964568	(112, 0.02628907856354196)
112	17,0.0309378618676	(112, 0.02628907856354196)
112	71,0.0315080049123	(112, 0.02628907856354196)
113	113,0.034892591677	(113, 0.034892591677031737)
113	65,0.0536376470867	(113, 0.034892591677031737)
113	130,0.0775851081339	(113, 0.034892591677031737)
113	44,0.0830221051115	(113, 0.034892591677031737)
113	53,0.0946980252278	(113, 0.034892591677031737)
113	155,0.0957463496744	(113, 0.034892591677031737)
113	97,0.0958252311677	(113, 0.034892591677031737)
113	120,0.0960022934655	(113, 0.034892591677031737)
113	161,0.0990589020737	(113, 0.034892591677031737)
113	15,0.104475221013	(113, 0.034892591677031737)
114	114,0.0271281651049	(114, 0.02712816510485724)
114	73,0.035799064259	(114, 0.02712816510485724)
114	53,0.0366073773796	(114, 0.02712816510485724)
114	124,0.0366832529418	(114, 0.02712816510485724)
114	13,0.0498108542604	(114, 0.02712816510485724)
114	140,0.0513388117032	(114, 0.02712816510485724)
114	157,0.053672872227	(114, 0.02712816510485724)
114	155,0.0566615801103	(114, 0.02712816510485724)
114	109,0.0566805136956	(114, 0.02712816510485724)
114	93,0.0578394578232	(114, 0.02712816510485724)
115	11,0.0269879992793	(115, 0.031223383461470952)
115	119,0.0302285701495	(115, 0.031223383461470952)
115	115,0.0312233834615	(115, 0.031223383461470952)
115	37,0.0335760412514	(115, 0.031223383461470952)
115	81,0.0394686155584	(115, 0.031223383461470952)
115	136,0.040105874654	(115, 0.031223383461470952)
115	96,0.0412656358529	(115, 0.031223383461470952)
115	3,0.0419495987382	(115, 0.031223383461470952)
115	90,0.0458006175709	(115, 0.031223383461470952)
115	17,0.046733569898	(115, 0.031223383461470952)
116	116,0.0235984575649	(116, 0.023598457564947533)
116	93,0.026481523643	(116, 0.023598457564947533)
116	73,0.0444825811884	(116, 0.023598457564947533)
116	109,0.0481922384521	(116, 0.023598457564947533)
116	172,0.0484829569086	(116, 0.023598457564947533)
116	3,0.0545358205423	(116, 0.023598457564947533)
116	124,0.0551826507585	(116, 0.023598457564947533)
116	131,0.0563922324047	(116, 0.023598457564947533)
116	156,0.0577660953084	(116, 0.023598457564947533)
116	144,0.0579318211983	(116, 0.023598457564947533)
117	117,0.00963082890991	(117, 0.0096308289099116991)
117	71,0.022406043638	(117, 0.0096308289099116991)
117	21,0.0232352746934	(117, 0.0096308289099116991)
117	11,0.0274066847253	(117, 0.0096308289099116991)
117	162,0.0286661686665	(117, 0.0096308289099116991)
117	81,0.0289686819992	(117, 0.0096308289099116991)
117	77,0.029484864687	(117, 0.0096308289099116991)
117	76,0.0311781559144	(117, 0.0096308289099116991)
117	121,0.0315252375874	(117, 0.0096308289099116991)
117	3,0.0323510007368	(117, 0.0096308289099116991)
118	33,0.0575158544398	(118, 0.084307785271590843)
118	34,0.0701299069508	(118, 0.084307785271590843)
118	69,0.0785910362498	(118, 0.084307785271590843)
118	118,0.0843077852716	(118, 0.084307785271590843)
118	113,0.0885259867844	(118, 0.084307785271590843)
118	15,0.0938182016074	(118, 0.084307785271590843)
118	130,0.0982688365441	(118, 0.084307785271590843)
118	45,0.0988376430738	(118, 0.084307785271590843)
118	2,0.0992071247412	(118, 0.084307785271590843)
118	4,0.100549953747	(118, 0.084307785271590843)
119	120,0.0313013328365	(119, 0.040817303615592875)
119	97,0.0399494626773	(119, 0.040817303615592875)
119	119,0.0408173036156	(119, 0.040817303615592875)
119	4,0.042625588218	(119, 0.040817303615592875)
119	69,0.0431507539767	(119, 0.040817303615592875)
119	40,0.0433693107607	(119, 0.040817303615592875)
119	17,0.0448136764144	(119, 0.040817303615592875)
119	154,0.0456121120119	(119, 0.040817303615592875)
119	172,0.0490875349507	(119, 0.040817303615592875)
119	56,0.0504473812054	(119, 0.040817303615592875)
120	120,0.0242840930609	(120, 0.024284093060923762)
120	65,0.0283114644629	(120, 0.024284093060923762)
120	161,0.0376168669289	(120, 0.024284093060923762)
120	155,0.0392513427394	(120, 0.024284093060923762)
120	44,0.0404506638008	(120, 0.024284093060923762)
120	53,0.0456914503791	(120, 0.024284093060923762)
120	124,0.0485366587888	(120, 0.024284093060923762)
120	13,0.0485383635375	(120, 0.024284093060923762)
120	97,0.0497160844701	(120, 0.024284093060923762)
120	83,0.0504426704996	(120, 0.024284093060923762)
121	121,0.0292465938059	(121, 0.029246593805946606)
121	1,0.0305070460461	(121, 0.029246593805946606)
121	22,0.0319874288627	(121, 0.029246593805946606)
121	78,0.0329304087704	(121, 0.029246593805946606)
121	26,0.0335128451929	(121, 0.029246593805946606)
121	73,0.0411634139931	(121, 0.029246593805946606)
121	23,0.0413523303832	(121, 0.029246593805946606)
121	61,0.0419442519128	(121, 0.029246593805946606)
121	132,0.0445888004844	(121, 0.029246593805946606)
121	158,0.0449913971621	(121, 0.029246593805946606)
122	174,0.0386276151435	(122, 0.039900481703281365)
122	122,0.0399004817033	(122, 0.039900481703281365)
122	154,0.0509817647577	(122, 0.039900481703281365)
122	2,0.0618812455932	(122, 0.039900481703281365)
122	69,0.0662393689977	(122, 0.039900481703281365)
122	48,0.0719433361899	(122, 0.039900481703281365)
122	4,0.0736931562376	(122, 0.039900481703281365)
122	116,0.0758051978235	(122, 0.039900481703281365)
122	56,0.0769572993067	(122, 0.039900481703281365)
122	172,0.0774098107479	(122, 0.039900481703281365)
123	172,0.0276898423032	(123, 0.028235107392939354)
123	123,0.0282351073929	(123, 0.028235107392939354)
123	81,0.0420894816989	(123, 0.028235107392939354)
123	40,0.0426348689584	(123, 0.028235107392939354)
123	146,0.0445362032649	(123, 0.028235107392939354)
123	119,0.0447281201653	(123, 0.028235107392939354)
123	90,0.0488023138879	(123, 0.028235107392939354)
123	115,0.0512133968005	(123, 0.028235107392939354)
123	96,0.051357353615	(123, 0.028235107392939354)
123	137,0.0519025838412	(123, 0.028235107392939354)
124	124,0.0424660761136	(124, 0.04246607611355533)
124	101,0.065417206337	(124, 0.04246607611355533)
124	157,0.0723322087888	(124, 0.04246607611355533)
124	73,0.0723504985644	(124, 0.04246607611355533)
124	169,0.0737681726841	(124, 0.04246607611355533)
124	41,0.0759736212801	(124, 0.04246607611355533)
124	53,0.076135518877	(124, 0.04246607611355533)
124	140,0.0788633031991	(124, 0.04246607611355533)
124	27,0.0826522947939	(124, 0.04246607611355533)
124	155,0.0845614473396	(124, 0.04246607611355533)
125	13,0.0506462690796	(125, 0.083640935798006771)
125	73,0.0633284889246	(125, 0.083640935798006771)
125	155,0.0673731342957	(125, 0.083640935798006771)
125	65,0.0713007130082	(125, 0.083640935798006771)
125	29,0.0738589492217	(125, 0.083640935798006771)
125	54,0.0741176609203	(125, 0.083640935798006771)
125	41,0.0745974014001	(125, 0.083640935798006771)
125	161,0.0748882821082	(125, 0.083640935798006771)
125	23,0.0767163778305	(125, 0.083640935798006771)
125	68,0.0768575858475	(125, 0.083640935798006771)
126	126,0.027411323206	(126, 0.027411323206005596)
126	132,0.0278248920415	(126, 0.027411323206005596)
126	121,0.0295431034754	(126, 0.027411323206005596)
126	81,0.0296751164847	(126, 0.027411323206005596)
126	3,0.0303073973432	(126, 0.027411323206005596)
126	22,0.0325796896741	(126, 0.027411323206005596)
126	11,0.0340802800447	(126, 0.027411323206005596)
126	128,0.0350988585437	(126, 0.027411323206005596)
126	151,0.035212112937	(126, 0.027411323206005596)
126	78,0.0363716862997	(126, 0.027411323206005596)
127	17,0.0191090361855	(127, 0.02634666954294837)
127	74,0.0240731702705	(127, 0.02634666954294837)
127	136,0.0253159227394	(127, 0.02634666954294837)
127	127,0.0263466695429	(127, 0.02634666954294837)
127	100,0.0277802845343	(127, 0.02634666954294837)
127	59,0.0288558186062	(127, 0.02634666954294837)
127	77,0.0317156384634	(127, 0.02634666954294837)
127	37,0.0333308882779	(127, 0.02634666954294837)
127	49,0.0365367784696	(127, 0.02634666954294837)
127	172,0.0439398163675	(127, 0.02634666954294837)
128	128,0.023754524852	(128, 0.023754524851964623)
128	139,0.0314684684285	(128, 0.023754524851964623)
128	159,0.0322434779898	(128, 0.023754524851964623)
128	132,0.0323539946161	(128, 0.023754524851964623)
128	12,0.0331145999154	(128, 0.023754524851964623)
128	121,0.0331684526305	(128, 0.023754524851964623)
128	78,0.0332851244355	(128, 0.023754524851964623)
128	22,0.0334338717127	(128, 0.023754524851964623)
128	158,0.0342403612169	(128, 0.023754524851964623)
128	88,0.0353575976048	(128, 0.023754524851964623)
129	98,0.0440320359465	(129, 0.071195764773306081)
129	49,0.0440977036951	(129, 0.071195764773306081)
129	15,0.0576502607815	(129, 0.071195764773306081)
129	59,0.0608404985854	(129, 0.071195764773306081)
129	100,0.0614051750308	(129, 0.071195764773306081)
129	83,0.0628812126505	(129, 0.071195764773306081)
129	94,0.0640317946678	(129, 0.071195764773306081)
129	77,0.0676362405369	(129, 0.071195764773306081)
129	129,0.0711957647733	(129, 0.071195764773306081)
129	25,0.0719290065198	(129, 0.071195764773306081)
130	130,0.0637437562897	(130, 0.063743756289663708)
130	13,0.071249211443	(130, 0.063743756289663708)
130	34,0.0732268832204	(130, 0.063743756289663708)
130	65,0.074307115673	(130, 0.063743756289663708)
130	91,0.0771366326255	(130, 0.063743756289663708)
130	28,0.0785585036211	(130, 0.063743756289663708)
130	157,0.0789562537427	(130, 0.063743756289663708)
130	53,0.0794661862504	(130, 0.063743756289663708)
130	33,0.0797203129276	(130, 0.063743756289663708)
130	73,0.0806719997452	(130, 0.063743756289663708)
131	166,0.0457644935523	(131, 0.054741318309895134)
131	131,0.0547413183099	(131, 0.054741318309895134)
131	116,0.0590595089594	(131, 0.054741318309895134)
131	72,0.0602336739044	(131, 0.054741318309895134)
131	156,0.0775357414039	(131, 0.054741318309895134)
131	144,0.0779068384344	(131, 0.054741318309895134)
131	84,0.0813446249739	(131, 0.054741318309895134)
131	104,0.0815063286004	(131, 0.054741318309895134)
131	165,0.090252291184	(131, 0.054741318309895134)
131	93,0.0989384089701	(131, 0.054741318309895134)
132	132,0.0167497924668	(132, 0.016749792466847564)
132	22,0.0186947988498	(132, 0.016749792466847564)
132	18,0.0207058115645	(132, 0.016749792466847564)
132	139,0.022843296487	(132, 0.016749792466847564)
132	46,0.0234632667018	(132, 0.016749792466847564)
132	158,0.0239555476932	(132, 0.016749792466847564)
132	76,0.0248093219213	(132, 0.016749792466847564)
132	146,0.0254480491302	(132, 0.016749792466847564)
132	171,0.0257855804825	(132, 0.016749792466847564)
132	147,0.0282289785076	(132, 0.016749792466847564)
133	133,0.0265593980611	(133, 0.026559398061079847)
133	91,0.0632543884829	(133, 0.026559398061079847)
133	34,0.0642106044471	(133, 0.026559398061079847)
133	102,0.0684531445672	(133, 0.026559398061079847)
133	103,0.0698647905411	(133, 0.026559398061079847)
133	153,0.0752376207293	(133, 0.026559398061079847)
133	110,0.0784936319278	(133, 0.026559398061079847)
133	130,0.0810894596322	(133, 0.026559398061079847)
133	114,0.0854571298866	(133, 0.026559398061079847)
133	53,0.085804413179	(133, 0.026559398061079847)
134	121,0.0209322159007	(134, 0.037512514307396258)
134	78,0.0264711492942	(134, 0.037512514307396258)
134	128,0.0277094804701	(134, 0.037512514307396258)
134	22,0.0353554750794	(134, 0.037512514307396258)
134	18,0.0363472905404	(134, 0.037512514307396258)
134	134,0.0375125143074	(134, 0.037512514307396258)
134	73,0.0399660012103	(134, 0.037512514307396258)
134	26,0.0426248351614	(134, 0.037512514307396258)
134	61,0.0437594459981	(134, 0.037512514307396258)
134	151,0.0453478204009	(134, 0.037512514307396258)
135	147,0.0139705474497	(135, 0.020075744613415339)
135	76,0.0180122031659	(135, 0.020075744613415339)
135	63,0.0198128596971	(135, 0.020075744613415339)
135	135,0.0200757446134	(135, 0.020075744613415339)
135	137,0.021471768904	(135, 0.020075744613415339)
135	162,0.0232291778419	(135, 0.020075744613415339)
135	171,0.0276844685928	(135, 0.020075744613415339)
135	23,0.0318074870656	(135, 0.020075744613415339)
135	3,0.0319681438418	(135, 0.020075744613415339)
135	77,0.0325003327905	(135, 0.020075744613415339)
136	121,0.0376660166622	(136, 0.037993219096162135)
136	136,0.0379932190962	(136, 0.037993219096162135)
136	78,0.0394587912076	(136, 0.037993219096162135)
136	126,0.0437332609957	(136, 0.037993219096162135)
136	11,0.044133545	(136, 0.037993219096162135)
136	132,0.0450809256405	(136, 0.037993219096162135)
136	54,0.0451215936934	(136, 0.037993219096162135)
136	151,0.0480734578069	(136, 0.037993219096162135)
136	23,0.0495538697308	(136, 0.037993219096162135)
136	158,0.0521087101208	(136, 0.037993219096162135)
137	137,0.0113703693331	(137, 0.011370369333075267)
137	63,0.0145195513946	(137, 0.011370369333075267)
137	147,0.0153149255229	(137, 0.011370369333075267)
137	3,0.0207225168697	(137, 0.011370369333075267)
137	171,0.0227526368015	(137, 0.011370369333075267)
137	76,0.0238039442946	(137, 0.011370369333075267)
137	90,0.0250579332492	(137, 0.011370369333075267)
137	136,0.0252961489929	(137, 0.011370369333075267)
137	77,0.0276314613672	(137, 0.011370369333075267)
137	36,0.0296482577633	(137, 0.011370369333075267)
138	78,0.0259645856182	(138, 0.038679340925309558)
138	158,0.032260142762	(138, 0.038679340925309558)
138	128,0.0327502198123	(138, 0.038679340925309558)
138	107,0.0361413527264	(138, 0.038679340925309558)
138	138,0.0386793409253	(138, 0.038679340925309558)
138	139,0.0486591798434	(138, 0.038679340925309558)
138	99,0.0487492408081	(138, 0.038679340925309558)
138	61,0.0498049147636	(138, 0.038679340925309558)
138	22,0.0499266366736	(138, 0.038679340925309558)
138	38,0.0515129572312	(138, 0.038679340925309558)
139	139,0.00837924133421	(139, 0.0083792413342100355)
139	46,0.0181713172746	(139, 0.0083792413342100355)
139	18,0.0243488271592	(139, 0.0083792413342100355)
139	151,0.0246938586152	(139, 0.0083792413342100355)
139	76,0.0262064204866	(139, 0.0083792413342100355)
139	22,0.0287354662479	(139, 0.0083792413342100355)
139	132,0.0288949108553	(139, 0.0083792413342100355)
139	35,0.0331992684021	(139, 0.0083792413342100355)
139	63,0.0334208133193	(139, 0.0083792413342100355)
139	171,0.0340863699873	(139, 0.0083792413342100355)
140	69,0.042676064557	(140, 0.052535504161160929)
140	93,0.0442410865226	(140, 0.052535504161160929)
140	157,0.0451475556294	(140, 0.052535504161160929)
140	73,0.0491315704213	(140, 0.052535504161160929)
140	124,0.0501154397809	(140, 0.052535504161160929)
140	140,0.0525355041612	(140, 0.052535504161160929)
140	116,0.0540598183756	(140, 0.052535504161160929)
140	104,0.0605542719038	(140, 0.052535504161160929)
140	40,0.0625835990611	(140, 0.052535504161160929)
140	13,0.0629392701308	(140, 0.052535504161160929)
141	141,0.0762259120702	(141, 0.076225912070165408)
141	48,0.0833588666505	(141, 0.076225912070165408)
141	124,0.0909182363692	(141, 0.076225912070165408)
141	56,0.092454144779	(141, 0.076225912070165408)
141	2,0.0946625834465	(141, 0.076225912070165408)
141	33,0.0953403713002	(141, 0.076225912070165408)
141	4,0.0960906698236	(141, 0.076225912070165408)
141	97,0.0968529188638	(141, 0.076225912070165408)
141	120,0.0980067884186	(141, 0.076225912070165408)
141	155,0.106526398088	(141, 0.076225912070165408)
142	61,0.0522844859212	(142, 0.12864719217695891)
142	73,0.0536982744317	(142, 0.12864719217695891)
142	38,0.0543934260221	(142, 0.12864719217695891)
142	12,0.0548081076516	(142, 0.12864719217695891)
142	16,0.0589600239523	(142, 0.12864719217695891)
142	105,0.0602001698899	(142, 0.12864719217695891)
142	23,0.0618232800049	(142, 0.12864719217695891)
142	55,0.0640182985124	(142, 0.12864719217695891)
142	78,0.0660727985763	(142, 0.12864719217695891)
142	29,0.0678882956336	(142, 0.12864719217695891)
143	143,0.0164174626655	(143, 0.016417462665499406)
143	112,0.0202134832345	(143, 0.016417462665499406)
143	162,0.0221979064891	(143, 0.016417462665499406)
143	11,0.0225360937125	(143, 0.016417462665499406)
143	3,0.0236024030462	(143, 0.016417462665499406)
143	90,0.0239079225925	(143, 0.016417462665499406)
143	21,0.025626589628	(143, 0.016417462665499406)
143	137,0.0282031972603	(143, 0.016417462665499406)
143	150,0.0290854207376	(143, 0.016417462665499406)
143	117,0.0306633333644	(143, 0.016417462665499406)
144	144,0.0245503449109	(144, 0.02455034491093638)
144	14,0.050861834202	(144, 0.02455034491093638)
144	38,0.0537259901262	(144, 0.02455034491093638)
144	12,0.0591294430227	(144, 0.02455034491093638)
144	145,0.0618966698913	(144, 0.02455034491093638)
144	116,0.0629684331261	(144, 0.02455034491093638)
144	50,0.0682362337297	(144, 0.02455034491093638)
144	156,0.0691179368093	(144, 0.02455034491093638)
144	159,0.0698342692898	(144, 0.02455034491093638)
144	131,0.0709621756092	(144, 0.02455034491093638)
145	158,0.0382882504085	(145, 0.042195689002042853)
145	38,0.0387159614789	(145, 0.042195689002042853)
145	78,0.0394851165291	(145, 0.042195689002042853)
145	128,0.0402286497556	(145, 0.042195689002042853)
145	24,0.0406410868287	(145, 0.042195689002042853)
145	145,0.042195689002	(145, 0.042195689002042853)
145	55,0.0434523289563	(145, 0.042195689002042853)
145	12,0.0519382086173	(145, 0.042195689002042853)
145	61,0.0537879100107	(145, 0.042195689002042853)
145	22,0.0548873656154	(145, 0.042195689002042853)
146	146,0.0111773680624	(146, 0.011177368062363444)
146	159,0.0297570317156	(146, 0.011177368062363444)
146	12,0.041167574958	(146, 0.011177368062363444)
146	137,0.0430559082254	(146, 0.011177368062363444)
146	132,0.0433245028535	(146, 0.011177368062363444)
146	81,0.0437241496095	(146, 0.011177368062363444)
146	46,0.0439053589753	(146, 0.011177368062363444)
146	18,0.044669394384	(146, 0.011177368062363444)
146	3,0.0472146055816	(146, 0.011177368062363444)
146	172,0.049309293883	(146, 0.011177368062363444)
147	63,0.0119746282596	(147, 0.012440090733538035)
147	147,0.0124400907335	(147, 0.012440090733538035)
147	76,0.0135984283214	(147, 0.012440090733538035)
147	132,0.0222663391567	(147, 0.012440090733538035)
147	151,0.0238354012132	(147, 0.012440090733538035)
147	18,0.0239670745616	(147, 0.012440090733538035)
147	23,0.0246914823607	(147, 0.012440090733538035)
147	22,0.0254160953106	(147, 0.012440090733538035)
147	3,0.025947532302	(147, 0.012440090733538035)
147	121,0.0261530615259	(147, 0.012440090733538035)
148	148,0.0175755906435	(148, 0.017575590643484063)
148	17,0.019521913907	(148, 0.017575590643484063)
148	143,0.021442910588	(148, 0.017575590643484063)
148	100,0.0288094693688	(148, 0.017575590643484063)
148	90,0.028850474567	(148, 0.017575590643484063)
148	172,0.0357889126676	(148, 0.017575590643484063)
148	112,0.037800830626	(148, 0.017575590643484063)
148	49,0.038556936519	(148, 0.017575590643484063)
148	3,0.0409666527447	(148, 0.017575590643484063)
148	11,0.0422718398973	(148, 0.017575590643484063)
149	149,0.0496941462308	(149, 0.049694146230841015)
149	32,0.0786948272276	(149, 0.049694146230841015)
149	169,0.0964478306096	(149, 0.049694146230841015)
149	33,0.109932127125	(149, 0.049694146230841015)
149	27,0.139606782756	(149, 0.049694146230841015)
149	111,0.144896956069	(149, 0.049694146230841015)
149	165,0.146593311551	(149, 0.049694146230841015)
149	156,0.149006223544	(149, 0.049694146230841015)
149	51,0.157749748489	(149, 0.049694146230841015)
149	131,0.158342308185	(149, 0.049694146230841015)
150	3,0.0124058396825	(150, 0.025642187186297911)
150	11,0.0185879179686	(150, 0.025642187186297911)
150	162,0.020807566747	(150, 0.025642187186297911)
150	71,0.0229080132458	(150, 0.025642187186297911)
150	121,0.0239400061984	(150, 0.025642187186297911)
150	86,0.0252161919491	(150, 0.025642187186297911)
150	63,0.0252200184251	(150, 0.025642187186297911)
150	150,0.0256421871863	(150, 0.025642187186297911)
150	117,0.0275391627423	(150, 0.025642187186297911)
150	143,0.027660921523	(150, 0.025642187186297911)
151	121,0.0154663920361	(151, 0.025204012480805147)
151	151,0.0252040124808	(151, 0.025204012480805147)
151	132,0.0279929831678	(151, 0.025204012480805147)
151	70,0.0291502219237	(151, 0.025204012480805147)
151	78,0.030099204851	(151, 0.025204012480805147)
151	11,0.0333980836843	(151, 0.025204012480805147)
151	22,0.0335098376543	(151, 0.025204012480805147)
151	61,0.0337603949204	(151, 0.025204012480805147)
151	162,0.0341998620719	(151, 0.025204012480805147)
151	18,0.0353355529893	(151, 0.025204012480805147)
152	152,0.0233432167283	(152, 0.023343216728293578)
152	121,0.0276683787809	(152, 0.023343216728293578)
152	18,0.0319189075411	(152, 0.023343216728293578)
152	88,0.0339368461033	(152, 0.023343216728293578)
152	35,0.0357590020077	(152, 0.023343216728293578)
152	117,0.0359215541247	(152, 0.023343216728293578)
152	12,0.0373555346036	(152, 0.023343216728293578)
152	22,0.0383214446607	(152, 0.023343216728293578)
152	139,0.038837880927	(152, 0.023343216728293578)
152	81,0.0435803214528	(152, 0.023343216728293578)
153	133,0.035745011771	(153, 0.060155006696081779)
153	153,0.0601550066961	(153, 0.060155006696081779)
153	91,0.0677374663905	(153, 0.060155006696081779)
153	34,0.0679221569385	(153, 0.060155006696081779)
153	130,0.0692389356177	(153, 0.060155006696081779)
153	102,0.0737225299855	(153, 0.060155006696081779)
153	103,0.0803742999236	(153, 0.060155006696081779)
153	28,0.0915918618781	(153, 0.060155006696081779)
153	1,0.0918790002262	(153, 0.060155006696081779)
153	53,0.0939866835433	(153, 0.060155006696081779)
154	154,0.0183636148057	(154, 0.018363614805717122)
154	40,0.0355511986979	(154, 0.018363614805717122)
154	172,0.0424839674321	(154, 0.018363614805717122)
154	69,0.0438409429567	(154, 0.018363614805717122)
154	174,0.0442838288189	(154, 0.018363614805717122)
154	116,0.046908370014	(154, 0.018363614805717122)
154	4,0.0515436400815	(154, 0.018363614805717122)
154	48,0.0630202293846	(154, 0.018363614805717122)
154	123,0.0663293860692	(154, 0.018363614805717122)
154	2,0.0681075787943	(154, 0.018363614805717122)
155	11,0.0235300436448	(155, 0.039023463838283479)
155	71,0.0241961930784	(155, 0.039023463838283479)
155	162,0.0287261895043	(155, 0.039023463838283479)
155	121,0.0315754653517	(155, 0.039023463838283479)
155	117,0.0336158822253	(155, 0.039023463838283479)
155	1,0.034129581371	(155, 0.039023463838283479)
155	3,0.0376370415338	(155, 0.039023463838283479)
155	81,0.0381615563933	(155, 0.039023463838283479)
155	155,0.0390234638383	(155, 0.039023463838283479)
155	73,0.039972117701	(155, 0.039023463838283479)
156	73,0.033550624853	(156, 0.035074803006904978)
156	156,0.0350748030069	(156, 0.035074803006904978)
156	109,0.0418981127469	(156, 0.035074803006904978)
156	144,0.0419018323187	(156, 0.035074803006904978)
156	27,0.0483702134496	(156, 0.035074803006904978)
156	107,0.0542076368588	(156, 0.035074803006904978)
156	50,0.0561081891454	(156, 0.035074803006904978)
156	19,0.0611889715316	(156, 0.035074803006904978)
156	128,0.061364783655	(156, 0.035074803006904978)
156	84,0.0619572278647	(156, 0.035074803006904978)
157	22,0.0310815777166	(157, 0.037946516138020601)
157	73,0.0317264744587	(157, 0.037946516138020601)
157	93,0.0330336186192	(157, 0.037946516138020601)
157	12,0.0338281588524	(157, 0.037946516138020601)
157	128,0.0365784145106	(157, 0.037946516138020601)
157	126,0.0367072017142	(157, 0.037946516138020601)
157	78,0.037791832841	(157, 0.037946516138020601)
157	157,0.037946516138	(157, 0.037946516138020601)
157	3,0.0387817617074	(157, 0.037946516138020601)
157	132,0.0396557059508	(157, 0.037946516138020601)
158	77,0.017139309888	(158, 0.055230542161592969)
158	3,0.0234856635045	(158, 0.055230542161592969)
158	37,0.0276513138212	(158, 0.055230542161592969)
158	76,0.0278695653109	(158, 0.055230542161592969)
158	63,0.0278702046651	(158, 0.055230542161592969)
158	147,0.0279749258613	(158, 0.055230542161592969)
158	171,0.0279972440444	(158, 0.055230542161592969)
158	136,0.0288669862901	(158, 0.055230542161592969)
158	11,0.0312776116746	(158, 0.055230542161592969)
158	137,0.0316393503071	(158, 0.055230542161592969)
159	146,0.0155573368452	(159, 0.036399583973351184)
159	137,0.0299601209786	(159, 0.036399583973351184)
159	150,0.032404362906	(159, 0.036399583973351184)
159	36,0.0328089449665	(159, 0.036399583973351184)
159	46,0.0342642007801	(159, 0.036399583973351184)
159	18,0.0347366488623	(159, 0.036399583973351184)
159	81,0.0350531625287	(159, 0.036399583973351184)
159	3,0.0351626454118	(159, 0.036399583973351184)
159	159,0.0363995839734	(159, 0.036399583973351184)
159	90,0.0377169351701	(159, 0.036399583973351184)
160	164,0.0506219490154	(160, 0.2211525522330425)
160	27,0.0564224668285	(160, 0.2211525522330425)
160	43,0.0646187923631	(160, 0.2211525522330425)
160	73,0.0661135497019	(160, 0.2211525522330425)
160	38,0.0694783099472	(160, 0.2211525522330425)
160	32,0.0731911873646	(160, 0.2211525522330425)
160	105,0.0739652825764	(160, 0.2211525522330425)
160	107,0.0747226153332	(160, 0.2211525522330425)
160	24,0.0771817061167	(160, 0.2211525522330425)
160	19,0.0785975690324	(160, 0.2211525522330425)
161	161,0.0154311281074	(161, 0.015431128107430305)
161	65,0.0349770614377	(161, 0.015431128107430305)
161	68,0.0397410242453	(161, 0.015431128107430305)
161	44,0.039822339127	(161, 0.015431128107430305)
161	155,0.0441939097005	(161, 0.015431128107430305)
161	17,0.0473874527062	(161, 0.015431128107430305)
161	83,0.0492314775318	(161, 0.015431128107430305)
161	13,0.0519743028203	(161, 0.015431128107430305)
161	1,0.053502877012	(161, 0.015431128107430305)
161	71,0.0564183767515	(161, 0.015431128107430305)
162	162,0.0179652798224	(162, 0.017965279822417069)
162	117,0.0206781104509	(162, 0.017965279822417069)
162	18,0.0235931456376	(162, 0.017965279822417069)
162	76,0.0246543145909	(162, 0.017965279822417069)
162	147,0.0253887518229	(162, 0.017965279822417069)
162	90,0.0260546783561	(162, 0.017965279822417069)
162	88,0.0269096609351	(162, 0.017965279822417069)
162	11,0.0272106361764	(162, 0.017965279822417069)
162	150,0.0280348799626	(162, 0.017965279822417069)
162	63,0.0285200609279	(162, 0.017965279822417069)
163	17,0.0324086155239	(163, 0.040685533867535296)
163	172,0.0335260682325	(163, 0.040685533867535296)
163	40,0.0350293575496	(163, 0.040685533867535296)
163	3,0.0383394155811	(163, 0.040685533867535296)
163	37,0.0388998789462	(163, 0.040685533867535296)
163	148,0.039561786957	(163, 0.040685533867535296)
163	100,0.0403919310695	(163, 0.040685533867535296)
163	163,0.0406855338675	(163, 0.040685533867535296)
163	11,0.0412397685865	(163, 0.040685533867535296)
163	83,0.0434050306336	(163, 0.040685533867535296)
164	156,0.0433035392625	(164, 0.046969964205093667)
164	27,0.0435768707812	(164, 0.046969964205093667)
164	164,0.0469699642051	(164, 0.046969964205093667)
164	73,0.0502933903746	(164, 0.046969964205093667)
164	32,0.0589916093997	(164, 0.046969964205093667)
164	144,0.060574742776	(164, 0.046969964205093667)
164	109,0.0661074121731	(164, 0.046969964205093667)
164	107,0.067430732999	(164, 0.046969964205093667)
164	50,0.0723629573734	(164, 0.046969964205093667)
164	13,0.0730384492972	(164, 0.046969964205093667)
165	93,0.036667335927	(165, 0.057539141054477647)
165	116,0.0473746402888	(165, 0.057539141054477647)
165	157,0.0493568032369	(165, 0.057539141054477647)
165	144,0.0506230353134	(165, 0.057539141054477647)
165	73,0.0531571825664	(165, 0.057539141054477647)
165	165,0.0575391410545	(165, 0.057539141054477647)
165	131,0.0598394123094	(165, 0.057539141054477647)
165	124,0.0640823787306	(165, 0.057539141054477647)
165	156,0.0662499945448	(165, 0.057539141054477647)
165	27,0.0703788893316	(165, 0.057539141054477647)
166	116,0.0492531304829	(166, 0.067747738434660629)
166	69,0.0543603543834	(166, 0.067747738434660629)
166	124,0.0595645704401	(166, 0.067747738434660629)
166	144,0.063060912827	(166, 0.067747738434660629)
166	166,0.0677477384347	(166, 0.067747738434660629)
166	140,0.0679861436699	(166, 0.067747738434660629)
166	13,0.0691746157146	(166, 0.067747738434660629)
166	4,0.075649629466	(166, 0.067747738434660629)
166	123,0.0764978937155	(166, 0.067747738434660629)
166	93,0.0773504334591	(166, 0.067747738434660629)
167	51,0.0506951135275	(167, 0.094704556738015769)
167	39,0.0626295432308	(167, 0.094704556738015769)
167	27,0.0675212699611	(167, 0.094704556738015769)
167	32,0.079518904444	(167, 0.094704556738015769)
167	19,0.0870542886523	(167, 0.094704556738015769)
167	167,0.094704556738	(167, 0.094704556738015769)
167	169,0.0958026601118	(167, 0.094704556738015769)
167	164,0.0976748895448	(167, 0.094704556738015769)
167	138,0.102147096025	(167, 0.094704556738015769)
167	107,0.103532106094	(167, 0.094704556738015769)
168	55,0.0375061466692	(168, 0.049151303944276317)
168	12,0.038723827317	(168, 0.049151303944276317)
168	38,0.0463065413041	(168, 0.049151303944276317)
168	18,0.0483991405885	(168, 0.049151303944276317)
168	168,0.0491513039443	(168, 0.049151303944276317)
168	121,0.0503439759968	(168, 0.049151303944276317)
168	152,0.0510492844952	(168, 0.049151303944276317)
168	86,0.0538675225505	(168, 0.049151303944276317)
168	105,0.0543159458488	(168, 0.049151303944276317)
168	61,0.0547588889698	(168, 0.049151303944276317)
169	27,0.0603551404624	(169, 0.061954978893769379)
169	169,0.0619549788938	(169, 0.061954978893769379)
169	73,0.063999145533	(169, 0.061954978893769379)
169	156,0.0668198094744	(169, 0.061954978893769379)
169	99,0.0693598613985	(169, 0.061954978893769379)
169	170,0.07224923398	(169, 0.061954978893769379)
169	41,0.0726461175183	(169, 0.061954978893769379)
169	109,0.0739739000641	(169, 0.061954978893769379)
169	144,0.075882668061	(169, 0.061954978893769379)
169	164,0.0764806456075	(169, 0.061954978893769379)
170	170,0.039738643795	(170, 0.039738643795047747)
170	99,0.0454382759497	(170, 0.039738643795047747)
170	27,0.0534662344452	(170, 0.039738643795047747)
170	144,0.0557407473264	(170, 0.039738643795047747)
170	19,0.0620127999719	(170, 0.039738643795047747)
170	73,0.0677628672091	(170, 0.039738643795047747)
170	84,0.0682365346756	(170, 0.039738643795047747)
170	109,0.07350180885	(170, 0.039738643795047747)
170	0,0.0810291207241	(170, 0.039738643795047747)
170	101,0.0816613494756	(170, 0.039738643795047747)
171	156,0.0442641333798	(171, 0.13520502327685607)
171	27,0.0474565980866	(171, 0.13520502327685607)
171	32,0.0539039124824	(171, 0.13520502327685607)
171	164,0.0563493158315	(171, 0.13520502327685607)
171	73,0.0593203645823	(171, 0.13520502327685607)
171	107,0.0596397885315	(171, 0.13520502327685607)
171	19,0.0703036099119	(171, 0.13520502327685607)
171	144,0.0751159977083	(171, 0.13520502327685607)
171	99,0.0799294067521	(171, 0.13520502327685607)
171	102,0.0826251724035	(171, 0.13520502327685607)
172	172,0.0100757924721	(172, 0.01007579247209716)
172	137,0.0233209449027	(172, 0.01007579247209716)
172	17,0.0238317822391	(172, 0.01007579247209716)
172	90,0.0241006334798	(172, 0.01007579247209716)
172	3,0.024172387514	(172, 0.01007579247209716)
172	77,0.0255068391966	(172, 0.01007579247209716)
172	37,0.0294328947006	(172, 0.01007579247209716)
172	81,0.0302682604892	(172, 0.01007579247209716)
172	136,0.0310050198639	(172, 0.01007579247209716)
172	171,0.0358937513005	(172, 0.01007579247209716)
173	107,0.0427903504559	(173, 0.070860120001538823)
173	158,0.0463870918863	(173, 0.070860120001538823)
173	27,0.0488814828811	(173, 0.070860120001538823)
173	38,0.0499238053003	(173, 0.070860120001538823)
173	24,0.0502823648105	(173, 0.070860120001538823)
173	61,0.0585233714759	(173, 0.070860120001538823)
173	78,0.0590250342758	(173, 0.070860120001538823)
173	128,0.0607159771712	(173, 0.070860120001538823)
173	156,0.062597801813	(173, 0.070860120001538823)
173	87,0.0672476566253	(173, 0.070860120001538823)
174	174,0.0178724647552	(174, 0.017872464755213795)
174	15,0.0265428001276	(174, 0.017872464755213795)
174	56,0.0292179646553	(174, 0.017872464755213795)
174	120,0.0348457853793	(174, 0.017872464755213795)
174	17,0.0401550484697	(174, 0.017872464755213795)
174	69,0.0404415352881	(174, 0.017872464755213795)
174	4,0.0441266470252	(174, 0.017872464755213795)
174	172,0.0460053213477	(174, 0.017872464755213795)
174	154,0.048632688066	(174, 0.017872464755213795)
174	2,0.048996067528	(174, 0.017872464755213795)
