0	0,0.00113330832871	(0, 0.0011333083287073855)
0	38,0.00245394314583	(0, 0.0011333083287073855)
0	99,0.00254082413602	(0, 0.0011333083287073855)
0	55,0.00293337552453	(0, 0.0011333083287073855)
0	84,0.00296255624735	(0, 0.0011333083287073855)
0	170,0.0030693739859	(0, 0.0011333083287073855)
0	173,0.00309862111655	(0, 0.0011333083287073855)
0	14,0.00335520473459	(0, 0.0011333083287073855)
0	144,0.00341451741137	(0, 0.0011333083287073855)
0	138,0.00343735622633	(0, 0.0011333083287073855)
1	1,0.000759969673853	(1, 0.00075996967385280547)
1	102,0.00130004807549	(1, 0.00075996967385280547)
1	103,0.00143912644526	(1, 0.00075996967385280547)
1	28,0.00146754799745	(1, 0.00075996967385280547)
1	153,0.00158618291773	(1, 0.00075996967385280547)
1	91,0.00163248117445	(1, 0.00075996967385280547)
1	155,0.00166230287402	(1, 0.00075996967385280547)
1	114,0.00177009195876	(1, 0.00075996967385280547)
1	41,0.00191505336014	(1, 0.00075996967385280547)
1	53,0.00202384678839	(1, 0.00075996967385280547)
2	4,0.000983111124605	(2, 0.001741570977045957)
2	154,0.00108806620477	(2, 0.001741570977045957)
2	69,0.00146390005708	(2, 0.001741570977045957)
2	40,0.00152304865334	(2, 0.001741570977045957)
2	174,0.0015363945093	(2, 0.001741570977045957)
2	172,0.00173221098229	(2, 0.001741570977045957)
2	2,0.00174157097705	(2, 0.001741570977045957)
2	25,0.00196518759854	(2, 0.001741570977045957)
2	148,0.0021304649709	(2, 0.001741570977045957)
2	17,0.00225087078467	(2, 0.001741570977045957)
3	3,0.000327393405008	(3, 0.00032739340500830368)
3	63,0.000657015503278	(3, 0.00032739340500830368)
3	81,0.000857505422724	(3, 0.00032739340500830368)
3	11,0.000898057367211	(3, 0.00032739340500830368)
3	162,0.000904239141292	(3, 0.00032739340500830368)
3	132,0.000951751533402	(3, 0.00032739340500830368)
3	137,0.000957084752827	(3, 0.00032739340500830368)
3	150,0.00100885663873	(3, 0.00032739340500830368)
3	147,0.00101346958563	(3, 0.00032739340500830368)
3	121,0.00105652316906	(3, 0.00032739340500830368)
4	172,0.000913790771464	(4, 0.0012995231086127311)
4	13,0.000937273976351	(4, 0.0012995231086127311)
4	37,0.00112950119669	(4, 0.0012995231086127311)
4	69,0.00119952178304	(4, 0.0012995231086127311)
4	17,0.00120598840924	(4, 0.0012995231086127311)
4	40,0.00121682318842	(4, 0.0012995231086127311)
4	124,0.00123229393719	(4, 0.0012995231086127311)
4	120,0.00127421195673	(4, 0.0012995231086127311)
4	4,0.00129952310861	(4, 0.0012995231086127311)
4	77,0.00147715467136	(4, 0.0012995231086127311)
5	73,0.000963508294437	(5, 0.003962160560546382)
5	107,0.00166221706996	(5, 0.003962160560546382)
5	78,0.00180032532249	(5, 0.003962160560546382)
5	26,0.00180819668386	(5, 0.003962160560546382)
5	1,0.00181178159898	(5, 0.003962160560546382)
5	93,0.00182196133271	(5, 0.003962160560546382)
5	95,0.00192738820131	(5, 0.003962160560546382)
5	158,0.00197987016996	(5, 0.003962160560546382)
5	128,0.00201607772802	(5, 0.003962160560546382)
5	22,0.00204490955715	(5, 0.003962160560546382)
6	139,0.00064138527797	(6, 0.00074587352961483829)
6	46,0.000673160052269	(6, 0.00074587352961483829)
6	6,0.000745873529615	(6, 0.00074587352961483829)
6	76,0.000983688659461	(6, 0.00074587352961483829)
6	22,0.00103605018831	(6, 0.00074587352961483829)
6	171,0.00110668419019	(6, 0.00074587352961483829)
6	158,0.00114319903018	(6, 0.00074587352961483829)
6	18,0.0011497363449	(6, 0.00074587352961483829)
6	132,0.0011933079376	(6, 0.00074587352961483829)
6	35,0.00119332360985	(6, 0.00074587352961483829)
7	66,0.00438511102919	(7, 0.0074194028431772219)
7	167,0.00546904356893	(7, 0.0074194028431772219)
7	32,0.00561369716948	(7, 0.0074194028431772219)
7	51,0.00570126558406	(7, 0.0074194028431772219)
7	160,0.0058553831217	(7, 0.0074194028431772219)
7	80,0.00607373873572	(7, 0.0074194028431772219)
7	169,0.00630603551487	(7, 0.0074194028431772219)
7	133,0.00686364959666	(7, 0.0074194028431772219)
7	58,0.00709047539642	(7, 0.0074194028431772219)
7	7,0.00741940284318	(7, 0.0074194028431772219)
8	11,0.00103782083086	(8, 0.0013125937347148793)
8	121,0.00117136718659	(8, 0.0013125937347148793)
8	73,0.00120132901356	(8, 0.0013125937347148793)
8	8,0.00131259373471	(8, 0.0013125937347148793)
8	162,0.00135177696104	(8, 0.0013125937347148793)
8	71,0.00141819837238	(8, 0.0013125937347148793)
8	13,0.0014376412872	(8, 0.0013125937347148793)
8	1,0.00147373448895	(8, 0.0013125937347148793)
8	78,0.00153265468648	(8, 0.0013125937347148793)
8	3,0.00153458116314	(8, 0.0013125937347148793)
9	9,0.00156335203909	(9, 0.0015633520390893579)
9	155,0.00288299617407	(9, 0.0015633520390893579)
9	114,0.00297689064572	(9, 0.0015633520390893579)
9	53,0.0033294977795	(9, 0.0015633520390893579)
9	91,0.00354042770874	(9, 0.0015633520390893579)
9	124,0.0036370398436	(9, 0.0015633520390893579)
9	28,0.00433304262609	(9, 0.0015633520390893579)
9	41,0.00440232365742	(9, 0.0015633520390893579)
9	65,0.00456526464163	(9, 0.0015633520390893579)
9	1,0.00481397907494	(9, 0.0015633520390893579)
10	10,0.00214142355909	(10, 0.002141423559091804)
10	47,0.00266426472236	(10, 0.002141423559091804)
10	167,0.00493069542002	(10, 0.002141423559091804)
10	99,0.00540600043353	(10, 0.002141423559091804)
10	173,0.0055140507799	(10, 0.002141423559091804)
10	84,0.00561125927921	(10, 0.002141423559091804)
10	166,0.00583836947637	(10, 0.002141423559091804)
10	27,0.00593905564676	(10, 0.002141423559091804)
10	138,0.00616176125478	(10, 0.002141423559091804)
10	19,0.00627498845722	(10, 0.002141423559091804)
11	11,0.000488856396428	(11, 0.00048885639642788907)
11	81,0.00111067694439	(11, 0.00048885639642788907)
11	119,0.00111310839068	(11, 0.00048885639642788907)
11	3,0.00123001101285	(11, 0.00048885639642788907)
11	37,0.00129438070786	(11, 0.00048885639642788907)
11	96,0.00132721378634	(11, 0.00048885639642788907)
11	115,0.00141838137752	(11, 0.00048885639642788907)
11	71,0.00143694895388	(11, 0.00048885639642788907)
11	143,0.00144736884065	(11, 0.00048885639642788907)
11	13,0.00145825253776	(11, 0.00048885639642788907)
12	12,0.000544971883746	(12, 0.0005449718837463246)
12	22,0.000696897978728	(12, 0.0005449718837463246)
12	126,0.000793709973336	(12, 0.0005449718837463246)
12	121,0.000819061552047	(12, 0.0005449718837463246)
12	151,0.000822358864789	(12, 0.0005449718837463246)
12	76,0.000823336503576	(12, 0.0005449718837463246)
12	18,0.000952667317193	(12, 0.0005449718837463246)
12	86,0.000960925992832	(12, 0.0005449718837463246)
12	146,0.000971601660572	(12, 0.0005449718837463246)
12	132,0.000981973024884	(12, 0.0005449718837463246)
13	11,0.000667560492031	(13, 0.001098828528947312)
13	172,0.000745812600377	(13, 0.001098828528947312)
13	17,0.000756007222691	(13, 0.001098828528947312)
13	162,0.000779067679801	(13, 0.001098828528947312)
13	77,0.000824396702262	(13, 0.001098828528947312)
13	3,0.00085038911771	(13, 0.001098828528947312)
13	37,0.000856986660685	(13, 0.001098828528947312)
13	71,0.00090694257498	(13, 0.001098828528947312)
13	90,0.000958871701066	(13, 0.001098828528947312)
13	136,0.000969429049076	(13, 0.001098828528947312)
14	14,0.000893184250053	(14, 0.00089318425005251178)
14	72,0.00098051836718	(14, 0.00089318425005251178)
14	159,0.00139894839461	(14, 0.00089318425005251178)
14	144,0.00200516429117	(14, 0.00089318425005251178)
14	145,0.00205187763383	(14, 0.00089318425005251178)
14	84,0.0020535238212	(14, 0.00089318425005251178)
14	109,0.00217270411085	(14, 0.00089318425005251178)
14	131,0.00223566037309	(14, 0.00089318425005251178)
14	123,0.00227382046641	(14, 0.00089318425005251178)
14	12,0.0022778052015	(14, 0.00089318425005251178)
15	15,0.000614328364776	(15, 0.00061432836477556168)
15	17,0.000742615840023	(15, 0.00061432836477556168)
15	49,0.00111451255552	(15, 0.00061432836477556168)
15	100,0.00113430674173	(15, 0.00061432836477556168)
15	172,0.00117886735302	(15, 0.00061432836477556168)
15	174,0.00125970601108	(15, 0.00061432836477556168)
15	77,0.00127146910835	(15, 0.00061432836477556168)
15	69,0.00127309786643	(15, 0.00061432836477556168)
15	148,0.00134380598521	(15, 0.00061432836477556168)
15	59,0.00146603148125	(15, 0.00061432836477556168)
16	16,0.00144317876629	(16, 0.0014431787662942904)
16	170,0.00166815104961	(16, 0.0014431787662942904)
16	19,0.00199559627484	(16, 0.0014431787662942904)
16	0,0.0020898127299	(16, 0.0014431787662942904)
16	101,0.00225895630505	(16, 0.0014431787662942904)
16	27,0.00240002191987	(16, 0.0014431787662942904)
16	114,0.00246174025584	(16, 0.0014431787662942904)
16	144,0.00249673907014	(16, 0.0014431787662942904)
16	140,0.00253478972296	(16, 0.0014431787662942904)
16	164,0.00262542521729	(16, 0.0014431787662942904)
17	17,0.000460073490094	(17, 0.00046007349009431449)
17	172,0.000639286975122	(17, 0.00046007349009431449)
17	77,0.00091016599559	(17, 0.00046007349009431449)
17	100,0.000974317716193	(17, 0.00046007349009431449)
17	143,0.00099726933585	(17, 0.00046007349009431449)
17	90,0.00100138467797	(17, 0.00046007349009431449)
17	37,0.00104864235541	(17, 0.00046007349009431449)
17	136,0.00111820058655	(17, 0.00046007349009431449)
17	3,0.00114416319488	(17, 0.00046007349009431449)
17	49,0.00118296496523	(17, 0.00046007349009431449)
18	88,0.000510579534535	(18, 0.00057231146196005717)
18	18,0.00057231146196	(18, 0.00057231146196005717)
18	35,0.000738969393369	(18, 0.00057231146196005717)
18	121,0.00084258248555	(18, 0.00057231146196005717)
18	22,0.000854918620273	(18, 0.00057231146196005717)
18	139,0.000880994676707	(18, 0.00057231146196005717)
18	132,0.0008973255936	(18, 0.00057231146196005717)
18	76,0.000918158502649	(18, 0.00057231146196005717)
18	61,0.00091981007618	(18, 0.00057231146196005717)
18	147,0.00100512295202	(18, 0.00057231146196005717)
19	19,0.00155109419014	(19, 0.0015510941901428429)
19	43,0.00176755698868	(19, 0.0015510941901428429)
19	27,0.00184183208667	(19, 0.0015510941901428429)
19	99,0.00211975939811	(19, 0.0015510941901428429)
19	107,0.00302072385686	(19, 0.0015510941901428429)
19	164,0.00309698080566	(19, 0.0015510941901428429)
19	32,0.00312496746399	(19, 0.0015510941901428429)
19	170,0.00314953273113	(19, 0.0015510941901428429)
19	84,0.00322583262555	(19, 0.0015510941901428429)
19	58,0.00329721534172	(19, 0.0015510941901428429)
20	73,0.00125748691588	(20, 0.0013148761275638399)
20	20,0.00131487612756	(20, 0.0013148761275638399)
20	124,0.00140724729183	(20, 0.0013148761275638399)
20	93,0.00166032391113	(20, 0.0013148761275638399)
20	157,0.00177621383939	(20, 0.0013148761275638399)
20	89,0.00178396449255	(20, 0.0013148761275638399)
20	1,0.00179191395216	(20, 0.0013148761275638399)
20	109,0.00180598560639	(20, 0.0013148761275638399)
20	128,0.00199019687535	(20, 0.0013148761275638399)
20	41,0.00209466248787	(20, 0.0013148761275638399)
21	121,0.00062113800377	(21, 0.0011970721819528098)
21	71,0.000626647706946	(21, 0.0011970721819528098)
21	11,0.00073518285751	(21, 0.0011970721819528098)
21	162,0.000823883768886	(21, 0.0011970721819528098)
21	117,0.00084297599847	(21, 0.0011970721819528098)
21	22,0.000965293971849	(21, 0.0011970721819528098)
21	23,0.00104415140442	(21, 0.0011970721819528098)
21	76,0.00112878764262	(21, 0.0011970721819528098)
21	86,0.00113620078647	(21, 0.0011970721819528098)
21	3,0.00118270606973	(21, 0.0011970721819528098)
22	22,0.000578247708095	(22, 0.00057824770809479476)
22	117,0.000662667274527	(22, 0.00057824770809479476)
22	76,0.000690070378341	(22, 0.00057824770809479476)
22	139,0.000710911225223	(22, 0.00057824770809479476)
22	132,0.00079829626783	(22, 0.00057824770809479476)
22	46,0.00081749348437	(22, 0.00057824770809479476)
22	3,0.000882446914056	(22, 0.00057824770809479476)
22	137,0.000950015242233	(22, 0.00057824770809479476)
22	18,0.000965299324462	(22, 0.00057824770809479476)
22	81,0.000968828866879	(22, 0.00057824770809479476)
23	23,0.000483220391652	(23, 0.00048322039165239397)
23	61,0.000573693068192	(23, 0.00048322039165239397)
23	26,0.00114210451664	(23, 0.00048322039165239397)
23	121,0.00134806511	(23, 0.00048322039165239397)
23	63,0.00150288901702	(23, 0.00048322039165239397)
23	162,0.00158009182013	(23, 0.00048322039165239397)
23	78,0.00158246580299	(23, 0.00048322039165239397)
23	70,0.00163855018416	(23, 0.00048322039165239397)
23	76,0.00168802350674	(23, 0.00048322039165239397)
23	147,0.00169675811483	(23, 0.00048322039165239397)
24	24,0.000613221262562	(24, 0.00061322126256209517)
24	107,0.00155205454664	(24, 0.00061322126256209517)
24	27,0.00171127410097	(24, 0.00061322126256209517)
24	158,0.00189421835283	(24, 0.00061322126256209517)
24	61,0.00190311531373	(24, 0.00061322126256209517)
24	135,0.00197002669063	(24, 0.00061322126256209517)
24	50,0.00197316641273	(24, 0.00061322126256209517)
24	22,0.00207161108395	(24, 0.00061322126256209517)
24	73,0.00213594830483	(24, 0.00061322126256209517)
24	12,0.00215643209801	(24, 0.00061322126256209517)
25	69,0.000510664864123	(25, 0.00087972781582009102)
25	40,0.000599150477698	(25, 0.00087972781582009102)
25	25,0.00087972781582	(25, 0.00087972781582009102)
25	15,0.00113884017439	(25, 0.00087972781582009102)
25	4,0.00121431157732	(25, 0.00087972781582009102)
25	154,0.00122514276131	(25, 0.00087972781582009102)
25	172,0.00138490915939	(25, 0.00087972781582009102)
25	148,0.00151237172742	(25, 0.00087972781582009102)
25	79,0.00159800429176	(25, 0.00087972781582009102)
25	60,0.00164231688242	(25, 0.00087972781582009102)
26	3,0.000637542175837	(26, 0.0016619251393073257)
26	63,0.000670167882553	(26, 0.0016619251393073257)
26	11,0.000707561218975	(26, 0.0016619251393073257)
26	121,0.000725730087186	(26, 0.0016619251393073257)
26	162,0.000734508487073	(26, 0.0016619251393073257)
26	76,0.000746608116459	(26, 0.0016619251393073257)
26	18,0.00078465301644	(26, 0.0016619251393073257)
26	151,0.000816141406069	(26, 0.0016619251393073257)
26	117,0.000835383280313	(26, 0.0016619251393073257)
26	150,0.000845748364188	(26, 0.0016619251393073257)
27	78,0.00123000387428	(27, 0.0017778355183171398)
27	61,0.00139710681222	(27, 0.0017778355183171398)
27	121,0.001469073092	(27, 0.0017778355183171398)
27	170,0.00147216050024	(27, 0.0017778355183171398)
27	73,0.00151976537758	(27, 0.0017778355183171398)
27	26,0.00156380277234	(27, 0.0017778355183171398)
27	101,0.00166391015988	(27, 0.0017778355183171398)
27	107,0.00171252289252	(27, 0.0017778355183171398)
27	23,0.00175790387069	(27, 0.0017778355183171398)
27	27,0.00177783551832	(27, 0.0017778355183171398)
28	1,0.00117167760967	(28, 0.0012820269308971679)
28	13,0.00127744296076	(28, 0.0012820269308971679)
28	28,0.0012820269309	(28, 0.0012820269308971679)
28	3,0.00143281681049	(28, 0.0012820269308971679)
28	73,0.0015280103378	(28, 0.0012820269308971679)
28	93,0.0017102527153	(28, 0.0012820269308971679)
28	53,0.00173468483838	(28, 0.0012820269308971679)
28	155,0.00177289368954	(28, 0.0012820269308971679)
28	83,0.00179857366945	(28, 0.0012820269308971679)
28	157,0.00180282333264	(28, 0.0012820269308971679)
29	29,0.000676903165255	(29, 0.00067690316525547366)
29	77,0.000837742297041	(29, 0.00067690316525547366)
29	71,0.00103975599	(29, 0.00067690316525547366)
29	135,0.00108779638218	(29, 0.00067690316525547366)
29	73,0.00122134620324	(29, 0.00067690316525547366)
29	13,0.00124223348211	(29, 0.00067690316525547366)
29	1,0.00124428693437	(29, 0.00067690316525547366)
29	11,0.00128632149226	(29, 0.00067690316525547366)
29	3,0.00131970523297	(29, 0.00067690316525547366)
29	76,0.00134309825958	(29, 0.00067690316525547366)
30	30,0.00148808006334	(30, 0.0014880800633386773)
30	153,0.00181244964343	(30, 0.0014880800633386773)
30	103,0.00195193503393	(30, 0.0014880800633386773)
30	1,0.00208317242473	(30, 0.0014880800633386773)
30	102,0.00211572300851	(30, 0.0014880800633386773)
30	28,0.0021246641563	(30, 0.0014880800633386773)
30	91,0.00216419449133	(30, 0.0014880800633386773)
30	53,0.00256188509349	(30, 0.0014880800633386773)
30	95,0.00261965153593	(30, 0.0014880800633386773)
30	114,0.00262989835911	(30, 0.0014880800633386773)
31	166,0.00174819149701	(31, 0.0025373381872706709)
31	116,0.00224683317133	(31, 0.0025373381872706709)
31	72,0.00230041103828	(31, 0.0025373381872706709)
31	31,0.00253733818727	(31, 0.0025373381872706709)
31	144,0.00255729647397	(31, 0.0025373381872706709)
31	123,0.00305886973614	(31, 0.0025373381872706709)
31	69,0.00314576940072	(31, 0.0025373381872706709)
31	131,0.00321486090024	(31, 0.0025373381872706709)
31	67,0.00322436398695	(31, 0.0025373381872706709)
31	124,0.00328595331406	(31, 0.0025373381872706709)
32	156,0.00143483400556	(32, 0.0016504590091823033)
32	32,0.00165045900918	(32, 0.0016504590091823033)
32	27,0.00176321901642	(32, 0.0016504590091823033)
32	73,0.00218251874227	(32, 0.0016504590091823033)
32	164,0.00220675702507	(32, 0.0016504590091823033)
32	50,0.00222232020918	(32, 0.0016504590091823033)
32	107,0.00239497925237	(32, 0.0016504590091823033)
32	131,0.00253933732338	(32, 0.0016504590091823033)
32	109,0.00285180165816	(32, 0.0016504590091823033)
32	144,0.00289977711738	(32, 0.0016504590091823033)
33	33,0.00110719314141	(33, 0.0011071931414095354)
33	4,0.00206120696411	(33, 0.0011071931414095354)
33	106,0.00208317673372	(33, 0.0011071931414095354)
33	116,0.0022219409636	(33, 0.0011071931414095354)
33	69,0.00230274037656	(33, 0.0011071931414095354)
33	28,0.00264541463152	(33, 0.0011071931414095354)
33	156,0.00267223180785	(33, 0.0011071931414095354)
33	2,0.0027101864862	(33, 0.0011071931414095354)
33	73,0.00274060945683	(33, 0.0011071931414095354)
33	40,0.00275236386377	(33, 0.0011071931414095354)
34	15,0.000774226769508	(34, 0.0022028942950459533)
34	69,0.000848161686527	(34, 0.0022028942950459533)
34	40,0.000968613557434	(34, 0.0022028942950459533)
34	17,0.00100454134795	(34, 0.0022028942950459533)
34	120,0.00112037555651	(34, 0.0022028942950459533)
34	148,0.00117016947662	(34, 0.0022028942950459533)
34	172,0.00119717224367	(34, 0.0022028942950459533)
34	4,0.00127174243529	(34, 0.0022028942950459533)
34	56,0.00131677837322	(34, 0.0022028942950459533)
34	174,0.00132536564774	(34, 0.0022028942950459533)
35	35,0.000411670943723	(35, 0.00041167094372302463)
35	88,0.000733556220178	(35, 0.00041167094372302463)
35	18,0.000843728380065	(35, 0.00041167094372302463)
35	22,0.00124948265341	(35, 0.00041167094372302463)
35	139,0.00130530749343	(35, 0.00041167094372302463)
35	12,0.00141250923809	(35, 0.00041167094372302463)
35	121,0.00141289841013	(35, 0.00041167094372302463)
35	46,0.00145204662566	(35, 0.00041167094372302463)
35	61,0.00145750908823	(35, 0.00041167094372302463)
35	158,0.00152228525313	(35, 0.00041167094372302463)
36	76,0.000462618029471	(36, 0.0007504156816625601)
36	147,0.00046321493717	(36, 0.0007504156816625601)
36	46,0.000557887065891	(36, 0.0007504156816625601)
36	18,0.000599574626768	(36, 0.0007504156816625601)
36	88,0.00069093108786	(36, 0.0007504156816625601)
36	36,0.000750415681663	(36, 0.0007504156816625601)
36	63,0.000760104478096	(36, 0.0007504156816625601)
36	171,0.000856061902506	(36, 0.0007504156816625601)
36	35,0.000863553444618	(36, 0.0007504156816625601)
36	22,0.000913241621581	(36, 0.0007504156816625601)
37	3,0.000816876362798	(37, 0.00085547585630375833)
37	37,0.000855475856304	(37, 0.00085547585630375833)
37	100,0.00091196830779	(37, 0.00085547585630375833)
37	11,0.000922921598179	(37, 0.00085547585630375833)
37	70,0.00102460575145	(37, 0.00085547585630375833)
37	77,0.0010426205479	(37, 0.00085547585630375833)
37	21,0.00106675960919	(37, 0.00085547585630375833)
37	90,0.00111283165634	(37, 0.00085547585630375833)
37	63,0.00115664104408	(37, 0.00085547585630375833)
37	81,0.00126609385056	(37, 0.00085547585630375833)
38	38,0.000481058900185	(38, 0.00048105890018528447)
38	12,0.0011673672534	(38, 0.00048105890018528447)
38	14,0.00130769044955	(38, 0.00048105890018528447)
38	55,0.0013348423067	(38, 0.00048105890018528447)
38	43,0.00189573124239	(38, 0.00048105890018528447)
38	159,0.00192725744919	(38, 0.00048105890018528447)
38	50,0.00193984653571	(38, 0.00048105890018528447)
38	128,0.0019619487857	(38, 0.00048105890018528447)
38	105,0.00204067561283	(38, 0.00048105890018528447)
38	107,0.00207562770707	(38, 0.00048105890018528447)
39	39,0.00101786084184	(39, 0.0010178608418358582)
39	51,0.00256474390634	(39, 0.0010178608418358582)
39	169,0.00270714541128	(39, 0.0010178608418358582)
39	101,0.00276439828496	(39, 0.0010178608418358582)
39	27,0.00286404689959	(39, 0.0010178608418358582)
39	156,0.00289874442498	(39, 0.0010178608418358582)
39	107,0.00293034317382	(39, 0.0010178608418358582)
39	99,0.00295148348491	(39, 0.0010178608418358582)
39	84,0.00297191090996	(39, 0.0010178608418358582)
39	41,0.00318912904555	(39, 0.0010178608418358582)
40	40,0.00063755012225	(40, 0.00063755012225014183)
40	172,0.000955067121835	(40, 0.00063755012225014183)
40	69,0.00100400210904	(40, 0.00063755012225014183)
40	79,0.00101849635237	(40, 0.00063755012225014183)
40	148,0.0010810242769	(40, 0.00063755012225014183)
40	4,0.00111653630753	(40, 0.00063755012225014183)
40	77,0.00115172075191	(40, 0.00063755012225014183)
40	17,0.00116812550102	(40, 0.00063755012225014183)
40	25,0.00121818204014	(40, 0.00063755012225014183)
40	100,0.00134718686059	(40, 0.00063755012225014183)
41	41,0.000726714713111	(41, 0.00072671471311070487)
41	155,0.00134474638445	(41, 0.00072671471311070487)
41	20,0.00183294510942	(41, 0.00072671471311070487)
41	1,0.00210329114535	(41, 0.00072671471311070487)
41	124,0.00229175430424	(41, 0.00072671471311070487)
41	91,0.00255656218234	(41, 0.00072671471311070487)
41	114,0.00256708539942	(41, 0.00072671471311070487)
41	102,0.00264282302871	(41, 0.00072671471311070487)
41	101,0.00273230777693	(41, 0.00072671471311070487)
41	53,0.00276302540747	(41, 0.00072671471311070487)
42	163,0.002260832832	(42, 0.0044672834240517935)
42	69,0.00297540510136	(42, 0.0044672834240517935)
42	97,0.00308800776244	(42, 0.0044672834240517935)
42	28,0.00320439691719	(42, 0.0044672834240517935)
42	53,0.0033022865608	(42, 0.0044672834240517935)
42	34,0.00333527664361	(42, 0.0044672834240517935)
42	65,0.00342489854376	(42, 0.0044672834240517935)
42	118,0.00347035874597	(42, 0.0044672834240517935)
42	44,0.00351854379658	(42, 0.0044672834240517935)
42	120,0.00352501743349	(42, 0.0044672834240517935)
43	22,0.000820214562195	(43, 0.0015629032249980903)
43	121,0.000939801840062	(43, 0.0015629032249980903)
43	128,0.000950199928403	(43, 0.0015629032249980903)
43	12,0.00095037062832	(43, 0.0015629032249980903)
43	78,0.000977058448605	(43, 0.0015629032249980903)
43	158,0.000980528072962	(43, 0.0015629032249980903)
43	61,0.00104807945674	(43, 0.0015629032249980903)
43	50,0.00108409340681	(43, 0.0015629032249980903)
43	55,0.00115526987742	(43, 0.0015629032249980903)
43	23,0.00121634686118	(43, 0.0015629032249980903)
44	109,0.00112863605869	(44, 0.0048069648579289375)
44	116,0.00135125511368	(44, 0.0048069648579289375)
44	93,0.00139916801595	(44, 0.0048069648579289375)
44	124,0.00143918395978	(44, 0.0048069648579289375)
44	73,0.00155438829428	(44, 0.0048069648579289375)
44	159,0.00163698006493	(44, 0.0048069648579289375)
44	144,0.00172379747356	(44, 0.0048069648579289375)
44	84,0.00174948982625	(44, 0.0048069648579289375)
44	123,0.00178985271953	(44, 0.0048069648579289375)
44	12,0.00179436074875	(44, 0.0048069648579289375)
45	45,0.00257864764068	(45, 0.0025786476406824159)
45	130,0.00269967064155	(45, 0.0025786476406824159)
45	129,0.00271271632237	(45, 0.0025786476406824159)
45	94,0.00300532106057	(45, 0.0025786476406824159)
45	98,0.00302923224139	(45, 0.0025786476406824159)
45	34,0.00325067285432	(45, 0.0025786476406824159)
45	133,0.00334313098053	(45, 0.0025786476406824159)
45	1,0.00337366601438	(45, 0.0025786476406824159)
45	83,0.0034018883376	(45, 0.0025786476406824159)
45	53,0.00343791265868	(45, 0.0025786476406824159)
46	46,0.000221610679296	(46, 0.00022161067929624256)
46	36,0.000529622793723	(46, 0.00022161067929624256)
46	171,0.00072885279957	(46, 0.00022161067929624256)
46	76,0.000765746292963	(46, 0.00022161067929624256)
46	137,0.000797784100017	(46, 0.00022161067929624256)
46	139,0.000989689117421	(46, 0.00022161067929624256)
46	147,0.000995561613223	(46, 0.00022161067929624256)
46	6,0.00100497285822	(46, 0.00022161067929624256)
46	146,0.00108944833742	(46, 0.00022161067929624256)
46	63,0.00114841973794	(46, 0.00022161067929624256)
47	47,0.0023253623338	(47, 0.0023253623338013755)
47	10,0.00250255791135	(47, 0.0023253623338013755)
47	99,0.00270426968169	(47, 0.0023253623338013755)
47	27,0.00311253601637	(47, 0.0023253623338013755)
47	19,0.00324103484854	(47, 0.0023253623338013755)
47	84,0.00348577671306	(47, 0.0023253623338013755)
47	138,0.00356326507278	(47, 0.0023253623338013755)
47	173,0.00376943676486	(47, 0.0023253623338013755)
47	43,0.00392728584944	(47, 0.0023253623338013755)
47	0,0.00397852725836	(47, 0.0023253623338013755)
48	48,0.00121627808412	(48, 0.0012162780841200288)
48	69,0.00126609857018	(48, 0.0012162780841200288)
48	56,0.0013887301864	(48, 0.0012162780841200288)
48	120,0.00143582333442	(48, 0.0012162780841200288)
48	40,0.00164091948711	(48, 0.0012162780841200288)
48	97,0.0016548788869	(48, 0.0012162780841200288)
48	4,0.00194033578425	(48, 0.0012162780841200288)
48	174,0.00207740860242	(48, 0.0012162780841200288)
48	104,0.00208512065071	(48, 0.0012162780841200288)
48	124,0.00212420672137	(48, 0.0012162780841200288)
49	49,0.000907567664192	(49, 0.00090756766419240829)
49	59,0.00103087987201	(49, 0.00090756766419240829)
49	15,0.00128214217309	(49, 0.00090756766419240829)
49	98,0.001296780197	(49, 0.00090756766419240829)
49	77,0.00136433494151	(49, 0.00090756766419240829)
49	100,0.00150535382467	(49, 0.00090756766419240829)
49	17,0.00157650348329	(49, 0.00090756766419240829)
49	172,0.00164553150838	(49, 0.00090756766419240829)
49	83,0.00170708587723	(49, 0.00090756766419240829)
49	174,0.00182339292342	(49, 0.00090756766419240829)
50	50,0.000542835534005	(50, 0.00054283553400515832)
50	12,0.00142260114807	(50, 0.00054283553400515832)
50	107,0.00143165415046	(50, 0.00054283553400515832)
50	158,0.00159321373179	(50, 0.00054283553400515832)
50	171,0.00163771378192	(50, 0.00054283553400515832)
50	128,0.00175031654728	(50, 0.00054283553400515832)
50	22,0.00176855229499	(50, 0.00054283553400515832)
50	76,0.00179600998191	(50, 0.00054283553400515832)
50	38,0.00184058813583	(50, 0.00054283553400515832)
50	46,0.0020249463936	(50, 0.00054283553400515832)
51	124,0.000623334987501	(51, 0.004230198629998818)
51	155,0.00116226932543	(51, 0.004230198629998818)
51	53,0.00147844717275	(51, 0.004230198629998818)
51	73,0.00149769004282	(51, 0.004230198629998818)
51	157,0.00165796195755	(51, 0.004230198629998818)
51	28,0.00177682204198	(51, 0.004230198629998818)
51	41,0.0019667508914	(51, 0.004230198629998818)
51	13,0.00197361303534	(51, 0.004230198629998818)
51	1,0.00201176331046	(51, 0.004230198629998818)
51	93,0.00204674795233	(51, 0.004230198629998818)
52	53,0.00129688143787	(52, 0.0047294507105767438)
52	44,0.00143217338794	(52, 0.0047294507105767438)
52	124,0.00166460086772	(52, 0.0047294507105767438)
52	13,0.00169855144918	(52, 0.0047294507105767438)
52	65,0.00180446086252	(52, 0.0047294507105767438)
52	155,0.00180605946283	(52, 0.0047294507105767438)
52	161,0.00199224246263	(52, 0.0047294507105767438)
52	163,0.00202604419092	(52, 0.0047294507105767438)
52	114,0.00203402906858	(52, 0.0047294507105767438)
52	4,0.00215112006914	(52, 0.0047294507105767438)
53	65,0.000845278007572	(53, 0.0014506418900885052)
53	53,0.00145064189009	(53, 0.0014506418900885052)
53	44,0.00147311333035	(53, 0.0014506418900885052)
53	155,0.00150979075641	(53, 0.0014506418900885052)
53	161,0.00156208231713	(53, 0.0014506418900885052)
53	120,0.0017017892368	(53, 0.0014506418900885052)
53	113,0.00197326803108	(53, 0.0014506418900885052)
53	163,0.00197809128659	(53, 0.0014506418900885052)
53	34,0.00205448188739	(53, 0.0014506418900885052)
53	83,0.00212900590831	(53, 0.0014506418900885052)
54	136,0.000544049365952	(54, 0.00094248654368304387)
54	54,0.000942486543683	(54, 0.00094248654368304387)
54	3,0.00102179296315	(54, 0.00094248654368304387)
54	137,0.00103564164971	(54, 0.00094248654368304387)
54	162,0.00110302216844	(54, 0.00094248654368304387)
54	63,0.00116911953499	(54, 0.00094248654368304387)
54	17,0.00118577114645	(54, 0.00094248654368304387)
54	147,0.00120243838962	(54, 0.00094248654368304387)
54	37,0.00120773168763	(54, 0.00094248654368304387)
54	11,0.00120951452256	(54, 0.00094248654368304387)
55	12,0.000871953847135	(55, 0.00096846283962670465)
55	55,0.000968462839627	(55, 0.00096846283962670465)
55	38,0.00107289829202	(55, 0.00096846283962670465)
55	159,0.00109585898178	(55, 0.00096846283962670465)
55	121,0.00127586208087	(55, 0.00096846283962670465)
55	152,0.00127996387833	(55, 0.00096846283962670465)
55	128,0.00134327413934	(55, 0.00096846283962670465)
55	18,0.00137611862417	(55, 0.00096846283962670465)
55	134,0.00137696681841	(55, 0.00096846283962670465)
55	78,0.00148557749978	(55, 0.00096846283962670465)
56	56,0.000756302826318	(56, 0.00075630282631768435)
56	15,0.00113783695937	(56, 0.00075630282631768435)
56	120,0.00115013181645	(56, 0.00075630282631768435)
56	174,0.00176463345291	(56, 0.00075630282631768435)
56	2,0.00191413739815	(56, 0.00075630282631768435)
56	69,0.00192855761414	(56, 0.00075630282631768435)
56	113,0.00199656600543	(56, 0.00075630282631768435)
56	44,0.00202822334317	(56, 0.00075630282631768435)
56	34,0.00203127502059	(56, 0.00075630282631768435)
56	4,0.00203877622539	(56, 0.00075630282631768435)
57	57,0.00134586624241	(57, 0.0013458662424078436)
57	122,0.00263161055245	(57, 0.0013458662424078436)
57	15,0.00349306539468	(57, 0.0013458662424078436)
57	174,0.00350412092386	(57, 0.0013458662424078436)
57	56,0.00383193058174	(57, 0.0013458662424078436)
57	2,0.00433735762746	(57, 0.0013458662424078436)
57	108,0.00435481173215	(57, 0.0013458662424078436)
57	120,0.00443508236208	(57, 0.0013458662424078436)
57	113,0.00451639607132	(57, 0.0013458662424078436)
57	59,0.00465850832718	(57, 0.0013458662424078436)
58	24,0.00106662274009	(58, 0.0045391790522684768)
58	107,0.00132619086493	(58, 0.0045391790522684768)
58	50,0.00161692598064	(58, 0.0045391790522684768)
58	27,0.00164542337325	(58, 0.0045391790522684768)
58	43,0.00198830411711	(58, 0.0045391790522684768)
58	105,0.00201599518608	(58, 0.0045391790522684768)
58	61,0.00201745205546	(58, 0.0045391790522684768)
58	158,0.00207353557145	(58, 0.0045391790522684768)
58	38,0.00214978861969	(58, 0.0045391790522684768)
58	12,0.00216284126333	(58, 0.0045391790522684768)
59	83,0.00229827359538	(59, 0.0028198253235871564)
59	15,0.00231185147706	(59, 0.0028198253235871564)
59	94,0.00244964331028	(59, 0.0028198253235871564)
59	65,0.0025225056154	(59, 0.0028198253235871564)
59	113,0.00257790139783	(59, 0.0028198253235871564)
59	59,0.00281982532359	(59, 0.0028198253235871564)
59	120,0.00295810814217	(59, 0.0028198253235871564)
59	44,0.0030284240933	(59, 0.0028198253235871564)
59	130,0.00303614729269	(59, 0.0028198253235871564)
59	161,0.00303816604322	(59, 0.0028198253235871564)
60	69,0.000949288389483	(60, 0.0010309079059164358)
60	60,0.00103090790592	(60, 0.0010309079059164358)
60	40,0.00105031325292	(60, 0.0010309079059164358)
60	79,0.00120550098897	(60, 0.0010309079059164358)
60	4,0.00134972469858	(60, 0.0010309079059164358)
60	34,0.00150161429235	(60, 0.0010309079059164358)
60	25,0.00152903807188	(60, 0.0010309079059164358)
60	172,0.00163859646126	(60, 0.0010309079059164358)
60	77,0.00170791465906	(60, 0.0010309079059164358)
60	15,0.00171135445883	(60, 0.0010309079059164358)
61	61,0.00048209958297	(61, 0.00048209958297016953)
61	23,0.000655562638473	(61, 0.00048209958297016953)
61	26,0.000803908113098	(61, 0.00048209958297016953)
61	121,0.0010005472392	(61, 0.00048209958297016953)
61	147,0.0010683223593	(61, 0.00048209958297016953)
61	63,0.00109614147395	(61, 0.00048209958297016953)
61	76,0.00111600122891	(61, 0.00048209958297016953)
61	162,0.00116952756736	(61, 0.00048209958297016953)
61	135,0.00117160797716	(61, 0.00048209958297016953)
61	70,0.00124921437556	(61, 0.00048209958297016953)
62	26,0.00101889460211	(62, 0.0012661950142548919)
62	78,0.00109066378465	(62, 0.0012661950142548919)
62	61,0.0012471900204	(62, 0.0012661950142548919)
62	62,0.00126619501425	(62, 0.0012661950142548919)
62	107,0.00129339740219	(62, 0.0012661950142548919)
62	73,0.00142878224997	(62, 0.0012661950142548919)
62	158,0.0014853291535	(62, 0.0012661950142548919)
62	121,0.00150958232525	(62, 0.0012661950142548919)
62	23,0.00155123175622	(62, 0.0012661950142548919)
62	22,0.00161356693335	(62, 0.0012661950142548919)
63	3,0.000441285996657	(63, 0.00069199857426745877)
63	63,0.000691998574267	(63, 0.00069199857426745877)
63	11,0.000707509214417	(63, 0.00069199857426745877)
63	77,0.000822820143239	(63, 0.00069199857426745877)
63	162,0.000868665748592	(63, 0.00069199857426745877)
63	37,0.000871066411922	(63, 0.00069199857426745877)
63	171,0.000940534624102	(63, 0.00069199857426745877)
63	121,0.000960131381882	(63, 0.00069199857426745877)
63	136,0.000971277399063	(63, 0.00069199857426745877)
63	147,0.000977105367318	(63, 0.00069199857426745877)
64	64,0.00316078407854	(64, 0.0031607840785360607)
64	45,0.00449472480814	(64, 0.0031607840785360607)
64	130,0.00486445862179	(64, 0.0031607840785360607)
64	118,0.00490630072068	(64, 0.0031607840785360607)
64	33,0.00585429069813	(64, 0.0031607840785360607)
64	133,0.00586985359657	(64, 0.0031607840785360607)
64	113,0.00669572460284	(64, 0.0031607840785360607)
64	34,0.0069621364471	(64, 0.0031607840785360607)
64	94,0.00726012134058	(64, 0.0031607840785360607)
64	15,0.00786957662552	(64, 0.0031607840785360607)
65	65,0.00077537118413	(65, 0.00077537118413023489)
65	161,0.000988370341473	(65, 0.00077537118413023489)
65	83,0.00107470751515	(65, 0.00077537118413023489)
65	68,0.00119881666395	(65, 0.00077537118413023489)
65	155,0.00150492441305	(65, 0.00077537118413023489)
65	1,0.00155629779079	(65, 0.00077537118413023489)
65	13,0.00157685432468	(65, 0.00077537118413023489)
65	44,0.00167560355218	(65, 0.00077537118413023489)
65	59,0.00173682035388	(65, 0.00077537118413023489)
65	71,0.001768729895	(65, 0.00077537118413023489)
66	66,0.00253666815801	(66, 0.0025366681580071921)
66	130,0.00635457571619	(66, 0.0025366681580071921)
66	133,0.00667221392944	(66, 0.0025366681580071921)
66	140,0.00701819328317	(66, 0.0025366681580071921)
66	118,0.00735414729974	(66, 0.0025366681580071921)
66	33,0.0076567323816	(66, 0.0025366681580071921)
66	91,0.00772936955745	(66, 0.0025366681580071921)
66	141,0.00808348719516	(66, 0.0025366681580071921)
66	169,0.00827204494556	(66, 0.0025366681580071921)
66	149,0.00893164771803	(66, 0.0025366681580071921)
67	67,0.00182783039856	(67, 0.0018278303985575833)
67	84,0.00244915789653	(67, 0.0018278303985575833)
67	93,0.00251478612501	(67, 0.0018278303985575833)
67	169,0.00264199254358	(67, 0.0018278303985575833)
67	116,0.00274826702656	(67, 0.0018278303985575833)
67	131,0.00292036772912	(67, 0.0018278303985575833)
67	149,0.00303885480643	(67, 0.0018278303985575833)
67	140,0.00305668392223	(67, 0.0018278303985575833)
67	109,0.00307365697166	(67, 0.0018278303985575833)
67	28,0.00308870695604	(67, 0.0018278303985575833)
68	68,0.000682704192859	(68, 0.0006827041928589814)
68	70,0.00143850177368	(68, 0.0006827041928589814)
68	23,0.00147393761408	(68, 0.0006827041928589814)
68	61,0.00155784713155	(68, 0.0006827041928589814)
68	63,0.0017226427693	(68, 0.0006827041928589814)
68	162,0.00182793044875	(68, 0.0006827041928589814)
68	26,0.00186082534999	(68, 0.0006827041928589814)
68	71,0.00186780409284	(68, 0.0006827041928589814)
68	147,0.00187752036039	(68, 0.0006827041928589814)
68	77,0.001886025845	(68, 0.0006827041928589814)
69	15,0.00305173237551	(69, 0.0035580185603324328)
69	122,0.00332285938193	(69, 0.0035580185603324328)
69	48,0.00346816790791	(69, 0.0035580185603324328)
69	174,0.00348851267695	(69, 0.0035580185603324328)
69	56,0.00352013694838	(69, 0.0035580185603324328)
69	69,0.00355801856033	(69, 0.0035580185603324328)
69	154,0.00361501950597	(69, 0.0035580185603324328)
69	113,0.00369200002736	(69, 0.0035580185603324328)
69	33,0.00381366022916	(69, 0.0035580185603324328)
69	4,0.00402312827778	(69, 0.0035580185603324328)
70	3,0.000765753429563	(70, 0.001022875611018353)
70	121,0.000785505865242	(70, 0.001022875611018353)
70	77,0.000996517217862	(70, 0.001022875611018353)
70	11,0.00101289044805	(70, 0.001022875611018353)
70	117,0.00101760551656	(70, 0.001022875611018353)
70	70,0.00102287561102	(70, 0.001022875611018353)
70	132,0.00105002205829	(70, 0.001022875611018353)
70	18,0.00108857578985	(70, 0.001022875611018353)
70	63,0.00108897923946	(70, 0.001022875611018353)
70	162,0.0010984169566	(70, 0.001022875611018353)
71	91,0.00210030896325	(71, 0.0055819105800297211)
71	133,0.00247631854551	(71, 0.0055819105800297211)
71	101,0.00282905380602	(71, 0.0055819105800297211)
71	41,0.00307330304755	(71, 0.0055819105800297211)
71	28,0.00324831588984	(71, 0.0055819105800297211)
71	102,0.00337336187966	(71, 0.0055819105800297211)
71	32,0.00339347114599	(71, 0.0055819105800297211)
71	155,0.0035511285246	(71, 0.0055819105800297211)
71	169,0.00363467194146	(71, 0.0055819105800297211)
71	124,0.0037017692389	(71, 0.0055819105800297211)
72	174,0.00129207424791	(72, 0.0082724358515954017)
72	17,0.00134881515199	(72, 0.0082724358515954017)
72	172,0.00149517862772	(72, 0.0082724358515954017)
72	143,0.00161062727622	(72, 0.0082724358515954017)
72	148,0.00161458937023	(72, 0.0082724358515954017)
72	77,0.00187920818102	(72, 0.0082724358515954017)
72	100,0.00190239356039	(72, 0.0082724358515954017)
72	49,0.00192682676794	(72, 0.0082724358515954017)
72	59,0.00203072857302	(72, 0.0082724358515954017)
72	37,0.0020509866751	(72, 0.0082724358515954017)
73	73,0.000673792928985	(73, 0.00067379292898535673)
73	13,0.000896296911475	(73, 0.00067379292898535673)
73	124,0.00130743420879	(73, 0.00067379292898535673)
73	157,0.00144787764141	(73, 0.00067379292898535673)
73	93,0.00161551043681	(73, 0.00067379292898535673)
73	53,0.00168660428725	(73, 0.00067379292898535673)
73	114,0.00182722775653	(73, 0.00067379292898535673)
73	27,0.00186067689411	(73, 0.00067379292898535673)
73	109,0.00187631168009	(73, 0.00067379292898535673)
73	101,0.00193034578827	(73, 0.00067379292898535673)
74	17,0.000624152480686	(74, 0.0007434789473735056)
74	136,0.000716170490483	(74, 0.0007434789473735056)
74	74,0.000743478947374	(74, 0.0007434789473735056)
74	100,0.000900459258854	(74, 0.0007434789473735056)
74	37,0.00096693998864	(74, 0.0007434789473735056)
74	127,0.00100263200567	(74, 0.0007434789473735056)
74	90,0.00107148069415	(74, 0.0007434789473735056)
74	77,0.00110036041074	(74, 0.0007434789473735056)
74	49,0.00130732261414	(74, 0.0007434789473735056)
74	59,0.00131774033894	(74, 0.0007434789473735056)
75	75,0.00523579973662	(75, 0.0052357997366224334)
75	167,0.00537001302056	(75, 0.0052357997366224334)
75	47,0.00747790955298	(75, 0.0052357997366224334)
75	80,0.0075700367947	(75, 0.0052357997366224334)
75	10,0.00758079057115	(75, 0.0052357997366224334)
75	67,0.00778259920212	(75, 0.0052357997366224334)
75	99,0.0080351253603	(75, 0.0052357997366224334)
75	84,0.00828654548296	(75, 0.0052357997366224334)
75	166,0.00840838787714	(75, 0.0052357997366224334)
75	138,0.00851586081837	(75, 0.0052357997366224334)
76	76,0.000357531514499	(76, 0.00035753151449943206)
76	147,0.000523710063902	(76, 0.00035753151449943206)
76	63,0.000544804783145	(76, 0.00035753151449943206)
76	137,0.00056599514885	(76, 0.00035753151449943206)
76	171,0.000605990994437	(76, 0.00035753151449943206)
76	3,0.000787840534809	(76, 0.00035753151449943206)
76	22,0.000791545531108	(76, 0.00035753151449943206)
76	46,0.00081273966637	(76, 0.00035753151449943206)
76	18,0.00085081814622	(76, 0.00035753151449943206)
76	126,0.000899561904697	(76, 0.00035753151449943206)
77	137,0.000560803501371	(77, 0.0007231941704585696)
77	147,0.000590136080919	(77, 0.0007231941704585696)
77	162,0.000648971197725	(77, 0.0007231941704585696)
77	63,0.000655397465122	(77, 0.0007231941704585696)
77	3,0.00066999250277	(77, 0.0007231941704585696)
77	136,0.000701964607971	(77, 0.0007231941704585696)
77	77,0.000723194170459	(77, 0.0007231941704585696)
77	90,0.00076207707663	(77, 0.0007231941704585696)
77	171,0.000765043941667	(77, 0.0007231941704585696)
77	11,0.000809403730354	(77, 0.0007231941704585696)
78	151,0.000534809715271	(78, 0.00093502635562759599)
78	63,0.000587221037722	(78, 0.00093502635562759599)
78	76,0.000594991779544	(78, 0.00093502635562759599)
78	132,0.000652779146799	(78, 0.00093502635562759599)
78	147,0.000718052495315	(78, 0.00093502635562759599)
78	121,0.000728247662803	(78, 0.00093502635562759599)
78	18,0.000740927513569	(78, 0.00093502635562759599)
78	22,0.000754662279023	(78, 0.00093502635562759599)
78	61,0.000858660343666	(78, 0.00093502635562759599)
78	23,0.000918785176356	(78, 0.00093502635562759599)
79	79,0.00052260915882	(79, 0.0005226091588204628)
79	4,0.000655024883944	(79, 0.0005226091588204628)
79	69,0.000749905686815	(79, 0.0005226091588204628)
79	40,0.00101985103978	(79, 0.0005226091588204628)
79	56,0.00116251327221	(79, 0.0005226091588204628)
79	25,0.00123622842335	(79, 0.0005226091588204628)
79	148,0.00126374301389	(79, 0.0005226091588204628)
79	34,0.00142179027781	(79, 0.0005226091588204628)
79	17,0.00146022186315	(79, 0.0005226091588204628)
79	15,0.00159291238146	(79, 0.0005226091588204628)
80	80,0.00251901839719	(80, 0.0025190183971869492)
80	51,0.00296346555707	(80, 0.0025190183971869492)
80	167,0.0038558119226	(80, 0.0025190183971869492)
80	32,0.00471624216754	(80, 0.0025190183971869492)
80	169,0.00651845853327	(80, 0.0025190183971869492)
80	160,0.00652989239508	(80, 0.0025190183971869492)
80	39,0.006558327698	(80, 0.0025190183971869492)
80	27,0.0065635179656	(80, 0.0025190183971869492)
80	58,0.00666871264279	(80, 0.0025190183971869492)
80	165,0.00683624338577	(80, 0.0025190183971869492)
81	81,0.000616059566819	(81, 0.00061605956681946579)
81	121,0.000814286727181	(81, 0.00061605956681946579)
81	132,0.000843517098585	(81, 0.00061605956681946579)
81	11,0.000845074801852	(81, 0.00061605956681946579)
81	3,0.000874884322352	(81, 0.00061605956681946579)
81	117,0.000913559655452	(81, 0.00061605956681946579)
81	22,0.0009246485741	(81, 0.00061605956681946579)
81	151,0.00104527765266	(81, 0.00061605956681946579)
81	76,0.0010897598601	(81, 0.00061605956681946579)
81	18,0.00112013018137	(81, 0.00061605956681946579)
82	24,0.00189056836511	(82, 0.0033365625846013425)
82	12,0.00191703426485	(82, 0.0033365625846013425)
82	105,0.00196366878624	(82, 0.0033365625846013425)
82	38,0.00208585561403	(82, 0.0033365625846013425)
82	27,0.00209603789236	(82, 0.0033365625846013425)
82	107,0.00210659630109	(82, 0.0033365625846013425)
82	13,0.00215157097026	(82, 0.0033365625846013425)
82	50,0.00229672327351	(82, 0.0033365625846013425)
82	73,0.00231031373823	(82, 0.0033365625846013425)
82	164,0.0023736084617	(82, 0.0033365625846013425)
83	13,0.000855311761784	(83, 0.0011172159513729179)
83	161,0.000940575953663	(83, 0.0011172159513729179)
83	155,0.000992660799131	(83, 0.0011172159513729179)
83	65,0.00102823701552	(83, 0.0011172159513729179)
83	83,0.00111721595137	(83, 0.0011172159513729179)
83	71,0.00116498592359	(83, 0.0011172159513729179)
83	11,0.00117840674064	(83, 0.0011172159513729179)
83	1,0.00132679115859	(83, 0.0011172159513729179)
83	17,0.00132753179207	(83, 0.0011172159513729179)
83	3,0.00144409425412	(83, 0.0011172159513729179)
84	84,0.00272930509455	(84, 0.0027293050945487668)
84	67,0.00292650707006	(84, 0.0027293050945487668)
84	166,0.00297503004994	(84, 0.0027293050945487668)
84	169,0.00327827862884	(84, 0.0027293050945487668)
84	140,0.00373158508109	(84, 0.0027293050945487668)
84	99,0.0038397066773	(84, 0.0027293050945487668)
84	156,0.00420285314537	(84, 0.0027293050945487668)
84	109,0.00422141249234	(84, 0.0027293050945487668)
84	144,0.00432330453938	(84, 0.0027293050945487668)
84	149,0.00434022107376	(84, 0.0027293050945487668)
85	67,0.00257500902099	(85, 0.0043074461923194481)
85	140,0.00402612539615	(85, 0.0043074461923194481)
85	85,0.00430744619232	(85, 0.0043074461923194481)
85	149,0.00458182160035	(85, 0.0043074461923194481)
85	166,0.00461784302876	(85, 0.0043074461923194481)
85	84,0.00477758039998	(85, 0.0043074461923194481)
85	169,0.00498053356272	(85, 0.0043074461923194481)
85	144,0.00550171914091	(85, 0.0043074461923194481)
85	99,0.00568524751539	(85, 0.0043074461923194481)
85	93,0.00585064620317	(85, 0.0043074461923194481)
86	86,0.000604707222095	(86, 0.00060470722209496201)
86	137,0.000636673273091	(86, 0.00060470722209496201)
86	76,0.000860890618611	(86, 0.00060470722209496201)
86	11,0.000896218409619	(86, 0.00060470722209496201)
86	117,0.000897029414147	(86, 0.00060470722209496201)
86	162,0.000897951150314	(86, 0.00060470722209496201)
86	126,0.00090653541723	(86, 0.00060470722209496201)
86	3,0.000910981855175	(86, 0.00060470722209496201)
86	171,0.000913208411419	(86, 0.00060470722209496201)
86	12,0.00097676878473	(86, 0.00060470722209496201)
87	1,0.0010068091885	(87, 0.0025002588048950525)
87	26,0.0010380928275	(87, 0.0025002588048950525)
87	78,0.00119852085782	(87, 0.0025002588048950525)
87	121,0.00120992215216	(87, 0.0025002588048950525)
87	71,0.00123126247844	(87, 0.0025002588048950525)
87	20,0.00133982021571	(87, 0.0025002588048950525)
87	89,0.00138343850745	(87, 0.0025002588048950525)
87	155,0.00140701074747	(87, 0.0025002588048950525)
87	41,0.00140819055025	(87, 0.0025002588048950525)
87	61,0.00142994685718	(87, 0.0025002588048950525)
88	147,0.000513083554792	(88, 0.00061216690507808001)
88	76,0.000608746604275	(88, 0.00061216690507808001)
88	88,0.000612166905078	(88, 0.00061216690507808001)
88	63,0.00067313585698	(88, 0.00061216690507808001)
88	18,0.000686819964543	(88, 0.00061216690507808001)
88	22,0.000767937937556	(88, 0.00061216690507808001)
88	117,0.000794192745545	(88, 0.00061216690507808001)
88	132,0.000809960462373	(88, 0.00061216690507808001)
88	70,0.000926352236299	(88, 0.00061216690507808001)
88	139,0.000931641241857	(88, 0.00061216690507808001)
89	124,0.000841660290261	(89, 0.0013921134260735637)
89	155,0.00109847270609	(89, 0.0013921134260735637)
89	53,0.00136995050999	(89, 0.0013921134260735637)
89	89,0.00139211342607	(89, 0.0013921134260735637)
89	1,0.00143152095602	(89, 0.0013921134260735637)
89	20,0.00162879736363	(89, 0.0013921134260735637)
89	73,0.00173290728206	(89, 0.0013921134260735637)
89	71,0.00181662345505	(89, 0.0013921134260735637)
89	28,0.0018642877317	(89, 0.0013921134260735637)
89	13,0.00195117172487	(89, 0.0013921134260735637)
90	90,0.000425076676729	(90, 0.00042507667672909364)
90	162,0.000822897871901	(90, 0.00042507667672909364)
90	11,0.000851804921547	(90, 0.00042507667672909364)
90	137,0.000931182432841	(90, 0.00042507667672909364)
90	81,0.000984012285395	(90, 0.00042507667672909364)
90	96,0.00100296047424	(90, 0.00042507667672909364)
90	172,0.0010507057462	(90, 0.00042507667672909364)
90	136,0.00107774838498	(90, 0.00042507667672909364)
90	117,0.00110010829016	(90, 0.00042507667672909364)
90	112,0.00110036825114	(90, 0.00042507667672909364)
91	133,0.00179669252356	(91, 0.0028966383396243907)
91	91,0.00289663833962	(91, 0.0028966383396243907)
91	130,0.00385240216501	(91, 0.0028966383396243907)
91	103,0.00466708009987	(91, 0.0028966383396243907)
91	51,0.00502604529806	(91, 0.0028966383396243907)
91	66,0.00513351812944	(91, 0.0028966383396243907)
91	102,0.00553449238487	(91, 0.0028966383396243907)
91	34,0.00558052658409	(91, 0.0028966383396243907)
91	53,0.00574377960843	(91, 0.0028966383396243907)
91	114,0.00584364085045	(91, 0.0028966383396243907)
92	78,0.000825244454697	(92, 0.0023624747090700868)
92	128,0.00121530626953	(92, 0.0023624747090700868)
92	24,0.00125964499495	(92, 0.0023624747090700868)
92	61,0.00126826083178	(92, 0.0023624747090700868)
92	158,0.00134489536147	(92, 0.0023624747090700868)
92	107,0.00143637050599	(92, 0.0023624747090700868)
92	12,0.00147716651018	(92, 0.0023624747090700868)
92	26,0.0014867550424	(92, 0.0023624747090700868)
92	22,0.00162850284577	(92, 0.0023624747090700868)
92	27,0.00165512139463	(92, 0.0023624747090700868)
93	93,0.000831977598295	(93, 0.00083197759829476813)
93	22,0.000900017433063	(93, 0.00083197759829476813)
93	132,0.000958905457621	(93, 0.00083197759829476813)
93	3,0.001001991558	(93, 0.00083197759829476813)
93	128,0.00106476293736	(93, 0.00083197759829476813)
93	121,0.00119264343212	(93, 0.00083197759829476813)
93	158,0.00121578491057	(93, 0.00083197759829476813)
93	12,0.00123970318115	(93, 0.00083197759829476813)
93	76,0.0012603931838	(93, 0.00083197759829476813)
93	81,0.00127827809992	(93, 0.00083197759829476813)
94	94,0.00117966668512	(94, 0.0011796666851159614)
94	83,0.00224977334664	(94, 0.0011796666851159614)
94	155,0.00273236418197	(94, 0.0011796666851159614)
94	15,0.00297439534803	(94, 0.0011796666851159614)
94	59,0.00304753640973	(94, 0.0011796666851159614)
94	45,0.00332943678864	(94, 0.0011796666851159614)
94	161,0.00333284126921	(94, 0.0011796666851159614)
94	120,0.00335461362609	(94, 0.0011796666851159614)
94	98,0.00354499354699	(94, 0.0011796666851159614)
94	65,0.00356734957514	(94, 0.0011796666851159614)
95	99,0.00119626055078	(95, 0.004194694658805097)
95	107,0.00157013003473	(95, 0.004194694658805097)
95	43,0.00171140084154	(95, 0.004194694658805097)
95	19,0.00180770864912	(95, 0.004194694658805097)
95	27,0.00190735986244	(95, 0.004194694658805097)
95	138,0.00201556436091	(95, 0.004194694658805097)
95	84,0.00212968902485	(95, 0.004194694658805097)
95	128,0.00213682613687	(95, 0.004194694658805097)
95	78,0.00216993504884	(95, 0.004194694658805097)
95	50,0.00230892415582	(95, 0.004194694658805097)
96	96,0.000552905285698	(96, 0.0005529052856976073)
96	17,0.00114859984959	(96, 0.0005529052856976073)
96	13,0.0012159813526	(96, 0.0005529052856976073)
96	162,0.00126454528922	(96, 0.0005529052856976073)
96	11,0.00131042807156	(96, 0.0005529052856976073)
96	161,0.00143955769934	(96, 0.0005529052856976073)
96	119,0.00144027639613	(96, 0.0005529052856976073)
96	143,0.00146068752542	(96, 0.0005529052856976073)
96	112,0.00147789444061	(96, 0.0005529052856976073)
96	4,0.00162597340434	(96, 0.0005529052856976073)
97	69,0.00085068887558	(97, 0.0018662423632155522)
97	172,0.000853982317733	(97, 0.0018662423632155522)
97	40,0.000861819688705	(97, 0.0018662423632155522)
97	120,0.000941249057538	(97, 0.0018662423632155522)
97	17,0.00106437154048	(97, 0.0018662423632155522)
97	79,0.00141873831382	(97, 0.0018662423632155522)
97	4,0.00144461516148	(97, 0.0018662423632155522)
97	3,0.00152203708685	(97, 0.0018662423632155522)
97	56,0.0015898320686	(97, 0.0018662423632155522)
97	77,0.00163760156166	(97, 0.0018662423632155522)
98	98,0.000617000780789	(98, 0.0006170007807887823)
98	40,0.00111320139554	(98, 0.0006170007807887823)
98	15,0.00114124626047	(98, 0.0006170007807887823)
98	25,0.00132697368195	(98, 0.0006170007807887823)
98	154,0.00137285359705	(98, 0.0006170007807887823)
98	172,0.00154737592883	(98, 0.0006170007807887823)
98	49,0.00169153082549	(98, 0.0006170007807887823)
98	174,0.00179841354978	(98, 0.0006170007807887823)
98	83,0.00184766314177	(98, 0.0006170007807887823)
98	69,0.00188646514411	(98, 0.0006170007807887823)
99	84,0.00129346151848	(99, 0.0016674623541265948)
99	144,0.00142280248229	(99, 0.0016674623541265948)
99	93,0.00145282701194	(99, 0.0016674623541265948)
99	159,0.00146045952221	(99, 0.0016674623541265948)
99	128,0.00147886686669	(99, 0.0016674623541265948)
99	78,0.00151925657247	(99, 0.0016674623541265948)
99	73,0.00153963093786	(99, 0.0016674623541265948)
99	109,0.00157134217696	(99, 0.0016674623541265948)
99	38,0.00159874988082	(99, 0.0016674623541265948)
99	12,0.00159967110905	(99, 0.0016674623541265948)
100	100,0.000460376460608	(100, 0.00046037646060779444)
100	74,0.000730956882843	(100, 0.00046037646060779444)
100	77,0.000780358051587	(100, 0.00046037646060779444)
100	21,0.000886287792732	(100, 0.00046037646060779444)
100	127,0.00093379662848	(100, 0.00046037646060779444)
100	37,0.000966639319995	(100, 0.00046037646060779444)
100	49,0.000988651521403	(100, 0.00046037646060779444)
100	136,0.000995602331601	(100, 0.00046037646060779444)
100	17,0.00106171664644	(100, 0.00046037646060779444)
100	11,0.00106214738254	(100, 0.00046037646060779444)
101	101,0.00140948311182	(101, 0.001409483111819566)
101	1,0.00147744513209	(101, 0.001409483111819566)
101	13,0.00157699368715	(101, 0.001409483111819566)
101	60,0.00160686919257	(101, 0.001409483111819566)
101	73,0.0016152254592	(101, 0.001409483111819566)
101	69,0.00165412862499	(101, 0.001409483111819566)
101	29,0.00166679627465	(101, 0.001409483111819566)
101	124,0.00166692406309	(101, 0.001409483111819566)
101	4,0.00182086616588	(101, 0.001409483111819566)
101	79,0.00184704433681	(101, 0.001409483111819566)
102	91,0.0017783467404	(102, 0.0019778467211761068)
102	41,0.00186691032054	(102, 0.0019778467211761068)
102	114,0.00197066340854	(102, 0.0019778467211761068)
102	102,0.00197784672118	(102, 0.0019778467211761068)
102	101,0.00207952357813	(102, 0.0019778467211761068)
102	155,0.00208218613804	(102, 0.0019778467211761068)
102	110,0.00217400733154	(102, 0.0019778467211761068)
102	1,0.00223538882137	(102, 0.0019778467211761068)
102	103,0.00230041679569	(102, 0.0019778467211761068)
102	53,0.00241099205686	(102, 0.0019778467211761068)
103	103,0.00127494208452	(103, 0.001274942084522349)
103	73,0.00222686840381	(103, 0.001274942084522349)
103	51,0.00234173200662	(103, 0.001274942084522349)
103	101,0.00246464191225	(103, 0.001274942084522349)
103	91,0.00250215993184	(103, 0.001274942084522349)
103	114,0.00278666640144	(103, 0.001274942084522349)
103	93,0.00281777312081	(103, 0.001274942084522349)
103	39,0.00285522362265	(103, 0.001274942084522349)
103	30,0.00287032543924	(103, 0.001274942084522349)
103	27,0.00292594912841	(103, 0.001274942084522349)
104	124,0.000934720609886	(104, 0.001769565744451131)
104	93,0.00122911981762	(104, 0.001769565744451131)
104	119,0.0014020008428	(104, 0.001769565744451131)
104	73,0.0014718398235	(104, 0.001769565744451131)
104	81,0.00147536092353	(104, 0.001769565744451131)
104	11,0.00157429373881	(104, 0.001769565744451131)
104	115,0.00157917257548	(104, 0.001769565744451131)
104	3,0.00168777399435	(104, 0.001769565744451131)
104	104,0.00176956574445	(104, 0.001769565744451131)
104	13,0.00187205094178	(104, 0.001769565744451131)
105	43,0.00161519638076	(105, 0.0025233371130521935)
105	27,0.00162042299492	(105, 0.0025233371130521935)
105	19,0.00164921453111	(105, 0.0025233371130521935)
105	24,0.00190949806115	(105, 0.0025233371130521935)
105	38,0.00201838810432	(105, 0.0025233371130521935)
105	107,0.00203076444119	(105, 0.0025233371130521935)
105	99,0.00222862646352	(105, 0.0025233371130521935)
105	50,0.00237546381381	(105, 0.0025233371130521935)
105	61,0.00238578512708	(105, 0.0025233371130521935)
105	105,0.00252333711305	(105, 0.0025233371130521935)
106	106,0.000729239101912	(106, 0.00072923910191248921)
106	116,0.00160582338111	(106, 0.00072923910191248921)
106	174,0.00177127514409	(106, 0.00072923910191248921)
106	13,0.00211661459909	(106, 0.00072923910191248921)
106	2,0.00212125077309	(106, 0.00072923910191248921)
106	157,0.00213297493759	(106, 0.00072923910191248921)
106	93,0.00213806830272	(106, 0.00072923910191248921)
106	156,0.00217787365462	(106, 0.00072923910191248921)
106	54,0.00227713204856	(106, 0.00072923910191248921)
106	172,0.00228200918414	(106, 0.00072923910191248921)
107	107,0.000950807532648	(107, 0.00095080753264770515)
107	22,0.00101796018853	(107, 0.00095080753264770515)
107	26,0.00104508076665	(107, 0.00095080753264770515)
107	78,0.00106356847819	(107, 0.00095080753264770515)
107	139,0.00113787788242	(107, 0.00095080753264770515)
107	158,0.00118913218581	(107, 0.00095080753264770515)
107	61,0.00119453309211	(107, 0.00095080753264770515)
107	128,0.00125847053297	(107, 0.00095080753264770515)
107	121,0.00127419385868	(107, 0.00095080753264770515)
107	23,0.0013473055636	(107, 0.00095080753264770515)
108	77,0.000977618190582	(108, 0.0024473894251309013)
108	172,0.00127056568356	(108, 0.0024473894251309013)
108	174,0.00138096306197	(108, 0.0024473894251309013)
108	4,0.00155132869016	(108, 0.0024473894251309013)
108	40,0.00157992071988	(108, 0.0024473894251309013)
108	17,0.00175913337872	(108, 0.0024473894251309013)
108	69,0.00176107283826	(108, 0.0024473894251309013)
108	49,0.00182602466265	(108, 0.0024473894251309013)
108	171,0.00183566388102	(108, 0.0024473894251309013)
108	15,0.0018402782349	(108, 0.0024473894251309013)
109	109,0.000895027713938	(109, 0.00089502771393819725)
109	159,0.00092927788489	(109, 0.00089502771393819725)
109	134,0.00126408363201	(109, 0.00089502771393819725)
109	146,0.00128287362453	(109, 0.00089502771393819725)
109	128,0.00128416366699	(109, 0.00089502771393819725)
109	12,0.00131636956021	(109, 0.00089502771393819725)
109	152,0.00155091061585	(109, 0.00089502771393819725)
109	38,0.00157505729793	(109, 0.00089502771393819725)
109	14,0.00158571462928	(109, 0.00089502771393819725)
109	84,0.00161129028794	(109, 0.00089502771393819725)
110	1,0.000953353725267	(110, 0.001661602977048022)
110	121,0.00108473035916	(110, 0.001661602977048022)
110	68,0.00120797593266	(110, 0.001661602977048022)
110	11,0.00132966376708	(110, 0.001661602977048022)
110	26,0.001358778303	(110, 0.001661602977048022)
110	162,0.00149061602956	(110, 0.001661602977048022)
110	71,0.00156131668579	(110, 0.001661602977048022)
110	70,0.00157673336878	(110, 0.001661602977048022)
110	61,0.00158233924487	(110, 0.001661602977048022)
110	3,0.00160141970097	(110, 0.001661602977048022)
111	73,0.000997806201728	(111, 0.0037854247959690584)
111	124,0.00103620072361	(111, 0.0037854247959690584)
111	93,0.00149991052567	(111, 0.0037854247959690584)
111	101,0.00151308226275	(111, 0.0037854247959690584)
111	157,0.00153192781443	(111, 0.0037854247959690584)
111	13,0.00154068260982	(111, 0.0037854247959690584)
111	41,0.00168755163021	(111, 0.0037854247959690584)
111	1,0.00177435831816	(111, 0.0037854247959690584)
111	114,0.00178500835125	(111, 0.0037854247959690584)
111	20,0.00188846566384	(111, 0.0037854247959690584)
112	11,0.000677956299846	(112, 0.000894850310813528)
112	90,0.00070549092774	(112, 0.000894850310813528)
112	3,0.000749954475186	(112, 0.000894850310813528)
112	162,0.000890932920238	(112, 0.000894850310813528)
112	112,0.000894850310814	(112, 0.000894850310813528)
112	21,0.000920131254975	(112, 0.000894850310813528)
112	100,0.000955178282581	(112, 0.000894850310813528)
112	81,0.000974326589419	(112, 0.000894850310813528)
112	77,0.000997406933097	(112, 0.000894850310813528)
112	71,0.00100801301766	(112, 0.000894850310813528)
113	113,0.000883063172661	(113, 0.00088306317266077696)
113	65,0.00188965067367	(113, 0.00088306317266077696)
113	130,0.00221276893126	(113, 0.00088306317266077696)
113	97,0.00287513663986	(113, 0.00088306317266077696)
113	44,0.00287548513777	(113, 0.00088306317266077696)
113	120,0.00290118153127	(113, 0.00088306317266077696)
113	53,0.00305909958917	(113, 0.00088306317266077696)
113	155,0.00323803604829	(113, 0.00088306317266077696)
113	15,0.00329225983489	(113, 0.00088306317266077696)
113	161,0.0034265242783	(113, 0.00088306317266077696)
114	53,0.00101969424648	(114, 0.0012031551803633992)
114	124,0.00106888885379	(114, 0.0012031551803633992)
114	73,0.00117475012804	(114, 0.0012031551803633992)
114	114,0.00120315518036	(114, 0.0012031551803633992)
114	104,0.00162151530584	(114, 0.0012031551803633992)
114	13,0.00169161857529	(114, 0.0012031551803633992)
114	157,0.00170467615725	(114, 0.0012031551803633992)
114	155,0.00177188698615	(114, 0.0012031551803633992)
114	93,0.0018196169016	(114, 0.0012031551803633992)
114	140,0.0018927298106	(114, 0.0012031551803633992)
115	119,0.000945158952609	(115, 0.00099370973443194273)
115	115,0.000993709734432	(115, 0.00099370973443194273)
115	11,0.00114606612842	(115, 0.00099370973443194273)
115	96,0.00132370300764	(115, 0.00099370973443194273)
115	37,0.00146545380203	(115, 0.00099370973443194273)
115	81,0.0014721429489	(115, 0.00099370973443194273)
115	17,0.0015470686267	(115, 0.00099370973443194273)
115	3,0.00164511885929	(115, 0.00099370973443194273)
115	136,0.00165366872265	(115, 0.00099370973443194273)
115	4,0.0016883530549	(115, 0.00099370973443194273)
116	116,0.000714880962969	(116, 0.00071488096296875908)
116	93,0.000795608727901	(116, 0.00071488096296875908)
116	73,0.00156299618847	(116, 0.00071488096296875908)
116	144,0.00157162825582	(116, 0.00071488096296875908)
116	109,0.00163040055291	(116, 0.00071488096296875908)
116	156,0.00181231621659	(116, 0.00071488096296875908)
116	128,0.00188721396255	(116, 0.00071488096296875908)
116	124,0.00189261724835	(116, 0.00071488096296875908)
116	159,0.00191103047823	(116, 0.00071488096296875908)
116	131,0.00193873940726	(116, 0.00071488096296875908)
117	117,0.000329260595697	(117, 0.00032926059569692023)
117	21,0.000711523045548	(117, 0.00032926059569692023)
117	71,0.00075478285769	(117, 0.00032926059569692023)
117	11,0.000906161300856	(117, 0.00032926059569692023)
117	121,0.000985880414694	(117, 0.00032926059569692023)
117	81,0.00101714400821	(117, 0.00032926059569692023)
117	162,0.00102044738154	(117, 0.00032926059569692023)
117	22,0.00104422717301	(117, 0.00032926059569692023)
117	76,0.00106360475586	(117, 0.00032926059569692023)
117	3,0.00108772381467	(117, 0.00032926059569692023)
118	34,0.00237647169586	(118, 0.0024278522905160616)
118	118,0.00242785229052	(118, 0.0024278522905160616)
118	33,0.00257246336833	(118, 0.0024278522905160616)
118	113,0.0026955090422	(118, 0.0024278522905160616)
118	130,0.00270924882672	(118, 0.0024278522905160616)
118	69,0.00312630448363	(118, 0.0024278522905160616)
118	15,0.00314530969675	(118, 0.0024278522905160616)
118	65,0.00320393066852	(118, 0.0024278522905160616)
118	25,0.00328362687228	(118, 0.0024278522905160616)
118	45,0.0035569476252	(118, 0.0024278522905160616)
119	120,0.00104070860764	(119, 0.0013528722335742769)
119	119,0.00135287223357	(119, 0.0013528722335742769)
119	69,0.00145458409144	(119, 0.0013528722335742769)
119	40,0.00149638782342	(119, 0.0013528722335742769)
119	17,0.00154031922125	(119, 0.0013528722335742769)
119	124,0.0015796354463	(119, 0.0013528722335742769)
119	97,0.00160150347257	(119, 0.0013528722335742769)
119	4,0.0016523473281	(119, 0.0013528722335742769)
119	172,0.00167470196336	(119, 0.0013528722335742769)
119	123,0.00172650843136	(119, 0.0013528722335742769)
120	120,0.000815690716079	(120, 0.00081569071607861176)
120	65,0.00120670668469	(120, 0.00081569071607861176)
120	161,0.00138633643883	(120, 0.00081569071607861176)
120	44,0.00145619584879	(120, 0.00081569071607861176)
120	155,0.00151578154757	(120, 0.00081569071607861176)
120	53,0.00161743272906	(120, 0.00081569071607861176)
120	97,0.00181200656487	(120, 0.00081569071607861176)
120	124,0.00181534002633	(120, 0.00081569071607861176)
120	13,0.00188400443663	(120, 0.00081569071607861176)
120	83,0.00201719014159	(120, 0.00081569071607861176)
121	121,0.000676452951714	(121, 0.00067645295171405914)
121	22,0.000870869503572	(121, 0.00067645295171405914)
121	1,0.000925073631883	(121, 0.00067645295171405914)
121	78,0.00097056451665	(121, 0.00067645295171405914)
121	26,0.00103627562148	(121, 0.00067645295171405914)
121	11,0.0012089142841	(121, 0.00067645295171405914)
121	128,0.00126453381092	(121, 0.00067645295171405914)
121	73,0.00126517280902	(121, 0.00067645295171405914)
121	61,0.00133815903135	(121, 0.00067645295171405914)
121	132,0.00133831237236	(121, 0.00067645295171405914)
122	122,0.00137235078049	(122, 0.0013723507804887785)
122	174,0.00161501429033	(122, 0.0013723507804887785)
122	154,0.00180970090917	(122, 0.0013723507804887785)
122	2,0.00209445645131	(122, 0.0013723507804887785)
122	69,0.00233407170671	(122, 0.0013723507804887785)
122	48,0.00256136763894	(122, 0.0013723507804887785)
122	116,0.00257070654998	(122, 0.0013723507804887785)
122	4,0.00270965331477	(122, 0.0013723507804887785)
122	56,0.00284909972181	(122, 0.0013723507804887785)
122	172,0.0028924098209	(122, 0.0013723507804887785)
123	123,0.000961597082916	(123, 0.00096159708291614684)
123	172,0.00101183542569	(123, 0.00096159708291614684)
123	81,0.00134003432693	(123, 0.00096159708291614684)
123	146,0.00142575559699	(123, 0.00096159708291614684)
123	40,0.00156365098868	(123, 0.00096159708291614684)
123	119,0.00157550168771	(123, 0.00096159708291614684)
123	90,0.00161067118014	(123, 0.00096159708291614684)
123	115,0.00169351765522	(123, 0.00096159708291614684)
123	137,0.00173459636278	(123, 0.00096159708291614684)
123	37,0.00179170142791	(123, 0.00096159708291614684)
124	124,0.0014443331932	(124, 0.0014443331932019667)
124	101,0.00213265148097	(124, 0.0014443331932019667)
124	41,0.00231095786385	(124, 0.0014443331932019667)
124	169,0.00235417582763	(124, 0.0014443331932019667)
124	157,0.00250922948646	(124, 0.0014443331932019667)
124	73,0.0025623135409	(124, 0.0014443331932019667)
124	53,0.00256694747442	(124, 0.0014443331932019667)
124	155,0.00264179805509	(124, 0.0014443331932019667)
124	114,0.00264864906263	(124, 0.0014443331932019667)
124	140,0.00267159957556	(124, 0.0014443331932019667)
125	13,0.00182607515117	(125, 0.0027387490606723278)
125	73,0.00211137277227	(125, 0.0027387490606723278)
125	114,0.00230664853338	(125, 0.0027387490606723278)
125	65,0.00243218210997	(125, 0.0027387490606723278)
125	68,0.00251879078127	(125, 0.0027387490606723278)
125	155,0.00252588276759	(125, 0.0027387490606723278)
125	61,0.00257707504461	(125, 0.0027387490606723278)
125	16,0.00265127425288	(125, 0.0027387490606723278)
125	23,0.00266774481149	(125, 0.0027387490606723278)
125	29,0.00271019710553	(125, 0.0027387490606723278)
126	126,0.00092803272303	(126, 0.00092803272303018376)
126	121,0.00114025500709	(126, 0.00092803272303018376)
126	128,0.00116049346128	(126, 0.00092803272303018376)
126	81,0.00116330995248	(126, 0.00092803272303018376)
126	12,0.00118723247689	(126, 0.00092803272303018376)
126	132,0.00120988515781	(126, 0.00092803272303018376)
126	22,0.00121978197854	(126, 0.00092803272303018376)
126	3,0.00128155003535	(126, 0.00092803272303018376)
126	11,0.00132628876309	(126, 0.00092803272303018376)
126	78,0.00133791192038	(126, 0.00092803272303018376)
127	17,0.000588103207749	(127, 0.00089197362207693554)
127	74,0.00075484766936	(127, 0.00089197362207693554)
127	136,0.000777572232212	(127, 0.00089197362207693554)
127	127,0.000891973622077	(127, 0.00089197362207693554)
127	100,0.000898098133858	(127, 0.00089197362207693554)
127	59,0.00100205709522	(127, 0.00089197362207693554)
127	77,0.00104422959467	(127, 0.00089197362207693554)
127	37,0.00112182557523	(127, 0.00089197362207693554)
127	49,0.00122738676794	(127, 0.00089197362207693554)
127	172,0.00151255832553	(127, 0.00089197362207693554)
128	128,0.000674517374368	(128, 0.00067451737436802336)
128	159,0.000965150317558	(128, 0.00067451737436802336)
128	12,0.000965553168262	(128, 0.00067451737436802336)
128	55,0.0011456305458	(128, 0.00067451737436802336)
128	78,0.00117446801054	(128, 0.00067451737436802336)
128	50,0.00125757177754	(128, 0.00067451737436802336)
128	121,0.00137422084787	(128, 0.00067451737436802336)
128	152,0.00138596685718	(128, 0.00067451737436802336)
128	158,0.00141043168062	(128, 0.00067451737436802336)
128	22,0.00141491621654	(128, 0.00067451737436802336)
129	49,0.00145052981621	(129, 0.0023678044661445772)
129	98,0.00152330634684	(129, 0.0023678044661445772)
129	59,0.00216918801716	(129, 0.0023678044661445772)
129	100,0.00217311313886	(129, 0.0023678044661445772)
129	83,0.00220085438886	(129, 0.0023678044661445772)
129	94,0.00220689095379	(129, 0.0023678044661445772)
129	15,0.00227301302971	(129, 0.0023678044661445772)
129	77,0.00229657819585	(129, 0.0023678044661445772)
129	129,0.00236780446614	(129, 0.0023678044661445772)
129	25,0.00253398269442	(129, 0.0023678044661445772)
130	130,0.0021143765814	(130, 0.0021143765813974331)
130	65,0.0022887967431	(130, 0.0021143765813974331)
130	34,0.00233233915212	(130, 0.0021143765813974331)
130	13,0.00238461016544	(130, 0.0021143765813974331)
130	91,0.00254335036481	(130, 0.0021143765813974331)
130	155,0.00261882011312	(130, 0.0021143765813974331)
130	28,0.00263407119233	(130, 0.0021143765813974331)
130	53,0.00270642552281	(130, 0.0021143765813974331)
130	33,0.00271430899994	(130, 0.0021143765813974331)
130	15,0.0027773837545	(130, 0.0021143765813974331)
131	116,0.00166083640443	(131, 0.0019313257115037659)
131	166,0.00171567800977	(131, 0.0019313257115037659)
131	131,0.0019313257115	(131, 0.0019313257115037659)
131	72,0.0021482595653	(131, 0.0019313257115037659)
131	104,0.00242623457096	(131, 0.0019313257115037659)
131	144,0.00246629958294	(131, 0.0019313257115037659)
131	84,0.00269866371283	(131, 0.0019313257115037659)
131	156,0.00273849949909	(131, 0.0019313257115037659)
131	93,0.0028975197059	(131, 0.0019313257115037659)
131	165,0.00306383508684	(131, 0.0019313257115037659)
132	132,0.000591588269685	(132, 0.00059158826968475813)
132	18,0.000613870837752	(132, 0.00059158826968475813)
132	22,0.00061763195368	(132, 0.00059158826968475813)
132	139,0.000703136494462	(132, 0.00059158826968475813)
132	158,0.000757345557532	(132, 0.00059158826968475813)
132	76,0.000785574824167	(132, 0.00059158826968475813)
132	46,0.000804024592822	(132, 0.00059158826968475813)
132	147,0.000888556828278	(132, 0.00059158826968475813)
132	121,0.000888731754944	(132, 0.00059158826968475813)
132	151,0.000903885455732	(132, 0.00059158826968475813)
133	133,0.000913054832936	(133, 0.00091305483293581575)
133	34,0.00199305635566	(133, 0.00091305483293581575)
133	91,0.00212866165174	(133, 0.00091305483293581575)
133	130,0.00232168680615	(133, 0.00091305483293581575)
133	103,0.00250309091794	(133, 0.00091305483293581575)
133	102,0.00270306216842	(133, 0.00091305483293581575)
133	114,0.00284333380837	(133, 0.00091305483293581575)
133	53,0.00288598446034	(133, 0.00091305483293581575)
133	101,0.00290716463285	(133, 0.00091305483293581575)
133	65,0.00292839092899	(133, 0.00091305483293581575)
134	121,0.000805622999899	(134, 0.0012223737852491258)
134	128,0.000873624013877	(134, 0.0012223737852491258)
134	78,0.000914770895789	(134, 0.0012223737852491258)
134	22,0.00122058775474	(134, 0.0012223737852491258)
134	134,0.00122237378525	(134, 0.0012223737852491258)
134	73,0.00123553185939	(134, 0.0012223737852491258)
134	18,0.00137345583622	(134, 0.0012223737852491258)
134	109,0.00142691778588	(134, 0.0012223737852491258)
134	26,0.00147406892069	(134, 0.0012223737852491258)
134	61,0.00156938368649	(134, 0.0012223737852491258)
135	147,0.000485439783178	(135, 0.00067363333976174086)
135	135,0.000673633339762	(135, 0.00067363333976174086)
135	76,0.000674647567739	(135, 0.00067363333976174086)
135	63,0.00067569647721	(135, 0.00067363333976174086)
135	137,0.000756513024448	(135, 0.00067363333976174086)
135	162,0.000885041782701	(135, 0.00067363333976174086)
135	171,0.000957027598613	(135, 0.00067363333976174086)
135	77,0.000962461299082	(135, 0.00067363333976174086)
135	136,0.00105961669814	(135, 0.00067363333976174086)
135	23,0.00109741028132	(135, 0.00067363333976174086)
136	136,0.00127232010562	(136, 0.0012723201056168269)
136	54,0.00130537177481	(136, 0.0012723201056168269)
136	121,0.0013458286812	(136, 0.0012723201056168269)
136	126,0.00138839967131	(136, 0.0012723201056168269)
136	78,0.00147510520679	(136, 0.0012723201056168269)
136	132,0.00159316717616	(136, 0.0012723201056168269)
136	3,0.00162834328581	(136, 0.0012723201056168269)
136	11,0.00163011672384	(136, 0.0012723201056168269)
136	119,0.00171306973659	(136, 0.0012723201056168269)
136	151,0.00171341370605	(136, 0.0012723201056168269)
137	137,0.000392805509299	(137, 0.00039280550929937289)
137	63,0.000558332446167	(137, 0.00039280550929937289)
137	147,0.000566664775966	(137, 0.00039280550929937289)
137	3,0.000723141052839	(137, 0.00039280550929937289)
137	171,0.000800817252633	(137, 0.00039280550929937289)
137	76,0.00082454944216	(137, 0.00039280550929937289)
137	90,0.000832098510694	(137, 0.00039280550929937289)
137	77,0.000864525031664	(137, 0.00039280550929937289)
137	136,0.000880830232207	(137, 0.00039280550929937289)
137	117,0.000952362937181	(137, 0.00039280550929937289)
138	78,0.00105197611991	(138, 0.0011630330018842872)
138	107,0.00109417422035	(138, 0.0011630330018842872)
138	128,0.00113540355922	(138, 0.0011630330018842872)
138	138,0.00116303300188	(138, 0.0011630330018842872)
138	158,0.00136531897339	(138, 0.0011630330018842872)
138	73,0.00156610114351	(138, 0.0011630330018842872)
138	99,0.00163042220855	(138, 0.0011630330018842872)
138	84,0.00174740041883	(138, 0.0011630330018842872)
138	22,0.0018060530467	(138, 0.0011630330018842872)
138	109,0.00186643543295	(138, 0.0011630330018842872)
139	139,0.000283023094592	(139, 0.00028302309459176381)
139	46,0.000628892931037	(139, 0.00028302309459176381)
139	18,0.00083734090401	(139, 0.00028302309459176381)
139	76,0.000845880723921	(139, 0.00028302309459176381)
139	151,0.000924342402826	(139, 0.00028302309459176381)
139	22,0.000971271702218	(139, 0.00028302309459176381)
139	132,0.00101061584613	(139, 0.00028302309459176381)
139	171,0.00106262831898	(139, 0.00028302309459176381)
139	63,0.00111821445752	(139, 0.00028302309459176381)
139	35,0.00112113609204	(139, 0.00028302309459176381)
140	93,0.00133780498049	(140, 0.001654281050251818)
140	73,0.00135421917826	(140, 0.001654281050251818)
140	69,0.00138790256318	(140, 0.001654281050251818)
140	124,0.00140049967943	(140, 0.001654281050251818)
140	140,0.00165428105025	(140, 0.001654281050251818)
140	157,0.0016880661449	(140, 0.001654281050251818)
140	116,0.00171966876508	(140, 0.001654281050251818)
140	13,0.00183689724567	(140, 0.001654281050251818)
140	53,0.00184954929712	(140, 0.001654281050251818)
140	104,0.00186343491152	(140, 0.001654281050251818)
141	141,0.00272914978052	(141, 0.0027291497805162455)
141	124,0.00283914478107	(141, 0.0027291497805162455)
141	33,0.00308087917545	(141, 0.0027291497805162455)
141	48,0.00331492922635	(141, 0.0027291497805162455)
141	4,0.00339340495444	(141, 0.0027291497805162455)
141	155,0.00342791138529	(141, 0.0027291497805162455)
141	97,0.00349094891934	(141, 0.0027291497805162455)
141	2,0.00363983063446	(141, 0.0027291497805162455)
141	53,0.00365235949696	(141, 0.0027291497805162455)
141	120,0.00381469872264	(141, 0.0027291497805162455)
142	61,0.00165719351383	(142, 0.00495777898270455)
142	12,0.00173425222421	(142, 0.00495777898270455)
142	105,0.00182118714457	(142, 0.00495777898270455)
142	23,0.00191049098267	(142, 0.00495777898270455)
142	38,0.00194493567465	(142, 0.00495777898270455)
142	16,0.00197165774508	(142, 0.00495777898270455)
142	162,0.0021146929347	(142, 0.00495777898270455)
142	55,0.00216981387793	(142, 0.00495777898270455)
142	78,0.00217691622057	(142, 0.00495777898270455)
142	29,0.00217859355741	(142, 0.00495777898270455)
143	143,0.000504642755785	(143, 0.0005046427557853601)
143	3,0.000686391673392	(143, 0.0005046427557853601)
143	112,0.000743222414882	(143, 0.0005046427557853601)
143	11,0.000813840740262	(143, 0.0005046427557853601)
143	137,0.000827749022301	(143, 0.0005046427557853601)
143	162,0.000834559107078	(143, 0.0005046427557853601)
143	90,0.000902216028218	(143, 0.0005046427557853601)
143	17,0.000945629589232	(143, 0.0005046427557853601)
143	150,0.000982940856352	(143, 0.0005046427557853601)
143	21,0.00104025014985	(143, 0.0005046427557853601)
144	144,0.000861502734782	(144, 0.00086150273478173827)
144	38,0.00178968484741	(144, 0.00086150273478173827)
144	14,0.0018884734038	(144, 0.00086150273478173827)
144	12,0.00203060821244	(144, 0.00086150273478173827)
144	156,0.00214591738536	(144, 0.00086150273478173827)
144	50,0.00216737560199	(144, 0.00086150273478173827)
144	27,0.00236758712557	(144, 0.00086150273478173827)
144	145,0.00239298619608	(144, 0.00086150273478173827)
144	116,0.00244594662856	(144, 0.00086150273478173827)
144	109,0.00245909492388	(144, 0.00086150273478173827)
145	78,0.00124012472648	(145, 0.0012578677811641078)
145	145,0.00125786778116	(145, 0.0012578677811641078)
145	158,0.00127050252054	(145, 0.0012578677811641078)
145	128,0.0012982283822	(145, 0.0012578677811641078)
145	38,0.00130295729799	(145, 0.0012578677811641078)
145	24,0.00142702238405	(145, 0.0012578677811641078)
145	55,0.00149250083597	(145, 0.0012578677811641078)
145	12,0.00166814599459	(145, 0.0012578677811641078)
145	14,0.00178835979697	(145, 0.0012578677811641078)
145	22,0.00180082238273	(145, 0.0012578677811641078)
146	146,0.000458313125909	(146, 0.00045831312590906747)
146	159,0.000961284641821	(146, 0.00045831312590906747)
146	12,0.0013474908396	(146, 0.00045831312590906747)
146	132,0.00155856291352	(146, 0.00045831312590906747)
146	137,0.00156342948768	(146, 0.00045831312590906747)
146	81,0.00156690057065	(146, 0.00045831312590906747)
146	18,0.00158111224436	(146, 0.00045831312590906747)
146	46,0.00158140237725	(146, 0.00045831312590906747)
146	3,0.00165609326004	(146, 0.00045831312590906747)
146	172,0.00166217545905	(146, 0.00045831312590906747)
147	76,0.000532756296429	(147, 0.00067722650482708656)
147	63,0.000579392243215	(147, 0.00067722650482708656)
147	147,0.000677226504827	(147, 0.00067722650482708656)
147	151,0.000690335550399	(147, 0.00067722650482708656)
147	121,0.000766276602784	(147, 0.00067722650482708656)
147	22,0.000803649950168	(147, 0.00067722650482708656)
147	23,0.000812061254872	(147, 0.00067722650482708656)
147	18,0.000820785798512	(147, 0.00067722650482708656)
147	132,0.000824042363252	(147, 0.00067722650482708656)
147	61,0.000901797763402	(147, 0.00067722650482708656)
148	148,0.00056642979864	(148, 0.0005664297986397184)
148	17,0.000725462603514	(148, 0.0005664297986397184)
148	143,0.000837490611084	(148, 0.0005664297986397184)
148	90,0.00101733489812	(148, 0.0005664297986397184)
148	100,0.00102927956016	(148, 0.0005664297986397184)
148	112,0.0013413121093	(148, 0.0005664297986397184)
148	49,0.00136708245433	(148, 0.0005664297986397184)
148	172,0.00137142595519	(148, 0.0005664297986397184)
148	37,0.0014951684221	(148, 0.0005664297986397184)
148	3,0.00154112819387	(148, 0.0005664297986397184)
149	149,0.00161708687703	(149, 0.0016170868770335506)
149	32,0.00323892070757	(149, 0.0016170868770335506)
149	169,0.00337512721625	(149, 0.0016170868770335506)
149	33,0.00367122915032	(149, 0.0016170868770335506)
149	165,0.0051001669941	(149, 0.0016170868770335506)
149	111,0.00535213815284	(149, 0.0016170868770335506)
149	156,0.00535455747031	(149, 0.0016170868770335506)
149	27,0.00548196916367	(149, 0.0016170868770335506)
149	91,0.00564891027703	(149, 0.0016170868770335506)
149	45,0.00564898919376	(149, 0.0016170868770335506)
150	3,0.000423939177648	(150, 0.00087369125009942176)
150	11,0.000636184956031	(150, 0.00087369125009942176)
150	162,0.0007344489205	(150, 0.00087369125009942176)
150	71,0.000750739801172	(150, 0.00087369125009942176)
150	121,0.000782607979225	(150, 0.00087369125009942176)
150	63,0.000849913942165	(150, 0.00087369125009942176)
150	86,0.000866758339324	(150, 0.00087369125009942176)
150	150,0.000873691250099	(150, 0.00087369125009942176)
150	117,0.000888343460059	(150, 0.00087369125009942176)
150	81,0.000910466531941	(150, 0.00087369125009942176)
151	121,0.00054081245815	(151, 0.00077317368536963945)
151	151,0.00077317368537	(151, 0.00077317368536963945)
151	132,0.00082991332843	(151, 0.00077317368536963945)
151	81,0.000883934290039	(151, 0.00077317368536963945)
151	3,0.000906313436421	(151, 0.00077317368536963945)
151	70,0.000981643771533	(151, 0.00077317368536963945)
151	63,0.00103396932718	(151, 0.00077317368536963945)
151	22,0.00103454231661	(151, 0.00077317368536963945)
151	162,0.00108458389975	(151, 0.00077317368536963945)
151	18,0.00108700858005	(151, 0.00077317368536963945)
152	152,0.000893936207073	(152, 0.00089393620707345009)
152	121,0.001000630332	(152, 0.00089393620707345009)
152	88,0.00119562353974	(152, 0.00089393620707345009)
152	18,0.00122344056271	(152, 0.00089393620707345009)
152	117,0.00125554701016	(152, 0.00089393620707345009)
152	35,0.00134391324116	(152, 0.00089393620707345009)
152	12,0.0013791067729	(152, 0.00089393620707345009)
152	22,0.00139284577866	(152, 0.00089393620707345009)
152	139,0.00141844098672	(152, 0.00089393620707345009)
152	73,0.00145552832956	(152, 0.00089393620707345009)
153	133,0.00156906132527	(153, 0.0019882378522634849)
153	153,0.00198823785226	(153, 0.0019882378522634849)
153	34,0.00213547188866	(153, 0.0019882378522634849)
153	91,0.00218072490257	(153, 0.0019882378522634849)
153	130,0.00218725497097	(153, 0.0019882378522634849)
153	102,0.0024612963038	(153, 0.0019882378522634849)
153	103,0.00281344228682	(153, 0.0019882378522634849)
153	28,0.00296010469295	(153, 0.0019882378522634849)
153	30,0.00303466542635	(153, 0.0019882378522634849)
153	53,0.00313961954844	(153, 0.0019882378522634849)
154	154,0.000575720273833	(154, 0.00057572027383296796)
154	174,0.00108178521716	(154, 0.00057572027383296796)
154	40,0.00127350975528	(154, 0.00057572027383296796)
154	172,0.00145974601576	(154, 0.00057572027383296796)
154	4,0.00156194447262	(154, 0.00057572027383296796)
154	69,0.00160174571013	(154, 0.00057572027383296796)
154	56,0.00201501465578	(154, 0.00057572027383296796)
154	2,0.00202151985434	(154, 0.00057572027383296796)
154	17,0.00204566191638	(154, 0.00057572027383296796)
154	15,0.00215153405191	(154, 0.00057572027383296796)
155	11,0.000636814262847	(155, 0.0010779605025719437)
155	71,0.000739723876919	(155, 0.0010779605025719437)
155	162,0.000955445504323	(155, 0.0010779605025719437)
155	121,0.00106196117882	(155, 0.0010779605025719437)
155	155,0.00107796050257	(155, 0.0010779605025719437)
155	1,0.00113503193673	(155, 0.0010779605025719437)
155	117,0.00130572298486	(155, 0.0010779605025719437)
155	3,0.0014019175776	(155, 0.0010779605025719437)
155	86,0.00145823857886	(155, 0.0010779605025719437)
155	21,0.00146310226108	(155, 0.0010779605025719437)
156	156,0.0010268841535	(156, 0.0010268841535005899)
156	73,0.00131759425054	(156, 0.0010268841535005899)
156	109,0.0013493664157	(156, 0.0010268841535005899)
156	144,0.00139216300917	(156, 0.0010268841535005899)
156	93,0.00184538524975	(156, 0.0010268841535005899)
156	27,0.00184762309533	(156, 0.0010268841535005899)
156	84,0.0019119957243	(156, 0.0010268841535005899)
156	131,0.0019226390474	(156, 0.0010268841535005899)
156	116,0.00199248402964	(156, 0.0010268841535005899)
156	50,0.00204469176713	(156, 0.0010268841535005899)
157	22,0.00104279640124	(157, 0.0014461829869696495)
157	93,0.00106284371877	(157, 0.0014461829869696495)
157	12,0.00108078087689	(157, 0.0014461829869696495)
157	3,0.00111162907738	(157, 0.0014461829869696495)
157	126,0.00112873864155	(157, 0.0014461829869696495)
157	73,0.00117578248815	(157, 0.0014461829869696495)
157	128,0.00117774768805	(157, 0.0014461829869696495)
157	121,0.00121589776763	(157, 0.0014461829869696495)
157	132,0.00123311248588	(157, 0.0014461829869696495)
157	81,0.001284760353	(157, 0.0014461829869696495)
158	77,0.000547766029041	(158, 0.0020256187602718518)
158	3,0.000694085102401	(158, 0.0020256187602718518)
158	37,0.000856983527202	(158, 0.0020256187602718518)
158	136,0.000887743779401	(158, 0.0020256187602718518)
158	171,0.000906818599831	(158, 0.0020256187602718518)
158	63,0.00099175963606	(158, 0.0020256187602718518)
158	137,0.000998868418144	(158, 0.0020256187602718518)
158	11,0.00100683886013	(158, 0.0020256187602718518)
158	76,0.00102698715209	(158, 0.0020256187602718518)
158	147,0.00106083527296	(158, 0.0020256187602718518)
159	146,0.000552394880261	(159, 0.0013699558076986935)
159	137,0.000902517958163	(159, 0.0013699558076986935)
159	46,0.000989218998765	(159, 0.0013699558076986935)
159	18,0.000995577273874	(159, 0.0013699558076986935)
159	150,0.00100209499937	(159, 0.0013699558076986935)
159	90,0.00102313419433	(159, 0.0013699558076986935)
159	81,0.00102825487296	(159, 0.0013699558076986935)
159	36,0.00104678931222	(159, 0.0013699558076986935)
159	147,0.00113661334381	(159, 0.0013699558076986935)
159	117,0.00116596686043	(159, 0.0013699558076986935)
160	164,0.00154662614754	(160, 0.0081738382507677513)
160	27,0.00178930649886	(160, 0.0081738382507677513)
160	73,0.00202118014849	(160, 0.0081738382507677513)
160	43,0.00227884584739	(160, 0.0081738382507677513)
160	38,0.0022796089359	(160, 0.0081738382507677513)
160	107,0.00229564971893	(160, 0.0081738382507677513)
160	109,0.00237632453765	(160, 0.0081738382507677513)
160	32,0.00241887793239	(160, 0.0081738382507677513)
160	105,0.00250627748021	(160, 0.0081738382507677513)
160	50,0.00251799412618	(160, 0.0081738382507677513)
161	161,0.000447948105383	(161, 0.00044794810538309579)
161	65,0.00115039299423	(161, 0.00044794810538309579)
161	44,0.00133600604966	(161, 0.00044794810538309579)
161	17,0.00149327366724	(161, 0.00044794810538309579)
161	68,0.00156833655329	(161, 0.00044794810538309579)
161	83,0.00160004704273	(161, 0.00044794810538309579)
161	155,0.00167247361707	(161, 0.00044794810538309579)
161	120,0.00183697799079	(161, 0.00044794810538309579)
161	13,0.00186095005195	(161, 0.00044794810538309579)
161	100,0.00187854712764	(161, 0.00044794810538309579)
162	162,0.000657626605582	(162, 0.00065762660558184359)
162	117,0.000718167117663	(162, 0.00065762660558184359)
162	18,0.000734644884081	(162, 0.00065762660558184359)
162	76,0.000786282872669	(162, 0.00065762660558184359)
162	147,0.000804185882837	(162, 0.00065762660558184359)
162	88,0.000806190437094	(162, 0.00065762660558184359)
162	121,0.000859040184991	(162, 0.00065762660558184359)
162	150,0.000859196711304	(162, 0.00065762660558184359)
162	63,0.000934291043461	(162, 0.00065762660558184359)
162	11,0.00101503885128	(162, 0.00065762660558184359)
163	17,0.00110148366588	(163, 0.00130146810606069)
163	148,0.00121849886231	(163, 0.00130146810606069)
163	172,0.00123964009566	(163, 0.00130146810606069)
163	40,0.00125756698049	(163, 0.00130146810606069)
163	163,0.00130146810606	(163, 0.00130146810606069)
163	100,0.00134490716477	(163, 0.00130146810606069)
163	37,0.00141350820412	(163, 0.00130146810606069)
163	3,0.00144946966225	(163, 0.00130146810606069)
163	83,0.00152833095418	(163, 0.00130146810606069)
163	143,0.00159115646022	(163, 0.00130146810606069)
164	156,0.00146950648837	(164, 0.0017504105236836214)
164	27,0.00165543868876	(164, 0.0017504105236836214)
164	164,0.00175041052368	(164, 0.0017504105236836214)
164	73,0.00180145973321	(164, 0.0017504105236836214)
164	144,0.00194443839862	(164, 0.0017504105236836214)
164	32,0.00197531012017	(164, 0.0017504105236836214)
164	107,0.00222732151084	(164, 0.0017504105236836214)
164	109,0.0022275358951	(164, 0.0017504105236836214)
164	131,0.0022822758308	(164, 0.0017504105236836214)
164	50,0.00250409953263	(164, 0.0017504105236836214)
165	93,0.00126354559779	(165, 0.0017279867494154216)
165	116,0.00165595130035	(165, 0.0017279867494154216)
165	157,0.00171426951664	(165, 0.0017279867494154216)
165	165,0.00172798674942	(165, 0.0017279867494154216)
165	73,0.00195876343004	(165, 0.0017279867494154216)
165	131,0.00196482285428	(165, 0.0017279867494154216)
165	144,0.00199735013725	(165, 0.0017279867494154216)
165	156,0.00221545049686	(165, 0.0017279867494154216)
165	124,0.00225221166865	(165, 0.0017279867494154216)
165	172,0.00259897995292	(165, 0.0017279867494154216)
166	116,0.00157321083594	(166, 0.0021626905728386269)
166	144,0.00171807737314	(166, 0.0021626905728386269)
166	124,0.00198965319503	(166, 0.0021626905728386269)
166	166,0.00216269057284	(166, 0.0021626905728386269)
166	69,0.00221386665629	(166, 0.0021626905728386269)
166	93,0.00227610226617	(166, 0.0021626905728386269)
166	123,0.00235538580035	(166, 0.0021626905728386269)
166	104,0.00236788587882	(166, 0.0021626905728386269)
166	140,0.00236792789246	(166, 0.0021626905728386269)
166	157,0.00237476020721	(166, 0.0021626905728386269)
167	39,0.00243370238999	(167, 0.0027459337026002574)
167	51,0.00246708510027	(167, 0.0027459337026002574)
167	167,0.0027459337026	(167, 0.0027459337026002574)
167	32,0.00318236847118	(167, 0.0027459337026002574)
167	27,0.00331020460502	(167, 0.0027459337026002574)
167	19,0.00341196640581	(167, 0.0027459337026002574)
167	138,0.00364316372313	(167, 0.0027459337026002574)
167	164,0.0041987878073	(167, 0.0027459337026002574)
167	107,0.00434753430991	(167, 0.0027459337026002574)
167	169,0.00443190576426	(167, 0.0027459337026002574)
168	55,0.00110534266293	(168, 0.0016550575610591236)
168	12,0.00113282803699	(168, 0.0016550575610591236)
168	38,0.00138314040646	(168, 0.0016550575610591236)
168	18,0.00150830829064	(168, 0.0016550575610591236)
168	152,0.00158849389027	(168, 0.0016550575610591236)
168	168,0.00165505756106	(168, 0.0016550575610591236)
168	151,0.00166901929405	(168, 0.0016550575610591236)
168	121,0.00170475964922	(168, 0.0016550575610591236)
168	86,0.00177716397157	(168, 0.0016550575610591236)
168	159,0.0019247886795	(168, 0.0016550575610591236)
169	27,0.00192007958956	(169, 0.002019528345309044)
169	169,0.00201952834531	(169, 0.002019528345309044)
169	73,0.00203959530983	(169, 0.002019528345309044)
169	156,0.00209917115598	(169, 0.002019528345309044)
169	99,0.00211130190141	(169, 0.002019528345309044)
169	170,0.00221873277697	(169, 0.002019528345309044)
169	19,0.00223052037663	(169, 0.002019528345309044)
169	109,0.00238589021681	(169, 0.002019528345309044)
169	41,0.00239620536534	(169, 0.002019528345309044)
169	144,0.00257138881732	(169, 0.002019528345309044)
170	170,0.00129236661023	(170, 0.0012923666102348148)
170	99,0.00156717633315	(170, 0.0012923666102348148)
170	27,0.00164795829926	(170, 0.0012923666102348148)
170	19,0.00199590427044	(170, 0.0012923666102348148)
170	144,0.00211174745378	(170, 0.0012923666102348148)
170	73,0.00233940352328	(170, 0.0012923666102348148)
170	84,0.00249604666637	(170, 0.0012923666102348148)
170	0,0.00251261892787	(170, 0.0012923666102348148)
170	109,0.00268203552423	(170, 0.0012923666102348148)
170	114,0.00272650779378	(170, 0.0012923666102348148)
171	156,0.00114595428194	(171, 0.0046273299288596909)
171	27,0.00165848643994	(171, 0.0046273299288596909)
171	73,0.00185764714354	(171, 0.0046273299288596909)
171	164,0.00194081555088	(171, 0.0046273299288596909)
171	32,0.00207428653756	(171, 0.0046273299288596909)
171	107,0.00212212901745	(171, 0.0046273299288596909)
171	144,0.00229270087971	(171, 0.0046273299288596909)
171	19,0.00244430671891	(171, 0.0046273299288596909)
171	169,0.00251046022373	(171, 0.0046273299288596909)
171	99,0.0025733097608	(171, 0.0046273299288596909)
172	172,0.00040384654267	(172, 0.00040384654266956079)
172	137,0.000661836766765	(172, 0.00040384654266956079)
172	3,0.000790950996626	(172, 0.00040384654266956079)
172	81,0.000936905337087	(172, 0.00040384654266956079)
172	146,0.00114246369031	(172, 0.00040384654266956079)
172	90,0.0011822772619	(172, 0.00040384654266956079)
172	171,0.00122700744251	(172, 0.00040384654266956079)
172	77,0.00123617662339	(172, 0.00040384654266956079)
172	37,0.00124169510689	(172, 0.00040384654266956079)
172	17,0.00126084808653	(172, 0.00040384654266956079)
173	107,0.00156815378856	(173, 0.0025302334984239308)
173	158,0.00162415682861	(173, 0.0025302334984239308)
173	38,0.00167299928199	(173, 0.0025302334984239308)
173	24,0.00172988109227	(173, 0.0025302334984239308)
173	27,0.00191877552195	(173, 0.0025302334984239308)
173	78,0.00213021588325	(173, 0.0025302334984239308)
173	61,0.00215647012957	(173, 0.0025302334984239308)
173	128,0.00216708179428	(173, 0.0025302334984239308)
173	156,0.00229442985316	(173, 0.0025302334984239308)
173	87,0.00235437875954	(173, 0.0025302334984239308)
174	174,0.000612568931785	(174, 0.00061256893178463705)
174	56,0.000901082771257	(174, 0.00061256893178463705)
174	15,0.000986476532544	(174, 0.00061256893178463705)
174	120,0.00127699139838	(174, 0.00061256893178463705)
174	4,0.0012871940879	(174, 0.00061256893178463705)
174	69,0.00134879794121	(174, 0.00061256893178463705)
174	17,0.00137856517764	(174, 0.00061256893178463705)
174	2,0.00148136644178	(174, 0.00061256893178463705)
174	40,0.00177966897886	(174, 0.00061256893178463705)
174	154,0.00179988972224	(174, 0.00061256893178463705)
