0	0,0.0758759702587	(0, 0.075875970258685393)
0	84,0.171914347193	(0, 0.075875970258685393)
0	38,0.183619174449	(0, 0.075875970258685393)
0	99,0.189419191929	(0, 0.075875970258685393)
0	109,0.207141541251	(0, 0.075875970258685393)
0	14,0.228184648416	(0, 0.075875970258685393)
0	170,0.232538442582	(0, 0.075875970258685393)
0	144,0.233406550129	(0, 0.075875970258685393)
0	55,0.236865896413	(0, 0.075875970258685393)
0	173,0.249682306922	(0, 0.075875970258685393)
1	1,0.0701280127339	(1, 0.070128012733889522)
1	103,0.104663985471	(1, 0.070128012733889522)
1	102,0.109012899552	(1, 0.070128012733889522)
1	28,0.114488038532	(1, 0.070128012733889522)
1	91,0.115148889401	(1, 0.070128012733889522)
1	155,0.122372586673	(1, 0.070128012733889522)
1	153,0.127519629257	(1, 0.070128012733889522)
1	65,0.13782534772	(1, 0.070128012733889522)
1	114,0.142966295787	(1, 0.070128012733889522)
1	53,0.147754272862	(1, 0.070128012733889522)
2	4,0.081344928022	(2, 0.14695613853216868)
2	154,0.0825756477831	(2, 0.14695613853216868)
2	172,0.122912665007	(2, 0.14695613853216868)
2	174,0.123256481743	(2, 0.14695613853216868)
2	40,0.124572184923	(2, 0.14695613853216868)
2	69,0.126205532386	(2, 0.14695613853216868)
2	2,0.146956138532	(2, 0.14695613853216868)
2	25,0.162639807584	(2, 0.14695613853216868)
2	148,0.165621955539	(2, 0.14695613853216868)
2	17,0.169874437101	(2, 0.14695613853216868)
3	3,0.0321548441179	(3, 0.032154844117867148)
3	63,0.0559410808301	(3, 0.032154844117867148)
3	81,0.0643619100773	(3, 0.032154844117867148)
3	132,0.0745228368506	(3, 0.032154844117867148)
3	162,0.0751289740248	(3, 0.032154844117867148)
3	11,0.0756896075466	(3, 0.032154844117867148)
3	147,0.0802041446255	(3, 0.032154844117867148)
3	150,0.0821554839388	(3, 0.032154844117867148)
3	137,0.0825315828102	(3, 0.032154844117867148)
3	121,0.0849611809831	(3, 0.032154844117867148)
4	172,0.0579276293723	(4, 0.093524418534441559)
4	17,0.0717289286846	(4, 0.093524418534441559)
4	13,0.0768279060621	(4, 0.093524418534441559)
4	40,0.0821393487232	(4, 0.093524418534441559)
4	37,0.0837068000918	(4, 0.093524418534441559)
4	69,0.0885984037201	(4, 0.093524418534441559)
4	4,0.0935244185344	(4, 0.093524418534441559)
4	120,0.0950496215948	(4, 0.093524418534441559)
4	77,0.100714023908	(4, 0.093524418534441559)
4	3,0.107503948626	(4, 0.093524418534441559)
5	73,0.0708986061855	(5, 0.27073072599250075)
5	107,0.12585332425	(5, 0.27073072599250075)
5	93,0.127936364586	(5, 0.27073072599250075)
5	78,0.138662045123	(5, 0.27073072599250075)
5	128,0.143928425699	(5, 0.27073072599250075)
5	26,0.150860345531	(5, 0.27073072599250075)
5	158,0.15185876121	(5, 0.27073072599250075)
5	156,0.153929486939	(5, 0.27073072599250075)
5	124,0.16157170454	(5, 0.27073072599250075)
5	1,0.161585501569	(5, 0.27073072599250075)
6	139,0.0487796897236	(6, 0.061603218370907264)
6	46,0.0534047405889	(6, 0.061603218370907264)
6	6,0.0616032183709	(6, 0.061603218370907264)
6	76,0.0708064183676	(6, 0.061603218370907264)
6	22,0.0762158990034	(6, 0.061603218370907264)
6	18,0.0860532203947	(6, 0.061603218370907264)
6	171,0.0867815328529	(6, 0.061603218370907264)
6	158,0.0868957211313	(6, 0.061603218370907264)
6	132,0.0902826491671	(6, 0.061603218370907264)
6	35,0.0942731078864	(6, 0.061603218370907264)
7	66,0.333105882342	(7, 0.54708706899513149)
7	167,0.414515523285	(7, 0.54708706899513149)
7	51,0.448012364872	(7, 0.54708706899513149)
7	32,0.459043376777	(7, 0.54708706899513149)
7	80,0.483617897914	(7, 0.54708706899513149)
7	169,0.489889842198	(7, 0.54708706899513149)
7	160,0.527279030323	(7, 0.54708706899513149)
7	7,0.547087068995	(7, 0.54708706899513149)
7	133,0.548523674872	(7, 0.54708706899513149)
7	149,0.586761931148	(7, 0.54708706899513149)
8	11,0.061179231881	(8, 0.12373946977672086)
8	71,0.090835452071	(8, 0.12373946977672086)
8	121,0.0924243418142	(8, 0.12373946977672086)
8	162,0.093925209759	(8, 0.12373946977672086)
8	1,0.0998300539564	(8, 0.12373946977672086)
8	73,0.100154330343	(8, 0.12373946977672086)
8	3,0.105625110127	(8, 0.12373946977672086)
8	155,0.108137553	(8, 0.12373946977672086)
8	13,0.10814169228	(8, 0.12373946977672086)
8	81,0.118876010194	(8, 0.12373946977672086)
9	9,0.127687797122	(9, 0.12768779712157804)
9	155,0.223519495273	(9, 0.12768779712157804)
9	114,0.254796024269	(9, 0.12768779712157804)
9	91,0.29252861807	(9, 0.12768779712157804)
9	53,0.301471931428	(9, 0.12768779712157804)
9	124,0.316306071328	(9, 0.12768779712157804)
9	41,0.332418691941	(9, 0.12768779712157804)
9	65,0.351119942056	(9, 0.12768779712157804)
9	28,0.37228777906	(9, 0.12768779712157804)
9	1,0.388540057562	(9, 0.12768779712157804)
10	10,0.173349298044	(10, 0.1733492980437987)
10	47,0.204230812045	(10, 0.1733492980437987)
10	167,0.381516508317	(10, 0.1733492980437987)
10	99,0.387060368514	(10, 0.1733492980437987)
10	84,0.41252079686	(10, 0.1733492980437987)
10	173,0.416896346871	(10, 0.1733492980437987)
10	27,0.4302391519	(10, 0.1733492980437987)
10	19,0.435721539486	(10, 0.1733492980437987)
10	58,0.449047650765	(10, 0.1733492980437987)
10	138,0.456380866565	(10, 0.1733492980437987)
11	11,0.032946888109	(11, 0.032946888108964872)
11	119,0.0747013934219	(11, 0.032946888108964872)
11	81,0.0820636040864	(11, 0.032946888108964872)
11	3,0.0913069392131	(11, 0.032946888108964872)
11	115,0.0957970502118	(11, 0.032946888108964872)
11	96,0.097234781251	(11, 0.032946888108964872)
11	37,0.100466840046	(11, 0.032946888108964872)
11	112,0.105747337373	(11, 0.032946888108964872)
11	71,0.108523779219	(11, 0.032946888108964872)
11	86,0.110865616406	(11, 0.032946888108964872)
12	22,0.0502592922868	(12, 0.05699258285654512)
12	76,0.0525227250796	(12, 0.05699258285654512)
12	121,0.0564660393532	(12, 0.05699258285654512)
12	12,0.0569925828565	(12, 0.05699258285654512)
12	126,0.0579560672855	(12, 0.05699258285654512)
12	151,0.0594325854861	(12, 0.05699258285654512)
12	18,0.0626736391563	(12, 0.05699258285654512)
12	63,0.0697749436563	(12, 0.05699258285654512)
12	132,0.0699782750691	(12, 0.05699258285654512)
12	3,0.0715482407019	(12, 0.05699258285654512)
13	11,0.0491875920828	(13, 0.083740932944053048)
13	17,0.0527912152988	(13, 0.083740932944053048)
13	172,0.0617566562635	(13, 0.083740932944053048)
13	37,0.0657781409418	(13, 0.083740932944053048)
13	162,0.0660517261685	(13, 0.083740932944053048)
13	90,0.06925199007	(13, 0.083740932944053048)
13	3,0.0712518876692	(13, 0.083740932944053048)
13	77,0.0730654357399	(13, 0.083740932944053048)
13	136,0.0746829251952	(13, 0.083740932944053048)
13	71,0.0799248521403	(13, 0.083740932944053048)
14	14,0.0652391701326	(14, 0.065239170132574908)
14	72,0.0791388999767	(14, 0.065239170132574908)
14	159,0.12112413988	(14, 0.065239170132574908)
14	144,0.123175812216	(14, 0.065239170132574908)
14	84,0.136687957172	(14, 0.065239170132574908)
14	109,0.136899468973	(14, 0.065239170132574908)
14	145,0.143111559456	(14, 0.065239170132574908)
14	38,0.151997449562	(14, 0.065239170132574908)
14	131,0.162732016501	(14, 0.065239170132574908)
14	12,0.166946514664	(14, 0.065239170132574908)
15	15,0.0607896898608	(15, 0.060789689860813366)
15	17,0.0628105952762	(15, 0.060789689860813366)
15	49,0.0881278353076	(15, 0.060789689860813366)
15	77,0.0887363313391	(15, 0.060789689860813366)
15	172,0.0959033045501	(15, 0.060789689860813366)
15	100,0.0961537590546	(15, 0.060789689860813366)
15	174,0.104866487859	(15, 0.060789689860813366)
15	69,0.111902128608	(15, 0.060789689860813366)
15	59,0.113109419774	(15, 0.060789689860813366)
15	161,0.115457544821	(15, 0.060789689860813366)
16	16,0.111503376375	(16, 0.11150337637508273)
16	170,0.125499640107	(16, 0.11150337637508273)
16	19,0.144038349008	(16, 0.11150337637508273)
16	0,0.159193004767	(16, 0.11150337637508273)
16	27,0.170791858298	(16, 0.11150337637508273)
16	114,0.185724658446	(16, 0.11150337637508273)
16	144,0.192841083307	(16, 0.11150337637508273)
16	164,0.195280665904	(16, 0.11150337637508273)
16	101,0.195301552833	(16, 0.11150337637508273)
16	140,0.197100224777	(16, 0.11150337637508273)
17	17,0.0364315456422	(17, 0.036431545642182268)
17	172,0.0470051245342	(17, 0.036431545642182268)
17	77,0.0696052425795	(17, 0.036431545642182268)
17	143,0.0806523059085	(17, 0.036431545642182268)
17	100,0.0816271408716	(17, 0.036431545642182268)
17	90,0.0829801261193	(17, 0.036431545642182268)
17	37,0.0830128269975	(17, 0.036431545642182268)
17	136,0.0854561333556	(17, 0.036431545642182268)
17	49,0.0881077824188	(17, 0.036431545642182268)
17	3,0.0908264534239	(17, 0.036431545642182268)
18	18,0.0396541586154	(18, 0.039654158615435371)
18	22,0.0525689615822	(18, 0.039654158615435371)
18	121,0.0549441483164	(18, 0.039654158615435371)
18	88,0.0558425549638	(18, 0.039654158615435371)
18	76,0.0647337612769	(18, 0.039654158615435371)
18	35,0.0648842108448	(18, 0.039654158615435371)
18	61,0.0671824925626	(18, 0.039654158615435371)
18	139,0.068736432751	(18, 0.039654158615435371)
18	132,0.0687760817245	(18, 0.039654158615435371)
18	23,0.0780438855847	(18, 0.039654158615435371)
19	19,0.123154665491	(19, 0.12315466549092577)
19	27,0.143645864887	(19, 0.12315466549092577)
19	43,0.166655965363	(19, 0.12315466549092577)
19	99,0.201337502009	(19, 0.12315466549092577)
19	32,0.209928657577	(19, 0.12315466549092577)
19	164,0.218964322796	(19, 0.12315466549092577)
19	107,0.242022045489	(19, 0.12315466549092577)
19	84,0.252036599341	(19, 0.12315466549092577)
19	58,0.261894769421	(19, 0.12315466549092577)
19	73,0.264524216054	(19, 0.12315466549092577)
20	20,0.0956144983203	(20, 0.095614498320265778)
20	73,0.101402297092	(20, 0.095614498320265778)
20	124,0.114063966223	(20, 0.095614498320265778)
20	1,0.133411177415	(20, 0.095614498320265778)
20	89,0.134544016985	(20, 0.095614498320265778)
20	93,0.137364756758	(20, 0.095614498320265778)
20	109,0.148315520975	(20, 0.095614498320265778)
20	157,0.148810144981	(20, 0.095614498320265778)
20	128,0.152613509608	(20, 0.095614498320265778)
20	41,0.154205294871	(20, 0.095614498320265778)
21	121,0.0500214310147	(21, 0.08941492782353741)
21	71,0.0527320274326	(21, 0.08941492782353741)
21	11,0.0554697953844	(21, 0.08941492782353741)
21	162,0.0625224214704	(21, 0.08941492782353741)
21	117,0.0628471669531	(21, 0.08941492782353741)
21	23,0.0835427987808	(21, 0.08941492782353741)
21	22,0.0842730075829	(21, 0.08941492782353741)
21	21,0.0894149278235	(21, 0.08941492782353741)
21	76,0.0918347504465	(21, 0.08941492782353741)
21	63,0.09277045064	(21, 0.08941492782353741)
22	22,0.0456219278754	(22, 0.045621927875428223)
22	117,0.0502631001704	(22, 0.045621927875428223)
22	139,0.0561707112598	(22, 0.045621927875428223)
22	76,0.0577725775531	(22, 0.045621927875428223)
22	132,0.0589341526116	(22, 0.045621927875428223)
22	46,0.0640441227696	(22, 0.045621927875428223)
22	3,0.0673542429852	(22, 0.045621927875428223)
22	81,0.0705860902502	(22, 0.045621927875428223)
22	63,0.0733149403798	(22, 0.045621927875428223)
22	121,0.0763106730764	(22, 0.045621927875428223)
23	23,0.0328960948414	(23, 0.032896094841362696)
23	61,0.0363462293159	(23, 0.032896094841362696)
23	26,0.087162251146	(23, 0.032896094841362696)
23	121,0.0948139124232	(23, 0.032896094841362696)
23	63,0.102177768597	(23, 0.032896094841362696)
23	162,0.103668068313	(23, 0.032896094841362696)
23	78,0.10855440197	(23, 0.032896094841362696)
23	76,0.108992016055	(23, 0.032896094841362696)
23	147,0.111046977512	(23, 0.032896094841362696)
23	70,0.119171439735	(23, 0.032896094841362696)
24	24,0.0511548663157	(24, 0.051154866315675646)
24	107,0.119280402005	(24, 0.051154866315675646)
24	27,0.13047664287	(24, 0.051154866315675646)
24	135,0.144203472328	(24, 0.051154866315675646)
24	61,0.146840989564	(24, 0.051154866315675646)
24	158,0.151771453202	(24, 0.051154866315675646)
24	73,0.153437254688	(24, 0.051154866315675646)
24	50,0.155925485794	(24, 0.051154866315675646)
24	12,0.1563758924	(24, 0.051154866315675646)
24	22,0.157241779817	(24, 0.051154866315675646)
25	69,0.0422353911102	(25, 0.059633809379371974)
25	40,0.0574683993719	(25, 0.059633809379371974)
25	25,0.0596338093794	(25, 0.059633809379371974)
25	4,0.079992658992	(25, 0.059633809379371974)
25	15,0.0898556160863	(25, 0.059633809379371974)
25	148,0.103429291138	(25, 0.059633809379371974)
25	154,0.113324376965	(25, 0.059633809379371974)
25	79,0.12074815939	(25, 0.059633809379371974)
25	172,0.125530197963	(25, 0.059633809379371974)
25	17,0.13606073251	(25, 0.059633809379371974)
26	63,0.0523660510221	(26, 0.1352197563113488)
26	117,0.0542819740929	(26, 0.1352197563113488)
26	3,0.0553348444538	(26, 0.1352197563113488)
26	18,0.0595207574844	(26, 0.1352197563113488)
26	162,0.0598216162668	(26, 0.1352197563113488)
26	147,0.0602569469232	(26, 0.1352197563113488)
26	76,0.0629509662435	(26, 0.1352197563113488)
26	11,0.063202467239	(26, 0.1352197563113488)
26	137,0.065255087962	(26, 0.1352197563113488)
26	121,0.0665271709694	(26, 0.1352197563113488)
27	78,0.101325082507	(27, 0.12829581988204594)
27	73,0.108091719883	(27, 0.12829581988204594)
27	61,0.108778470324	(27, 0.12829581988204594)
27	26,0.114638723022	(27, 0.12829581988204594)
27	170,0.117277304557	(27, 0.12829581988204594)
27	121,0.120024159972	(27, 0.12829581988204594)
27	101,0.126649200278	(27, 0.12829581988204594)
27	27,0.128295819882	(27, 0.12829581988204594)
27	107,0.135908970778	(27, 0.12829581988204594)
27	23,0.135945893027	(27, 0.12829581988204594)
28	1,0.0941910538317	(28, 0.11575769804295614)
28	13,0.102727067461	(28, 0.11575769804295614)
28	3,0.112381673147	(28, 0.11575769804295614)
28	28,0.115757698043	(28, 0.11575769804295614)
28	73,0.119454103552	(28, 0.11575769804295614)
28	157,0.133650976695	(28, 0.11575769804295614)
28	83,0.133859340417	(28, 0.11575769804295614)
28	65,0.134171340145	(28, 0.11575769804295614)
28	53,0.1354549624	(28, 0.11575769804295614)
28	155,0.136253064781	(28, 0.11575769804295614)
29	29,0.0512155451865	(29, 0.051215545186479861)
29	77,0.0662473475992	(29, 0.051215545186479861)
29	71,0.0877875553536	(29, 0.051215545186479861)
29	135,0.0908072463946	(29, 0.051215545186479861)
29	73,0.101275227823	(29, 0.051215545186479861)
29	13,0.101510806516	(29, 0.051215545186479861)
29	3,0.103568765087	(29, 0.051215545186479861)
29	76,0.103934082345	(29, 0.051215545186479861)
29	172,0.106322435501	(29, 0.051215545186479861)
29	11,0.109849903468	(29, 0.051215545186479861)
30	30,0.111885512262	(30, 0.11188551226244897)
30	28,0.171712328859	(30, 0.11188551226244897)
30	91,0.189995936789	(30, 0.11188551226244897)
30	103,0.195239735773	(30, 0.11188551226244897)
30	1,0.23052345642	(30, 0.11188551226244897)
30	53,0.236989662428	(30, 0.11188551226244897)
30	153,0.25577644818	(30, 0.11188551226244897)
30	102,0.259287452794	(30, 0.11188551226244897)
30	114,0.262863520781	(30, 0.11188551226244897)
30	155,0.265652714008	(30, 0.11188551226244897)
31	166,0.139247406461	(31, 0.15395755434141917)
31	31,0.153957554341	(31, 0.15395755434141917)
31	72,0.21231359195	(31, 0.15395755434141917)
31	116,0.219636212473	(31, 0.15395755434141917)
31	124,0.232145860559	(31, 0.15395755434141917)
31	144,0.237303676711	(31, 0.15395755434141917)
31	69,0.243438392992	(31, 0.15395755434141917)
31	131,0.254960496714	(31, 0.15395755434141917)
31	48,0.262689994292	(31, 0.15395755434141917)
31	104,0.262711060318	(31, 0.15395755434141917)
32	156,0.116752375007	(32, 0.14640698153846407)
32	27,0.132248585601	(32, 0.14640698153846407)
32	50,0.143205159464	(32, 0.14640698153846407)
32	32,0.146406981538	(32, 0.14640698153846407)
32	73,0.158917100554	(32, 0.14640698153846407)
32	107,0.163494557431	(32, 0.14640698153846407)
32	164,0.182187932866	(32, 0.14640698153846407)
32	109,0.206313961478	(32, 0.14640698153846407)
32	12,0.211484569789	(32, 0.14640698153846407)
32	131,0.214797829922	(32, 0.14640698153846407)
33	33,0.0914956560937	(33, 0.091495656093726757)
33	4,0.146477489181	(33, 0.091495656093726757)
33	69,0.170752548121	(33, 0.091495656093726757)
33	106,0.179536532429	(33, 0.091495656093726757)
33	40,0.19183163115	(33, 0.091495656093726757)
33	116,0.192559720002	(33, 0.091495656093726757)
33	73,0.199806098349	(33, 0.091495656093726757)
33	102,0.207036262154	(33, 0.091495656093726757)
33	1,0.207296695466	(33, 0.091495656093726757)
33	28,0.211231988848	(33, 0.091495656093726757)
34	17,0.0649018963	(34, 0.18227704889406013)
34	15,0.0665847483859	(34, 0.18227704889406013)
34	172,0.0767125015747	(34, 0.18227704889406013)
34	40,0.0824648891513	(34, 0.18227704889406013)
34	69,0.0839886750799	(34, 0.18227704889406013)
34	120,0.0947506202115	(34, 0.18227704889406013)
34	148,0.0991618242883	(34, 0.18227704889406013)
34	174,0.100340009026	(34, 0.18227704889406013)
34	4,0.10545150461	(34, 0.18227704889406013)
34	83,0.106996258242	(34, 0.18227704889406013)
35	35,0.0379355623867	(35, 0.037935562386701004)
35	88,0.0679565006138	(35, 0.037935562386701004)
35	18,0.0721806846357	(35, 0.037935562386701004)
35	12,0.0985575513359	(35, 0.037935562386701004)
35	22,0.102307415503	(35, 0.037935562386701004)
35	38,0.1081434301	(35, 0.037935562386701004)
35	139,0.108384425473	(35, 0.037935562386701004)
35	159,0.11596718585	(35, 0.037935562386701004)
35	46,0.1165781958	(35, 0.037935562386701004)
35	158,0.117420306121	(35, 0.037935562386701004)
36	147,0.0312765277384	(36, 0.044963631317097151)
36	76,0.0342184180736	(36, 0.044963631317097151)
36	46,0.0427880694748	(36, 0.044963631317097151)
36	36,0.0449636313171	(36, 0.044963631317097151)
36	18,0.0497930425244	(36, 0.044963631317097151)
36	63,0.0504886813635	(36, 0.044963631317097151)
36	171,0.061986618686	(36, 0.044963631317097151)
36	88,0.0693322100085	(36, 0.044963631317097151)
36	22,0.0740685421582	(36, 0.044963631317097151)
36	35,0.0762715317594	(36, 0.044963631317097151)
37	37,0.0575006049089	(37, 0.057500604908907009)
37	3,0.0627778206478	(37, 0.057500604908907009)
37	100,0.0646482204493	(37, 0.057500604908907009)
37	11,0.0692286187161	(37, 0.057500604908907009)
37	77,0.0712499027429	(37, 0.057500604908907009)
37	21,0.0787060473585	(37, 0.057500604908907009)
37	90,0.0842872102895	(37, 0.057500604908907009)
37	17,0.0953058958331	(37, 0.057500604908907009)
37	71,0.0963164760288	(37, 0.057500604908907009)
37	136,0.0975462958858	(37, 0.057500604908907009)
38	38,0.038329263332	(38, 0.038329263331959962)
38	12,0.101385644242	(38, 0.038329263331959962)
38	55,0.101441730378	(38, 0.038329263331959962)
38	14,0.107684124714	(38, 0.038329263331959962)
38	43,0.14431408575	(38, 0.038329263331959962)
38	50,0.154126450783	(38, 0.038329263331959962)
38	24,0.155161615588	(38, 0.038329263331959962)
38	128,0.156957549242	(38, 0.038329263331959962)
38	61,0.160464044409	(38, 0.038329263331959962)
38	107,0.161921535708	(38, 0.038329263331959962)
39	39,0.0972012979888	(39, 0.097201297988814911)
39	51,0.201717712218	(39, 0.097201297988814911)
39	169,0.205743629796	(39, 0.097201297988814911)
39	156,0.222172176736	(39, 0.097201297988814911)
39	101,0.233883586018	(39, 0.097201297988814911)
39	27,0.237034673732	(39, 0.097201297988814911)
39	84,0.239026204912	(39, 0.097201297988814911)
39	99,0.252845672419	(39, 0.097201297988814911)
39	107,0.257042440941	(39, 0.097201297988814911)
39	95,0.257442079339	(39, 0.097201297988814911)
40	40,0.0544096661499	(40, 0.05440966614992767)
40	69,0.0731293211096	(40, 0.05440966614992767)
40	79,0.0826922162811	(40, 0.05440966614992767)
40	172,0.0829413009089	(40, 0.05440966614992767)
40	4,0.0916292679125	(40, 0.05440966614992767)
40	148,0.0922222748591	(40, 0.05440966614992767)
40	25,0.100309633059	(40, 0.05440966614992767)
40	17,0.10108390365	(40, 0.05440966614992767)
40	77,0.104944697442	(40, 0.05440966614992767)
40	15,0.110136401734	(40, 0.05440966614992767)
41	41,0.0560430632127	(41, 0.056043063212727312)
41	155,0.085103530928	(41, 0.056043063212727312)
41	91,0.153987208311	(41, 0.056043063212727312)
41	1,0.155978648939	(41, 0.056043063212727312)
41	20,0.171713833457	(41, 0.056043063212727312)
41	124,0.188454025668	(41, 0.056043063212727312)
41	102,0.20258054865	(41, 0.056043063212727312)
41	101,0.207763005343	(41, 0.056043063212727312)
41	114,0.214312176498	(41, 0.056043063212727312)
41	53,0.222908957554	(41, 0.056043063212727312)
42	163,0.164607592234	(42, 0.37086585480918893)
42	69,0.192533538504	(42, 0.37086585480918893)
42	53,0.214123080182	(42, 0.37086585480918893)
42	28,0.22235626205	(42, 0.37086585480918893)
42	140,0.239545250712	(42, 0.37086585480918893)
42	34,0.246920828991	(42, 0.37086585480918893)
42	44,0.253061601631	(42, 0.37086585480918893)
42	97,0.254776171893	(42, 0.37086585480918893)
42	4,0.266007353208	(42, 0.37086585480918893)
42	65,0.276344850917	(42, 0.37086585480918893)
43	22,0.068218008516	(43, 0.12789042638682405)
43	12,0.068333219129	(43, 0.12789042638682405)
43	78,0.0781556627977	(43, 0.12789042638682405)
43	128,0.0798201217096	(43, 0.12789042638682405)
43	121,0.0805105022119	(43, 0.12789042638682405)
43	61,0.0825222610777	(43, 0.12789042638682405)
43	158,0.084856310255	(43, 0.12789042638682405)
43	50,0.0867627442116	(43, 0.12789042638682405)
43	18,0.0887700702215	(43, 0.12789042638682405)
43	23,0.0928977610329	(43, 0.12789042638682405)
44	109,0.0966882984142	(44, 0.38303245650840617)
44	116,0.0999621895337	(44, 0.38303245650840617)
44	93,0.10855630503	(44, 0.38303245650840617)
44	124,0.121761579875	(44, 0.38303245650840617)
44	144,0.134822001387	(44, 0.38303245650840617)
44	84,0.141489068	(44, 0.38303245650840617)
44	159,0.142176318437	(44, 0.38303245650840617)
44	73,0.147422512954	(44, 0.38303245650840617)
44	115,0.156409561361	(44, 0.38303245650840617)
44	123,0.157382429835	(44, 0.38303245650840617)
45	45,0.142451212259	(45, 0.14245121225869151)
45	130,0.198286183567	(45, 0.14245121225869151)
45	94,0.22689594717	(45, 0.14245121225869151)
45	129,0.259583199971	(45, 0.14245121225869151)
45	133,0.266385937043	(45, 0.14245121225869151)
45	34,0.282676099072	(45, 0.14245121225869151)
45	98,0.288182464182	(45, 0.14245121225869151)
45	53,0.302165325733	(45, 0.14245121225869151)
45	113,0.305977952172	(45, 0.14245121225869151)
45	83,0.325734758732	(45, 0.14245121225869151)
46	46,0.0180449479422	(46, 0.018044947942245357)
46	36,0.033043031587	(46, 0.018044947942245357)
46	171,0.0502421394264	(46, 0.018044947942245357)
46	76,0.0525649185749	(46, 0.018044947942245357)
46	137,0.0584508910651	(46, 0.018044947942245357)
46	147,0.0646477552603	(46, 0.018044947942245357)
46	63,0.0743141412218	(46, 0.018044947942245357)
46	139,0.0775892797461	(46, 0.018044947942245357)
46	146,0.0828311504432	(46, 0.018044947942245357)
46	18,0.0836568248114	(46, 0.018044947942245357)
47	99,0.180519734418	(47, 0.20239308042551132)
47	10,0.185008172782	(47, 0.20239308042551132)
47	47,0.202393080426	(47, 0.20239308042551132)
47	19,0.208556392071	(47, 0.20239308042551132)
47	27,0.215988543875	(47, 0.20239308042551132)
47	138,0.228586293747	(47, 0.20239308042551132)
47	84,0.235529008104	(47, 0.20239308042551132)
47	43,0.244309910189	(47, 0.20239308042551132)
47	0,0.266329008648	(47, 0.20239308042551132)
47	173,0.267521008038	(47, 0.20239308042551132)
48	56,0.091801803777	(48, 0.11087850682356887)
48	120,0.096958769291	(48, 0.11087850682356887)
48	48,0.110878506824	(48, 0.11087850682356887)
48	69,0.113088506592	(48, 0.11087850682356887)
48	97,0.118459164356	(48, 0.11087850682356887)
48	40,0.129620800097	(48, 0.11087850682356887)
48	174,0.131756992719	(48, 0.11087850682356887)
48	4,0.139584305168	(48, 0.11087850682356887)
48	154,0.160594639284	(48, 0.11087850682356887)
48	172,0.166190559163	(48, 0.11087850682356887)
49	49,0.0628146122841	(49, 0.062814612284099777)
49	59,0.0734746415423	(49, 0.062814612284099777)
49	15,0.10387864766	(49, 0.062814612284099777)
49	77,0.10445651948	(49, 0.062814612284099777)
49	100,0.108177213398	(49, 0.062814612284099777)
49	98,0.111247267777	(49, 0.062814612284099777)
49	17,0.118334934725	(49, 0.062814612284099777)
49	172,0.122785747112	(49, 0.062814612284099777)
49	83,0.131333384878	(49, 0.062814612284099777)
49	37,0.146039090721	(49, 0.062814612284099777)
50	50,0.0421995286215	(50, 0.042199528621461306)
50	12,0.109808316073	(50, 0.042199528621461306)
50	107,0.124660537096	(50, 0.042199528621461306)
50	171,0.131455181929	(50, 0.042199528621461306)
50	158,0.132629906304	(50, 0.042199528621461306)
50	76,0.14508628629	(50, 0.042199528621461306)
50	38,0.146682883853	(50, 0.042199528621461306)
50	128,0.147232144607	(50, 0.042199528621461306)
50	22,0.149892152969	(50, 0.042199528621461306)
50	46,0.159330423084	(50, 0.042199528621461306)
51	124,0.0675108496813	(51, 0.29814429999080316)
51	155,0.109313634036	(51, 0.29814429999080316)
51	73,0.11046185629	(51, 0.29814429999080316)
51	53,0.136126073341	(51, 0.29814429999080316)
51	41,0.139530797779	(51, 0.29814429999080316)
51	157,0.143523701028	(51, 0.29814429999080316)
51	1,0.148897767958	(51, 0.29814429999080316)
51	28,0.1572892745	(51, 0.29814429999080316)
51	93,0.15882176189	(51, 0.29814429999080316)
51	13,0.16181300135	(51, 0.29814429999080316)
52	53,0.104629234521	(52, 0.38963888883684161)
52	124,0.114704038889	(52, 0.38963888883684161)
52	44,0.125931362965	(52, 0.38963888883684161)
52	13,0.136420014035	(52, 0.38963888883684161)
52	155,0.137238007386	(52, 0.38963888883684161)
52	119,0.145325989346	(52, 0.38963888883684161)
52	120,0.154526340578	(52, 0.38963888883684161)
52	4,0.155998644385	(52, 0.38963888883684161)
52	65,0.157170080474	(52, 0.38963888883684161)
52	163,0.157367421308	(52, 0.38963888883684161)
53	65,0.0671207667018	(53, 0.089172930510998977)
53	53,0.089172930511	(53, 0.089172930510998977)
53	155,0.106789074392	(53, 0.089172930510998977)
53	44,0.114740413214	(53, 0.089172930510998977)
53	120,0.123328092845	(53, 0.089172930510998977)
53	163,0.125985476727	(53, 0.089172930510998977)
53	161,0.126678410336	(53, 0.089172930510998977)
53	114,0.146954843181	(53, 0.089172930510998977)
53	34,0.152602049251	(53, 0.089172930510998977)
53	124,0.154760063489	(53, 0.089172930510998977)
54	136,0.0484673100371	(54, 0.083562276216132658)
54	162,0.0788782553905	(54, 0.083562276216132658)
54	3,0.0805737219542	(54, 0.083562276216132658)
54	54,0.0835622762161	(54, 0.083562276216132658)
54	137,0.0847707324819	(54, 0.083562276216132658)
54	11,0.0860146593284	(54, 0.083562276216132658)
54	63,0.0869286869308	(54, 0.083562276216132658)
54	71,0.0895658404787	(54, 0.083562276216132658)
54	147,0.0897336698241	(54, 0.083562276216132658)
54	37,0.0951079355839	(54, 0.083562276216132658)
55	12,0.0636670046417	(55, 0.086967351256468928)
55	55,0.0869673512565	(55, 0.086967351256468928)
55	159,0.0887325584904	(55, 0.086967351256468928)
55	38,0.0905632981241	(55, 0.086967351256468928)
55	152,0.0975153237805	(55, 0.086967351256468928)
55	121,0.101541765392	(55, 0.086967351256468928)
55	128,0.102074093331	(55, 0.086967351256468928)
55	134,0.104539806086	(55, 0.086967351256468928)
55	18,0.104775546209	(55, 0.086967351256468928)
55	86,0.108767113843	(55, 0.086967351256468928)
56	56,0.058827752128	(56, 0.058827752127995396)
56	120,0.0842594259296	(56, 0.058827752127995396)
56	15,0.0976481627719	(56, 0.058827752127995396)
56	174,0.139211775294	(56, 0.058827752127995396)
56	69,0.140469426985	(56, 0.058827752127995396)
56	2,0.145942484598	(56, 0.058827752127995396)
56	48,0.157746445908	(56, 0.058827752127995396)
56	113,0.168140875462	(56, 0.058827752127995396)
56	17,0.174153625885	(56, 0.058827752127995396)
56	97,0.180003860008	(56, 0.058827752127995396)
57	57,0.113790846634	(57, 0.11379084663358871)
57	122,0.223592082531	(57, 0.11379084663358871)
57	15,0.26457151927	(57, 0.11379084663358871)
57	174,0.276423283331	(57, 0.11379084663358871)
57	56,0.297405203855	(57, 0.11379084663358871)
57	120,0.351089596444	(57, 0.11379084663358871)
57	2,0.366779734867	(57, 0.11379084663358871)
57	59,0.367293425147	(57, 0.11379084663358871)
57	113,0.368132953234	(57, 0.11379084663358871)
57	108,0.368550920116	(57, 0.11379084663358871)
58	24,0.0963300659008	(58, 0.332182837159264)
58	27,0.113457364594	(58, 0.332182837159264)
58	107,0.116878087222	(58, 0.332182837159264)
58	50,0.123092252304	(58, 0.332182837159264)
58	43,0.158719213217	(58, 0.332182837159264)
58	38,0.15965991948	(58, 0.332182837159264)
58	158,0.159683901869	(58, 0.332182837159264)
58	61,0.166451293156	(58, 0.332182837159264)
58	12,0.166612967389	(58, 0.332182837159264)
58	105,0.169768534451	(58, 0.332182837159264)
59	83,0.171806743343	(59, 0.20223841190722364)
59	15,0.175563811149	(59, 0.20223841190722364)
59	65,0.189409661735	(59, 0.20223841190722364)
59	113,0.191692202647	(59, 0.20223841190722364)
59	59,0.202238411907	(59, 0.20223841190722364)
59	94,0.205023095922	(59, 0.20223841190722364)
59	120,0.221390951719	(59, 0.20223841190722364)
59	44,0.222213633247	(59, 0.20223841190722364)
59	161,0.225500298518	(59, 0.20223841190722364)
59	97,0.229458073315	(59, 0.20223841190722364)
60	69,0.0692120612797	(60, 0.073015348802256214)
60	60,0.0730153488023	(60, 0.073015348802256214)
60	40,0.0754653452842	(60, 0.073015348802256214)
60	79,0.0962734126345	(60, 0.073015348802256214)
60	4,0.108464967689	(60, 0.073015348802256214)
60	15,0.114595058899	(60, 0.073015348802256214)
60	25,0.11540329205	(60, 0.073015348802256214)
60	34,0.123280440507	(60, 0.073015348802256214)
60	172,0.130445475588	(60, 0.073015348802256214)
60	77,0.134741776319	(60, 0.073015348802256214)
61	23,0.0395550474334	(61, 0.040653879070737642)
61	61,0.0406538790707	(61, 0.040653879070737642)
61	26,0.0675939593475	(61, 0.040653879070737642)
61	121,0.0680794425617	(61, 0.040653879070737642)
61	76,0.0702606171959	(61, 0.040653879070737642)
61	162,0.0719327219407	(61, 0.040653879070737642)
61	63,0.0751168653449	(61, 0.040653879070737642)
61	78,0.0825868766408	(61, 0.040653879070737642)
61	147,0.0860994410561	(61, 0.040653879070737642)
61	22,0.0889893238439	(61, 0.040653879070737642)
62	78,0.0867470107715	(62, 0.11576886387879311)
62	107,0.0942022610441	(62, 0.11576886387879311)
62	26,0.0979383620914	(62, 0.11576886387879311)
62	73,0.103087994464	(62, 0.11576886387879311)
62	62,0.115768863879	(62, 0.11576886387879311)
62	61,0.122018719692	(62, 0.11576886387879311)
62	158,0.125416432436	(62, 0.11576886387879311)
62	121,0.132117366872	(62, 0.11576886387879311)
62	95,0.133870301638	(62, 0.11576886387879311)
62	22,0.137169510681	(62, 0.11576886387879311)
63	3,0.0352202283243	(63, 0.070256899132202566)
63	77,0.0555637059432	(63, 0.070256899132202566)
63	11,0.0652197650396	(63, 0.070256899132202566)
63	63,0.0702568991322	(63, 0.070256899132202566)
63	37,0.0723634817078	(63, 0.070256899132202566)
63	162,0.073806233521	(63, 0.070256899132202566)
63	71,0.0758256585013	(63, 0.070256899132202566)
63	136,0.0762216053962	(63, 0.070256899132202566)
63	100,0.0788062202051	(63, 0.070256899132202566)
63	81,0.0794553255337	(63, 0.070256899132202566)
64	64,0.266290036384	(64, 0.26629003638385657)
64	45,0.34088438725	(64, 0.26629003638385657)
64	130,0.374011479101	(64, 0.26629003638385657)
64	118,0.392031988592	(64, 0.26629003638385657)
64	33,0.435409216564	(64, 0.26629003638385657)
64	133,0.448423790237	(64, 0.26629003638385657)
64	113,0.522830741565	(64, 0.26629003638385657)
64	34,0.527716465428	(64, 0.26629003638385657)
64	94,0.555632631409	(64, 0.26629003638385657)
64	15,0.599937912881	(64, 0.26629003638385657)
65	65,0.0608603235617	(65, 0.060860323561702248)
65	161,0.0617692720594	(65, 0.060860323561702248)
65	83,0.0778211475425	(65, 0.060860323561702248)
65	155,0.0990381646227	(65, 0.060860323561702248)
65	68,0.104769411297	(65, 0.060860323561702248)
65	59,0.111210655171	(65, 0.060860323561702248)
65	13,0.116522354716	(65, 0.060860323561702248)
65	17,0.118806003651	(65, 0.060860323561702248)
65	1,0.122444451768	(65, 0.060860323561702248)
65	120,0.122810110468	(65, 0.060860323561702248)
66	66,0.21938177416	(66, 0.21938177415962307)
66	130,0.426809497435	(66, 0.21938177415962307)
66	133,0.485065651333	(66, 0.21938177415962307)
66	140,0.518414403901	(66, 0.21938177415962307)
66	118,0.535201398683	(66, 0.21938177415962307)
66	91,0.566984416902	(66, 0.21938177415962307)
66	33,0.571369370877	(66, 0.21938177415962307)
66	141,0.608411545042	(66, 0.21938177415962307)
66	169,0.638768497935	(66, 0.21938177415962307)
66	53,0.643965228167	(66, 0.21938177415962307)
67	67,0.163507172328	(67, 0.16350717232847362)
67	169,0.198002555806	(67, 0.16350717232847362)
67	84,0.210319805192	(67, 0.16350717232847362)
67	93,0.223155305056	(67, 0.16350717232847362)
67	149,0.242744709755	(67, 0.16350717232847362)
67	28,0.249653321031	(67, 0.16350717232847362)
67	116,0.24977035809	(67, 0.16350717232847362)
67	131,0.258576598699	(67, 0.16350717232847362)
67	140,0.259861662916	(67, 0.16350717232847362)
67	30,0.26297149909	(67, 0.16350717232847362)
68	68,0.0614425796695	(68, 0.061442579669514663)
68	70,0.106533491389	(68, 0.061442579669514663)
68	23,0.106960472586	(68, 0.061442579669514663)
68	61,0.117660305202	(68, 0.061442579669514663)
68	63,0.131846155888	(68, 0.061442579669514663)
68	162,0.138006039843	(68, 0.061442579669514663)
68	147,0.141080633307	(68, 0.061442579669514663)
68	26,0.141148060376	(68, 0.061442579669514663)
68	135,0.150995818275	(68, 0.061442579669514663)
68	71,0.155709577385	(68, 0.061442579669514663)
69	122,0.232501929098	(69, 0.27851461001715533)
69	15,0.248066765377	(69, 0.27851461001715533)
69	33,0.268140680943	(69, 0.27851461001715533)
69	174,0.268441540419	(69, 0.27851461001715533)
69	69,0.278514610017	(69, 0.27851461001715533)
69	48,0.2892270201	(69, 0.27851461001715533)
69	2,0.289521483883	(69, 0.27851461001715533)
69	56,0.296788411751	(69, 0.27851461001715533)
69	4,0.300252068878	(69, 0.27851461001715533)
69	154,0.308630730587	(69, 0.27851461001715533)
70	121,0.0676028005798	(70, 0.078684423502795406)
70	3,0.074895918809	(70, 0.078684423502795406)
70	70,0.0786844235028	(70, 0.078684423502795406)
70	77,0.0855728296438	(70, 0.078684423502795406)
70	132,0.0876807182249	(70, 0.078684423502795406)
70	139,0.0921418855687	(70, 0.078684423502795406)
70	22,0.0924572416765	(70, 0.078684423502795406)
70	26,0.0931640284081	(70, 0.078684423502795406)
70	63,0.0968311910625	(70, 0.078684423502795406)
70	117,0.0989339527177	(70, 0.078684423502795406)
71	91,0.135966049943	(71, 0.34991063015418278)
71	133,0.180307104278	(71, 0.34991063015418278)
71	101,0.207802709379	(71, 0.34991063015418278)
71	102,0.207879686336	(71, 0.34991063015418278)
71	41,0.209486118304	(71, 0.34991063015418278)
71	155,0.222690613273	(71, 0.34991063015418278)
71	28,0.231481036159	(71, 0.34991063015418278)
71	1,0.235286004772	(71, 0.34991063015418278)
71	95,0.252302754477	(71, 0.34991063015418278)
71	124,0.258520452354	(71, 0.34991063015418278)
72	174,0.105810053278	(72, 0.63000647274466537)
72	17,0.108470227862	(72, 0.63000647274466537)
72	172,0.11301661764	(72, 0.63000647274466537)
72	148,0.120284407157	(72, 0.63000647274466537)
72	143,0.124730133883	(72, 0.63000647274466537)
72	100,0.146678123337	(72, 0.63000647274466537)
72	77,0.146839801218	(72, 0.63000647274466537)
72	49,0.151196538557	(72, 0.63000647274466537)
72	40,0.154845525527	(72, 0.63000647274466537)
72	171,0.15728268192	(72, 0.63000647274466537)
73	73,0.0567044297849	(73, 0.056704429784945339)
73	13,0.0919730900521	(73, 0.056704429784945339)
73	124,0.103834877571	(73, 0.056704429784945339)
73	157,0.10686477667	(73, 0.056704429784945339)
73	93,0.124551798923	(73, 0.056704429784945339)
73	27,0.132083838042	(73, 0.056704429784945339)
73	53,0.13999137081	(73, 0.056704429784945339)
73	109,0.146550095678	(73, 0.056704429784945339)
73	116,0.150948025684	(73, 0.056704429784945339)
73	114,0.161263208262	(73, 0.056704429784945339)
74	136,0.0441315472911	(74, 0.046579312523091873)
74	74,0.0465793125231	(74, 0.046579312523091873)
74	17,0.0544704606031	(74, 0.046579312523091873)
74	37,0.0633953133213	(74, 0.046579312523091873)
74	77,0.0706919611348	(74, 0.046579312523091873)
74	90,0.07215074487	(74, 0.046579312523091873)
74	100,0.0749841122671	(74, 0.046579312523091873)
74	127,0.0793304129024	(74, 0.046579312523091873)
74	11,0.0905409101865	(74, 0.046579312523091873)
74	59,0.103236856991	(74, 0.046579312523091873)
75	75,0.356858935867	(75, 0.3568589358666433)
75	167,0.418847966768	(75, 0.3568589358666433)
75	10,0.581920578784	(75, 0.3568589358666433)
75	47,0.587009349643	(75, 0.3568589358666433)
75	80,0.598595920494	(75, 0.3568589358666433)
75	67,0.628415315222	(75, 0.3568589358666433)
75	99,0.633729954921	(75, 0.3568589358666433)
75	85,0.639157930002	(75, 0.3568589358666433)
75	166,0.655606757074	(75, 0.3568589358666433)
75	84,0.660490362441	(75, 0.3568589358666433)
76	76,0.0304447080217	(76, 0.030444708021741863)
76	147,0.0358255660508	(76, 0.030444708021741863)
76	137,0.0393717139894	(76, 0.030444708021741863)
76	63,0.0395149409052	(76, 0.030444708021741863)
76	171,0.0535562997822	(76, 0.030444708021741863)
76	46,0.0611714814141	(76, 0.030444708021741863)
76	3,0.0628060835286	(76, 0.030444708021741863)
76	22,0.0650682750844	(76, 0.030444708021741863)
76	117,0.0695312095336	(76, 0.030444708021741863)
76	36,0.0704133393858	(76, 0.030444708021741863)
77	162,0.0483490432436	(77, 0.059526750421418882)
77	90,0.0511325990175	(77, 0.059526750421418882)
77	136,0.0542694266898	(77, 0.059526750421418882)
77	11,0.0557657414054	(77, 0.059526750421418882)
77	3,0.0571895959428	(77, 0.059526750421418882)
77	77,0.0595267504214	(77, 0.059526750421418882)
77	137,0.0605518245089	(77, 0.059526750421418882)
77	63,0.0617978907022	(77, 0.059526750421418882)
77	147,0.0669867421786	(77, 0.059526750421418882)
77	17,0.0726049142321	(77, 0.059526750421418882)
78	151,0.0366375479798	(78, 0.063607343625480484)
78	76,0.0504809965126	(78, 0.063607343625480484)
78	63,0.0510457889247	(78, 0.063607343625480484)
78	22,0.0515311368462	(78, 0.063607343625480484)
78	18,0.0520945699477	(78, 0.063607343625480484)
78	132,0.0543335076245	(78, 0.063607343625480484)
78	121,0.0543929239976	(78, 0.063607343625480484)
78	78,0.0636073436255	(78, 0.063607343625480484)
78	147,0.066893055403	(78, 0.063607343625480484)
78	61,0.0707164806193	(78, 0.063607343625480484)
79	79,0.0438373862645	(79, 0.043837386264461771)
79	69,0.0538636899538	(79, 0.043837386264461771)
79	4,0.0622341852332	(79, 0.043837386264461771)
79	40,0.0678479316233	(79, 0.043837386264461771)
79	25,0.0937114616395	(79, 0.043837386264461771)
79	56,0.0971200013759	(79, 0.043837386264461771)
79	34,0.106572860692	(79, 0.043837386264461771)
79	17,0.111148229644	(79, 0.043837386264461771)
79	15,0.117890213821	(79, 0.043837386264461771)
79	148,0.118124209094	(79, 0.043837386264461771)
80	80,0.19104188567	(80, 0.19104188566975219)
80	51,0.2175851066	(80, 0.19104188566975219)
80	167,0.27051479073	(80, 0.19104188566975219)
80	32,0.356888185813	(80, 0.19104188566975219)
80	27,0.479927309443	(80, 0.19104188566975219)
80	39,0.481681239011	(80, 0.19104188566975219)
80	169,0.498830881376	(80, 0.19104188566975219)
80	58,0.500613722822	(80, 0.19104188566975219)
80	160,0.507290146054	(80, 0.19104188566975219)
80	165,0.535154554877	(80, 0.19104188566975219)
81	81,0.0445974553695	(81, 0.044597455369453337)
81	3,0.0662626326961	(81, 0.044597455369453337)
81	11,0.0735079280106	(81, 0.044597455369453337)
81	132,0.0756194902902	(81, 0.044597455369453337)
81	117,0.0825245157378	(81, 0.044597455369453337)
81	151,0.0829749337798	(81, 0.044597455369453337)
81	121,0.0836040808531	(81, 0.044597455369453337)
81	22,0.086215666531	(81, 0.044597455369453337)
81	77,0.0887600336541	(81, 0.044597455369453337)
81	76,0.0902703111768	(81, 0.044597455369453337)
82	27,0.127322351485	(82, 0.21064907406595249)
82	12,0.159662653287	(82, 0.21064907406595249)
82	24,0.162861737984	(82, 0.21064907406595249)
82	38,0.163683686855	(82, 0.21064907406595249)
82	107,0.166137820489	(82, 0.21064907406595249)
82	13,0.166624082691	(82, 0.21064907406595249)
82	73,0.167548913789	(82, 0.21064907406595249)
82	105,0.167934833764	(82, 0.21064907406595249)
82	144,0.184553519908	(82, 0.21064907406595249)
82	29,0.187444001722	(82, 0.21064907406595249)
83	13,0.0704266676493	(83, 0.081211564549474799)
83	83,0.0812115645495	(83, 0.081211564549474799)
83	161,0.0812943391024	(83, 0.081211564549474799)
83	155,0.0819015186312	(83, 0.081211564549474799)
83	65,0.0829579305295	(83, 0.081211564549474799)
83	17,0.0868535898606	(83, 0.081211564549474799)
83	120,0.0949072563537	(83, 0.081211564549474799)
83	71,0.0974004426335	(83, 0.081211564549474799)
83	11,0.102289461663	(83, 0.081211564549474799)
83	136,0.106252351454	(83, 0.081211564549474799)
84	84,0.233795137365	(84, 0.23379513736547688)
84	67,0.242561384751	(84, 0.23379513736547688)
84	169,0.269399444101	(84, 0.23379513736547688)
84	166,0.277770605861	(84, 0.23379513736547688)
84	140,0.30653876885	(84, 0.23379513736547688)
84	99,0.314298630039	(84, 0.23379513736547688)
84	109,0.359018909606	(84, 0.23379513736547688)
84	144,0.366015208539	(84, 0.23379513736547688)
84	156,0.380228784238	(84, 0.23379513736547688)
84	149,0.381330629885	(84, 0.23379513736547688)
85	67,0.224180249722	(85, 0.29604883304479812)
85	85,0.296048833045	(85, 0.29604883304479812)
85	140,0.328499666538	(85, 0.29604883304479812)
85	149,0.381820308959	(85, 0.29604883304479812)
85	84,0.388250050831	(85, 0.29604883304479812)
85	166,0.389283662057	(85, 0.29604883304479812)
85	169,0.408803149255	(85, 0.29604883304479812)
85	144,0.455814861935	(85, 0.29604883304479812)
85	99,0.461533744664	(85, 0.29604883304479812)
85	93,0.479393145556	(85, 0.29604883304479812)
86	86,0.0472202216063	(86, 0.047220221606251701)
86	137,0.0552872213598	(86, 0.047220221606251701)
86	150,0.0634345733416	(86, 0.047220221606251701)
86	162,0.0646634714568	(86, 0.047220221606251701)
86	76,0.0665812050248	(86, 0.047220221606251701)
86	117,0.0683301534036	(86, 0.047220221606251701)
86	171,0.068593367335	(86, 0.047220221606251701)
86	18,0.0690173502148	(86, 0.047220221606251701)
86	3,0.0692805386919	(86, 0.047220221606251701)
86	11,0.073864010337	(86, 0.047220221606251701)
87	121,0.0745302608029	(87, 0.19576735852243216)
87	26,0.0750808079685	(87, 0.19576735852243216)
87	78,0.0793264827315	(87, 0.19576735852243216)
87	1,0.0893947748322	(87, 0.19576735852243216)
87	61,0.0990430845343	(87, 0.19576735852243216)
87	23,0.102383889358	(87, 0.19576735852243216)
87	22,0.110878129239	(87, 0.19576735852243216)
87	11,0.111564519836	(87, 0.19576735852243216)
87	20,0.116587423499	(87, 0.19576735852243216)
87	70,0.117180944878	(87, 0.19576735852243216)
88	76,0.0394506253813	(88, 0.068089773507896648)
88	147,0.0447276722926	(88, 0.068089773507896648)
88	18,0.0492402325068	(88, 0.068089773507896648)
88	63,0.0530082785947	(88, 0.068089773507896648)
88	171,0.0553811396296	(88, 0.068089773507896648)
88	22,0.0614984454239	(88, 0.068089773507896648)
88	46,0.0617598205327	(88, 0.068089773507896648)
88	117,0.064281484682	(88, 0.068089773507896648)
88	139,0.0660624714871	(88, 0.068089773507896648)
88	88,0.0680897735079	(88, 0.068089773507896648)
89	124,0.0676761534737	(89, 0.10520641645125844)
89	53,0.100094658229	(89, 0.10520641645125844)
89	155,0.100209399275	(89, 0.10520641645125844)
89	89,0.105206416451	(89, 0.10520641645125844)
89	73,0.108369537435	(89, 0.10520641645125844)
89	1,0.109269607938	(89, 0.10520641645125844)
89	20,0.127925292969	(89, 0.10520641645125844)
89	71,0.12984834983	(89, 0.10520641645125844)
89	13,0.142725392932	(89, 0.10520641645125844)
89	11,0.142741889517	(89, 0.10520641645125844)
90	90,0.0363280679157	(90, 0.03632806791565913)
90	11,0.0643222130987	(90, 0.03632806791565913)
90	96,0.0663425672225	(90, 0.03632806791565913)
90	162,0.0665412507882	(90, 0.03632806791565913)
90	81,0.072280215861	(90, 0.03632806791565913)
90	137,0.075537250724	(90, 0.03632806791565913)
90	172,0.0799862993694	(90, 0.03632806791565913)
90	112,0.0820305055385	(90, 0.03632806791565913)
90	17,0.0838936534486	(90, 0.03632806791565913)
90	136,0.0839326232269	(90, 0.03632806791565913)
91	133,0.149577228884	(91, 0.23031020367614027)
91	91,0.230310203676	(91, 0.23031020367614027)
91	130,0.312299544246	(91, 0.23031020367614027)
91	103,0.397187191538	(91, 0.23031020367614027)
91	66,0.419768859694	(91, 0.23031020367614027)
91	34,0.422262746359	(91, 0.23031020367614027)
91	102,0.430920102705	(91, 0.23031020367614027)
91	53,0.45651326038	(91, 0.23031020367614027)
91	51,0.460592654028	(91, 0.23031020367614027)
91	155,0.46869751142	(91, 0.23031020367614027)
92	78,0.0637596706412	(92, 0.17964439091845721)
92	128,0.0915036491325	(92, 0.17964439091845721)
92	61,0.101447120724	(92, 0.17964439091845721)
92	24,0.104364105937	(92, 0.17964439091845721)
92	158,0.107582206417	(92, 0.17964439091845721)
92	12,0.115801947438	(92, 0.17964439091845721)
92	26,0.119265851765	(92, 0.17964439091845721)
92	27,0.126400513862	(92, 0.17964439091845721)
92	107,0.130823592899	(92, 0.17964439091845721)
92	38,0.131897106475	(92, 0.17964439091845721)
93	22,0.0572373592195	(93, 0.080063801398728845)
93	132,0.0633286559502	(93, 0.080063801398728845)
93	128,0.0786206174547	(93, 0.080063801398728845)
93	93,0.0800638013987	(93, 0.080063801398728845)
93	158,0.0804640637869	(93, 0.080063801398728845)
93	76,0.0857228236765	(93, 0.080063801398728845)
93	121,0.086035629177	(93, 0.080063801398728845)
93	3,0.0875005456921	(93, 0.080063801398728845)
93	12,0.0911234348695	(93, 0.080063801398728845)
93	78,0.0942657491883	(93, 0.080063801398728845)
94	94,0.107143891366	(94, 0.10714389136564628)
94	83,0.159970091922	(94, 0.10714389136564628)
94	155,0.202558451416	(94, 0.10714389136564628)
94	59,0.217797830706	(94, 0.10714389136564628)
94	15,0.235388972799	(94, 0.10714389136564628)
94	161,0.252780194858	(94, 0.10714389136564628)
94	120,0.25534379485	(94, 0.10714389136564628)
94	65,0.256938141866	(94, 0.10714389136564628)
94	45,0.265296796741	(94, 0.10714389136564628)
94	98,0.26607229996	(94, 0.10714389136564628)
95	99,0.101909393937	(95, 0.25826040660498173)
95	107,0.10542554849	(95, 0.25826040660498173)
95	43,0.127362939301	(95, 0.25826040660498173)
95	27,0.138538778042	(95, 0.25826040660498173)
95	19,0.14445773857	(95, 0.25826040660498173)
95	128,0.150026973307	(95, 0.25826040660498173)
95	78,0.156128297815	(95, 0.25826040660498173)
95	138,0.161502285907	(95, 0.25826040660498173)
95	50,0.168127719754	(95, 0.25826040660498173)
95	84,0.175733254523	(95, 0.25826040660498173)
96	96,0.0545074910596	(96, 0.054507491059561826)
96	162,0.088561994143	(96, 0.054507491059561826)
96	13,0.090301045118	(96, 0.054507491059561826)
96	17,0.0908784241161	(96, 0.054507491059561826)
96	11,0.0992827387508	(96, 0.054507491059561826)
96	161,0.106911571042	(96, 0.054507491059561826)
96	143,0.1167413846	(96, 0.054507491059561826)
96	112,0.118701036986	(96, 0.054507491059561826)
96	119,0.11878541677	(96, 0.054507491059561826)
96	90,0.125894883417	(96, 0.054507491059561826)
97	40,0.0670464491169	(97, 0.14225471834127473)
97	172,0.0681403717488	(97, 0.14225471834127473)
97	69,0.0692548444298	(97, 0.14225471834127473)
97	120,0.0706536036223	(97, 0.14225471834127473)
97	17,0.0746271313778	(97, 0.14225471834127473)
97	4,0.102381196767	(97, 0.14225471834127473)
97	79,0.103701892508	(97, 0.14225471834127473)
97	3,0.117952383583	(97, 0.14225471834127473)
97	56,0.124082163515	(97, 0.14225471834127473)
97	37,0.125274931905	(97, 0.14225471834127473)
98	98,0.0487652708071	(98, 0.048765270807073116)
98	40,0.0744944707767	(98, 0.048765270807073116)
98	15,0.0847744717469	(98, 0.048765270807073116)
98	25,0.10100460039	(98, 0.048765270807073116)
98	172,0.107688513449	(98, 0.048765270807073116)
98	154,0.119428484722	(98, 0.048765270807073116)
98	49,0.121006213229	(98, 0.048765270807073116)
98	4,0.130711547089	(98, 0.048765270807073116)
98	83,0.132069519936	(98, 0.048765270807073116)
98	69,0.136828914556	(98, 0.048765270807073116)
99	84,0.0908143874669	(99, 0.11354758502093437)
99	93,0.0971821218	(99, 0.11354758502093437)
99	144,0.09907804391	(99, 0.11354758502093437)
99	109,0.101654539652	(99, 0.11354758502093437)
99	73,0.104216407785	(99, 0.11354758502093437)
99	128,0.109680034334	(99, 0.11354758502093437)
99	99,0.113547585021	(99, 0.11354758502093437)
99	156,0.115255294879	(99, 0.11354758502093437)
99	78,0.116993579039	(99, 0.11354758502093437)
99	116,0.127136366084	(99, 0.11354758502093437)
100	100,0.0424837021012	(100, 0.042483702101174324)
100	74,0.0551761642715	(100, 0.042483702101174324)
100	77,0.0634470490454	(100, 0.042483702101174324)
100	136,0.0673089459122	(100, 0.042483702101174324)
100	21,0.0679500781965	(100, 0.042483702101174324)
100	127,0.0691060631661	(100, 0.042483702101174324)
100	90,0.0700501784488	(100, 0.042483702101174324)
100	37,0.0702667527914	(100, 0.042483702101174324)
100	17,0.0704574778909	(100, 0.042483702101174324)
100	11,0.0777989416782	(100, 0.042483702101174324)
101	101,0.105863878552	(101, 0.10586387855179077)
101	73,0.110558294973	(101, 0.10586387855179077)
101	124,0.116102444679	(101, 0.10586387855179077)
101	1,0.118177893744	(101, 0.10586387855179077)
101	13,0.120103615453	(101, 0.10586387855179077)
101	69,0.128160903224	(101, 0.10586387855179077)
101	29,0.130050398738	(101, 0.10586387855179077)
101	60,0.130599170166	(101, 0.10586387855179077)
101	77,0.1416952786	(101, 0.10586387855179077)
101	93,0.146336861995	(101, 0.10586387855179077)
102	41,0.13463848204	(102, 0.14507666593587124)
102	91,0.136185574311	(102, 0.14507666593587124)
102	114,0.144323433299	(102, 0.14507666593587124)
102	155,0.144548501841	(102, 0.14507666593587124)
102	102,0.145076665936	(102, 0.14507666593587124)
102	1,0.158282206782	(102, 0.14507666593587124)
102	101,0.165546846603	(102, 0.14507666593587124)
102	53,0.174164329711	(102, 0.14507666593587124)
102	110,0.175966293408	(102, 0.14507666593587124)
102	103,0.178553671393	(102, 0.14507666593587124)
103	103,0.101631774344	(103, 0.10163177434425918)
103	73,0.158412762361	(103, 0.10163177434425918)
103	101,0.181833911699	(103, 0.10163177434425918)
103	91,0.182890361383	(103, 0.10163177434425918)
103	114,0.2066504255	(103, 0.10163177434425918)
103	93,0.209473420655	(103, 0.10163177434425918)
103	26,0.215846966628	(103, 0.10163177434425918)
103	1,0.216007043596	(103, 0.10163177434425918)
103	51,0.222488217022	(103, 0.10163177434425918)
103	30,0.222989443821	(103, 0.10163177434425918)
104	124,0.0744001269101	(104, 0.1429328443479462)
104	93,0.101881694478	(104, 0.1429328443479462)
104	81,0.10421608319	(104, 0.1429328443479462)
104	119,0.107626244134	(104, 0.1429328443479462)
104	73,0.117338162638	(104, 0.1429328443479462)
104	115,0.11812550695	(104, 0.1429328443479462)
104	11,0.118241298723	(104, 0.1429328443479462)
104	3,0.126293215501	(104, 0.1429328443479462)
104	104,0.142932844348	(104, 0.1429328443479462)
104	37,0.147276957127	(104, 0.1429328443479462)
105	27,0.118301079226	(105, 0.1618276479448077)
105	43,0.134663782732	(105, 0.1618276479448077)
105	24,0.135428204617	(105, 0.1618276479448077)
105	38,0.141627773472	(105, 0.1618276479448077)
105	19,0.143987949497	(105, 0.1618276479448077)
105	107,0.148124218713	(105, 0.1618276479448077)
105	12,0.160097366054	(105, 0.1618276479448077)
105	105,0.161827647945	(105, 0.1618276479448077)
105	73,0.162054815288	(105, 0.1618276479448077)
105	99,0.162267562372	(105, 0.1618276479448077)
106	106,0.0781328158811	(106, 0.078132815881051254)
106	157,0.12381365187	(106, 0.078132815881051254)
106	116,0.138996217563	(106, 0.078132815881051254)
106	174,0.143846057197	(106, 0.078132815881051254)
106	93,0.153503355291	(106, 0.078132815881051254)
106	172,0.153764992401	(106, 0.078132815881051254)
106	156,0.163138226069	(106, 0.078132815881051254)
106	165,0.163977558133	(106, 0.078132815881051254)
106	54,0.167123689627	(106, 0.078132815881051254)
106	13,0.177494907775	(106, 0.078132815881051254)
107	22,0.0765091055848	(107, 0.090465268942703583)
107	26,0.0815251105027	(107, 0.090465268942703583)
107	139,0.0849931404716	(107, 0.090465268942703583)
107	107,0.0904652689427	(107, 0.090465268942703583)
107	121,0.096384887567	(107, 0.090465268942703583)
107	128,0.0978402130127	(107, 0.090465268942703583)
107	78,0.0986045012908	(107, 0.090465268942703583)
107	76,0.0994728957768	(107, 0.090465268942703583)
107	61,0.101221781665	(107, 0.090465268942703583)
107	158,0.105935957763	(107, 0.090465268942703583)
108	77,0.0629329369887	(108, 0.20395784205391446)
108	172,0.0876318341584	(108, 0.20395784205391446)
108	174,0.107085827621	(108, 0.20395784205391446)
108	40,0.112886025339	(108, 0.20395784205391446)
108	4,0.117262454288	(108, 0.20395784205391446)
108	17,0.118683519914	(108, 0.20395784205391446)
108	49,0.124694773371	(108, 0.20395784205391446)
108	100,0.125834263999	(108, 0.20395784205391446)
108	15,0.132149138593	(108, 0.20395784205391446)
108	171,0.133198054304	(108, 0.20395784205391446)
109	109,0.0658345501472	(109, 0.065834550147172377)
109	159,0.0782122927203	(109, 0.065834550147172377)
109	134,0.0943312679375	(109, 0.065834550147172377)
109	146,0.106441475383	(109, 0.065834550147172377)
109	128,0.113521897595	(109, 0.065834550147172377)
109	12,0.114313458693	(109, 0.065834550147172377)
109	152,0.119012407785	(109, 0.065834550147172377)
109	84,0.124632349349	(109, 0.065834550147172377)
109	14,0.127527060106	(109, 0.065834550147172377)
109	38,0.143771966125	(109, 0.065834550147172377)
110	1,0.0699348321975	(110, 0.12957223484054972)
110	11,0.0889543966419	(110, 0.12957223484054972)
110	121,0.0977216005488	(110, 0.12957223484054972)
110	68,0.102310902168	(110, 0.12957223484054972)
110	162,0.107712106264	(110, 0.12957223484054972)
110	155,0.108417964833	(110, 0.12957223484054972)
110	26,0.111485005249	(110, 0.12957223484054972)
110	3,0.116400430589	(110, 0.12957223484054972)
110	71,0.116599899956	(110, 0.12957223484054972)
110	13,0.119870558921	(110, 0.12957223484054972)
111	73,0.0773917633896	(111, 0.2783872852190713)
111	124,0.0955425373291	(111, 0.2783872852190713)
111	93,0.0959522186208	(111, 0.2783872852190713)
111	157,0.115051870698	(111, 0.2783872852190713)
111	101,0.118693695918	(111, 0.2783872852190713)
111	13,0.130188222821	(111, 0.2783872852190713)
111	109,0.141260139259	(111, 0.2783872852190713)
111	128,0.149446933385	(111, 0.2783872852190713)
111	27,0.151416987845	(111, 0.2783872852190713)
111	114,0.156154040859	(111, 0.2783872852190713)
112	11,0.0506835244119	(112, 0.068447875187308091)
112	3,0.058816940002	(112, 0.068447875187308091)
112	90,0.0616902260695	(112, 0.068447875187308091)
112	162,0.0679387601867	(112, 0.068447875187308091)
112	112,0.0684478751873	(112, 0.068447875187308091)
112	100,0.0701947094218	(112, 0.068447875187308091)
112	143,0.0769976295112	(112, 0.068447875187308091)
112	21,0.0771555722556	(112, 0.068447875187308091)
112	81,0.0809018241224	(112, 0.068447875187308091)
112	77,0.0838521199866	(112, 0.068447875187308091)
113	113,0.0728549906513	(113, 0.072854990651337229)
113	65,0.138489488928	(113, 0.072854990651337229)
113	130,0.197165086389	(113, 0.072854990651337229)
113	120,0.218785088009	(113, 0.072854990651337229)
113	44,0.223741256888	(113, 0.072854990651337229)
113	15,0.230703134305	(113, 0.072854990651337229)
113	97,0.241226592177	(113, 0.072854990651337229)
113	53,0.241764480606	(113, 0.072854990651337229)
113	161,0.244054296444	(113, 0.072854990651337229)
113	155,0.24785936941	(113, 0.072854990651337229)
114	114,0.0907079939706	(114, 0.090707993970567918)
114	73,0.0907454783651	(114, 0.090707993970567918)
114	53,0.0910884598758	(114, 0.090707993970567918)
114	124,0.104883908969	(114, 0.090707993970567918)
114	104,0.125648122838	(114, 0.090707993970567918)
114	13,0.142510142333	(114, 0.090707993970567918)
114	109,0.144613013112	(114, 0.090707993970567918)
114	140,0.145206725644	(114, 0.090707993970567918)
114	93,0.149030219287	(114, 0.090707993970567918)
114	157,0.151137299079	(114, 0.090707993970567918)
115	119,0.0762141930385	(115, 0.092949714761375812)
115	115,0.0929497147614	(115, 0.092949714761375812)
115	11,0.0957271258674	(115, 0.092949714761375812)
115	37,0.102765848038	(115, 0.092949714761375812)
115	96,0.111251905005	(115, 0.092949714761375812)
115	17,0.112414186583	(115, 0.092949714761375812)
115	136,0.116153222761	(115, 0.092949714761375812)
115	81,0.118681740653	(115, 0.092949714761375812)
115	172,0.119318920504	(115, 0.092949714761375812)
115	3,0.124478435464	(115, 0.092949714761375812)
116	116,0.0604269922877	(116, 0.0604269922877297)
116	93,0.0702180624651	(116, 0.0604269922877297)
116	109,0.123377503187	(116, 0.0604269922877297)
116	73,0.132882777143	(116, 0.0604269922877297)
116	172,0.134586955235	(116, 0.0604269922877297)
116	144,0.139315596533	(116, 0.0604269922877297)
116	146,0.146976789205	(116, 0.0604269922877297)
116	159,0.14741133731	(116, 0.0604269922877297)
116	3,0.149158534287	(116, 0.0604269922877297)
116	128,0.150510399827	(116, 0.0604269922877297)
117	117,0.0253631397936	(117, 0.025363139793578425)
117	21,0.0580469052953	(117, 0.025363139793578425)
117	71,0.0615697942407	(117, 0.025363139793578425)
117	11,0.0702424171557	(117, 0.025363139793578425)
117	162,0.0709702185874	(117, 0.025363139793578425)
117	81,0.0711344677017	(117, 0.025363139793578425)
117	76,0.0738601472605	(117, 0.025363139793578425)
117	121,0.0747810233865	(117, 0.025363139793578425)
117	22,0.0774088320306	(117, 0.025363139793578425)
117	77,0.0793167628054	(117, 0.025363139793578425)
118	33,0.151107369564	(118, 0.25399707157788792)
118	34,0.187295168916	(118, 0.25399707157788792)
118	69,0.207114756268	(118, 0.25399707157788792)
118	113,0.233754982944	(118, 0.25399707157788792)
118	130,0.234537097679	(118, 0.25399707157788792)
118	118,0.253997071578	(118, 0.25399707157788792)
118	15,0.256041412459	(118, 0.25399707157788792)
118	4,0.263078780202	(118, 0.25399707157788792)
118	25,0.272580374653	(118, 0.25399707157788792)
118	2,0.284298440309	(118, 0.25399707157788792)
119	120,0.0915583610423	(119, 0.095805398766844838)
119	119,0.0958053987668	(119, 0.095805398766844838)
119	69,0.11211975318	(119, 0.095805398766844838)
119	40,0.114114560067	(119, 0.095805398766844838)
119	17,0.115274521148	(119, 0.095805398766844838)
119	172,0.118432990626	(119, 0.095805398766844838)
119	4,0.119575752037	(119, 0.095805398766844838)
119	124,0.123059369741	(119, 0.095805398766844838)
119	97,0.128075885933	(119, 0.095805398766844838)
119	123,0.128090533325	(119, 0.095805398766844838)
120	120,0.0603706655715	(120, 0.060370665571528363)
120	65,0.0788336508467	(120, 0.060370665571528363)
120	161,0.103207023291	(120, 0.060370665571528363)
120	44,0.107708477305	(120, 0.060370665571528363)
120	155,0.122593130912	(120, 0.060370665571528363)
120	53,0.123569466549	(120, 0.060370665571528363)
120	13,0.132859852092	(120, 0.060370665571528363)
120	97,0.139228901505	(120, 0.060370665571528363)
120	124,0.139871877622	(120, 0.060370665571528363)
120	54,0.150315582104	(120, 0.060370665571528363)
121	121,0.0651331640787	(121, 0.065133164078705244)
121	22,0.0754521297004	(121, 0.065133164078705244)
121	1,0.0771093356618	(121, 0.065133164078705244)
121	78,0.0809980541118	(121, 0.065133164078705244)
121	26,0.0811065745711	(121, 0.065133164078705244)
121	73,0.101530496746	(121, 0.065133164078705244)
121	23,0.106022078221	(121, 0.065133164078705244)
121	61,0.106721303527	(121, 0.065133164078705244)
121	11,0.107960963374	(121, 0.065133164078705244)
121	132,0.108505087246	(121, 0.065133164078705244)
122	174,0.0950126211025	(122, 0.13176580657127612)
122	154,0.120300591629	(122, 0.13176580657127612)
122	122,0.131765806571	(122, 0.13176580657127612)
122	69,0.157983539158	(122, 0.13176580657127612)
122	2,0.166592307895	(122, 0.13176580657127612)
122	4,0.177052937612	(122, 0.13176580657127612)
122	48,0.179295197234	(122, 0.13176580657127612)
122	172,0.180989345656	(122, 0.13176580657127612)
122	56,0.190160091016	(122, 0.13176580657127612)
122	40,0.199923842644	(122, 0.13176580657127612)
123	123,0.0814075571347	(123, 0.081407557134721406)
123	172,0.0824858053803	(123, 0.081407557134721406)
123	146,0.118215127958	(123, 0.081407557134721406)
123	81,0.118841901605	(123, 0.081407557134721406)
123	40,0.119617405145	(123, 0.081407557134721406)
123	119,0.120205577946	(123, 0.081407557134721406)
123	90,0.130238718731	(123, 0.081407557134721406)
123	115,0.134785824756	(123, 0.081407557134721406)
123	96,0.137990424374	(123, 0.081407557134721406)
123	17,0.145378469887	(123, 0.081407557134721406)
124	124,0.105423247497	(124, 0.10542324749683635)
124	101,0.157273076949	(124, 0.10542324749683635)
124	41,0.178506823445	(124, 0.10542324749683635)
124	73,0.184033366282	(124, 0.10542324749683635)
124	169,0.187817868569	(124, 0.10542324749683635)
124	157,0.19804813948	(124, 0.10542324749683635)
124	53,0.202958834528	(124, 0.10542324749683635)
124	27,0.205124633726	(124, 0.10542324749683635)
124	155,0.210440268544	(124, 0.10542324749683635)
124	140,0.215639628869	(124, 0.10542324749683635)
125	13,0.167287220713	(125, 0.20437904409895841)
125	73,0.182466600701	(125, 0.20437904409895841)
125	68,0.184200216657	(125, 0.20437904409895841)
125	65,0.186701538477	(125, 0.20437904409895841)
125	23,0.19033909192	(125, 0.20437904409895841)
125	155,0.191427468702	(125, 0.20437904409895841)
125	61,0.196601004211	(125, 0.20437904409895841)
125	114,0.202103596577	(125, 0.20437904409895841)
125	125,0.204379044099	(125, 0.20437904409895841)
125	41,0.207483012606	(125, 0.20437904409895841)
126	81,0.0739700471766	(126, 0.082109335407758444)
126	126,0.0821093354078	(126, 0.082109335407758444)
126	3,0.0872436973967	(126, 0.082109335407758444)
126	132,0.0888535669151	(126, 0.082109335407758444)
126	121,0.0892819727738	(126, 0.082109335407758444)
126	11,0.0924420715792	(126, 0.082109335407758444)
126	151,0.0970272236123	(126, 0.082109335407758444)
126	12,0.0979315001086	(126, 0.082109335407758444)
126	119,0.0982630048943	(126, 0.082109335407758444)
126	22,0.0988066685546	(126, 0.082109335407758444)
127	17,0.0533176817976	(127, 0.06425218021768217)
127	74,0.0539207488803	(127, 0.06425218021768217)
127	136,0.0567994724221	(127, 0.06425218021768217)
127	127,0.0642521802177	(127, 0.06425218021768217)
127	77,0.0789911900037	(127, 0.06425218021768217)
127	100,0.0790593298482	(127, 0.06425218021768217)
127	37,0.0828592529474	(127, 0.06425218021768217)
127	59,0.0859445046585	(127, 0.06425218021768217)
127	49,0.100366622863	(127, 0.06425218021768217)
127	172,0.116330500067	(127, 0.06425218021768217)
128	128,0.0516504452873	(128, 0.05165044528728021)
128	12,0.0713382986692	(128, 0.05165044528728021)
128	22,0.0809989543813	(128, 0.05165044528728021)
128	121,0.0847849152349	(128, 0.05165044528728021)
128	78,0.085229784113	(128, 0.05165044528728021)
128	159,0.0865849045561	(128, 0.05165044528728021)
128	139,0.086808022847	(128, 0.05165044528728021)
128	18,0.0922822311154	(128, 0.05165044528728021)
128	158,0.0954290317647	(128, 0.05165044528728021)
128	50,0.100750424626	(128, 0.05165044528728021)
129	49,0.106618670109	(129, 0.21241522390779885)
129	98,0.1200596366	(129, 0.21241522390779885)
129	77,0.148806625218	(129, 0.21241522390779885)
129	100,0.15195108984	(129, 0.21241522390779885)
129	15,0.154338742604	(129, 0.21241522390779885)
129	59,0.157785555434	(129, 0.21241522390779885)
129	83,0.161074251593	(129, 0.21241522390779885)
129	25,0.178701835783	(129, 0.21241522390779885)
129	94,0.192495088882	(129, 0.21241522390779885)
129	102,0.196639661098	(129, 0.21241522390779885)
130	130,0.161529641078	(130, 0.16152964107785167)
130	13,0.181395119237	(130, 0.16152964107785167)
130	65,0.181613174453	(130, 0.16152964107785167)
130	34,0.184458052213	(130, 0.16152964107785167)
130	53,0.206442625797	(130, 0.16152964107785167)
130	157,0.21216439687	(130, 0.16152964107785167)
130	155,0.213108702215	(130, 0.16152964107785167)
130	15,0.213713299397	(130, 0.16152964107785167)
130	91,0.21422217522	(130, 0.16152964107785167)
130	33,0.217143680601	(130, 0.16152964107785167)
131	166,0.115110111525	(131, 0.15012619260265073)
131	116,0.139641316446	(131, 0.15012619260265073)
131	131,0.150126192603	(131, 0.15012619260265073)
131	72,0.150477601331	(131, 0.15012619260265073)
131	144,0.171752710133	(131, 0.15012619260265073)
131	84,0.20252224532	(131, 0.15012619260265073)
131	104,0.210061891932	(131, 0.15012619260265073)
131	156,0.212419364206	(131, 0.15012619260265073)
131	93,0.244673383904	(131, 0.15012619260265073)
131	73,0.245771816969	(131, 0.15012619260265073)
132	132,0.0483550840652	(132, 0.048355084065248771)
132	18,0.0487961516046	(132, 0.048355084065248771)
132	22,0.048844188976	(132, 0.048355084065248771)
132	139,0.0592150054192	(132, 0.048355084065248771)
132	158,0.0610151716519	(132, 0.048355084065248771)
132	46,0.063496664806	(132, 0.048355084065248771)
132	76,0.0643184416084	(132, 0.048355084065248771)
132	147,0.0707474051801	(132, 0.048355084065248771)
132	121,0.0735024031431	(132, 0.048355084065248771)
132	146,0.0747783715082	(132, 0.048355084065248771)
133	133,0.0652748209025	(133, 0.065274820902469527)
133	91,0.168011693987	(133, 0.065274820902469527)
133	34,0.170646293507	(133, 0.065274820902469527)
133	130,0.175095659717	(133, 0.065274820902469527)
133	102,0.211261173264	(133, 0.065274820902469527)
133	103,0.217366571376	(133, 0.065274820902469527)
133	53,0.220411741519	(133, 0.065274820902469527)
133	114,0.229384107084	(133, 0.065274820902469527)
133	153,0.235275891729	(133, 0.065274820902469527)
133	65,0.23694303693	(133, 0.065274820902469527)
134	121,0.0702001997622	(134, 0.088812340663690995)
134	128,0.0711748298625	(134, 0.088812340663690995)
134	78,0.0838913736738	(134, 0.088812340663690995)
134	134,0.0888123406637	(134, 0.088812340663690995)
134	22,0.0966756262864	(134, 0.088812340663690995)
134	73,0.0980645084687	(134, 0.088812340663690995)
134	109,0.102272035613	(134, 0.088812340663690995)
134	18,0.107351738153	(134, 0.088812340663690995)
134	12,0.120207904886	(134, 0.088812340663690995)
134	88,0.123526771618	(134, 0.088812340663690995)
135	147,0.0314616919505	(135, 0.059330613246353955)
135	63,0.0421175314424	(135, 0.059330613246353955)
135	76,0.0426204699619	(135, 0.059330613246353955)
135	137,0.0535337764573	(135, 0.059330613246353955)
135	135,0.0593306132464	(135, 0.059330613246353955)
135	162,0.0653676796456	(135, 0.059330613246353955)
135	171,0.0676807681699	(135, 0.059330613246353955)
135	117,0.0810824349639	(135, 0.059330613246353955)
135	23,0.0829002979387	(135, 0.059330613246353955)
135	3,0.0833196729104	(135, 0.059330613246353955)
136	136,0.0974020869364	(136, 0.097402086936440022)
136	121,0.10345584473	(136, 0.097402086936440022)
136	126,0.114039493971	(136, 0.097402086936440022)
136	78,0.115944805626	(136, 0.097402086936440022)
136	54,0.116704700159	(136, 0.097402086936440022)
136	11,0.120993884995	(136, 0.097402086936440022)
136	132,0.125936257487	(136, 0.097402086936440022)
136	3,0.129810798589	(136, 0.097402086936440022)
136	119,0.131432825405	(136, 0.097402086936440022)
136	151,0.132445764029	(136, 0.097402086936440022)
137	137,0.0274530441069	(137, 0.027453044106920017)
137	63,0.0406398028046	(137, 0.027453044106920017)
137	147,0.0440904903617	(137, 0.027453044106920017)
137	3,0.0514713028309	(137, 0.027453044106920017)
137	171,0.0640480543509	(137, 0.027453044106920017)
137	76,0.0656703863171	(137, 0.027453044106920017)
137	90,0.0664312577136	(137, 0.027453044106920017)
137	136,0.0733561190776	(137, 0.027453044106920017)
137	36,0.073986244194	(137, 0.027453044106920017)
137	77,0.0795100202833	(137, 0.027453044106920017)
138	128,0.0860020708334	(138, 0.10409635820737803)
138	78,0.0869457905102	(138, 0.10409635820737803)
138	107,0.0890382997769	(138, 0.10409635820737803)
138	158,0.0949186166298	(138, 0.10409635820737803)
138	138,0.104096358207	(138, 0.10409635820737803)
138	38,0.128288545176	(138, 0.10409635820737803)
138	22,0.129751700608	(138, 0.10409635820737803)
138	139,0.131402527901	(138, 0.10409635820737803)
138	73,0.132770142806	(138, 0.10409635820737803)
138	55,0.133862335155	(138, 0.10409635820737803)
139	139,0.0236320000275	(139, 0.023632000027508777)
139	46,0.051697316817	(139, 0.023632000027508777)
139	151,0.0727999059028	(139, 0.023632000027508777)
139	18,0.0737461987989	(139, 0.023632000027508777)
139	76,0.0746287659408	(139, 0.023632000027508777)
139	22,0.0794264672534	(139, 0.023632000027508777)
139	132,0.0811800445725	(139, 0.023632000027508777)
139	35,0.0902833388964	(139, 0.023632000027508777)
139	171,0.0947957740395	(139, 0.023632000027508777)
139	146,0.0950861629822	(139, 0.023632000027508777)
140	140,0.111540905331	(140, 0.11154090533063406)
140	93,0.112551172596	(140, 0.11154090533063406)
140	124,0.116752573531	(140, 0.11154090533063406)
140	69,0.123894853099	(140, 0.11154090533063406)
140	73,0.127896658893	(140, 0.11154090533063406)
140	157,0.138590190859	(140, 0.11154090533063406)
140	116,0.14393598795	(140, 0.11154090533063406)
140	104,0.159665508629	(140, 0.11154090533063406)
140	101,0.16796089077	(140, 0.11154090533063406)
140	13,0.172021898382	(140, 0.11154090533063406)
141	48,0.20886664817	(141, 0.22329291538684501)
141	124,0.212879203689	(141, 0.22329291538684501)
141	141,0.223292915387	(141, 0.22329291538684501)
141	4,0.223609524094	(141, 0.22329291538684501)
141	97,0.232569441087	(141, 0.22329291538684501)
141	2,0.247544460618	(141, 0.22329291538684501)
141	33,0.24960449673	(141, 0.22329291538684501)
141	56,0.253121763692	(141, 0.22329291538684501)
141	120,0.254597866614	(141, 0.22329291538684501)
141	69,0.255787864203	(141, 0.22329291538684501)
142	61,0.137381637379	(142, 0.35607777467790236)
142	12,0.141803006013	(142, 0.35607777467790236)
142	38,0.144627979833	(142, 0.35607777467790236)
142	105,0.151452649012	(142, 0.35607777467790236)
142	16,0.153137773503	(142, 0.35607777467790236)
142	55,0.156138506272	(142, 0.35607777467790236)
142	23,0.158068759662	(142, 0.35607777467790236)
142	73,0.160041992493	(142, 0.35607777467790236)
142	78,0.168562165996	(142, 0.35607777467790236)
142	24,0.178535929575	(142, 0.35607777467790236)
143	143,0.0408719525708	(143, 0.040871952570760865)
143	3,0.0498748970616	(143, 0.040871952570760865)
143	11,0.0569371694482	(143, 0.040871952570760865)
143	112,0.0570424180108	(143, 0.040871952570760865)
143	162,0.0604373322925	(143, 0.040871952570760865)
143	90,0.0628427700112	(143, 0.040871952570760865)
143	137,0.0677812153904	(143, 0.040871952570760865)
143	17,0.0711761554894	(143, 0.040871952570760865)
143	21,0.0722982231556	(143, 0.040871952570760865)
143	100,0.076705325105	(143, 0.040871952570760865)
144	144,0.0673004392552	(144, 0.067300439255226954)
144	38,0.115968194049	(144, 0.067300439255226954)
144	12,0.132867317357	(144, 0.067300439255226954)
144	14,0.137826524303	(144, 0.067300439255226954)
144	50,0.15058331602	(144, 0.067300439255226954)
144	159,0.166886382139	(144, 0.067300439255226954)
144	73,0.169912015059	(144, 0.067300439255226954)
144	109,0.170150506884	(144, 0.067300439255226954)
144	99,0.176157754415	(144, 0.067300439255226954)
144	27,0.178596335272	(144, 0.067300439255226954)
145	78,0.0969431991041	(145, 0.10861047412574473)
145	128,0.0989164405951	(145, 0.10861047412574473)
145	158,0.0990365957007	(145, 0.10861047412574473)
145	38,0.101129964635	(145, 0.10861047412574473)
145	55,0.106207793044	(145, 0.10861047412574473)
145	145,0.108610474126	(145, 0.10861047412574473)
145	24,0.115174257041	(145, 0.10861047412574473)
145	12,0.13691611838	(145, 0.10861047412574473)
145	14,0.145494680924	(145, 0.10861047412574473)
145	22,0.146746856643	(145, 0.10861047412574473)
146	146,0.0273882771287	(146, 0.027388277128684302)
146	159,0.0758981095974	(146, 0.027388277128684302)
146	12,0.104841440444	(146, 0.027388277128684302)
146	137,0.114020222489	(146, 0.027388277128684302)
146	18,0.11568589855	(146, 0.027388277128684302)
146	46,0.116012700161	(146, 0.027388277128684302)
146	81,0.116073729108	(146, 0.027388277128684302)
146	132,0.117168043608	(146, 0.027388277128684302)
146	3,0.125267517842	(146, 0.027388277128684302)
146	151,0.126693525741	(146, 0.027388277128684302)
147	63,0.033835167588	(147, 0.03492463104634818)
147	147,0.0349246310463	(147, 0.03492463104634818)
147	76,0.0440577264784	(147, 0.03492463104634818)
147	132,0.04964412281	(147, 0.03492463104634818)
147	151,0.0575184389009	(147, 0.03492463104634818)
147	3,0.0610140640024	(147, 0.03492463104634818)
147	18,0.0641647623083	(147, 0.03492463104634818)
147	121,0.067359950362	(147, 0.03492463104634818)
147	22,0.0699581319006	(147, 0.03492463104634818)
147	137,0.0752605059415	(147, 0.03492463104634818)
148	148,0.0424088042873	(148, 0.042408804287250655)
148	17,0.0579446824163	(148, 0.042408804287250655)
148	143,0.0637732118404	(148, 0.042408804287250655)
148	100,0.0809254514402	(148, 0.042408804287250655)
148	90,0.0813157322144	(148, 0.042408804287250655)
148	172,0.101332199585	(148, 0.042408804287250655)
148	49,0.103944631829	(148, 0.042408804287250655)
148	112,0.105590391376	(148, 0.042408804287250655)
148	3,0.11218074828	(148, 0.042408804287250655)
148	37,0.114294909631	(148, 0.042408804287250655)
149	149,0.127367044819	(149, 0.12736704481945896)
149	32,0.234634195623	(149, 0.12736704481945896)
149	169,0.256311657926	(149, 0.12736704481945896)
149	33,0.300185106838	(149, 0.12736704481945896)
149	27,0.40111036213	(149, 0.12736704481945896)
149	156,0.404768959995	(149, 0.12736704481945896)
149	165,0.411251900887	(149, 0.12736704481945896)
149	111,0.412843622349	(149, 0.12736704481945896)
149	91,0.428554293652	(149, 0.12736704481945896)
149	131,0.435760364039	(149, 0.12736704481945896)
150	3,0.0360331493956	(150, 0.065749070780139654)
150	11,0.0501737936423	(150, 0.065749070780139654)
150	71,0.0574869280439	(150, 0.065749070780139654)
150	162,0.0592262387577	(150, 0.065749070780139654)
150	121,0.0594354480964	(150, 0.065749070780139654)
150	63,0.0655071652196	(150, 0.065749070780139654)
150	150,0.0657490707801	(150, 0.065749070780139654)
150	86,0.0708544342936	(150, 0.065749070780139654)
150	117,0.0721167402466	(150, 0.065749070780139654)
150	76,0.0744206290301	(150, 0.065749070780139654)
151	121,0.0373657438363	(151, 0.059974848717599311)
151	151,0.0599748487176	(151, 0.059974848717599311)
151	132,0.0676635118131	(151, 0.059974848717599311)
151	78,0.0683598705992	(151, 0.059974848717599311)
151	22,0.0731836478126	(151, 0.059974848717599311)
151	26,0.0773539506421	(151, 0.059974848717599311)
151	63,0.0775758626444	(151, 0.059974848717599311)
151	18,0.0779162866796	(151, 0.059974848717599311)
151	70,0.0783014704475	(151, 0.059974848717599311)
151	3,0.080029410381	(151, 0.059974848717599311)
152	152,0.0661267986165	(152, 0.066126798616455859)
152	121,0.0808633891846	(152, 0.066126798616455859)
152	18,0.092207234141	(152, 0.066126798616455859)
152	35,0.100002703601	(152, 0.066126798616455859)
152	88,0.100460954947	(152, 0.066126798616455859)
152	117,0.106061423107	(152, 0.066126798616455859)
152	139,0.107261720614	(152, 0.066126798616455859)
152	22,0.108671815386	(152, 0.066126798616455859)
152	12,0.110395105319	(152, 0.066126798616455859)
152	81,0.12075968208	(152, 0.066126798616455859)
153	133,0.101141690107	(153, 0.16319502586603513)
153	130,0.153241447341	(153, 0.16319502586603513)
153	153,0.163195025866	(153, 0.16319502586603513)
153	34,0.164186191028	(153, 0.16319502586603513)
153	91,0.187053683278	(153, 0.16319502586603513)
153	102,0.189718386301	(153, 0.16319502586603513)
153	103,0.219785227486	(153, 0.16319502586603513)
153	53,0.223039626366	(153, 0.16319502586603513)
153	28,0.242085401323	(153, 0.16319502586603513)
153	1,0.242419726005	(153, 0.16319502586603513)
154	154,0.0349342222356	(154, 0.03493422223560632)
154	174,0.100215141782	(154, 0.03493422223560632)
154	40,0.101577514901	(154, 0.03493422223560632)
154	172,0.116340472802	(154, 0.03493422223560632)
154	4,0.119242259192	(154, 0.03493422223560632)
154	69,0.121107944242	(154, 0.03493422223560632)
154	116,0.137201092932	(154, 0.03493422223560632)
154	2,0.137962869639	(154, 0.03493422223560632)
154	56,0.170029193127	(154, 0.03493422223560632)
154	17,0.173039056241	(154, 0.03493422223560632)
155	11,0.0601072210898	(155, 0.098114719281837626)
155	71,0.0617974168369	(155, 0.098114719281837626)
155	162,0.0668519520708	(155, 0.098114719281837626)
155	1,0.0825309464772	(155, 0.098114719281837626)
155	3,0.0836583563078	(155, 0.098114719281837626)
155	121,0.0863662325239	(155, 0.098114719281837626)
155	81,0.0977297227573	(155, 0.098114719281837626)
155	155,0.0981147192818	(155, 0.098114719281837626)
155	117,0.0989049048432	(155, 0.098114719281837626)
155	77,0.0993827783964	(155, 0.098114719281837626)
156	156,0.085955382924	(156, 0.085955382924000887)
156	73,0.088279499353	(156, 0.085955382924000887)
156	109,0.103131580488	(156, 0.085955382924000887)
156	144,0.115593680027	(156, 0.085955382924000887)
156	93,0.145507909335	(156, 0.085955382924000887)
156	107,0.148025913249	(156, 0.085955382924000887)
156	27,0.148239479503	(156, 0.085955382924000887)
156	50,0.152653446443	(156, 0.085955382924000887)
156	128,0.1544458808	(156, 0.085955382924000887)
156	131,0.15511778046	(156, 0.085955382924000887)
157	22,0.0740207424277	(157, 0.11363998079686148)
157	73,0.0849659128212	(157, 0.11363998079686148)
157	12,0.0850854150835	(157, 0.11363998079686148)
157	93,0.0874614030609	(157, 0.11363998079686148)
157	3,0.0897198623028	(157, 0.11363998079686148)
157	126,0.0912662336629	(157, 0.11363998079686148)
157	128,0.0920213397301	(157, 0.11363998079686148)
157	132,0.0958753060308	(157, 0.11363998079686148)
157	76,0.0964112268013	(157, 0.11363998079686148)
157	121,0.0964532416918	(157, 0.11363998079686148)
158	77,0.0455854511826	(158, 0.16585328549066616)
158	3,0.0696427842838	(158, 0.16585328549066616)
158	37,0.0710454308313	(158, 0.16585328549066616)
158	147,0.0716413526658	(158, 0.16585328549066616)
158	136,0.0752087034317	(158, 0.16585328549066616)
158	63,0.0753966424641	(158, 0.16585328549066616)
158	76,0.076758610394	(158, 0.16585328549066616)
158	171,0.0771227118985	(158, 0.16585328549066616)
158	100,0.078788154923	(158, 0.16585328549066616)
158	137,0.0813065380317	(158, 0.16585328549066616)
159	146,0.0398408759169	(159, 0.094843742359395009)
159	137,0.0676530856779	(159, 0.094843742359395009)
159	46,0.068464035795	(159, 0.094843742359395009)
159	18,0.0733775166138	(159, 0.094843742359395009)
159	36,0.07376836426	(159, 0.094843742359395009)
159	147,0.0745731436471	(159, 0.094843742359395009)
159	150,0.0850846589646	(159, 0.094843742359395009)
159	63,0.0865996646289	(159, 0.094843742359395009)
159	81,0.0886238603645	(159, 0.094843742359395009)
159	151,0.0932113782986	(159, 0.094843742359395009)
160	164,0.142268163753	(160, 0.64647934704166476)
160	27,0.146318189483	(160, 0.64647934704166476)
160	73,0.153624709872	(160, 0.64647934704166476)
160	38,0.173271563426	(160, 0.64647934704166476)
160	109,0.18185876676	(160, 0.64647934704166476)
160	32,0.19036201052	(160, 0.64647934704166476)
160	105,0.197997152389	(160, 0.64647934704166476)
160	12,0.200494233621	(160, 0.64647934704166476)
160	84,0.205786949384	(160, 0.64647934704166476)
160	107,0.20602630544	(160, 0.64647934704166476)
161	161,0.037601832105	(161, 0.037601832104982663)
161	65,0.0848102630657	(161, 0.037601832104982663)
161	17,0.104192160343	(161, 0.037601832104982663)
161	44,0.110687139871	(161, 0.037601832104982663)
161	83,0.118722370324	(161, 0.037601832104982663)
161	68,0.120511498666	(161, 0.037601832104982663)
161	155,0.120661429135	(161, 0.037601832104982663)
161	13,0.129826313364	(161, 0.037601832104982663)
161	120,0.130109341784	(161, 0.037601832104982663)
161	100,0.138658978103	(161, 0.037601832104982663)
162	162,0.0496224567201	(162, 0.049622456720147791)
162	76,0.0561019109627	(162, 0.049622456720147791)
162	18,0.0580993668689	(162, 0.049622456720147791)
162	117,0.0642690808051	(162, 0.049622456720147791)
162	147,0.064770744054	(162, 0.049622456720147791)
162	121,0.0730561934705	(162, 0.049622456720147791)
162	63,0.0752442886775	(162, 0.049622456720147791)
162	88,0.076597903707	(162, 0.049622456720147791)
162	150,0.0786164073429	(162, 0.049622456720147791)
162	11,0.0828903932987	(162, 0.049622456720147791)
163	17,0.0759304451543	(163, 0.11920862475049479)
163	40,0.0904088241903	(163, 0.11920862475049479)
163	172,0.091914211932	(163, 0.11920862475049479)
163	148,0.0921743252214	(163, 0.11920862475049479)
163	100,0.0987376259145	(163, 0.11920862475049479)
163	3,0.100118376829	(163, 0.11920862475049479)
163	83,0.108233189204	(163, 0.11920862475049479)
163	143,0.111493163536	(163, 0.11920862475049479)
163	37,0.111859803443	(163, 0.11920862475049479)
163	69,0.115472889448	(163, 0.11920862475049479)
164	156,0.118953229928	(164, 0.14011665845846683)
164	27,0.123135536029	(164, 0.14011665845846683)
164	73,0.135029400174	(164, 0.14011665845846683)
164	164,0.140116658458	(164, 0.14011665845846683)
164	144,0.147167618018	(164, 0.14011665845846683)
164	109,0.15933549087	(164, 0.14011665845846683)
164	131,0.166699237469	(164, 0.14011665845846683)
164	32,0.169759989087	(164, 0.14011665845846683)
164	13,0.191077861246	(164, 0.14011665845846683)
164	157,0.198963954408	(164, 0.14011665845846683)
165	93,0.101667112794	(165, 0.15979203663656091)
165	116,0.132819668613	(165, 0.15979203663656091)
165	144,0.136393709616	(165, 0.15979203663656091)
165	157,0.13835270363	(165, 0.15979203663656091)
165	73,0.154762364633	(165, 0.15979203663656091)
165	131,0.159054769312	(165, 0.15979203663656091)
165	165,0.159792036637	(165, 0.15979203663656091)
165	156,0.168858491215	(165, 0.15979203663656091)
165	27,0.184056028081	(165, 0.15979203663656091)
165	124,0.184881971886	(165, 0.15979203663656091)
166	116,0.140730244206	(166, 0.16581830273694048)
166	69,0.161402659853	(166, 0.16581830273694048)
166	166,0.165818302737	(166, 0.16581830273694048)
166	144,0.173150222493	(166, 0.16581830273694048)
166	124,0.174484258887	(166, 0.16581830273694048)
166	104,0.181874696841	(166, 0.16581830273694048)
166	140,0.191286764242	(166, 0.16581830273694048)
166	123,0.198754945534	(166, 0.16581830273694048)
166	93,0.202944903975	(166, 0.16581830273694048)
166	13,0.20583885307	(166, 0.16581830273694048)
167	51,0.132083162493	(167, 0.22444498686875436)
167	39,0.185832953063	(167, 0.22444498686875436)
167	32,0.194187312415	(167, 0.22444498686875436)
167	27,0.196187760487	(167, 0.22444498686875436)
167	167,0.224444986869	(167, 0.22444498686875436)
167	19,0.257492944337	(167, 0.22444498686875436)
167	169,0.27188939805	(167, 0.22444498686875436)
167	156,0.292066039533	(167, 0.22444498686875436)
167	138,0.298953665912	(167, 0.22444498686875436)
167	107,0.303640112857	(167, 0.22444498686875436)
168	12,0.0806887498698	(168, 0.11510377178310556)
168	55,0.090401099821	(168, 0.11510377178310556)
168	38,0.110529048636	(168, 0.11510377178310556)
168	168,0.115103771783	(168, 0.11510377178310556)
168	18,0.119743650689	(168, 0.11510377178310556)
168	86,0.122354318041	(168, 0.11510377178310556)
168	152,0.124300073612	(168, 0.11510377178310556)
168	151,0.128154708849	(168, 0.11510377178310556)
168	121,0.129233539865	(168, 0.11510377178310556)
168	105,0.140575837776	(168, 0.11510377178310556)
169	169,0.128987809328	(169, 0.1289878093284248)
169	156,0.137178262742	(169, 0.1289878093284248)
169	73,0.158430882677	(169, 0.1289878093284248)
169	109,0.180751122031	(169, 0.1289878093284248)
169	144,0.185588058627	(169, 0.1289878093284248)
169	27,0.186270840097	(169, 0.1289878093284248)
169	99,0.195045244387	(169, 0.1289878093284248)
169	124,0.196690769009	(169, 0.1289878093284248)
169	84,0.205067086632	(169, 0.1289878093284248)
169	41,0.208346643999	(169, 0.1289878093284248)
170	170,0.101337065174	(170, 0.10133706517440073)
170	99,0.120585713431	(170, 0.10133706517440073)
170	27,0.139230924502	(170, 0.10133706517440073)
170	144,0.14686820106	(170, 0.10133706517440073)
170	19,0.151633261708	(170, 0.10133706517440073)
170	0,0.1625192379	(170, 0.10133706517440073)
170	73,0.16272688977	(170, 0.10133706517440073)
170	84,0.171929399569	(170, 0.10133706517440073)
170	109,0.176731474225	(170, 0.10133706517440073)
170	124,0.204166787284	(170, 0.10133706517440073)
171	27,0.128401330096	(171, 0.37069916003357162)
171	156,0.12877910228	(171, 0.37069916003357162)
171	32,0.141691170528	(171, 0.37069916003357162)
171	164,0.149497982003	(171, 0.37069916003357162)
171	73,0.158631607165	(171, 0.37069916003357162)
171	107,0.168927145834	(171, 0.37069916003357162)
171	19,0.198752410191	(171, 0.37069916003357162)
171	102,0.199827886776	(171, 0.37069916003357162)
171	169,0.209060135585	(171, 0.37069916003357162)
171	144,0.210218136237	(171, 0.37069916003357162)
172	172,0.023705073198	(172, 0.023705073198027136)
172	137,0.0639435618501	(172, 0.023705073198027136)
172	3,0.0661091192785	(172, 0.023705073198027136)
172	17,0.0726957758634	(172, 0.023705073198027136)
172	77,0.0773998124286	(172, 0.023705073198027136)
172	90,0.0838918203474	(172, 0.023705073198027136)
172	81,0.0856706014106	(172, 0.023705073198027136)
172	37,0.0918726394056	(172, 0.023705073198027136)
172	40,0.094029804251	(172, 0.023705073198027136)
172	171,0.0955657940389	(172, 0.023705073198027136)
173	158,0.120287871057	(173, 0.1988934038384487)
173	107,0.12530762183	(173, 0.1988934038384487)
173	38,0.126304376977	(173, 0.1988934038384487)
173	27,0.135789176934	(173, 0.1988934038384487)
173	24,0.140981671457	(173, 0.1988934038384487)
173	128,0.158955473665	(173, 0.1988934038384487)
173	78,0.163230079457	(173, 0.1988934038384487)
173	61,0.172017828047	(173, 0.1988934038384487)
173	156,0.172644656538	(173, 0.1988934038384487)
173	55,0.182634725839	(173, 0.1988934038384487)
174	174,0.0440614364437	(174, 0.044061436443697109)
174	15,0.0707654974423	(174, 0.044061436443697109)
174	56,0.0724762469667	(174, 0.044061436443697109)
174	120,0.098595638171	(174, 0.044061436443697109)
174	17,0.10509657852	(174, 0.044061436443697109)
174	69,0.106967707122	(174, 0.044061436443697109)
174	4,0.11823206845	(174, 0.044061436443697109)
174	2,0.124203274321	(174, 0.044061436443697109)
174	154,0.134510170521	(174, 0.044061436443697109)
174	172,0.135097226948	(174, 0.044061436443697109)
