0	0,4.87914332756e-09	(0, 4.8791433275639828e-09)
0	84,1.27053788068e-08	(0, 4.8791433275639828e-09)
0	38,1.33839552974e-08	(0, 4.8791433275639828e-09)
0	99,1.3918038089e-08	(0, 4.8791433275639828e-09)
0	109,1.490139808e-08	(0, 4.8791433275639828e-09)
0	144,1.55677681925e-08	(0, 4.8791433275639828e-09)
0	170,1.5812222294e-08	(0, 4.8791433275639828e-09)
0	173,1.64068736629e-08	(0, 4.8791433275639828e-09)
0	14,1.65716306341e-08	(0, 4.8791433275639828e-09)
0	138,1.70129773996e-08	(0, 4.8791433275639828e-09)
1	1,4.84365263818e-09	(1, 4.8436526381843267e-09)
1	28,5.73727873298e-09	(1, 4.8436526381843267e-09)
1	91,7.14554708736e-09	(1, 4.8436526381843267e-09)
1	103,8.20375021304e-09	(1, 4.8436526381843267e-09)
1	155,8.32493786696e-09	(1, 4.8436526381843267e-09)
1	102,8.35815979339e-09	(1, 4.8436526381843267e-09)
1	53,8.95145055952e-09	(1, 4.8436526381843267e-09)
1	114,9.34205774563e-09	(1, 4.8436526381843267e-09)
1	30,9.68508182863e-09	(1, 4.8436526381843267e-09)
1	153,9.89147282949e-09	(1, 4.8436526381843267e-09)
2	154,4.79444887391e-09	(2, 9.0687392719887375e-09)
2	4,5.90679630317e-09	(2, 9.0687392719887375e-09)
2	174,7.16550612769e-09	(2, 9.0687392719887375e-09)
2	69,7.17688978554e-09	(2, 9.0687392719887375e-09)
2	40,7.4573372346e-09	(2, 9.0687392719887375e-09)
2	2,9.06873927199e-09	(2, 9.0687392719887375e-09)
2	172,9.58957539633e-09	(2, 9.0687392719887375e-09)
2	25,1.06234479809e-08	(2, 9.0687392719887375e-09)
2	56,1.1060595999e-08	(2, 9.0687392719887375e-09)
2	15,1.11119845021e-08	(2, 9.0687392719887375e-09)
3	3,2.2035407696e-09	(3, 2.2035407695991354e-09)
3	63,2.97945132761e-09	(3, 2.2035407695991354e-09)
3	162,4.00072853284e-09	(3, 2.2035407695991354e-09)
3	150,4.37676316804e-09	(3, 2.2035407695991354e-09)
3	11,4.43458374965e-09	(3, 2.2035407695991354e-09)
3	121,4.80071215126e-09	(3, 2.2035407695991354e-09)
3	21,5.00481260163e-09	(3, 2.2035407695991354e-09)
3	132,5.03280302413e-09	(3, 2.2035407695991354e-09)
3	112,5.12352592515e-09	(3, 2.2035407695991354e-09)
3	147,5.13914554448e-09	(3, 2.2035407695991354e-09)
4	13,4.22994547008e-09	(4, 6.5173853381750463e-09)
4	172,4.97939199673e-09	(4, 6.5173853381750463e-09)
4	17,5.85713455363e-09	(4, 6.5173853381750463e-09)
4	69,6.03840608631e-09	(4, 6.5173853381750463e-09)
4	120,6.0398751809e-09	(4, 6.5173853381750463e-09)
4	37,6.42048560565e-09	(4, 6.5173853381750463e-09)
4	4,6.51738533818e-09	(4, 6.5173853381750463e-09)
4	40,6.64116418293e-09	(4, 6.5173853381750463e-09)
4	161,6.76759308232e-09	(4, 6.5173853381750463e-09)
4	124,6.78703140439e-09	(4, 6.5173853381750463e-09)
5	73,5.0355927274e-09	(5, 1.8084819865011997e-08)
5	107,8.32283185652e-09	(5, 1.8084819865011997e-08)
5	26,9.43944089083e-09	(5, 1.8084819865011997e-08)
5	78,9.51814487872e-09	(5, 1.8084819865011997e-08)
5	158,9.86369879949e-09	(5, 1.8084819865011997e-08)
5	93,9.88702646645e-09	(5, 1.8084819865011997e-08)
5	128,1.0301775245e-08	(5, 1.8084819865011997e-08)
5	95,1.07642815269e-08	(5, 1.8084819865011997e-08)
5	1,1.09289914311e-08	(5, 1.8084819865011997e-08)
5	156,1.11097942151e-08	(5, 1.8084819865011997e-08)
6	139,3.04808809582e-09	(6, 4.1720811429054219e-09)
6	46,3.47585844342e-09	(6, 4.1720811429054219e-09)
6	6,4.17208114291e-09	(6, 4.1720811429054219e-09)
6	76,5.23334550415e-09	(6, 4.1720811429054219e-09)
6	18,5.66473849657e-09	(6, 4.1720811429054219e-09)
6	22,5.72034745127e-09	(6, 4.1720811429054219e-09)
6	35,5.83887603681e-09	(6, 4.1720811429054219e-09)
6	158,5.91035834251e-09	(6, 4.1720811429054219e-09)
6	171,6.05148990804e-09	(6, 4.1720811429054219e-09)
6	132,6.3931360142e-09	(6, 4.1720811429054219e-09)
7	66,2.24965623911e-08	(7, 3.6406297410204571e-08)
7	167,2.72224639249e-08	(7, 3.6406297410204571e-08)
7	51,2.98599312062e-08	(7, 3.6406297410204571e-08)
7	32,3.00653239945e-08	(7, 3.6406297410204571e-08)
7	80,3.05236158785e-08	(7, 3.6406297410204571e-08)
7	160,3.06737935906e-08	(7, 3.6406297410204571e-08)
7	169,3.23450877615e-08	(7, 3.6406297410204571e-08)
7	7,3.64062974102e-08	(7, 3.6406297410204571e-08)
7	133,3.78569669398e-08	(7, 3.6406297410204571e-08)
7	142,3.8299062144e-08	(7, 3.6406297410204571e-08)
8	11,4.41561002857e-09	(8, 6.3294078958811461e-09)
8	121,4.72032771822e-09	(8, 6.3294078958811461e-09)
8	162,6.20077452404e-09	(8, 6.3294078958811461e-09)
8	70,6.30158355831e-09	(8, 6.3294078958811461e-09)
8	73,6.30405987408e-09	(8, 6.3294078958811461e-09)
8	8,6.32940789588e-09	(8, 6.3294078958811461e-09)
8	71,6.76233929325e-09	(8, 6.3294078958811461e-09)
8	18,6.79737677155e-09	(8, 6.3294078958811461e-09)
8	78,7.07617383779e-09	(8, 6.3294078958811461e-09)
8	26,7.1023554061e-09	(8, 6.3294078958811461e-09)
9	9,6.70829756344e-09	(9, 6.708297563440235e-09)
9	155,1.51462514697e-08	(9, 6.708297563440235e-09)
9	114,1.72539368285e-08	(9, 6.708297563440235e-09)
9	53,1.80949274187e-08	(9, 6.708297563440235e-09)
9	91,1.81489655042e-08	(9, 6.708297563440235e-09)
9	124,2.03156720543e-08	(9, 6.708297563440235e-09)
9	28,2.2774904887e-08	(9, 6.708297563440235e-09)
9	41,2.35824351709e-08	(9, 6.708297563440235e-09)
9	65,2.44354824947e-08	(9, 6.708297563440235e-09)
9	1,2.58766702997e-08	(9, 6.708297563440235e-09)
10	10,9.52750953315e-09	(10, 9.5275095331538193e-09)
10	47,1.31215914029e-08	(10, 9.5275095331538193e-09)
10	167,2.35318091334e-08	(10, 9.5275095331538193e-09)
10	173,2.69857302432e-08	(10, 9.5275095331538193e-09)
10	99,2.7086501219e-08	(10, 9.5275095331538193e-09)
10	84,2.73284502086e-08	(10, 9.5275095331538193e-09)
10	166,2.91179912659e-08	(10, 9.5275095331538193e-09)
10	138,3.01666771599e-08	(10, 9.5275095331538193e-09)
10	72,3.02667834484e-08	(10, 9.5275095331538193e-09)
10	14,3.03357217386e-08	(10, 9.5275095331538193e-09)
11	11,2.15907307901e-09	(11, 2.1590730790066526e-09)
11	81,4.46970600467e-09	(11, 2.1590730790066526e-09)
11	119,4.63286349977e-09	(11, 2.1590730790066526e-09)
11	3,5.55843440803e-09	(11, 2.1590730790066526e-09)
11	115,5.61056423507e-09	(11, 2.1590730790066526e-09)
11	96,5.85857766352e-09	(11, 2.1590730790066526e-09)
11	37,6.5705099823e-09	(11, 2.1590730790066526e-09)
11	112,7.0037241718e-09	(11, 2.1590730790066526e-09)
11	90,7.5254496614e-09	(11, 2.1590730790066526e-09)
11	86,7.5610431638e-09	(11, 2.1590730790066526e-09)
12	12,2.87314162778e-09	(12, 2.8731416277764135e-09)
12	22,3.45407120942e-09	(12, 2.8731416277764135e-09)
12	126,3.68378616459e-09	(12, 2.8731416277764135e-09)
12	76,3.72109269842e-09	(12, 2.8731416277764135e-09)
12	151,4.04382079281e-09	(12, 2.8731416277764135e-09)
12	121,4.05837364139e-09	(12, 2.8731416277764135e-09)
12	86,4.39634798703e-09	(12, 2.8731416277764135e-09)
12	18,4.50242473449e-09	(12, 2.8731416277764135e-09)
12	132,4.74421504678e-09	(12, 2.8731416277764135e-09)
12	137,4.74651038952e-09	(12, 2.8731416277764135e-09)
13	17,3.55383841522e-09	(13, 5.9117064926981411e-09)
13	11,3.57471235238e-09	(13, 5.9117064926981411e-09)
13	172,3.79406390014e-09	(13, 5.9117064926981411e-09)
13	90,4.2930567734e-09	(13, 5.9117064926981411e-09)
13	162,4.4935206694e-09	(13, 5.9117064926981411e-09)
13	3,4.80500729167e-09	(13, 5.9117064926981411e-09)
13	81,5.17194334186e-09	(13, 5.9117064926981411e-09)
13	77,5.20111454661e-09	(13, 5.9117064926981411e-09)
13	37,5.3483826083e-09	(13, 5.9117064926981411e-09)
13	136,5.64722935987e-09	(13, 5.9117064926981411e-09)
14	14,4.49729623944e-09	(14, 4.4972962394395901e-09)
14	72,4.80381884273e-09	(14, 4.4972962394395901e-09)
14	159,7.09823800321e-09	(14, 4.4972962394395901e-09)
14	144,9.36804945032e-09	(14, 4.4972962394395901e-09)
14	109,1.02180488223e-08	(14, 4.4972962394395901e-09)
14	131,1.02836872118e-08	(14, 4.4972962394395901e-09)
14	145,1.0309180885e-08	(14, 4.4972962394395901e-09)
14	123,1.0548817554e-08	(14, 4.4972962394395901e-09)
14	84,1.05829358163e-08	(14, 4.4972962394395901e-09)
14	38,1.10161415993e-08	(14, 4.4972962394395901e-09)
15	15,2.85187563098e-09	(15, 2.8518756309790692e-09)
15	17,4.41937529482e-09	(15, 2.8518756309790692e-09)
15	49,5.99813581452e-09	(15, 2.8518756309790692e-09)
15	100,6.27573727041e-09	(15, 2.8518756309790692e-09)
15	120,7.35673118286e-09	(15, 2.8518756309790692e-09)
15	161,7.38779410508e-09	(15, 2.8518756309790692e-09)
15	56,7.49354979557e-09	(15, 2.8518756309790692e-09)
15	69,7.56573660164e-09	(15, 2.8518756309790692e-09)
15	83,7.65522066655e-09	(15, 2.8518756309790692e-09)
15	148,7.69806090914e-09	(15, 2.8518756309790692e-09)
16	16,6.03494760851e-09	(16, 6.0349476085119852e-09)
16	170,8.47878450688e-09	(16, 6.0349476085119852e-09)
16	0,9.46456811267e-09	(16, 6.0349476085119852e-09)
16	19,1.00508284117e-08	(16, 6.0349476085119852e-09)
16	114,1.20756670031e-08	(16, 6.0349476085119852e-09)
16	27,1.26793818576e-08	(16, 6.0349476085119852e-09)
16	73,1.28430938088e-08	(16, 6.0349476085119852e-09)
16	101,1.29750462672e-08	(16, 6.0349476085119852e-09)
16	144,1.32345759994e-08	(16, 6.0349476085119852e-09)
16	78,1.35152896566e-08	(16, 6.0349476085119852e-09)
17	17,2.10327096306e-09	(17, 2.1032709630642691e-09)
17	172,3.44202269273e-09	(17, 2.1032709630642691e-09)
17	100,4.7443476868e-09	(17, 2.1032709630642691e-09)
17	77,5.11686642266e-09	(17, 2.1032709630642691e-09)
17	143,5.12950513647e-09	(17, 2.1032709630642691e-09)
17	90,5.4138143857e-09	(17, 2.1032709630642691e-09)
17	49,5.69313696402e-09	(17, 2.1032709630642691e-09)
17	37,5.86138947215e-09	(17, 2.1032709630642691e-09)
17	136,6.01017132846e-09	(17, 2.1032709630642691e-09)
17	148,6.18548006528e-09	(17, 2.1032709630642691e-09)
18	18,2.65259721491e-09	(18, 2.6525972149133708e-09)
18	88,3.42272045243e-09	(18, 2.6525972149133708e-09)
18	121,3.56437783757e-09	(18, 2.6525972149133708e-09)
18	22,3.72665778245e-09	(18, 2.6525972149133708e-09)
18	61,3.75193346501e-09	(18, 2.6525972149133708e-09)
18	76,4.13292110718e-09	(18, 2.6525972149133708e-09)
18	139,4.26612404341e-09	(18, 2.6525972149133708e-09)
18	35,4.34320791763e-09	(18, 2.6525972149133708e-09)
18	132,4.53807099839e-09	(18, 2.6525972149133708e-09)
18	23,4.9239236919e-09	(18, 2.6525972149133708e-09)
19	19,6.6568119063e-09	(19, 6.656811906303673e-09)
19	43,8.60437885063e-09	(19, 6.656811906303673e-09)
19	27,1.03155603254e-08	(19, 6.656811906303673e-09)
19	99,1.11691051574e-08	(19, 6.656811906303673e-09)
19	107,1.4267251492e-08	(19, 6.656811906303673e-09)
19	164,1.49136486976e-08	(19, 6.656811906303673e-09)
19	39,1.55165566064e-08	(19, 6.656811906303673e-09)
19	84,1.58780384157e-08	(19, 6.656811906303673e-09)
19	170,1.58886984201e-08	(19, 6.656811906303673e-09)
19	32,1.60987489224e-08	(19, 6.656811906303673e-09)
20	73,6.2485888081e-09	(20, 7.4098831269166488e-09)
20	20,7.40988312692e-09	(20, 7.4098831269166488e-09)
20	124,7.43542417356e-09	(20, 7.4098831269166488e-09)
20	93,8.05845728127e-09	(20, 7.4098831269166488e-09)
20	109,8.53806188414e-09	(20, 7.4098831269166488e-09)
20	157,8.83644073186e-09	(20, 7.4098831269166488e-09)
20	128,9.45495137351e-09	(20, 7.4098831269166488e-09)
20	1,9.4954366144e-09	(20, 7.4098831269166488e-09)
20	89,9.50149521071e-09	(20, 7.4098831269166488e-09)
20	101,1.02631664259e-08	(20, 7.4098831269166488e-09)
21	121,3.00999834963e-09	(21, 6.1664493427465009e-09)
21	71,3.72029823558e-09	(21, 6.1664493427465009e-09)
21	11,3.78926530866e-09	(21, 6.1664493427465009e-09)
21	117,4.10018572323e-09	(21, 6.1664493427465009e-09)
21	162,4.35997094719e-09	(21, 6.1664493427465009e-09)
21	22,4.81340410873e-09	(21, 6.1664493427465009e-09)
21	23,5.14312083865e-09	(21, 6.1664493427465009e-09)
21	76,5.49231936132e-09	(21, 6.1664493427465009e-09)
21	86,5.54174459575e-09	(21, 6.1664493427465009e-09)
21	63,5.64816194368e-09	(21, 6.1664493427465009e-09)
22	22,3.03646751104e-09	(22, 3.0364675110423491e-09)
22	117,3.24998267829e-09	(22, 3.0364675110423491e-09)
22	76,3.46698133898e-09	(22, 3.0364675110423491e-09)
22	139,3.51656040868e-09	(22, 3.0364675110423491e-09)
22	46,4.00740303437e-09	(22, 3.0364675110423491e-09)
22	132,4.09437411063e-09	(22, 3.0364675110423491e-09)
22	3,4.66519885424e-09	(22, 3.0364675110423491e-09)
22	137,4.69183700965e-09	(22, 3.0364675110423491e-09)
22	171,4.74522729432e-09	(22, 3.0364675110423491e-09)
22	63,4.8241481029e-09	(22, 3.0364675110423491e-09)
23	23,2.07896301434e-09	(23, 2.0789630143384626e-09)
23	61,2.52654748002e-09	(23, 2.0789630143384626e-09)
23	26,5.23129409111e-09	(23, 2.0789630143384626e-09)
23	121,5.95601138695e-09	(23, 2.0789630143384626e-09)
23	78,6.16830640261e-09	(23, 2.0789630143384626e-09)
23	162,7.12751728044e-09	(23, 2.0789630143384626e-09)
23	63,8.30667458436e-09	(23, 2.0789630143384626e-09)
23	76,8.53936131553e-09	(23, 2.0789630143384626e-09)
23	70,8.86597980527e-09	(23, 2.0789630143384626e-09)
23	18,9.28156914777e-09	(23, 2.0789630143384626e-09)
24	24,2.73173277521e-09	(24, 2.7317327752131749e-09)
24	107,7.69906724005e-09	(24, 2.7317327752131749e-09)
24	27,8.6037642655e-09	(24, 2.7317327752131749e-09)
24	61,9.46795293535e-09	(24, 2.7317327752131749e-09)
24	158,9.62208109601e-09	(24, 2.7317327752131749e-09)
24	135,9.83500853729e-09	(24, 2.7317327752131749e-09)
24	50,9.99320032768e-09	(24, 2.7317327752131749e-09)
24	12,1.00035913459e-08	(24, 2.7317327752131749e-09)
24	73,1.04398341654e-08	(24, 2.7317327752131749e-09)
24	22,1.04491736721e-08	(24, 2.7317327752131749e-09)
25	25,3.59134908442e-09	(25, 3.5913490844166937e-09)
25	69,3.97406970711e-09	(25, 3.5913490844166937e-09)
25	40,4.5983348765e-09	(25, 3.5913490844166937e-09)
25	15,4.91237353786e-09	(25, 3.5913490844166937e-09)
25	4,5.68645428347e-09	(25, 3.5913490844166937e-09)
25	148,6.38427009363e-09	(25, 3.5913490844166937e-09)
25	154,7.10911121412e-09	(25, 3.5913490844166937e-09)
25	79,8.27528910082e-09	(25, 3.5913490844166937e-09)
25	56,8.53106747702e-09	(25, 3.5913490844166937e-09)
25	17,8.70464865576e-09	(25, 3.5913490844166937e-09)
26	117,3.21578762245e-09	(26, 8.8489830872913178e-09)
26	11,3.27240633912e-09	(26, 8.8489830872913178e-09)
26	18,3.51447030288e-09	(26, 8.8489830872913178e-09)
26	162,3.62384856477e-09	(26, 8.8489830872913178e-09)
26	63,3.63620264974e-09	(26, 8.8489830872913178e-09)
26	3,3.71584776704e-09	(26, 8.8489830872913178e-09)
26	76,3.80557772055e-09	(26, 8.8489830872913178e-09)
26	150,3.93243046817e-09	(26, 8.8489830872913178e-09)
26	121,3.95354339466e-09	(26, 8.8489830872913178e-09)
26	147,4.52219748495e-09	(26, 8.8489830872913178e-09)
27	78,6.6743125167e-09	(27, 8.3763178796211024e-09)
27	170,7.15737821627e-09	(27, 8.3763178796211024e-09)
27	73,7.41073571912e-09	(27, 8.3763178796211024e-09)
27	26,7.87474446783e-09	(27, 8.3763178796211024e-09)
27	101,8.07644438419e-09	(27, 8.3763178796211024e-09)
27	61,8.07953049571e-09	(27, 8.3763178796211024e-09)
27	107,8.15057947156e-09	(27, 8.3763178796211024e-09)
27	121,8.15719722146e-09	(27, 8.3763178796211024e-09)
27	27,8.37631787962e-09	(27, 8.3763178796211024e-09)
27	128,8.73644163751e-09	(27, 8.3763178796211024e-09)
28	13,6.04341915302e-09	(28, 6.9954409769167052e-09)
28	1,6.54217224791e-09	(28, 6.9954409769167052e-09)
28	28,6.99544097692e-09	(28, 6.9954409769167052e-09)
28	3,7.53230832442e-09	(28, 6.9954409769167052e-09)
28	73,7.60114422199e-09	(28, 6.9954409769167052e-09)
28	93,8.77550429358e-09	(28, 6.9954409769167052e-09)
28	53,8.83919216889e-09	(28, 6.9954409769167052e-09)
28	157,9.00054013691e-09	(28, 6.9954409769167052e-09)
28	65,9.52948246452e-09	(28, 6.9954409769167052e-09)
28	114,9.94565975336e-09	(28, 6.9954409769167052e-09)
29	29,2.87863405812e-09	(29, 2.8786340581217275e-09)
29	77,4.49102214624e-09	(29, 2.8786340581217275e-09)
29	71,5.7542295462e-09	(29, 2.8786340581217275e-09)
29	135,5.95055163966e-09	(29, 2.8786340581217275e-09)
29	1,6.13903652067e-09	(29, 2.8786340581217275e-09)
29	13,6.41846515576e-09	(29, 2.8786340581217275e-09)
29	73,6.62028340702e-09	(29, 2.8786340581217275e-09)
29	11,7.29316979725e-09	(29, 2.8786340581217275e-09)
29	3,7.4432763469e-09	(29, 2.8786340581217275e-09)
29	76,7.61035480777e-09	(29, 2.8786340581217275e-09)
30	30,8.1133767704e-09	(30, 8.1133767703981909e-09)
30	28,1.1878196273e-08	(30, 8.1133767703981909e-09)
30	103,1.19563343194e-08	(30, 8.1133767703981909e-09)
30	91,1.23848765635e-08	(30, 8.1133767703981909e-09)
30	51,1.2543352497e-08	(30, 8.1133767703981909e-09)
30	53,1.57256085381e-08	(30, 8.1133767703981909e-09)
30	39,1.58933884005e-08	(30, 8.1133767703981909e-09)
30	114,1.59751831605e-08	(30, 8.1133767703981909e-09)
30	1,1.60614560716e-08	(30, 8.1133767703981909e-09)
30	101,1.62689028826e-08	(30, 8.1133767703981909e-09)
31	31,8.68458846919e-09	(31, 8.6845884691918674e-09)
31	166,1.00524983594e-08	(31, 8.6845884691918674e-09)
31	72,1.56396262439e-08	(31, 8.6845884691918674e-09)
31	116,1.61668877528e-08	(31, 8.6845884691918674e-09)
31	48,1.66812779927e-08	(31, 8.6845884691918674e-09)
31	69,1.72933939204e-08	(31, 8.6845884691918674e-09)
31	124,1.87241219874e-08	(31, 8.6845884691918674e-09)
31	104,1.88400460764e-08	(31, 8.6845884691918674e-09)
31	123,1.92950858834e-08	(31, 8.6845884691918674e-09)
31	131,1.94301344149e-08	(31, 8.6845884691918674e-09)
32	32,7.77429935413e-09	(32, 7.7742993541315696e-09)
32	156,7.9547199885e-09	(32, 7.7742993541315696e-09)
32	27,9.46738372912e-09	(32, 7.7742993541315696e-09)
32	164,1.20675247849e-08	(32, 7.7742993541315696e-09)
32	50,1.25330620227e-08	(32, 7.7742993541315696e-09)
32	107,1.32358342744e-08	(32, 7.7742993541315696e-09)
32	73,1.3236021026e-08	(32, 7.7742993541315696e-09)
32	131,1.4580840399e-08	(32, 7.7742993541315696e-09)
32	165,1.57897756466e-08	(32, 7.7742993541315696e-09)
32	144,1.63433282939e-08	(32, 7.7742993541315696e-09)
33	33,5.29225035765e-09	(33, 5.2922503576495238e-09)
33	4,9.26681862332e-09	(33, 5.2922503576495238e-09)
33	69,1.05301347066e-08	(33, 5.2922503576495238e-09)
33	106,1.1449444689e-08	(33, 5.2922503576495238e-09)
33	116,1.20366494423e-08	(33, 5.2922503576495238e-09)
33	40,1.26848746185e-08	(33, 5.2922503576495238e-09)
33	28,1.33518085603e-08	(33, 5.2922503576495238e-09)
33	2,1.38808543916e-08	(33, 5.2922503576495238e-09)
33	73,1.41901169289e-08	(33, 5.2922503576495238e-09)
33	1,1.43453377167e-08	(33, 5.2922503576495238e-09)
34	69,4.37407085682e-09	(34, 1.0880495137526041e-08)
34	15,4.42859136866e-09	(34, 1.0880495137526041e-08)
34	40,4.94929371045e-09	(34, 1.0880495137526041e-08)
34	172,5.06185185055e-09	(34, 1.0880495137526041e-08)
34	17,5.08917604433e-09	(34, 1.0880495137526041e-08)
34	4,5.96567419428e-09	(34, 1.0880495137526041e-08)
34	120,6.08070108147e-09	(34, 1.0880495137526041e-08)
34	174,6.31351619958e-09	(34, 1.0880495137526041e-08)
34	148,6.40967042571e-09	(34, 1.0880495137526041e-08)
34	154,7.3935560939e-09	(34, 1.0880495137526041e-08)
35	35,2.71910898949e-09	(35, 2.719108989488907e-09)
35	88,4.22451503027e-09	(35, 2.719108989488907e-09)
35	18,5.33085794024e-09	(35, 2.719108989488907e-09)
35	12,6.50813721516e-09	(35, 2.719108989488907e-09)
35	38,6.58680898051e-09	(35, 2.719108989488907e-09)
35	22,6.78952485362e-09	(35, 2.719108989488907e-09)
35	139,7.23560858173e-09	(35, 2.719108989488907e-09)
35	152,7.42083435956e-09	(35, 2.719108989488907e-09)
35	158,7.75841808748e-09	(35, 2.719108989488907e-09)
35	128,7.84951877665e-09	(35, 2.719108989488907e-09)
36	76,2.37709632279e-09	(36, 3.3087377799566499e-09)
36	147,2.63968781988e-09	(36, 3.3087377799566499e-09)
36	18,2.72740878035e-09	(36, 3.3087377799566499e-09)
36	46,3.07204804777e-09	(36, 3.3087377799566499e-09)
36	36,3.30873777996e-09	(36, 3.3087377799566499e-09)
36	63,3.31195903333e-09	(36, 3.3087377799566499e-09)
36	88,4.26858542574e-09	(36, 3.3087377799566499e-09)
36	150,4.45491052714e-09	(36, 3.3087377799566499e-09)
36	171,4.52495444024e-09	(36, 3.3087377799566499e-09)
36	132,4.86855929209e-09	(36, 3.3087377799566499e-09)
37	37,3.9113731243e-09	(37, 3.9113731242988202e-09)
37	100,4.30365097967e-09	(37, 3.9113731242988202e-09)
37	3,4.35814940475e-09	(37, 3.9113731242988202e-09)
37	11,4.39485793197e-09	(37, 3.9113731242988202e-09)
37	77,4.80241134507e-09	(37, 3.9113731242988202e-09)
37	21,5.34670653667e-09	(37, 3.9113731242988202e-09)
37	90,6.03835366791e-09	(37, 3.9113731242988202e-09)
37	70,6.09966633129e-09	(37, 3.9113731242988202e-09)
37	136,6.22468802908e-09	(37, 3.9113731242988202e-09)
37	71,6.23033976855e-09	(37, 3.9113731242988202e-09)
38	38,2.3773581735e-09	(38, 2.3773581734965484e-09)
38	12,6.35995523612e-09	(38, 2.3773581734965484e-09)
38	14,6.52404650005e-09	(38, 2.3773581734965484e-09)
38	55,6.97023067632e-09	(38, 2.3773581734965484e-09)
38	50,9.75131407655e-09	(38, 2.3773581734965484e-09)
38	43,1.00315075384e-08	(38, 2.3773581734965484e-09)
38	159,1.01487259926e-08	(38, 2.3773581734965484e-09)
38	128,1.02793581213e-08	(38, 2.3773581734965484e-09)
38	24,1.04604106533e-08	(38, 2.3773581734965484e-09)
38	105,1.04858790268e-08	(38, 2.3773581734965484e-09)
39	39,5.29224179579e-09	(39, 5.2922417957911963e-09)
39	51,1.15385381211e-08	(39, 5.2922417957911963e-09)
39	156,1.29643180218e-08	(39, 5.2922417957911963e-09)
39	27,1.32813330839e-08	(39, 5.2922417957911963e-09)
39	101,1.3823293165e-08	(39, 5.2922417957911963e-09)
39	169,1.39628545578e-08	(39, 5.2922417957911963e-09)
39	107,1.44497983285e-08	(39, 5.2922417957911963e-09)
39	99,1.44599806719e-08	(39, 5.2922417957911963e-09)
39	84,1.50383652759e-08	(39, 5.2922417957911963e-09)
39	73,1.51573360373e-08	(39, 5.2922417957911963e-09)
40	40,3.15763709028e-09	(40, 3.1576370902754283e-09)
40	69,4.31684541351e-09	(40, 3.1576370902754283e-09)
40	79,4.84291211318e-09	(40, 3.1576370902754283e-09)
40	4,5.46846509775e-09	(40, 3.1576370902754283e-09)
40	172,5.99966419118e-09	(40, 3.1576370902754283e-09)
40	148,6.34050621771e-09	(40, 3.1576370902754283e-09)
40	25,6.86578146449e-09	(40, 3.1576370902754283e-09)
40	15,7.108347881e-09	(40, 3.1576370902754283e-09)
40	60,7.16381177888e-09	(40, 3.1576370902754283e-09)
40	17,7.29013275261e-09	(40, 3.1576370902754283e-09)
41	41,4.39617784327e-09	(41, 4.3961778432716738e-09)
41	155,6.58919775405e-09	(41, 4.3961778432716738e-09)
41	91,9.255218195e-09	(41, 4.3961778432716738e-09)
41	1,1.04666732122e-08	(41, 4.3961778432716738e-09)
41	124,1.17030288547e-08	(41, 4.3961778432716738e-09)
41	20,1.19256876108e-08	(41, 4.3961778432716738e-09)
41	28,1.24364930541e-08	(41, 4.3961778432716738e-09)
41	101,1.32401069341e-08	(41, 4.3961778432716738e-09)
41	53,1.3330091985e-08	(41, 4.3961778432716738e-09)
41	102,1.35864387926e-08	(41, 4.3961778432716738e-09)
42	163,1.08526152378e-08	(42, 2.3268473393046504e-08)
42	69,1.47003913463e-08	(42, 2.3268473393046504e-08)
42	28,1.5898522852e-08	(42, 2.3268473393046504e-08)
42	34,1.64627309022e-08	(42, 2.3268473393046504e-08)
42	118,1.658338214e-08	(42, 2.3268473393046504e-08)
42	140,1.66953812383e-08	(42, 2.3268473393046504e-08)
42	53,1.67747882639e-08	(42, 2.3268473393046504e-08)
42	97,1.78456562244e-08	(42, 2.3268473393046504e-08)
42	65,1.81526781332e-08	(42, 2.3268473393046504e-08)
42	44,1.85931502755e-08	(42, 2.3268473393046504e-08)
43	22,4.0075732639e-09	(43, 8.930694895055658e-09)
43	12,4.26289802434e-09	(43, 8.930694895055658e-09)
43	121,4.5793803192e-09	(43, 8.930694895055658e-09)
43	128,4.8547044559e-09	(43, 8.930694895055658e-09)
43	78,5.39956804855e-09	(43, 8.930694895055658e-09)
43	50,5.42245314735e-09	(43, 8.930694895055658e-09)
43	61,5.46021732955e-09	(43, 8.930694895055658e-09)
43	158,5.6130815334e-09	(43, 8.930694895055658e-09)
43	18,5.73290968307e-09	(43, 8.930694895055658e-09)
43	76,6.27730480505e-09	(43, 8.930694895055658e-09)
44	116,6.30741670409e-09	(44, 2.3330212442370986e-08)
44	93,6.70012115545e-09	(44, 2.3330212442370986e-08)
44	124,7.24862767573e-09	(44, 2.3330212442370986e-08)
44	109,7.57801860231e-09	(44, 2.3330212442370986e-08)
44	123,8.6208719991e-09	(44, 2.3330212442370986e-08)
44	73,9.27007593536e-09	(44, 2.3330212442370986e-08)
44	115,9.96166955686e-09	(44, 2.3330212442370986e-08)
44	159,1.02957811918e-08	(44, 2.3330212442370986e-08)
44	172,1.03184681525e-08	(44, 2.3330212442370986e-08)
44	144,1.05119983436e-08	(44, 2.3330212442370986e-08)
45	45,1.07748430918e-08	(45, 1.0774843091756498e-08)
45	130,1.36332117628e-08	(45, 1.0774843091756498e-08)
45	133,1.48391751924e-08	(45, 1.0774843091756498e-08)
45	129,1.66758030104e-08	(45, 1.0774843091756498e-08)
45	94,1.68021335143e-08	(45, 1.0774843091756498e-08)
45	34,1.87334139749e-08	(45, 1.0774843091756498e-08)
45	98,2.02190879671e-08	(45, 1.0774843091756498e-08)
45	53,2.09321346036e-08	(45, 1.0774843091756498e-08)
45	102,2.18811806461e-08	(45, 1.0774843091756498e-08)
45	118,2.19267349561e-08	(45, 1.0774843091756498e-08)
46	46,1.74292097998e-09	(46, 1.7429209799781068e-09)
46	36,2.64435592639e-09	(46, 1.7429209799781068e-09)
46	137,3.26174424089e-09	(46, 1.7429209799781068e-09)
46	171,3.32834519211e-09	(46, 1.7429209799781068e-09)
46	76,4.26847028226e-09	(46, 1.7429209799781068e-09)
46	147,4.67023856545e-09	(46, 1.7429209799781068e-09)
46	63,5.1901032981e-09	(46, 1.7429209799781068e-09)
46	146,5.24404181828e-09	(46, 1.7429209799781068e-09)
46	6,5.28399289447e-09	(46, 1.7429209799781068e-09)
46	139,5.66720679266e-09	(46, 1.7429209799781068e-09)
47	47,1.12431559551e-08	(47, 1.1243155955069872e-08)
47	10,1.1839417139e-08	(47, 1.1243155955069872e-08)
47	99,1.34125507906e-08	(47, 1.1243155955069872e-08)
47	19,1.57708366685e-08	(47, 1.1243155955069872e-08)
47	138,1.60033407072e-08	(47, 1.1243155955069872e-08)
47	84,1.7051265969e-08	(47, 1.1243155955069872e-08)
47	43,1.76237549963e-08	(47, 1.1243155955069872e-08)
47	27,1.77783871481e-08	(47, 1.1243155955069872e-08)
47	173,1.84624371915e-08	(47, 1.1243155955069872e-08)
47	0,1.88795639109e-08	(47, 1.1243155955069872e-08)
48	48,6.05425808969e-09	(48, 6.0542580896917575e-09)
48	56,6.68529383801e-09	(48, 6.0542580896917575e-09)
48	69,6.81577250096e-09	(48, 6.0542580896917575e-09)
48	120,7.11060361854e-09	(48, 6.0542580896917575e-09)
48	40,8.41199288869e-09	(48, 6.0542580896917575e-09)
48	97,9.07126948867e-09	(48, 6.0542580896917575e-09)
48	4,1.03871748666e-08	(48, 6.0542580896917575e-09)
48	104,1.06269752872e-08	(48, 6.0542580896917575e-09)
48	154,1.0643538952e-08	(48, 6.0542580896917575e-09)
48	174,1.07458385692e-08	(48, 6.0542580896917575e-09)
49	49,4.4923478482e-09	(49, 4.4923478482039947e-09)
49	59,5.11965767269e-09	(49, 4.4923478482039947e-09)
49	98,6.70970635677e-09	(49, 4.4923478482039947e-09)
49	100,7.23018573692e-09	(49, 4.4923478482039947e-09)
49	77,7.52232866573e-09	(49, 4.4923478482039947e-09)
49	15,8.28336155761e-09	(49, 4.4923478482039947e-09)
49	83,8.48328183009e-09	(49, 4.4923478482039947e-09)
49	172,8.81742684538e-09	(49, 4.4923478482039947e-09)
49	17,8.83613398718e-09	(49, 4.4923478482039947e-09)
49	37,9.51123981731e-09	(49, 4.4923478482039947e-09)
50	50,2.85594480496e-09	(50, 2.8559448049563139e-09)
50	107,7.42004622158e-09	(50, 2.8559448049563139e-09)
50	12,7.74134366068e-09	(50, 2.8559448049563139e-09)
50	171,8.52837134713e-09	(50, 2.8559448049563139e-09)
50	158,9.05274622885e-09	(50, 2.8559448049563139e-09)
50	38,9.82273602945e-09	(50, 2.8559448049563139e-09)
50	76,9.92109157801e-09	(50, 2.8559448049563139e-09)
50	128,1.00811084433e-08	(50, 2.8559448049563139e-09)
50	22,1.0122278121e-08	(50, 2.8559448049563139e-09)
50	156,1.02243700091e-08	(50, 2.8559448049563139e-09)
51	124,3.45601887867e-09	(51, 2.3001575567333658e-08)
51	157,7.44833677296e-09	(51, 2.3001575567333658e-08)
51	73,8.43499522273e-09	(51, 2.3001575567333658e-08)
51	155,8.58852742731e-09	(51, 2.3001575567333658e-08)
51	93,8.76347437218e-09	(51, 2.3001575567333658e-08)
51	53,9.9226204623e-09	(51, 2.3001575567333658e-08)
51	116,1.00554656004e-08	(51, 2.3001575567333658e-08)
51	28,1.04653464629e-08	(51, 2.3001575567333658e-08)
51	13,1.12087812293e-08	(51, 2.3001575567333658e-08)
51	41,1.12433043198e-08	(51, 2.3001575567333658e-08)
52	44,6.9554016217e-09	(52, 2.351670078315119e-08)
52	53,7.0301140203e-09	(52, 2.351670078315119e-08)
52	124,9.20795071064e-09	(52, 2.351670078315119e-08)
52	65,9.3329488033e-09	(52, 2.351670078315119e-08)
52	155,9.41334185632e-09	(52, 2.351670078315119e-08)
52	13,9.68576592049e-09	(52, 2.351670078315119e-08)
52	161,9.75219384866e-09	(52, 2.351670078315119e-08)
52	163,9.84778395368e-09	(52, 2.351670078315119e-08)
52	114,1.09988603062e-08	(52, 2.351670078315119e-08)
52	120,1.1506853334e-08	(52, 2.351670078315119e-08)
53	65,4.90456540381e-09	(53, 7.2192143267327937e-09)
53	53,7.21921432673e-09	(53, 7.2192143267327937e-09)
53	44,7.72421569403e-09	(53, 7.2192143267327937e-09)
53	161,7.90357294092e-09	(53, 7.2192143267327937e-09)
53	120,8.03326553771e-09	(53, 7.2192143267327937e-09)
53	155,8.35283882189e-09	(53, 7.2192143267327937e-09)
53	34,9.57277139561e-09	(53, 7.2192143267327937e-09)
53	113,9.60157783525e-09	(53, 7.2192143267327937e-09)
53	163,9.9345009511e-09	(53, 7.2192143267327937e-09)
53	13,1.04991029327e-08	(53, 7.2192143267327937e-09)
54	136,2.87695523886e-09	(54, 4.555098100050094e-09)
54	54,4.55509810005e-09	(54, 4.555098100050094e-09)
54	3,5.1703151491e-09	(54, 4.555098100050094e-09)
54	137,5.35843991448e-09	(54, 4.555098100050094e-09)
54	162,5.74420510711e-09	(54, 4.555098100050094e-09)
54	17,5.96215480105e-09	(54, 4.555098100050094e-09)
54	11,5.9880013447e-09	(54, 4.555098100050094e-09)
54	37,6.03860344466e-09	(54, 4.555098100050094e-09)
54	147,6.18991133171e-09	(54, 4.555098100050094e-09)
54	63,6.2263215678e-09	(54, 4.555098100050094e-09)
55	12,3.75148908244e-09	(55, 5.5868444483564309e-09)
55	55,5.58684444836e-09	(55, 5.5868444483564309e-09)
55	159,5.7016426282e-09	(55, 5.5868444483564309e-09)
55	38,5.75516718993e-09	(55, 5.5868444483564309e-09)
55	134,6.31952074515e-09	(55, 5.5868444483564309e-09)
55	152,6.37889117552e-09	(55, 5.5868444483564309e-09)
55	128,6.49737229912e-09	(55, 5.5868444483564309e-09)
55	121,6.79234098571e-09	(55, 5.5868444483564309e-09)
55	86,6.95977192504e-09	(55, 5.5868444483564309e-09)
55	18,7.25336766482e-09	(55, 5.5868444483564309e-09)
56	56,3.75860234443e-09	(56, 3.7586023444299218e-09)
56	15,5.98184783225e-09	(56, 3.7586023444299218e-09)
56	120,6.3212590669e-09	(56, 3.7586023444299218e-09)
56	174,9.97667854531e-09	(56, 3.7586023444299218e-09)
56	2,1.0609988961e-08	(56, 3.7586023444299218e-09)
56	69,1.06316540362e-08	(56, 3.7586023444299218e-09)
56	113,1.08996331399e-08	(56, 3.7586023444299218e-09)
56	48,1.14723609647e-08	(56, 3.7586023444299218e-09)
56	4,1.23535578197e-08	(56, 3.7586023444299218e-09)
56	34,1.23691922634e-08	(56, 3.7586023444299218e-09)
57	57,6.2281876413e-09	(57, 6.2281876413040445e-09)
57	122,1.42896656638e-08	(57, 6.2281876413040445e-09)
57	174,1.72303685681e-08	(57, 6.2281876413040445e-09)
57	15,1.8192587601e-08	(57, 6.2281876413040445e-09)
57	56,1.96821080791e-08	(57, 6.2281876413040445e-09)
57	59,2.19814372459e-08	(57, 6.2281876413040445e-09)
57	2,2.25486615042e-08	(57, 6.2281876413040445e-09)
57	108,2.29072457664e-08	(57, 6.2281876413040445e-09)
57	120,2.31807047954e-08	(57, 6.2281876413040445e-09)
57	113,2.52931233515e-08	(57, 6.2281876413040445e-09)
58	24,5.70804181891e-09	(58, 2.2520806295283568e-08)
58	107,6.84279800767e-09	(58, 2.2520806295283568e-08)
58	27,8.1013623122e-09	(58, 2.2520806295283568e-08)
58	50,8.14638874828e-09	(58, 2.2520806295283568e-08)
58	43,9.96048219012e-09	(58, 2.2520806295283568e-08)
58	61,9.96220986317e-09	(58, 2.2520806295283568e-08)
58	105,1.06190518455e-08	(58, 2.2520806295283568e-08)
58	38,1.08052328116e-08	(58, 2.2520806295283568e-08)
58	158,1.11040588204e-08	(58, 2.2520806295283568e-08)
58	12,1.13948823287e-08	(58, 2.2520806295283568e-08)
59	83,1.15795079252e-08	(59, 1.422624533349255e-08)
59	15,1.18113234616e-08	(59, 1.422624533349255e-08)
59	94,1.21815681471e-08	(59, 1.422624533349255e-08)
59	65,1.3552734333e-08	(59, 1.422624533349255e-08)
59	59,1.42262453335e-08	(59, 1.422624533349255e-08)
59	113,1.43085479862e-08	(59, 1.422624533349255e-08)
59	44,1.57159335952e-08	(59, 1.422624533349255e-08)
59	120,1.57517722761e-08	(59, 1.422624533349255e-08)
59	161,1.58636633872e-08	(59, 1.422624533349255e-08)
59	34,1.59452312014e-08	(59, 1.422624533349255e-08)
60	60,4.44279740288e-09	(60, 4.4427974028812243e-09)
60	69,5.84135324325e-09	(60, 4.4427974028812243e-09)
60	79,6.32131293769e-09	(60, 4.4427974028812243e-09)
60	40,6.48980525959e-09	(60, 4.4427974028812243e-09)
60	34,7.74586231458e-09	(60, 4.4427974028812243e-09)
60	4,8.2665775171e-09	(60, 4.4427974028812243e-09)
60	25,8.89169429552e-09	(60, 4.4427974028812243e-09)
60	77,9.27240473085e-09	(60, 4.4427974028812243e-09)
60	153,9.49403475832e-09	(60, 4.4427974028812243e-09)
60	172,9.71240357634e-09	(60, 4.4427974028812243e-09)
61	61,2.98200097255e-09	(61, 2.9820009725489019e-09)
61	23,3.06108112304e-09	(61, 2.9820009725489019e-09)
61	26,4.27788961994e-09	(61, 2.9820009725489019e-09)
61	121,4.39224615735e-09	(61, 2.9820009725489019e-09)
61	162,4.92381106295e-09	(61, 2.9820009725489019e-09)
61	78,5.20005654886e-09	(61, 2.9820009725489019e-09)
61	63,5.29143354766e-09	(61, 2.9820009725489019e-09)
61	76,5.57915891466e-09	(61, 2.9820009725489019e-09)
61	3,5.84277107012e-09	(61, 2.9820009725489019e-09)
61	22,6.19295475484e-09	(61, 2.9820009725489019e-09)
62	26,5.6292801962e-09	(62, 6.0604187940532295e-09)
62	78,5.89045461752e-09	(62, 6.0604187940532295e-09)
62	62,6.06041879405e-09	(62, 6.0604187940532295e-09)
62	107,6.29313160746e-09	(62, 6.0604187940532295e-09)
62	61,6.9144783517e-09	(62, 6.0604187940532295e-09)
62	95,7.41656471275e-09	(62, 6.0604187940532295e-09)
62	23,7.8025543124e-09	(62, 6.0604187940532295e-09)
62	1,8.21675632308e-09	(62, 6.0604187940532295e-09)
62	73,8.24637599442e-09	(62, 6.0604187940532295e-09)
62	121,8.36645300515e-09	(62, 6.0604187940532295e-09)
63	3,2.69383291785e-09	(63, 4.9334832692054485e-09)
63	11,3.81654291326e-09	(63, 4.9334832692054485e-09)
63	37,4.09460889233e-09	(63, 4.9334832692054485e-09)
63	77,4.17687350138e-09	(63, 4.9334832692054485e-09)
63	162,4.6728683009e-09	(63, 4.9334832692054485e-09)
63	136,4.90833465453e-09	(63, 4.9334832692054485e-09)
63	63,4.93348326921e-09	(63, 4.9334832692054485e-09)
63	143,4.99158917423e-09	(63, 4.9334832692054485e-09)
63	71,5.08641179423e-09	(63, 4.9334832692054485e-09)
63	100,5.33595067718e-09	(63, 4.9334832692054485e-09)
64	64,1.50794515213e-08	(64, 1.5079451521254626e-08)
64	118,2.31711215557e-08	(64, 1.5079451521254626e-08)
64	45,2.47258953243e-08	(64, 1.5079451521254626e-08)
64	130,2.54733493516e-08	(64, 1.5079451521254626e-08)
64	33,2.85260201681e-08	(64, 1.5079451521254626e-08)
64	133,2.9813670418e-08	(64, 1.5079451521254626e-08)
64	34,3.53486833082e-08	(64, 1.5079451521254626e-08)
64	113,3.58252697453e-08	(64, 1.5079451521254626e-08)
64	94,3.95372960995e-08	(64, 1.5079451521254626e-08)
64	91,4.09791289369e-08	(64, 1.5079451521254626e-08)
65	65,3.82484106909e-09	(65, 3.8248410690858221e-09)
65	161,4.01419752777e-09	(65, 3.8248410690858221e-09)
65	83,5.30512759858e-09	(65, 3.8248410690858221e-09)
65	68,6.56498269477e-09	(65, 3.8248410690858221e-09)
65	44,7.74775755258e-09	(65, 3.8248410690858221e-09)
65	59,7.74814943744e-09	(65, 3.8248410690858221e-09)
65	120,8.12070838338e-09	(65, 3.8248410690858221e-09)
65	155,8.16185762702e-09	(65, 3.8248410690858221e-09)
65	17,8.45842631342e-09	(65, 3.8248410690858221e-09)
65	100,9.15019996758e-09	(65, 3.8248410690858221e-09)
66	66,1.39834818052e-08	(66, 1.3983481805153545e-08)
66	130,3.09743099148e-08	(66, 1.3983481805153545e-08)
66	140,3.35220011059e-08	(66, 1.3983481805153545e-08)
66	133,3.38812722212e-08	(66, 1.3983481805153545e-08)
66	118,3.50969747643e-08	(66, 1.3983481805153545e-08)
66	91,3.77422927567e-08	(66, 1.3983481805153545e-08)
66	33,3.82013756649e-08	(66, 1.3983481805153545e-08)
66	169,4.22557995288e-08	(66, 1.3983481805153545e-08)
66	141,4.2355131529e-08	(66, 1.3983481805153545e-08)
66	149,4.43904622203e-08	(66, 1.3983481805153545e-08)
67	67,1.05250002019e-08	(67, 1.0525000201914933e-08)
67	84,1.207001846e-08	(67, 1.0525000201914933e-08)
67	169,1.21024400479e-08	(67, 1.0525000201914933e-08)
67	93,1.27980525877e-08	(67, 1.0525000201914933e-08)
67	149,1.36486163451e-08	(67, 1.0525000201914933e-08)
67	116,1.38011994248e-08	(67, 1.0525000201914933e-08)
67	28,1.39279375657e-08	(67, 1.0525000201914933e-08)
67	140,1.40777462356e-08	(67, 1.0525000201914933e-08)
67	109,1.48266737206e-08	(67, 1.0525000201914933e-08)
67	30,1.4874909405e-08	(67, 1.0525000201914933e-08)
68	68,4.03068152867e-09	(68, 4.0306815286680675e-09)
68	23,6.46834278704e-09	(68, 4.0306815286680675e-09)
68	61,7.00336640401e-09	(68, 4.0306815286680675e-09)
68	70,7.41841992397e-09	(68, 4.0306815286680675e-09)
68	26,8.31055927636e-09	(68, 4.0306815286680675e-09)
68	63,8.83555100311e-09	(68, 4.0306815286680675e-09)
68	135,9.3921011487e-09	(68, 4.0306815286680675e-09)
68	162,9.63588555236e-09	(68, 4.0306815286680675e-09)
68	77,9.68920126452e-09	(68, 4.0306815286680675e-09)
68	147,9.76040909538e-09	(68, 4.0306815286680675e-09)
69	122,1.53889259543e-08	(69, 1.7744068972048087e-08)
69	15,1.54705671927e-08	(69, 1.7744068972048087e-08)
69	174,1.58948398553e-08	(69, 1.7744068972048087e-08)
69	154,1.72715450122e-08	(69, 1.7744068972048087e-08)
69	69,1.7744068972e-08	(69, 1.7744068972048087e-08)
69	48,1.79316369208e-08	(69, 1.7744068972048087e-08)
69	56,1.80196888028e-08	(69, 1.7744068972048087e-08)
69	2,1.92031079085e-08	(69, 1.7744068972048087e-08)
69	4,1.92514866176e-08	(69, 1.7744068972048087e-08)
69	113,1.97090293364e-08	(69, 1.7744068972048087e-08)
70	77,4.53351579045e-09	(70, 5.6943827858992151e-09)
70	121,4.59798565118e-09	(70, 5.6943827858992151e-09)
70	3,4.73856016351e-09	(70, 5.6943827858992151e-09)
70	117,5.43949878018e-09	(70, 5.6943827858992151e-09)
70	70,5.6943827859e-09	(70, 5.6943827858992151e-09)
70	11,5.82965637566e-09	(70, 5.6943827858992151e-09)
70	162,5.88345516492e-09	(70, 5.6943827858992151e-09)
70	71,6.12700922239e-09	(70, 5.6943827858992151e-09)
70	132,6.35662930272e-09	(70, 5.6943827858992151e-09)
70	139,6.35739134994e-09	(70, 5.6943827858992151e-09)
71	91,9.23673816586e-09	(71, 2.5611473641612031e-08)
71	133,1.15203551751e-08	(71, 2.5611473641612031e-08)
71	28,1.29515043424e-08	(71, 2.5611473641612031e-08)
71	101,1.3567199666e-08	(71, 2.5611473641612031e-08)
71	41,1.45603326536e-08	(71, 2.5611473641612031e-08)
71	53,1.48139701457e-08	(71, 2.5611473641612031e-08)
71	102,1.5340518104e-08	(71, 2.5611473641612031e-08)
71	155,1.53574101242e-08	(71, 2.5611473641612031e-08)
71	1,1.59365674528e-08	(71, 2.5611473641612031e-08)
71	124,1.65691846643e-08	(71, 2.5611473641612031e-08)
72	174,6.89091474723e-09	(72, 4.2735717466195882e-08)
72	17,7.29450449151e-09	(72, 4.2735717466195882e-08)
72	172,7.79452000807e-09	(72, 4.2735717466195882e-08)
72	148,8.54218229035e-09	(72, 4.2735717466195882e-08)
72	143,8.73994813224e-09	(72, 4.2735717466195882e-08)
72	100,9.92706394116e-09	(72, 4.2735717466195882e-08)
72	77,1.01519938084e-08	(72, 4.2735717466195882e-08)
72	49,1.02201645636e-08	(72, 4.2735717466195882e-08)
72	59,1.07411749009e-08	(72, 4.2735717466195882e-08)
72	40,1.08773521386e-08	(72, 4.2735717466195882e-08)
73	73,3.42571477616e-09	(73, 3.425714776155817e-09)
73	13,6.13238779348e-09	(73, 3.425714776155817e-09)
73	157,6.89008619344e-09	(73, 3.425714776155817e-09)
73	124,7.22757100504e-09	(73, 3.425714776155817e-09)
73	53,8.18283151953e-09	(73, 3.425714776155817e-09)
73	114,8.61227531681e-09	(73, 3.425714776155817e-09)
73	93,9.29379935577e-09	(73, 3.425714776155817e-09)
73	26,9.32384053101e-09	(73, 3.425714776155817e-09)
73	78,9.53677792854e-09	(73, 3.425714776155817e-09)
73	109,9.625025973e-09	(73, 3.425714776155817e-09)
74	74,3.02545409312e-09	(74, 3.0254540931189543e-09)
74	17,3.31407408088e-09	(74, 3.0254540931189543e-09)
74	136,3.53744262027e-09	(74, 3.0254540931189543e-09)
74	100,4.61165132847e-09	(74, 3.0254540931189543e-09)
74	37,4.76837682435e-09	(74, 3.0254540931189543e-09)
74	90,4.93715436472e-09	(74, 3.0254540931189543e-09)
74	127,5.42019446267e-09	(74, 3.0254540931189543e-09)
74	77,5.7034796111e-09	(74, 3.0254540931189543e-09)
74	11,6.3428458828e-09	(74, 3.0254540931189543e-09)
74	49,6.85223298372e-09	(74, 3.0254540931189543e-09)
75	75,2.4428618757e-08	(75, 2.4428618757032349e-08)
75	167,2.49707985643e-08	(75, 2.4428618757032349e-08)
75	80,3.47458985498e-08	(75, 2.4428618757032349e-08)
75	47,3.85875642869e-08	(75, 2.4428618757032349e-08)
75	10,3.98234962784e-08	(75, 2.4428618757032349e-08)
75	99,4.09690891481e-08	(75, 2.4428618757032349e-08)
75	166,4.23071475936e-08	(75, 2.4428618757032349e-08)
75	67,4.27637801504e-08	(75, 2.4428618757032349e-08)
75	169,4.294068946e-08	(75, 2.4428618757032349e-08)
75	84,4.30295558129e-08	(75, 2.4428618757032349e-08)
76	76,1.98343494237e-09	(76, 1.9834349423681181e-09)
76	147,2.61329180273e-09	(76, 1.9834349423681181e-09)
76	137,2.74308537698e-09	(76, 1.9834349423681181e-09)
76	63,2.75766863432e-09	(76, 1.9834349423681181e-09)
76	171,3.22441238929e-09	(76, 1.9834349423681181e-09)
76	3,4.02221422697e-09	(76, 1.9834349423681181e-09)
76	22,4.10373256199e-09	(76, 1.9834349423681181e-09)
76	46,4.39065649343e-09	(76, 1.9834349423681181e-09)
76	18,4.49250878119e-09	(76, 1.9834349423681181e-09)
76	126,4.51990751893e-09	(76, 1.9834349423681181e-09)
77	90,3.08173420937e-09	(77, 3.352420076279566e-09)
77	147,3.33081295691e-09	(77, 3.352420076279566e-09)
77	77,3.35242007628e-09	(77, 3.352420076279566e-09)
77	162,3.39208519372e-09	(77, 3.352420076279566e-09)
77	136,3.52020871976e-09	(77, 3.352420076279566e-09)
77	63,3.56740913242e-09	(77, 3.352420076279566e-09)
77	137,3.62396212691e-09	(77, 3.352420076279566e-09)
77	3,3.67665117833e-09	(77, 3.352420076279566e-09)
77	11,3.7805000213e-09	(77, 3.352420076279566e-09)
77	37,4.29925528496e-09	(77, 3.352420076279566e-09)
78	76,2.83463357263e-09	(78, 5.7132893291497207e-09)
78	151,3.03776843899e-09	(78, 5.7132893291497207e-09)
78	63,3.06352227607e-09	(78, 5.7132893291497207e-09)
78	132,3.37887923494e-09	(78, 5.7132893291497207e-09)
78	22,3.52862868063e-09	(78, 5.7132893291497207e-09)
78	147,3.53573830139e-09	(78, 5.7132893291497207e-09)
78	18,3.54177968374e-09	(78, 5.7132893291497207e-09)
78	121,4.48173125234e-09	(78, 5.7132893291497207e-09)
78	61,4.62347361655e-09	(78, 5.7132893291497207e-09)
78	23,4.84487092376e-09	(78, 5.7132893291497207e-09)
79	79,2.55896786095e-09	(79, 2.5589678609515554e-09)
79	4,3.29847738423e-09	(79, 2.5589678609515554e-09)
79	69,3.96565055773e-09	(79, 2.5589678609515554e-09)
79	40,5.18564430868e-09	(79, 2.5589678609515554e-09)
79	34,6.22734692601e-09	(79, 2.5589678609515554e-09)
79	17,6.8430130254e-09	(79, 2.5589678609515554e-09)
79	25,6.88945579799e-09	(79, 2.5589678609515554e-09)
79	56,6.93128974496e-09	(79, 2.5589678609515554e-09)
79	148,7.33920493507e-09	(79, 2.5589678609515554e-09)
79	15,7.76410905737e-09	(79, 2.5589678609515554e-09)
80	80,1.19136030821e-08	(80, 1.1913603082077318e-08)
80	51,1.31518569528e-08	(80, 1.1913603082077318e-08)
80	167,1.68240381757e-08	(80, 1.1913603082077318e-08)
80	32,2.29277197144e-08	(80, 1.1913603082077318e-08)
80	39,3.0024870421e-08	(80, 1.1913603082077318e-08)
80	169,3.09032832079e-08	(80, 1.1913603082077318e-08)
80	27,3.18776651773e-08	(80, 1.1913603082077318e-08)
80	165,3.38371931836e-08	(80, 1.1913603082077318e-08)
80	58,3.40598937978e-08	(80, 1.1913603082077318e-08)
80	160,3.4290832069e-08	(80, 1.1913603082077318e-08)
81	81,3.3740544955e-09	(81, 3.3740544954968289e-09)
81	132,4.63167930359e-09	(81, 3.3740544954968289e-09)
81	3,4.78941486639e-09	(81, 3.3740544954968289e-09)
81	121,5.12928900877e-09	(81, 3.3740544954968289e-09)
81	22,5.20026981251e-09	(81, 3.3740544954968289e-09)
81	12,5.61726742831e-09	(81, 3.3740544954968289e-09)
81	151,5.69041776528e-09	(81, 3.3740544954968289e-09)
81	11,6.05184839322e-09	(81, 3.3740544954968289e-09)
81	117,6.32302743411e-09	(81, 3.3740544954968289e-09)
81	128,6.39074160215e-09	(81, 3.3740544954968289e-09)
82	24,8.91797561677e-09	(82, 1.5027794401808069e-08)
82	27,8.98068353081e-09	(82, 1.5027794401808069e-08)
82	73,9.42556027414e-09	(82, 1.5027794401808069e-08)
82	38,9.85489756992e-09	(82, 1.5027794401808069e-08)
82	12,9.94375344525e-09	(82, 1.5027794401808069e-08)
82	107,1.0441983482e-08	(82, 1.5027794401808069e-08)
82	105,1.05236569488e-08	(82, 1.5027794401808069e-08)
82	13,1.10771922505e-08	(82, 1.5027794401808069e-08)
82	50,1.11692134627e-08	(82, 1.5027794401808069e-08)
82	61,1.16326619647e-08	(82, 1.5027794401808069e-08)
83	13,4.30084651175e-09	(83, 6.5931882258230413e-09)
83	11,4.5426718602e-09	(83, 6.5931882258230413e-09)
83	71,5.05934341208e-09	(83, 6.5931882258230413e-09)
83	3,5.62817198324e-09	(83, 6.5931882258230413e-09)
83	162,5.75948630712e-09	(83, 6.5931882258230413e-09)
83	161,5.97501443304e-09	(83, 6.5931882258230413e-09)
83	155,5.99720830398e-09	(83, 6.5931882258230413e-09)
83	136,6.36971213937e-09	(83, 6.5931882258230413e-09)
83	83,6.59318822582e-09	(83, 6.5931882258230413e-09)
83	1,6.61369421556e-09	(83, 6.5931882258230413e-09)
84	67,1.39945831143e-08	(84, 1.4967339507381027e-08)
84	84,1.49673395074e-08	(84, 1.4967339507381027e-08)
84	166,1.54344954009e-08	(84, 1.4967339507381027e-08)
84	140,1.91538845617e-08	(84, 1.4967339507381027e-08)
84	169,1.94671756148e-08	(84, 1.4967339507381027e-08)
84	99,2.26480738302e-08	(84, 1.4967339507381027e-08)
84	72,2.33164557352e-08	(84, 1.4967339507381027e-08)
84	109,2.35839814732e-08	(84, 1.4967339507381027e-08)
84	144,2.3603747893e-08	(84, 1.4967339507381027e-08)
84	149,2.40256974839e-08	(84, 1.4967339507381027e-08)
85	67,1.44809140796e-08	(85, 1.797562525000026e-08)
85	85,1.797562525e-08	(85, 1.797562525000026e-08)
85	140,2.26946897271e-08	(85, 1.797562525000026e-08)
85	149,2.61374089231e-08	(85, 1.797562525000026e-08)
85	166,2.63642323143e-08	(85, 1.797562525000026e-08)
85	84,2.79618169278e-08	(85, 1.797562525000026e-08)
85	169,2.98975030433e-08	(85, 1.797562525000026e-08)
85	144,3.22830785923e-08	(85, 1.797562525000026e-08)
85	99,3.33020341587e-08	(85, 1.797562525000026e-08)
85	93,3.40688910907e-08	(85, 1.797562525000026e-08)
86	86,2.91072738411e-09	(86, 2.910727384114598e-09)
86	137,3.5944334694e-09	(86, 2.910727384114598e-09)
86	3,4.22649264238e-09	(86, 2.910727384114598e-09)
86	76,4.32196064457e-09	(86, 2.910727384114598e-09)
86	11,4.35997904094e-09	(86, 2.910727384114598e-09)
86	162,4.45160907733e-09	(86, 2.910727384114598e-09)
86	171,4.46352403999e-09	(86, 2.910727384114598e-09)
86	150,4.55827866443e-09	(86, 2.910727384114598e-09)
86	117,4.61362161476e-09	(86, 2.910727384114598e-09)
86	126,4.79818541606e-09	(86, 2.910727384114598e-09)
87	78,5.30014422767e-09	(87, 1.2922114419365612e-08)
87	26,5.53475662434e-09	(87, 1.2922114419365612e-08)
87	121,5.94314217019e-09	(87, 1.2922114419365612e-08)
87	1,6.44358820285e-09	(87, 1.2922114419365612e-08)
87	61,6.65198035964e-09	(87, 1.2922114419365612e-08)
87	23,7.37442205231e-09	(87, 1.2922114419365612e-08)
87	11,7.71330637492e-09	(87, 1.2922114419365612e-08)
87	20,7.9683628753e-09	(87, 1.2922114419365612e-08)
87	22,8.14856515796e-09	(87, 1.2922114419365612e-08)
87	89,8.22119615981e-09	(87, 1.2922114419365612e-08)
88	88,3.01017974917e-09	(88, 3.0101797491669216e-09)
88	18,3.04394400989e-09	(88, 3.0101797491669216e-09)
88	147,3.45901607237e-09	(88, 3.0101797491669216e-09)
88	76,3.6521820194e-09	(88, 3.0101797491669216e-09)
88	35,3.92492867266e-09	(88, 3.0101797491669216e-09)
88	63,4.0150913736e-09	(88, 3.0101797491669216e-09)
88	117,4.13699507612e-09	(88, 3.0101797491669216e-09)
88	139,4.29755919798e-09	(88, 3.0101797491669216e-09)
88	46,4.51876431285e-09	(88, 3.0101797491669216e-09)
88	22,5.0502089885e-09	(88, 3.0101797491669216e-09)
89	124,4.72052127925e-09	(89, 6.5169917628570564e-09)
89	155,5.81337376531e-09	(89, 6.5169917628570564e-09)
89	89,6.51699176286e-09	(89, 6.5169917628570564e-09)
89	53,6.55776608761e-09	(89, 6.5169917628570564e-09)
89	1,7.36574108293e-09	(89, 6.5169917628570564e-09)
89	73,7.72153591836e-09	(89, 6.5169917628570564e-09)
89	20,8.35040626583e-09	(89, 6.5169917628570564e-09)
89	28,9.49180064836e-09	(89, 6.5169917628570564e-09)
89	71,9.66201648305e-09	(89, 6.5169917628570564e-09)
89	120,1.0068233976e-08	(89, 6.5169917628570564e-09)
90	90,2.2417917377e-09	(90, 2.2417917377007488e-09)
90	137,4.49158767116e-09	(90, 2.2417917377007488e-09)
90	162,4.60689528215e-09	(90, 2.2417917377007488e-09)
90	11,4.71623477766e-09	(90, 2.2417917377007488e-09)
90	172,4.78937956978e-09	(90, 2.2417917377007488e-09)
90	81,5.2013389186e-09	(90, 2.2417917377007488e-09)
90	96,5.26674262911e-09	(90, 2.2417917377007488e-09)
90	147,5.28588143568e-09	(90, 2.2417917377007488e-09)
90	37,5.35981497473e-09	(90, 2.2417917377007488e-09)
90	136,5.50615451543e-09	(90, 2.2417917377007488e-09)
91	133,1.0714536261e-08	(91, 1.3401949603685667e-08)
91	91,1.34019496037e-08	(91, 1.3401949603685667e-08)
91	130,2.14989124573e-08	(91, 1.3401949603685667e-08)
91	103,2.52523266069e-08	(91, 1.3401949603685667e-08)
91	34,2.67618939872e-08	(91, 1.3401949603685667e-08)
91	66,2.94669859944e-08	(91, 1.3401949603685667e-08)
91	53,2.95547976887e-08	(91, 1.3401949603685667e-08)
91	102,2.97234247199e-08	(91, 1.3401949603685667e-08)
91	155,3.02032382426e-08	(91, 1.3401949603685667e-08)
91	114,3.02961507708e-08	(91, 1.3401949603685667e-08)
92	78,4.09901175951e-09	(92, 1.1350889878320486e-08)
92	158,6.09367399304e-09	(92, 1.1350889878320486e-08)
92	128,6.28201650002e-09	(92, 1.1350889878320486e-08)
92	61,6.62541522272e-09	(92, 1.1350889878320486e-08)
92	24,7.12107590213e-09	(92, 1.1350889878320486e-08)
92	26,7.52634914675e-09	(92, 1.1350889878320486e-08)
92	12,8.55996649915e-09	(92, 1.1350889878320486e-08)
92	22,8.58182495729e-09	(92, 1.1350889878320486e-08)
92	27,8.64484001407e-09	(92, 1.1350889878320486e-08)
92	99,8.66453202806e-09	(92, 1.1350889878320486e-08)
93	22,4.66081225778e-09	(93, 4.6912327054062219e-09)
93	93,4.69123270541e-09	(93, 4.6912327054062219e-09)
93	132,5.09505399485e-09	(93, 4.6912327054062219e-09)
93	128,5.14268959942e-09	(93, 4.6912327054062219e-09)
93	12,5.65034695351e-09	(93, 4.6912327054062219e-09)
93	158,5.74144772422e-09	(93, 4.6912327054062219e-09)
93	3,6.07829752495e-09	(93, 4.6912327054062219e-09)
93	121,6.34339229972e-09	(93, 4.6912327054062219e-09)
93	146,6.44410799907e-09	(93, 4.6912327054062219e-09)
93	171,6.48525611506e-09	(93, 4.6912327054062219e-09)
94	94,6.30161352159e-09	(94, 6.3016135215895927e-09)
94	83,1.06540065137e-08	(94, 6.3016135215895927e-09)
94	155,1.32244901999e-08	(94, 6.3016135215895927e-09)
94	15,1.43167936748e-08	(94, 6.3016135215895927e-09)
94	59,1.47277168373e-08	(94, 6.3016135215895927e-09)
94	161,1.61030212092e-08	(94, 6.3016135215895927e-09)
94	120,1.61081314398e-08	(94, 6.3016135215895927e-09)
94	65,1.64386490355e-08	(94, 6.3016135215895927e-09)
94	98,1.70614749436e-08	(94, 6.3016135215895927e-09)
94	45,1.74437586791e-08	(94, 6.3016135215895927e-09)
95	107,6.50524210116e-09	(95, 1.636012804322244e-08)
95	99,6.7795454398e-09	(95, 1.636012804322244e-08)
95	43,9.04182759654e-09	(95, 1.636012804322244e-08)
95	138,9.21719360682e-09	(95, 1.636012804322244e-08)
95	128,9.29530659877e-09	(95, 1.636012804322244e-08)
95	27,9.41901536348e-09	(95, 1.636012804322244e-08)
95	19,9.57393699054e-09	(95, 1.636012804322244e-08)
95	78,1.00162982955e-08	(95, 1.636012804322244e-08)
95	84,1.07733893548e-08	(95, 1.636012804322244e-08)
95	156,1.11022829348e-08	(95, 1.636012804322244e-08)
96	96,3.56144980104e-09	(96, 3.5614498010421056e-09)
96	13,5.43666573859e-09	(96, 3.5614498010421056e-09)
96	17,5.75729086101e-09	(96, 3.5614498010421056e-09)
96	161,5.9455782026e-09	(96, 3.5614498010421056e-09)
96	162,5.9832679201e-09	(96, 3.5614498010421056e-09)
96	11,6.04917305058e-09	(96, 3.5614498010421056e-09)
96	143,7.6429687658e-09	(96, 3.5614498010421056e-09)
96	112,7.67532781588e-09	(96, 3.5614498010421056e-09)
96	119,7.71162509462e-09	(96, 3.5614498010421056e-09)
96	4,8.16692183146e-09	(96, 3.5614498010421056e-09)
97	120,4.12727649842e-09	(97, 8.136148912012749e-09)
97	40,4.60269379581e-09	(97, 8.136148912012749e-09)
97	69,4.8821648948e-09	(97, 8.136148912012749e-09)
97	172,5.48313958215e-09	(97, 8.136148912012749e-09)
97	17,5.66755225632e-09	(97, 8.136148912012749e-09)
97	4,6.78689530674e-09	(97, 8.136148912012749e-09)
97	56,7.15691901872e-09	(97, 8.136148912012749e-09)
97	79,7.17529697152e-09	(97, 8.136148912012749e-09)
97	15,7.85395541704e-09	(97, 8.136148912012749e-09)
97	97,8.13614891201e-09	(97, 8.136148912012749e-09)
98	98,2.74268744518e-09	(98, 2.7426874451778147e-09)
98	40,5.69108468515e-09	(98, 2.7426874451778147e-09)
98	15,6.21280731259e-09	(98, 2.7426874451778147e-09)
98	25,6.7879893624e-09	(98, 2.7426874451778147e-09)
98	154,7.48928333638e-09	(98, 2.7426874451778147e-09)
98	172,7.87870811516e-09	(98, 2.7426874451778147e-09)
98	49,8.5872894908e-09	(98, 2.7426874451778147e-09)
98	83,9.66887005357e-09	(98, 2.7426874451778147e-09)
98	174,9.68775068794e-09	(98, 2.7426874451778147e-09)
98	69,9.98679332648e-09	(98, 2.7426874451778147e-09)
99	93,6.2898067968e-09	(99, 9.7915028381369947e-09)
99	159,6.35957985213e-09	(99, 9.7915028381369947e-09)
99	128,6.56881241786e-09	(99, 9.7915028381369947e-09)
99	84,6.658501521e-09	(99, 9.7915028381369947e-09)
99	144,7.21117266886e-09	(99, 9.7915028381369947e-09)
99	109,7.60813673833e-09	(99, 9.7915028381369947e-09)
99	145,7.75783574077e-09	(99, 9.7915028381369947e-09)
99	12,8.14274340082e-09	(99, 9.7915028381369947e-09)
99	78,8.26973080356e-09	(99, 9.7915028381369947e-09)
99	38,8.43992143689e-09	(99, 9.7915028381369947e-09)
100	100,2.68731037436e-09	(100, 2.6873103743576922e-09)
100	77,3.64080534605e-09	(100, 2.6873103743576922e-09)
100	74,3.74565059947e-09	(100, 2.6873103743576922e-09)
100	90,3.97421024864e-09	(100, 2.6873103743576922e-09)
100	37,4.12823046542e-09	(100, 2.6873103743576922e-09)
100	17,4.31584185577e-09	(100, 2.6873103743576922e-09)
100	21,4.31652452805e-09	(100, 2.6873103743576922e-09)
100	11,4.52350359702e-09	(100, 2.6873103743576922e-09)
100	136,4.59971673271e-09	(100, 2.6873103743576922e-09)
100	127,4.87771964041e-09	(100, 2.6873103743576922e-09)
101	101,6.90459138133e-09	(101, 6.9045913813290671e-09)
101	73,7.06835824095e-09	(101, 6.9045913813290671e-09)
101	13,7.35422556617e-09	(101, 6.9045913813290671e-09)
101	1,7.68195716257e-09	(101, 6.9045913813290671e-09)
101	29,8.06512664851e-09	(101, 6.9045913813290671e-09)
101	124,8.46706819594e-09	(101, 6.9045913813290671e-09)
101	69,8.67070357249e-09	(101, 6.9045913813290671e-09)
101	77,8.83857734722e-09	(101, 6.9045913813290671e-09)
101	60,8.87686391938e-09	(101, 6.9045913813290671e-09)
101	34,9.25421832025e-09	(101, 6.9045913813290671e-09)
102	114,8.83783512164e-09	(102, 1.0016001708188731e-08)
102	91,9.09521844592e-09	(102, 1.0016001708188731e-08)
102	41,9.66187732434e-09	(102, 1.0016001708188731e-08)
102	102,1.00160017082e-08	(102, 1.0016001708188731e-08)
102	155,1.03425491376e-08	(102, 1.0016001708188731e-08)
102	53,1.09530024661e-08	(102, 1.0016001708188731e-08)
102	1,1.11441605646e-08	(102, 1.0016001708188731e-08)
102	101,1.12347773397e-08	(102, 1.0016001708188731e-08)
102	103,1.18477425226e-08	(102, 1.0016001708188731e-08)
102	110,1.20371157318e-08	(102, 1.0016001708188731e-08)
103	103,7.17654684976e-09	(103, 7.1765468497553347e-09)
103	73,1.12497232938e-08	(103, 7.1765468497553347e-09)
103	101,1.26155772113e-08	(103, 7.1765468497553347e-09)
103	91,1.33767585739e-08	(103, 7.1765468497553347e-09)
103	30,1.33849891735e-08	(103, 7.1765468497553347e-09)
103	114,1.34986983494e-08	(103, 7.1765468497553347e-09)
103	26,1.35457595749e-08	(103, 7.1765468497553347e-09)
103	93,1.40726844507e-08	(103, 7.1765468497553347e-09)
103	1,1.47097761232e-08	(103, 7.1765468497553347e-09)
103	128,1.52540262222e-08	(103, 7.1765468497553347e-09)
104	124,5.11460273692e-09	(104, 9.3920596133492788e-09)
104	81,7.03880123963e-09	(104, 9.3920596133492788e-09)
104	11,7.17659774258e-09	(104, 9.3920596133492788e-09)
104	93,7.48161771684e-09	(104, 9.3920596133492788e-09)
104	119,7.6824875088e-09	(104, 9.3920596133492788e-09)
104	73,7.84531662262e-09	(104, 9.3920596133492788e-09)
104	115,7.9708100408e-09	(104, 9.3920596133492788e-09)
104	3,8.31845632396e-09	(104, 9.3920596133492788e-09)
104	37,8.54241507428e-09	(104, 9.3920596133492788e-09)
104	104,9.39205961335e-09	(104, 9.3920596133492788e-09)
105	27,8.59640451368e-09	(105, 1.3069789238094206e-08)
105	43,8.93752660129e-09	(105, 1.3069789238094206e-08)
105	19,9.00849966367e-09	(105, 1.3069789238094206e-08)
105	99,9.96224134537e-09	(105, 1.3069789238094206e-08)
105	24,1.05812491367e-08	(105, 1.3069789238094206e-08)
105	38,1.09751191735e-08	(105, 1.3069789238094206e-08)
105	107,1.14659269053e-08	(105, 1.3069789238094206e-08)
105	50,1.26395749716e-08	(105, 1.3069789238094206e-08)
105	144,1.27386871235e-08	(105, 1.3069789238094206e-08)
105	105,1.30697892381e-08	(105, 1.3069789238094206e-08)
106	106,5.15123949223e-09	(106, 5.1512394922320638e-09)
106	174,8.19445377358e-09	(106, 5.1512394922320638e-09)
106	116,8.22088306038e-09	(106, 5.1512394922320638e-09)
106	157,9.52792386865e-09	(106, 5.1512394922320638e-09)
106	172,1.01518791456e-08	(106, 5.1512394922320638e-09)
106	93,1.02556981156e-08	(106, 5.1512394922320638e-09)
106	165,1.06654349724e-08	(106, 5.1512394922320638e-09)
106	13,1.07129488718e-08	(106, 5.1512394922320638e-09)
106	156,1.12454894199e-08	(106, 5.1512394922320638e-09)
106	54,1.13409304383e-08	(106, 5.1512394922320638e-09)
107	26,4.88608947905e-09	(107, 5.5486872231019891e-09)
107	107,5.5486872231e-09	(107, 5.5486872231019891e-09)
107	22,5.6586418053e-09	(107, 5.5486872231019891e-09)
107	61,6.14592856396e-09	(107, 5.5486872231019891e-09)
107	78,6.48919202077e-09	(107, 5.5486872231019891e-09)
107	158,6.67016117561e-09	(107, 5.5486872231019891e-09)
107	139,6.73075065267e-09	(107, 5.5486872231019891e-09)
107	76,7.29685039899e-09	(107, 5.5486872231019891e-09)
107	121,7.7009112593e-09	(107, 5.5486872231019891e-09)
107	128,7.74521181661e-09	(107, 5.5486872231019891e-09)
108	77,4.89909168001e-09	(108, 1.2426595332754558e-08)
108	172,6.95193293847e-09	(108, 1.2426595332754558e-08)
108	174,7.04544003422e-09	(108, 1.2426595332754558e-08)
108	4,7.35428633356e-09	(108, 1.2426595332754558e-08)
108	49,7.71887199897e-09	(108, 1.2426595332754558e-08)
108	17,8.02587270369e-09	(108, 1.2426595332754558e-08)
108	100,8.24411268382e-09	(108, 1.2426595332754558e-08)
108	40,8.47539255384e-09	(108, 1.2426595332754558e-08)
108	15,8.75788391365e-09	(108, 1.2426595332754558e-08)
108	79,8.80145816369e-09	(108, 1.2426595332754558e-08)
109	159,4.64185281639e-09	(109, 4.9341388604280833e-09)
109	109,4.93413886043e-09	(109, 4.9341388604280833e-09)
109	134,6.54102475424e-09	(109, 4.9341388604280833e-09)
109	146,6.85761656571e-09	(109, 4.9341388604280833e-09)
109	12,7.72732885401e-09	(109, 4.9341388604280833e-09)
109	128,7.89894034791e-09	(109, 4.9341388604280833e-09)
109	152,8.08966933087e-09	(109, 4.9341388604280833e-09)
109	14,8.28962609093e-09	(109, 4.9341388604280833e-09)
109	84,8.38794238896e-09	(109, 4.9341388604280833e-09)
109	38,8.80879262485e-09	(109, 4.9341388604280833e-09)
110	1,4.5574793815e-09	(110, 9.4677920066236891e-09)
110	121,4.95225384464e-09	(110, 9.4677920066236891e-09)
110	11,4.98804442623e-09	(110, 9.4677920066236891e-09)
110	162,6.54886810254e-09	(110, 9.4677920066236891e-09)
110	3,6.71181776306e-09	(110, 9.4677920066236891e-09)
110	71,6.93618337305e-09	(110, 9.4677920066236891e-09)
110	68,7.02201320093e-09	(110, 9.4677920066236891e-09)
110	26,7.0858883745e-09	(110, 9.4677920066236891e-09)
110	155,7.50376916199e-09	(110, 9.4677920066236891e-09)
110	70,7.61546359516e-09	(110, 9.4677920066236891e-09)
111	73,5.54283091907e-09	(111, 2.0748020468285822e-08)
111	124,7.13663444648e-09	(111, 2.0748020468285822e-08)
111	101,7.65028090395e-09	(111, 2.0748020468285822e-08)
111	93,8.0240407992e-09	(111, 2.0748020468285822e-08)
111	157,8.08923304769e-09	(111, 2.0748020468285822e-08)
111	78,8.90142612177e-09	(111, 2.0748020468285822e-08)
111	114,9.00348126522e-09	(111, 2.0748020468285822e-08)
111	128,9.04024093428e-09	(111, 2.0748020468285822e-08)
111	13,9.27573131869e-09	(111, 2.0748020468285822e-08)
111	27,1.03127930376e-08	(111, 2.0748020468285822e-08)
112	11,3.2810234181e-09	(112, 4.5272180598518979e-09)
112	90,3.56877217882e-09	(112, 4.5272180598518979e-09)
112	3,4.08492786009e-09	(112, 4.5272180598518979e-09)
112	112,4.52721805985e-09	(112, 4.5272180598518979e-09)
112	100,4.56114570514e-09	(112, 4.5272180598518979e-09)
112	21,4.75029796704e-09	(112, 4.5272180598518979e-09)
112	162,4.84362605224e-09	(112, 4.5272180598518979e-09)
112	71,5.10104663982e-09	(112, 4.5272180598518979e-09)
112	143,5.38594037681e-09	(112, 4.5272180598518979e-09)
112	17,5.4463787039e-09	(112, 4.5272180598518979e-09)
113	113,5.50797138776e-09	(113, 5.5079713877573162e-09)
113	65,1.04465173866e-08	(113, 5.5079713877573162e-09)
113	130,1.14308504878e-08	(113, 5.5079713877573162e-09)
113	44,1.57377518575e-08	(113, 5.5079713877573162e-09)
113	53,1.62206923471e-08	(113, 5.5079713877573162e-09)
113	97,1.62966121987e-08	(113, 5.5079713877573162e-09)
113	155,1.81062956753e-08	(113, 5.5079713877573162e-09)
113	120,1.85546364514e-08	(113, 5.5079713877573162e-09)
113	15,1.94390057462e-08	(113, 5.5079713877573162e-09)
113	161,1.97290212121e-08	(113, 5.5079713877573162e-09)
114	114,5.96345670437e-09	(114, 5.9634567043660679e-09)
114	73,7.01061452947e-09	(114, 5.9634567043660679e-09)
114	140,8.71969148121e-09	(114, 5.9634567043660679e-09)
114	124,8.82070053984e-09	(114, 5.9634567043660679e-09)
114	53,9.13231798595e-09	(114, 5.9634567043660679e-09)
114	134,9.305622941e-09	(114, 5.9634567043660679e-09)
114	13,9.43326986862e-09	(114, 5.9634567043660679e-09)
114	170,9.82108012956e-09	(114, 5.9634567043660679e-09)
114	109,9.92124392348e-09	(114, 5.9634567043660679e-09)
114	101,1.00318432372e-08	(114, 5.9634567043660679e-09)
115	119,4.9361058431e-09	(115, 5.8555780307559606e-09)
115	115,5.85557803076e-09	(115, 5.8555780307559606e-09)
115	11,6.65649302178e-09	(115, 5.8555780307559606e-09)
115	96,7.33693031377e-09	(115, 5.8555780307559606e-09)
115	37,7.82122897076e-09	(115, 5.8555780307559606e-09)
115	17,7.96754252627e-09	(115, 5.8555780307559606e-09)
115	120,8.43860270005e-09	(115, 5.8555780307559606e-09)
115	172,8.44965547195e-09	(115, 5.8555780307559606e-09)
115	4,8.47233218615e-09	(115, 5.8555780307559606e-09)
115	136,8.63980882647e-09	(115, 5.8555780307559606e-09)
116	116,3.87938322105e-09	(116, 3.8793832210499459e-09)
116	93,4.87096546833e-09	(116, 3.8793832210499459e-09)
116	73,7.83069941363e-09	(116, 3.8793832210499459e-09)
116	109,8.85309230164e-09	(116, 3.8793832210499459e-09)
116	3,8.87708983428e-09	(116, 3.8793832210499459e-09)
116	172,9.10605687684e-09	(116, 3.8793832210499459e-09)
116	144,9.26924390891e-09	(116, 3.8793832210499459e-09)
116	159,9.63931955761e-09	(116, 3.8793832210499459e-09)
116	124,9.75604691458e-09	(116, 3.8793832210499459e-09)
116	146,9.92148603561e-09	(116, 3.8793832210499459e-09)
117	117,1.4825911828e-09	(117, 1.4825911827953103e-09)
117	21,4.29052716093e-09	(117, 1.4825911827953103e-09)
117	71,4.64622403128e-09	(117, 1.4825911827953103e-09)
117	81,4.87343748644e-09	(117, 1.4825911827953103e-09)
117	22,4.88168871982e-09	(117, 1.4825911827953103e-09)
117	76,4.93183978534e-09	(117, 1.4825911827953103e-09)
117	121,5.30301497753e-09	(117, 1.4825911827953103e-09)
117	77,5.54929204541e-09	(117, 1.4825911827953103e-09)
117	168,5.72725533139e-09	(117, 1.4825911827953103e-09)
117	11,5.77390406895e-09	(117, 1.4825911827953103e-09)
118	33,1.05816787484e-08	(118, 1.4745137031048914e-08)
118	34,1.42342394643e-08	(118, 1.4745137031048914e-08)
118	118,1.4745137031e-08	(118, 1.4745137031048914e-08)
118	113,1.60643301522e-08	(118, 1.4745137031048914e-08)
118	130,1.63654331543e-08	(118, 1.4745137031048914e-08)
118	45,1.72394348431e-08	(118, 1.4745137031048914e-08)
118	69,1.75783611194e-08	(118, 1.4745137031048914e-08)
118	15,2.00348466402e-08	(118, 1.4745137031048914e-08)
118	25,2.0239713205e-08	(118, 1.4745137031048914e-08)
118	133,2.0505770602e-08	(118, 1.4745137031048914e-08)
119	120,5.7585287635e-09	(119, 6.5583486523578769e-09)
119	119,6.55834865236e-09	(119, 6.5583486523578769e-09)
119	17,6.65694745594e-09	(119, 6.5583486523578769e-09)
119	40,7.42446150741e-09	(119, 6.5583486523578769e-09)
119	69,7.53728233672e-09	(119, 6.5583486523578769e-09)
119	4,7.66438596619e-09	(119, 6.5583486523578769e-09)
119	96,8.0034283226e-09	(119, 6.5583486523578769e-09)
119	172,8.17305373153e-09	(119, 6.5583486523578769e-09)
119	154,8.55848880708e-09	(119, 6.5583486523578769e-09)
119	56,8.93780211909e-09	(119, 6.5583486523578769e-09)
120	120,4.0803057557e-09	(120, 4.0803057556962426e-09)
120	65,5.40819198461e-09	(120, 4.0803057556962426e-09)
120	161,6.2211095684e-09	(120, 4.0803057556962426e-09)
120	155,6.63304169518e-09	(120, 4.0803057556962426e-09)
120	44,6.75036839629e-09	(120, 4.0803057556962426e-09)
120	53,8.3546356357e-09	(120, 4.0803057556962426e-09)
120	124,8.68809796754e-09	(120, 4.0803057556962426e-09)
120	97,8.97563541837e-09	(120, 4.0803057556962426e-09)
120	13,9.04078743058e-09	(120, 4.0803057556962426e-09)
120	83,9.35075306295e-09	(120, 4.0803057556962426e-09)
121	121,4.42761324424e-09	(121, 4.4276132442361434e-09)
121	22,4.90562017818e-09	(121, 4.4276132442361434e-09)
121	1,5.10093311627e-09	(121, 4.4276132442361434e-09)
121	78,5.14225787921e-09	(121, 4.4276132442361434e-09)
121	26,5.54982464599e-09	(121, 4.4276132442361434e-09)
121	128,6.28458797343e-09	(121, 4.4276132442361434e-09)
121	73,6.4878174447e-09	(121, 4.4276132442361434e-09)
121	61,6.93266894171e-09	(121, 4.4276132442361434e-09)
121	23,6.9670960388e-09	(121, 4.4276132442361434e-09)
121	158,7.22667986604e-09	(121, 4.4276132442361434e-09)
122	122,6.61617368473e-09	(122, 6.6161736847347096e-09)
122	174,6.71402750904e-09	(122, 6.6161736847347096e-09)
122	154,9.21148833582e-09	(122, 6.6161736847347096e-09)
122	2,1.07467026615e-08	(122, 6.6161736847347096e-09)
122	69,1.28819720367e-08	(122, 6.6161736847347096e-09)
122	116,1.34263030965e-08	(122, 6.6161736847347096e-09)
122	4,1.35771842541e-08	(122, 6.6161736847347096e-09)
122	172,1.39142471328e-08	(122, 6.6161736847347096e-09)
122	56,1.42177522751e-08	(122, 6.6161736847347096e-09)
122	48,1.44204349364e-08	(122, 6.6161736847347096e-09)
123	172,4.51959888159e-09	(123, 4.8036172666413982e-09)
123	123,4.80361726664e-09	(123, 4.8036172666413982e-09)
123	81,6.55582416646e-09	(123, 4.8036172666413982e-09)
123	146,7.13046061903e-09	(123, 4.8036172666413982e-09)
123	90,7.54505503685e-09	(123, 4.8036172666413982e-09)
123	40,7.61758629808e-09	(123, 4.8036172666413982e-09)
123	119,7.75730710365e-09	(123, 4.8036172666413982e-09)
123	137,8.22315083961e-09	(123, 4.8036172666413982e-09)
123	115,8.43933678878e-09	(123, 4.8036172666413982e-09)
123	37,8.52571902237e-09	(123, 4.8036172666413982e-09)
124	124,8.03151984008e-09	(124, 8.0315198400835689e-09)
124	101,1.13021801492e-08	(124, 8.0315198400835689e-09)
124	169,1.14619910028e-08	(124, 8.0315198400835689e-09)
124	157,1.32244449827e-08	(124, 8.0315198400835689e-09)
124	73,1.33775479633e-08	(124, 8.0315198400835689e-09)
124	140,1.34240044736e-08	(124, 8.0315198400835689e-09)
124	41,1.36504683617e-08	(124, 8.0315198400835689e-09)
124	27,1.3756817096e-08	(124, 8.0315198400835689e-09)
124	144,1.38071698395e-08	(124, 8.0315198400835689e-09)
124	53,1.41746673733e-08	(124, 8.0315198400835689e-09)
125	13,9.61762789557e-09	(125, 1.5164094592468891e-08)
125	155,1.27466749576e-08	(125, 1.5164094592468891e-08)
125	65,1.29945033521e-08	(125, 1.5164094592468891e-08)
125	73,1.30406917014e-08	(125, 1.5164094592468891e-08)
125	29,1.32621160447e-08	(125, 1.5164094592468891e-08)
125	68,1.3433681735e-08	(125, 1.5164094592468891e-08)
125	161,1.36561648105e-08	(125, 1.5164094592468891e-08)
125	114,1.37438052553e-08	(125, 1.5164094592468891e-08)
125	23,1.38375133984e-08	(125, 1.5164094592468891e-08)
125	16,1.4130880322e-08	(125, 1.5164094592468891e-08)
126	81,4.84619609885e-09	(126, 5.4956510246775667e-09)
126	121,5.47321089482e-09	(126, 5.4956510246775667e-09)
126	126,5.49565102468e-09	(126, 5.4956510246775667e-09)
126	3,5.79842095097e-09	(126, 5.4956510246775667e-09)
126	132,5.79946214526e-09	(126, 5.4956510246775667e-09)
126	11,5.93825005584e-09	(126, 5.4956510246775667e-09)
126	119,5.98615406671e-09	(126, 5.4956510246775667e-09)
126	128,6.31471125407e-09	(126, 5.4956510246775667e-09)
126	115,6.54729931639e-09	(126, 5.4956510246775667e-09)
126	151,6.63216985435e-09	(126, 5.4956510246775667e-09)
127	17,3.23585645134e-09	(127, 4.5138959285842276e-09)
127	74,3.69471628474e-09	(127, 4.5138959285842276e-09)
127	136,3.92676939759e-09	(127, 4.5138959285842276e-09)
127	100,4.50389698995e-09	(127, 4.5138959285842276e-09)
127	127,4.51389592858e-09	(127, 4.5138959285842276e-09)
127	59,4.85484136142e-09	(127, 4.5138959285842276e-09)
127	77,5.38859275665e-09	(127, 4.5138959285842276e-09)
127	37,5.68254944453e-09	(127, 4.5138959285842276e-09)
127	49,6.1328618612e-09	(127, 4.5138959285842276e-09)
127	172,7.97648848916e-09	(127, 4.5138959285842276e-09)
128	128,3.53649469525e-09	(128, 3.5364946952486778e-09)
128	12,4.46584760387e-09	(128, 3.5364946952486778e-09)
128	159,5.87560627329e-09	(128, 3.5364946952486778e-09)
128	78,6.28640865564e-09	(128, 3.5364946952486778e-09)
128	50,6.44693194833e-09	(128, 3.5364946952486778e-09)
128	107,7.07999134897e-09	(128, 3.5364946952486778e-09)
128	109,7.09900417243e-09	(128, 3.5364946952486778e-09)
128	121,7.16880063065e-09	(128, 3.5364946952486778e-09)
128	139,7.30948926817e-09	(128, 3.5364946952486778e-09)
128	22,7.3601384734e-09	(128, 3.5364946952486778e-09)
129	49,7.23353565943e-09	(129, 1.3021181134035893e-08)
129	98,7.28123739441e-09	(129, 1.3021181134035893e-08)
129	100,1.05584104058e-08	(129, 1.3021181134035893e-08)
129	15,1.07285992879e-08	(129, 1.3021181134035893e-08)
129	77,1.09512413729e-08	(129, 1.3021181134035893e-08)
129	59,1.1058392971e-08	(129, 1.3021181134035893e-08)
129	94,1.14035768994e-08	(129, 1.3021181134035893e-08)
129	83,1.15997294519e-08	(129, 1.3021181134035893e-08)
129	25,1.20239407848e-08	(129, 1.3021181134035893e-08)
129	129,1.3021181134e-08	(129, 1.3021181134035893e-08)
130	130,1.12752300537e-08	(130, 1.1275230053747186e-08)
130	13,1.16944112175e-08	(130, 1.1275230053747186e-08)
130	65,1.18902335375e-08	(130, 1.1275230053747186e-08)
130	34,1.26626249764e-08	(130, 1.1275230053747186e-08)
130	28,1.35207811014e-08	(130, 1.1275230053747186e-08)
130	91,1.35599744207e-08	(130, 1.1275230053747186e-08)
130	73,1.36477626229e-08	(130, 1.1275230053747186e-08)
130	53,1.38302471054e-08	(130, 1.1275230053747186e-08)
130	157,1.39599596579e-08	(130, 1.1275230053747186e-08)
130	155,1.40080437181e-08	(130, 1.1275230053747186e-08)
131	116,7.54874957033e-09	(131, 8.3131442646307408e-09)
131	131,8.31314426463e-09	(131, 8.3131442646307408e-09)
131	166,8.41979944942e-09	(131, 8.3131442646307408e-09)
131	72,9.60932597837e-09	(131, 8.3131442646307408e-09)
131	104,1.12003523591e-08	(131, 8.3131442646307408e-09)
131	144,1.13394011911e-08	(131, 8.3131442646307408e-09)
131	84,1.31715624426e-08	(131, 8.3131442646307408e-09)
131	93,1.32986043786e-08	(131, 8.3131442646307408e-09)
131	156,1.37189652691e-08	(131, 8.3131442646307408e-09)
131	73,1.51113051631e-08	(131, 8.3131442646307408e-09)
132	132,3.24692212942e-09	(132, 3.2469221294238108e-09)
132	18,3.30662190315e-09	(132, 3.2469221294238108e-09)
132	46,3.43206156945e-09	(132, 3.2469221294238108e-09)
132	139,3.44197483809e-09	(132, 3.2469221294238108e-09)
132	22,3.46062886918e-09	(132, 3.2469221294238108e-09)
132	76,3.69399588819e-09	(132, 3.2469221294238108e-09)
132	171,4.10606616552e-09	(132, 3.2469221294238108e-09)
132	158,4.22373481157e-09	(132, 3.2469221294238108e-09)
132	147,4.52286469979e-09	(132, 3.2469221294238108e-09)
132	146,4.70239188236e-09	(132, 3.2469221294238108e-09)
133	133,4.99490246801e-09	(133, 4.9949024680082866e-09)
133	34,9.9639312665e-09	(133, 4.9949024680082866e-09)
133	91,1.11084454359e-08	(133, 4.9949024680082866e-09)
133	130,1.11685467687e-08	(133, 4.9949024680082866e-09)
133	103,1.27421083672e-08	(133, 4.9949024680082866e-09)
133	102,1.30921678261e-08	(133, 4.9949024680082866e-09)
133	53,1.34581784339e-08	(133, 4.9949024680082866e-09)
133	28,1.39599610373e-08	(133, 4.9949024680082866e-09)
133	153,1.42156194962e-08	(133, 4.9949024680082866e-09)
133	65,1.47551468988e-08	(133, 4.9949024680082866e-09)
134	121,4.20764480217e-09	(134, 6.3826586004099113e-09)
134	128,4.65422253128e-09	(134, 6.3826586004099113e-09)
134	78,4.9056365737e-09	(134, 6.3826586004099113e-09)
134	134,6.38265860041e-09	(134, 6.3826586004099113e-09)
134	18,6.49314102207e-09	(134, 6.3826586004099113e-09)
134	22,6.73612282592e-09	(134, 6.3826586004099113e-09)
134	109,7.27845937216e-09	(134, 6.3826586004099113e-09)
134	73,7.4591016896e-09	(134, 6.3826586004099113e-09)
134	26,8.00578567135e-09	(134, 6.3826586004099113e-09)
134	151,8.13858086432e-09	(134, 6.3826586004099113e-09)
135	147,2.35697158164e-09	(135, 3.163501744363637e-09)
135	135,3.16350174436e-09	(135, 3.163501744363637e-09)
135	76,3.34060483289e-09	(135, 3.163501744363637e-09)
135	63,3.60669536079e-09	(135, 3.163501744363637e-09)
135	137,4.0600163341e-09	(135, 3.163501744363637e-09)
135	77,4.59424248004e-09	(135, 3.163501744363637e-09)
135	171,4.66968298688e-09	(135, 3.163501744363637e-09)
135	162,4.86595977771e-09	(135, 3.163501744363637e-09)
135	23,5.523955645e-09	(135, 3.163501744363637e-09)
135	117,5.78063502342e-09	(135, 3.163501744363637e-09)
136	136,6.02504646317e-09	(136, 6.0250464631706676e-09)
136	121,6.40234883376e-09	(136, 6.0250464631706676e-09)
136	11,6.70079454721e-09	(136, 6.0250464631706676e-09)
136	54,7.02572502458e-09	(136, 6.0250464631706676e-09)
136	126,7.05937237224e-09	(136, 6.0250464631706676e-09)
136	78,7.54747304293e-09	(136, 6.0250464631706676e-09)
136	13,7.92480533234e-09	(136, 6.0250464631706676e-09)
136	162,7.97090665266e-09	(136, 6.0250464631706676e-09)
136	3,8.32858727198e-09	(136, 6.0250464631706676e-09)
136	119,8.53531376503e-09	(136, 6.0250464631706676e-09)
137	137,1.65727313637e-09	(137, 1.6572731363666935e-09)
137	147,2.32074791632e-09	(137, 1.6572731363666935e-09)
137	63,2.46201169861e-09	(137, 1.6572731363666935e-09)
137	3,3.58050649458e-09	(137, 1.6572731363666935e-09)
137	76,3.77112200857e-09	(137, 1.6572731363666935e-09)
137	171,3.88268998081e-09	(137, 1.6572731363666935e-09)
137	36,4.61267359376e-09	(137, 1.6572731363666935e-09)
137	90,4.82247409072e-09	(137, 1.6572731363666935e-09)
137	117,5.05627047019e-09	(137, 1.6572731363666935e-09)
137	132,5.11458566407e-09	(137, 1.6572731363666935e-09)
138	138,5.49198807684e-09	(138, 5.4919880768360204e-09)
138	78,5.87885089067e-09	(138, 5.4919880768360204e-09)
138	128,6.25247349202e-09	(138, 5.4919880768360204e-09)
138	107,6.28218778591e-09	(138, 5.4919880768360204e-09)
138	158,7.14722331159e-09	(138, 5.4919880768360204e-09)
138	99,7.60534789403e-09	(138, 5.4919880768360204e-09)
138	55,8.24850701345e-09	(138, 5.4919880768360204e-09)
138	159,8.27510804881e-09	(138, 5.4919880768360204e-09)
138	38,8.70278191714e-09	(138, 5.4919880768360204e-09)
138	84,9.62169407434e-09	(138, 5.4919880768360204e-09)
139	139,1.5161735491e-09	(139, 1.5161735491046629e-09)
139	46,3.60051922548e-09	(139, 1.5161735491046629e-09)
139	18,3.7581867428e-09	(139, 1.5161735491046629e-09)
139	151,4.22412111686e-09	(139, 1.5161735491046629e-09)
139	76,4.56315700595e-09	(139, 1.5161735491046629e-09)
139	22,4.90686472624e-09	(139, 1.5161735491046629e-09)
139	132,5.01725729491e-09	(139, 1.5161735491046629e-09)
139	121,5.82160766338e-09	(139, 1.5161735491046629e-09)
139	35,5.83947993561e-09	(139, 1.5161735491046629e-09)
139	171,5.89102734445e-09	(139, 1.5161735491046629e-09)
140	140,7.0987993367e-09	(140, 7.0987993366980657e-09)
140	69,8.02895222778e-09	(140, 7.0987993366980657e-09)
140	124,8.18815709633e-09	(140, 7.0987993366980657e-09)
140	53,8.94356645908e-09	(140, 7.0987993366980657e-09)
140	73,9.77207828092e-09	(140, 7.0987993366980657e-09)
140	104,1.06271132799e-08	(140, 7.0987993366980657e-09)
140	114,1.0933529083e-08	(140, 7.0987993366980657e-09)
140	28,1.09414299618e-08	(140, 7.0987993366980657e-09)
140	157,1.10782463932e-08	(140, 7.0987993366980657e-09)
140	34,1.12694436099e-08	(140, 7.0987993366980657e-09)
141	141,1.34090291509e-08	(141, 1.34090291509323e-08)
141	48,1.5333484857e-08	(141, 1.34090291509323e-08)
141	97,1.58649107917e-08	(141, 1.34090291509323e-08)
141	2,1.63896879652e-08	(141, 1.34090291509323e-08)
141	56,1.65023841916e-08	(141, 1.34090291509323e-08)
141	4,1.71561097513e-08	(141, 1.34090291509323e-08)
141	124,1.71642527137e-08	(141, 1.34090291509323e-08)
141	33,1.76229869839e-08	(141, 1.34090291509323e-08)
141	120,1.82396272959e-08	(141, 1.34090291509323e-08)
141	155,1.91886150009e-08	(141, 1.34090291509323e-08)
142	61,8.72033748519e-09	(142, 2.5305278212885244e-08)
142	12,9.42821918059e-09	(142, 2.5305278212885244e-08)
142	105,9.66343492441e-09	(142, 2.5305278212885244e-08)
142	23,9.88944828016e-09	(142, 2.5305278212885244e-08)
142	16,1.04057002981e-08	(142, 2.5305278212885244e-08)
142	162,1.04973199812e-08	(142, 2.5305278212885244e-08)
142	38,1.06706646977e-08	(142, 2.5305278212885244e-08)
142	29,1.11548325943e-08	(142, 2.5305278212885244e-08)
142	135,1.11857730957e-08	(142, 2.5305278212885244e-08)
142	24,1.15695697863e-08	(142, 2.5305278212885244e-08)
143	143,2.59668454641e-09	(143, 2.5966845464145223e-09)
143	11,3.3048377652e-09	(143, 2.5966845464145223e-09)
143	3,3.39343929921e-09	(143, 2.5966845464145223e-09)
143	112,3.52581603687e-09	(143, 2.5966845464145223e-09)
143	162,3.65126313961e-09	(143, 2.5966845464145223e-09)
143	90,4.24998100757e-09	(143, 2.5966845464145223e-09)
143	137,4.58153781003e-09	(143, 2.5966845464145223e-09)
143	21,4.59488386063e-09	(143, 2.5966845464145223e-09)
143	17,4.77615481932e-09	(143, 2.5966845464145223e-09)
143	150,4.86371642044e-09	(143, 2.5966845464145223e-09)
144	144,4.5400379539e-09	(144, 4.5400379539036904e-09)
144	14,8.28507301296e-09	(144, 4.5400379539036904e-09)
144	38,8.80027525375e-09	(144, 4.5400379539036904e-09)
144	12,9.85200221284e-09	(144, 4.5400379539036904e-09)
144	145,1.04651662666e-08	(144, 4.5400379539036904e-09)
144	50,1.08281914511e-08	(144, 4.5400379539036904e-09)
144	159,1.17921979412e-08	(144, 4.5400379539036904e-09)
144	116,1.1940595656e-08	(144, 4.5400379539036904e-09)
144	109,1.27117001171e-08	(144, 4.5400379539036904e-09)
144	123,1.30331168717e-08	(144, 4.5400379539036904e-09)
145	38,6.25039948097e-09	(145, 6.3399837300558621e-09)
145	145,6.33998373006e-09	(145, 6.3399837300558621e-09)
145	24,6.62697186041e-09	(145, 6.3399837300558621e-09)
145	158,6.64922247285e-09	(145, 6.3399837300558621e-09)
145	128,6.99336984467e-09	(145, 6.3399837300558621e-09)
145	78,7.40192278362e-09	(145, 6.3399837300558621e-09)
145	55,7.52915327999e-09	(145, 6.3399837300558621e-09)
145	12,8.9121881021e-09	(145, 6.3399837300558621e-09)
145	14,9.37058631737e-09	(145, 6.3399837300558621e-09)
145	22,9.73218268416e-09	(145, 6.3399837300558621e-09)
146	146,2.34579355688e-09	(146, 2.3457935568759425e-09)
146	159,4.81796387075e-09	(146, 2.3457935568759425e-09)
146	12,6.50932280227e-09	(146, 2.3457935568759425e-09)
146	137,7.94554972855e-09	(146, 2.3457935568759425e-09)
146	81,8.13271878697e-09	(146, 2.3457935568759425e-09)
146	172,8.16817981163e-09	(146, 2.3457935568759425e-09)
146	46,8.30632809382e-09	(146, 2.3457935568759425e-09)
146	18,8.31274684316e-09	(146, 2.3457935568759425e-09)
146	145,8.47534816043e-09	(146, 2.3457935568759425e-09)
146	132,8.56434470156e-09	(146, 2.3457935568759425e-09)
147	76,1.91157987356e-09	(147, 2.1139738096458262e-09)
147	147,2.11397380965e-09	(147, 2.1139738096458262e-09)
147	63,2.41857549072e-09	(147, 2.1139738096458262e-09)
147	132,3.95898497301e-09	(147, 2.1139738096458262e-09)
147	171,3.97790256048e-09	(147, 2.1139738096458262e-09)
147	18,4.03128266425e-09	(147, 2.1139738096458262e-09)
147	22,4.20577824791e-09	(147, 2.1139738096458262e-09)
147	126,4.41214400917e-09	(147, 2.1139738096458262e-09)
147	151,4.5345533441e-09	(147, 2.1139738096458262e-09)
147	137,4.59540406792e-09	(147, 2.1139738096458262e-09)
148	148,2.72176944686e-09	(148, 2.7217694468609782e-09)
148	17,3.47856253607e-09	(148, 2.7217694468609782e-09)
148	143,4.48458977806e-09	(148, 2.7217694468609782e-09)
148	100,5.38131414855e-09	(148, 2.7217694468609782e-09)
148	90,5.64166275648e-09	(148, 2.7217694468609782e-09)
148	49,6.95516108647e-09	(148, 2.7217694468609782e-09)
148	172,6.98437283826e-09	(148, 2.7217694468609782e-09)
148	112,7.14613140879e-09	(148, 2.7217694468609782e-09)
148	79,8.0096668295e-09	(148, 2.7217694468609782e-09)
148	37,8.03207827995e-09	(148, 2.7217694468609782e-09)
149	149,7.53747856111e-09	(149, 7.5374785611061962e-09)
149	32,1.58033160541e-08	(149, 7.5374785611061962e-09)
149	169,1.74224840568e-08	(149, 7.5374785611061962e-09)
149	33,1.78229082585e-08	(149, 7.5374785611061962e-09)
149	165,2.56744546314e-08	(149, 7.5374785611061962e-09)
149	111,2.58908783958e-08	(149, 7.5374785611061962e-09)
149	156,2.70928047345e-08	(149, 7.5374785611061962e-09)
149	91,2.74607204973e-08	(149, 7.5374785611061962e-09)
149	51,2.83491210626e-08	(149, 7.5374785611061962e-09)
149	45,2.84046770713e-08	(149, 7.5374785611061962e-09)
150	3,2.34157953147e-09	(150, 4.0888834673656126e-09)
150	11,3.0429605174e-09	(150, 4.0888834673656126e-09)
150	162,3.53533861662e-09	(150, 4.0888834673656126e-09)
150	71,3.73135871448e-09	(150, 4.0888834673656126e-09)
150	121,3.97107724308e-09	(150, 4.0888834673656126e-09)
150	150,4.08888346737e-09	(150, 4.0888834673656126e-09)
150	86,4.17201348531e-09	(150, 4.0888834673656126e-09)
150	63,4.18659222368e-09	(150, 4.0888834673656126e-09)
150	117,4.19781887841e-09	(150, 4.0888834673656126e-09)
150	76,4.69445972355e-09	(150, 4.0888834673656126e-09)
151	121,2.71734976334e-09	(151, 3.6296365210348663e-09)
151	151,3.62963652103e-09	(151, 3.6296365210348663e-09)
151	132,4.371870873e-09	(151, 3.6296365210348663e-09)
151	22,4.87100808543e-09	(151, 3.6296365210348663e-09)
151	70,5.16975025704e-09	(151, 3.6296365210348663e-09)
151	11,5.28449719299e-09	(151, 3.6296365210348663e-09)
151	18,5.33480571274e-09	(151, 3.6296365210348663e-09)
151	78,5.34766282076e-09	(151, 3.6296365210348663e-09)
151	81,5.47626581495e-09	(151, 3.6296365210348663e-09)
151	117,5.60855277889e-09	(151, 3.6296365210348663e-09)
152	152,4.77662677543e-09	(152, 4.7766267754314625e-09)
152	121,5.09202355626e-09	(152, 4.7766267754314625e-09)
152	18,5.83873722508e-09	(152, 4.7766267754314625e-09)
152	88,6.48626297075e-09	(152, 4.7766267754314625e-09)
152	12,6.80827180354e-09	(152, 4.7766267754314625e-09)
152	117,6.88751341883e-09	(152, 4.7766267754314625e-09)
152	139,6.95917211426e-09	(152, 4.7766267754314625e-09)
152	35,6.99638664441e-09	(152, 4.7766267754314625e-09)
152	22,7.31756474573e-09	(152, 4.7766267754314625e-09)
152	162,7.56287743817e-09	(152, 4.7766267754314625e-09)
153	133,6.19821445461e-09	(153, 1.0837882498903454e-08)
153	153,1.08378824989e-08	(153, 1.0837882498903454e-08)
153	91,1.10960295444e-08	(153, 1.0837882498903454e-08)
153	34,1.1484278642e-08	(153, 1.0837882498903454e-08)
153	130,1.19914134893e-08	(153, 1.0837882498903454e-08)
153	102,1.29996148953e-08	(153, 1.0837882498903454e-08)
153	103,1.46718612898e-08	(153, 1.0837882498903454e-08)
153	28,1.58415423628e-08	(153, 1.0837882498903454e-08)
153	30,1.58865777656e-08	(153, 1.0837882498903454e-08)
153	53,1.67294485174e-08	(153, 1.0837882498903454e-08)
154	154,2.31049372142e-09	(154, 2.310493721424137e-09)
154	40,4.42196230685e-09	(154, 2.310493721424137e-09)
154	172,6.58104173003e-09	(154, 2.310493721424137e-09)
154	174,7.07298663047e-09	(154, 2.310493721424137e-09)
154	69,7.33256275288e-09	(154, 2.310493721424137e-09)
154	4,8.09816237747e-09	(154, 2.310493721424137e-09)
154	48,9.81023081271e-09	(154, 2.310493721424137e-09)
154	56,9.94026758301e-09	(154, 2.310493721424137e-09)
154	116,1.0247888536e-08	(154, 2.310493721424137e-09)
154	15,1.08221847879e-08	(154, 2.310493721424137e-09)
155	71,4.85121859897e-09	(155, 6.151893605451415e-09)
155	1,5.34833903237e-09	(155, 6.151893605451415e-09)
155	11,6.05998195548e-09	(155, 6.151893605451415e-09)
155	155,6.15189360545e-09	(155, 6.151893605451415e-09)
155	73,6.2172714994e-09	(155, 6.151893605451415e-09)
155	162,6.59350687843e-09	(155, 6.151893605451415e-09)
155	89,6.64595628167e-09	(155, 6.151893605451415e-09)
155	121,6.75859116408e-09	(155, 6.151893605451415e-09)
155	81,7.1744527809e-09	(155, 6.151893605451415e-09)
155	117,7.40564887254e-09	(155, 6.151893605451415e-09)
156	73,5.97024903436e-09	(156, 6.492749636364899e-09)
156	144,6.32431816296e-09	(156, 6.492749636364899e-09)
156	156,6.49274963636e-09	(156, 6.492749636364899e-09)
156	109,6.50159209938e-09	(156, 6.492749636364899e-09)
156	50,8.47559471215e-09	(156, 6.492749636364899e-09)
156	38,9.23404433741e-09	(156, 6.492749636364899e-09)
156	128,9.42789048599e-09	(156, 6.492749636364899e-09)
156	93,9.59475929338e-09	(156, 6.492749636364899e-09)
156	107,9.99211225315e-09	(156, 6.492749636364899e-09)
156	84,1.00862283335e-08	(156, 6.492749636364899e-09)
157	22,5.27231945416e-09	(157, 6.7956957019653943e-09)
157	93,5.43564655248e-09	(157, 6.7956957019653943e-09)
157	128,5.63633890527e-09	(157, 6.7956957019653943e-09)
157	73,5.75807552717e-09	(157, 6.7956957019653943e-09)
157	12,5.94949822135e-09	(157, 6.7956957019653943e-09)
157	78,5.98459555304e-09	(157, 6.7956957019653943e-09)
157	132,6.22296323209e-09	(157, 6.7956957019653943e-09)
157	3,6.3121219714e-09	(157, 6.7956957019653943e-09)
157	126,6.40293077266e-09	(157, 6.7956957019653943e-09)
157	121,6.41109344722e-09	(157, 6.7956957019653943e-09)
158	77,2.48262635371e-09	(158, 9.8034702403391776e-09)
158	3,3.85248626988e-09	(158, 9.8034702403391776e-09)
158	136,4.68387033319e-09	(158, 9.8034702403391776e-09)
158	171,4.71638586646e-09	(158, 9.8034702403391776e-09)
158	37,4.72922164669e-09	(158, 9.8034702403391776e-09)
158	76,4.77602711386e-09	(158, 9.8034702403391776e-09)
158	63,4.80112032442e-09	(158, 9.8034702403391776e-09)
158	137,4.91206446812e-09	(158, 9.8034702403391776e-09)
158	147,4.92039788302e-09	(158, 9.8034702403391776e-09)
158	11,5.29560855875e-09	(158, 9.8034702403391776e-09)
159	146,2.96306973279e-09	(159, 6.999891411248083e-09)
159	137,4.5949703312e-09	(159, 6.999891411248083e-09)
159	150,5.11195225943e-09	(159, 6.999891411248083e-09)
159	36,5.18083269215e-09	(159, 6.999891411248083e-09)
159	18,5.26684694721e-09	(159, 6.999891411248083e-09)
159	46,5.29241193078e-09	(159, 6.999891411248083e-09)
159	90,5.4405093024e-09	(159, 6.999891411248083e-09)
159	3,5.80234828228e-09	(159, 6.999891411248083e-09)
159	81,6.10811045524e-09	(159, 6.999891411248083e-09)
159	147,6.11615204731e-09	(159, 6.999891411248083e-09)
160	164,7.74044692447e-09	(160, 3.9723823945376846e-08)
160	27,9.84632207788e-09	(160, 3.9723823945376846e-08)
160	73,1.141506623e-08	(160, 3.9723823945376846e-08)
160	38,1.1793941805e-08	(160, 3.9723823945376846e-08)
160	32,1.2059573726e-08	(160, 3.9723823945376846e-08)
160	43,1.20819617989e-08	(160, 3.9723823945376846e-08)
160	109,1.27240548566e-08	(160, 3.9723823945376846e-08)
160	107,1.29696066593e-08	(160, 3.9723823945376846e-08)
160	50,1.34440260703e-08	(160, 3.9723823945376846e-08)
160	19,1.36694296822e-08	(160, 3.9723823945376846e-08)
161	161,2.26695752849e-09	(161, 2.2669575284897185e-09)
161	65,5.78038202804e-09	(161, 2.2669575284897185e-09)
161	83,7.507157002e-09	(161, 2.2669575284897185e-09)
161	68,7.70347103269e-09	(161, 2.2669575284897185e-09)
161	17,7.98952300842e-09	(161, 2.2669575284897185e-09)
161	44,8.00661211223e-09	(161, 2.2669575284897185e-09)
161	155,8.0480619148e-09	(161, 2.2669575284897185e-09)
161	13,9.1823903675e-09	(161, 2.2669575284897185e-09)
161	100,9.59102025369e-09	(161, 2.2669575284897185e-09)
161	71,9.77345526529e-09	(161, 2.2669575284897185e-09)
162	162,3.09379621442e-09	(162, 3.0937962144154674e-09)
162	18,3.93674350404e-09	(162, 3.0937962144154674e-09)
162	117,4.04461500993e-09	(162, 3.0937962144154674e-09)
162	76,4.50755057478e-09	(162, 3.0937962144154674e-09)
162	150,4.58594281734e-09	(162, 3.0937962144154674e-09)
162	147,4.65127131352e-09	(162, 3.0937962144154674e-09)
162	88,4.80470364357e-09	(162, 3.0937962144154674e-09)
162	121,4.93231221293e-09	(162, 3.0937962144154674e-09)
162	11,4.9399284903e-09	(162, 3.0937962144154674e-09)
162	81,5.1165779546e-09	(162, 3.0937962144154674e-09)
163	17,5.27076479945e-09	(163, 7.2860085398103683e-09)
163	172,6.09046628484e-09	(163, 7.2860085398103683e-09)
163	40,6.32991851837e-09	(163, 7.2860085398103683e-09)
163	3,6.37395353228e-09	(163, 7.2860085398103683e-09)
163	148,6.61668665308e-09	(163, 7.2860085398103683e-09)
163	11,6.70116218211e-09	(163, 7.2860085398103683e-09)
163	100,6.79435233821e-09	(163, 7.2860085398103683e-09)
163	37,6.80238454001e-09	(163, 7.2860085398103683e-09)
163	163,7.28600853981e-09	(163, 7.2860085398103683e-09)
163	83,7.32909918647e-09	(163, 7.2860085398103683e-09)
164	156,7.91815825693e-09	(164, 9.5644384108235471e-09)
164	73,7.93213732323e-09	(164, 9.5644384108235471e-09)
164	27,9.03182021639e-09	(164, 9.5644384108235471e-09)
164	164,9.56443841082e-09	(164, 9.5644384108235471e-09)
164	144,9.87102381219e-09	(164, 9.5644384108235471e-09)
164	131,1.07571348357e-08	(164, 9.5644384108235471e-09)
164	109,1.09427173245e-08	(164, 9.5644384108235471e-09)
164	32,1.14200920726e-08	(164, 9.5644384108235471e-09)
164	13,1.2090691735e-08	(164, 9.5644384108235471e-09)
164	107,1.21058668088e-08	(164, 9.5644384108235471e-09)
165	93,6.31041229015e-09	(165, 9.7122804223347662e-09)
165	116,7.86214066558e-09	(165, 9.7122804223347662e-09)
165	157,8.35487815735e-09	(165, 9.7122804223347662e-09)
165	73,9.07741506173e-09	(165, 9.7122804223347662e-09)
165	144,9.2350989346e-09	(165, 9.7122804223347662e-09)
165	165,9.71228042233e-09	(165, 9.7122804223347662e-09)
165	131,1.00703026391e-08	(165, 9.7122804223347662e-09)
165	124,1.0863257176e-08	(165, 9.7122804223347662e-09)
165	156,1.12025892599e-08	(165, 9.7122804223347662e-09)
165	172,1.20447185049e-08	(165, 9.7122804223347662e-09)
166	116,8.48872164799e-09	(166, 1.1977131747853218e-08)
166	69,9.96404517826e-09	(166, 1.1977131747853218e-08)
166	144,1.01022611952e-08	(166, 1.1977131747853218e-08)
166	124,1.06133516131e-08	(166, 1.1977131747853218e-08)
166	123,1.19121554959e-08	(166, 1.1977131747853218e-08)
166	140,1.19439779416e-08	(166, 1.1977131747853218e-08)
166	166,1.19771317479e-08	(166, 1.1977131747853218e-08)
166	157,1.23461869064e-08	(166, 1.1977131747853218e-08)
166	104,1.23952197955e-08	(166, 1.1977131747853218e-08)
166	93,1.25651586631e-08	(166, 1.1977131747853218e-08)
167	39,1.13515002496e-08	(167, 1.1945944317405813e-08)
167	51,1.13673657308e-08	(167, 1.1945944317405813e-08)
167	167,1.19459443174e-08	(167, 1.1945944317405813e-08)
167	32,1.61998244424e-08	(167, 1.1945944317405813e-08)
167	27,1.63741095369e-08	(167, 1.1945944317405813e-08)
167	19,1.7353160081e-08	(167, 1.1945944317405813e-08)
167	138,1.75795270484e-08	(167, 1.1945944317405813e-08)
167	84,2.00753030837e-08	(167, 1.1945944317405813e-08)
167	169,2.03844960647e-08	(167, 1.1945944317405813e-08)
167	156,2.08819382593e-08	(167, 1.1945944317405813e-08)
168	168,7.55316297469e-09	(168, 7.5531629746901829e-09)
168	12,7.76170387684e-09	(168, 7.5531629746901829e-09)
168	18,7.90395155445e-09	(168, 7.5531629746901829e-09)
168	121,7.97077509619e-09	(168, 7.5531629746901829e-09)
168	152,8.17333998964e-09	(168, 7.5531629746901829e-09)
168	55,8.35777328403e-09	(168, 7.5531629746901829e-09)
168	86,9.04506544706e-09	(168, 7.5531629746901829e-09)
168	151,9.38698756748e-09	(168, 7.5531629746901829e-09)
168	88,9.59224096071e-09	(168, 7.5531629746901829e-09)
168	61,9.80771324334e-09	(168, 7.5531629746901829e-09)
169	169,9.17419193362e-09	(169, 9.1741919336194705e-09)
169	156,9.25286249414e-09	(169, 9.1741919336194705e-09)
169	99,1.04402844481e-08	(169, 9.1741919336194705e-09)
169	73,1.09981162452e-08	(169, 9.1741919336194705e-09)
169	144,1.15727949745e-08	(169, 9.1741919336194705e-09)
169	27,1.16173662602e-08	(169, 9.1741919336194705e-09)
169	170,1.17843959133e-08	(169, 9.1741919336194705e-09)
169	109,1.18516072301e-08	(169, 9.1741919336194705e-09)
169	84,1.3283537618e-08	(169, 9.1741919336194705e-09)
169	19,1.40986778111e-08	(169, 9.1741919336194705e-09)
170	170,5.55012915157e-09	(170, 5.5501291515720996e-09)
170	99,7.94263201061e-09	(170, 5.5501291515720996e-09)
170	27,8.96446583792e-09	(170, 5.5501291515720996e-09)
170	19,9.71940899155e-09	(170, 5.5501291515720996e-09)
170	144,1.18027409651e-08	(170, 5.5501291515720996e-09)
170	73,1.2289831354e-08	(170, 5.5501291515720996e-09)
170	0,1.26615575224e-08	(170, 5.5501291515720996e-09)
170	84,1.38519136523e-08	(170, 5.5501291515720996e-09)
170	138,1.43110999336e-08	(170, 5.5501291515720996e-09)
170	109,1.44947627552e-08	(170, 5.5501291515720996e-09)
171	32,7.44936084675e-09	(171, 2.7897867477854842e-08)
171	156,8.42775380139e-09	(171, 2.7897867477854842e-08)
171	27,9.19877921386e-09	(171, 2.7897867477854842e-08)
171	164,1.02721318975e-08	(171, 2.7897867477854842e-08)
171	73,1.23150122109e-08	(171, 2.7897867477854842e-08)
171	107,1.25978849567e-08	(171, 2.7897867477854842e-08)
171	51,1.30370590806e-08	(171, 2.7897867477854842e-08)
171	169,1.40224859046e-08	(171, 2.7897867477854842e-08)
171	19,1.43372009199e-08	(171, 2.7897867477854842e-08)
171	39,1.48271673063e-08	(171, 2.7897867477854842e-08)
172	172,1.72037832928e-09	(172, 1.7203783292802923e-09)
172	17,4.32642774323e-09	(172, 1.7203783292802923e-09)
172	137,4.43283474747e-09	(172, 1.7203783292802923e-09)
172	3,5.87183749894e-09	(172, 1.7203783292802923e-09)
172	90,6.28301843308e-09	(172, 1.7203783292802923e-09)
172	136,6.5148203056e-09	(172, 1.7203783292802923e-09)
172	40,7.04235926863e-09	(172, 1.7203783292802923e-09)
172	37,7.04793072696e-09	(172, 1.7203783292802923e-09)
172	77,7.08875070448e-09	(172, 1.7203783292802923e-09)
172	81,7.43285000831e-09	(172, 1.7203783292802923e-09)
173	107,6.82741202074e-09	(173, 1.2977165361623729e-08)
173	158,8.01063298598e-09	(173, 1.2977165361623729e-08)
173	38,8.42457201231e-09	(173, 1.2977165361623729e-08)
173	24,8.54702278439e-09	(173, 1.2977165361623729e-08)
173	27,9.07255330658e-09	(173, 1.2977165361623729e-08)
173	61,1.01236773533e-08	(173, 1.2977165361623729e-08)
173	78,1.04074881916e-08	(173, 1.2977165361623729e-08)
173	128,1.05215589172e-08	(173, 1.2977165361623729e-08)
173	156,1.11053637598e-08	(173, 1.2977165361623729e-08)
173	87,1.1746338861e-08	(173, 1.2977165361623729e-08)
174	174,2.77345252704e-09	(174, 2.7734525270353132e-09)
174	56,4.71861825445e-09	(174, 2.7734525270353132e-09)
174	15,4.78130126878e-09	(174, 2.7734525270353132e-09)
174	120,5.46303942239e-09	(174, 2.7734525270353132e-09)
174	69,6.13725580536e-09	(174, 2.7734525270353132e-09)
174	17,6.5820907678e-09	(174, 2.7734525270353132e-09)
174	4,6.87228990416e-09	(174, 2.7734525270353132e-09)
174	154,7.55343374123e-09	(174, 2.7734525270353132e-09)
174	2,7.85561989998e-09	(174, 2.7734525270353132e-09)
174	172,8.01137513618e-09	(174, 2.7734525270353132e-09)
