0	0,0.108954446836	(0, 0.10895444683567643)
0	84,0.175872896259	(0, 0.10895444683567643)
0	99,0.17954440108	(0, 0.10895444683567643)
0	38,0.186425917613	(0, 0.10895444683567643)
0	173,0.207933334442	(0, 0.10895444683567643)
0	144,0.213564407089	(0, 0.10895444683567643)
0	109,0.222073990926	(0, 0.10895444683567643)
0	170,0.228016943275	(0, 0.10895444683567643)
0	27,0.228578174602	(0, 0.10895444683567643)
0	138,0.246573774864	(0, 0.10895444683567643)
1	1,0.0653164616851	(1, 0.065316461685144961)
1	103,0.106606786948	(1, 0.065316461685144961)
1	28,0.108156787294	(1, 0.065316461685144961)
1	91,0.109047960071	(1, 0.065316461685144961)
1	155,0.111958162875	(1, 0.065316461685144961)
1	102,0.113660713733	(1, 0.065316461685144961)
1	153,0.128193674374	(1, 0.065316461685144961)
1	65,0.135426626341	(1, 0.065316461685144961)
1	114,0.145340360055	(1, 0.065316461685144961)
1	53,0.148651844113	(1, 0.065316461685144961)
2	154,0.0731765083063	(2, 0.14098330811387089)
2	4,0.088516503272	(2, 0.14098330811387089)
2	69,0.115022280934	(2, 0.14098330811387089)
2	174,0.117414625325	(2, 0.14098330811387089)
2	40,0.125544479468	(2, 0.14098330811387089)
2	172,0.130084352238	(2, 0.14098330811387089)
2	2,0.140983308114	(2, 0.14098330811387089)
2	25,0.167473918541	(2, 0.14098330811387089)
2	17,0.173328944908	(2, 0.14098330811387089)
2	148,0.174508112503	(2, 0.14098330811387089)
3	3,0.0337684821639	(3, 0.033768482163868935)
3	63,0.054298933083	(3, 0.033768482163868935)
3	162,0.0700004388814	(3, 0.033768482163868935)
3	81,0.0702017811174	(3, 0.033768482163868935)
3	132,0.0722376161968	(3, 0.033768482163868935)
3	150,0.0728934360915	(3, 0.033768482163868935)
3	11,0.0733911911256	(3, 0.033768482163868935)
3	121,0.0755141515585	(3, 0.033768482163868935)
3	151,0.0819076896885	(3, 0.033768482163868935)
3	147,0.0876260093057	(3, 0.033768482163868935)
4	172,0.0639473855435	(4, 0.093149084740665661)
4	17,0.0763537213189	(4, 0.093149084740665661)
4	37,0.0779968329603	(4, 0.093149084740665661)
4	13,0.0785744040147	(4, 0.093149084740665661)
4	40,0.0923159744398	(4, 0.093149084740665661)
4	4,0.0931490847407	(4, 0.093149084740665661)
4	69,0.0957930451049	(4, 0.093149084740665661)
4	120,0.097386633437	(4, 0.093149084740665661)
4	77,0.102737285614	(4, 0.093149084740665661)
4	11,0.108235015235	(4, 0.093149084740665661)
5	73,0.0783219015559	(5, 0.27185746014291784)
5	107,0.139496556099	(5, 0.27185746014291784)
5	93,0.146237241334	(5, 0.27185746014291784)
5	78,0.150001883189	(5, 0.27185746014291784)
5	158,0.153052699477	(5, 0.27185746014291784)
5	128,0.16081713876	(5, 0.27185746014291784)
5	26,0.163493546293	(5, 0.27185746014291784)
5	156,0.165284364025	(5, 0.27185746014291784)
5	95,0.171868022886	(5, 0.27185746014291784)
5	124,0.172181375432	(5, 0.27185746014291784)
6	139,0.0458990854991	(6, 0.058699934247694215)
6	46,0.0527399199267	(6, 0.058699934247694215)
6	6,0.0586999342477	(6, 0.058699934247694215)
6	76,0.0733068335396	(6, 0.058699934247694215)
6	22,0.081025382731	(6, 0.058699934247694215)
6	171,0.0881080367023	(6, 0.058699934247694215)
6	18,0.0884408279334	(6, 0.058699934247694215)
6	158,0.0896863539404	(6, 0.058699934247694215)
6	132,0.0951546729627	(6, 0.058699934247694215)
6	35,0.0990987108971	(6, 0.058699934247694215)
7	66,0.326576086325	(7, 0.56158654882332926)
7	167,0.451810496586	(7, 0.56158654882332926)
7	80,0.461240537857	(7, 0.56158654882332926)
7	51,0.468522018667	(7, 0.56158654882332926)
7	169,0.47554744834	(7, 0.56158654882332926)
7	32,0.476207532671	(7, 0.56158654882332926)
7	160,0.521146300249	(7, 0.56158654882332926)
7	7,0.561586548823	(7, 0.56158654882332926)
7	133,0.569736907749	(7, 0.56158654882332926)
7	149,0.576268064667	(7, 0.56158654882332926)
8	11,0.0752951712887	(8, 0.10189508898877121)
8	121,0.0845445727316	(8, 0.10189508898877121)
8	162,0.0998963746771	(8, 0.10189508898877121)
8	8,0.101895088989	(8, 0.10189508898877121)
8	3,0.10494486105	(8, 0.10189508898877121)
8	73,0.105281638182	(8, 0.10189508898877121)
8	71,0.11175861685	(8, 0.10189508898877121)
8	1,0.115278054452	(8, 0.10189508898877121)
8	70,0.117795918582	(8, 0.10189508898877121)
8	18,0.118423410631	(8, 0.10189508898877121)
9	9,0.126912898527	(9, 0.12691289852703774)
9	155,0.262295235261	(9, 0.12691289852703774)
9	114,0.267453245032	(9, 0.12691289852703774)
9	91,0.296967835072	(9, 0.12691289852703774)
9	53,0.307255531273	(9, 0.12691289852703774)
9	124,0.32360383654	(9, 0.12691289852703774)
9	41,0.362319181437	(9, 0.12691289852703774)
9	28,0.383610324715	(9, 0.12691289852703774)
9	65,0.387237202674	(9, 0.12691289852703774)
9	52,0.42281539851	(9, 0.12691289852703774)
10	10,0.153805043036	(10, 0.15380504303599085)
10	47,0.213090808542	(10, 0.15380504303599085)
10	167,0.375753370696	(10, 0.15380504303599085)
10	99,0.406535792132	(10, 0.15380504303599085)
10	84,0.410611951803	(10, 0.15380504303599085)
10	173,0.433581744369	(10, 0.15380504303599085)
10	166,0.453602204968	(10, 0.15380504303599085)
10	27,0.456061507371	(10, 0.15380504303599085)
10	14,0.462488630869	(10, 0.15380504303599085)
10	72,0.463968334597	(10, 0.15380504303599085)
11	11,0.0399149095478	(11, 0.039914909547752168)
11	119,0.0692050682164	(11, 0.039914909547752168)
11	81,0.0701920256078	(11, 0.039914909547752168)
11	3,0.0877961130199	(11, 0.039914909547752168)
11	115,0.0917044702733	(11, 0.039914909547752168)
11	96,0.0924023052648	(11, 0.039914909547752168)
11	37,0.0954600945297	(11, 0.039914909547752168)
11	13,0.115035005468	(11, 0.039914909547752168)
11	112,0.118922342555	(11, 0.039914909547752168)
11	86,0.11930861787	(11, 0.039914909547752168)
12	12,0.0486439831726	(12, 0.048643983172561564)
12	22,0.0508029461994	(12, 0.048643983172561564)
12	76,0.0539553974069	(12, 0.048643983172561564)
12	126,0.0562498748087	(12, 0.048643983172561564)
12	151,0.0642126605275	(12, 0.048643983172561564)
12	121,0.0678399557474	(12, 0.048643983172561564)
12	18,0.0724288481994	(12, 0.048643983172561564)
12	132,0.0727804954075	(12, 0.048643983172561564)
12	137,0.0734003035229	(12, 0.048643983172561564)
12	86,0.0756369434297	(12, 0.048643983172561564)
13	172,0.0463828086553	(13, 0.094524250079551952)
13	17,0.0636647391369	(13, 0.094524250079551952)
13	11,0.0664399388585	(13, 0.094524250079551952)
13	81,0.0700569525937	(13, 0.094524250079551952)
13	3,0.0703218738712	(13, 0.094524250079551952)
13	90,0.0779598553514	(13, 0.094524250079551952)
13	162,0.0813355265319	(13, 0.094524250079551952)
13	37,0.0816214575615	(13, 0.094524250079551952)
13	77,0.0862916550178	(13, 0.094524250079551952)
13	71,0.0927538705982	(13, 0.094524250079551952)
14	14,0.0680844570059	(14, 0.068084457005931298)
14	72,0.0763975248079	(14, 0.068084457005931298)
14	159,0.112289061747	(14, 0.068084457005931298)
14	144,0.124795264365	(14, 0.068084457005931298)
14	84,0.135316841491	(14, 0.068084457005931298)
14	109,0.13757844731	(14, 0.068084457005931298)
14	145,0.143480733207	(14, 0.068084457005931298)
14	131,0.154173562205	(14, 0.068084457005931298)
14	38,0.15525173483	(14, 0.068084457005931298)
14	116,0.161259763875	(14, 0.068084457005931298)
15	15,0.0555496299014	(15, 0.055549629901352808)
15	17,0.0689914837508	(15, 0.055549629901352808)
15	174,0.0956538223604	(15, 0.055549629901352808)
15	49,0.101643366863	(15, 0.055549629901352808)
15	69,0.106650199966	(15, 0.055549629901352808)
15	172,0.109729354743	(15, 0.055549629901352808)
15	77,0.111772344318	(15, 0.055549629901352808)
15	56,0.118810278428	(15, 0.055549629901352808)
15	100,0.119182055516	(15, 0.055549629901352808)
15	120,0.12271799758	(15, 0.055549629901352808)
16	16,0.103592057495	(16, 0.10359205749461708)
16	170,0.116767553428	(16, 0.10359205749461708)
16	19,0.154776110123	(16, 0.10359205749461708)
16	0,0.157750684712	(16, 0.10359205749461708)
16	114,0.180836843929	(16, 0.10359205749461708)
16	27,0.182510110794	(16, 0.10359205749461708)
16	101,0.18669317461	(16, 0.10359205749461708)
16	144,0.192081250094	(16, 0.10359205749461708)
16	73,0.198933880241	(16, 0.10359205749461708)
16	78,0.208067735058	(16, 0.10359205749461708)
17	17,0.0369834679037	(17, 0.036983467903719036)
17	172,0.0562415658387	(17, 0.036983467903719036)
17	77,0.0744450172059	(17, 0.036983467903719036)
17	100,0.0762410419712	(17, 0.036983467903719036)
17	143,0.077715757901	(17, 0.036983467903719036)
17	90,0.0900774597307	(17, 0.036983467903719036)
17	49,0.0905704860212	(17, 0.036983467903719036)
17	37,0.0919899486238	(17, 0.036983467903719036)
17	136,0.0924046441778	(17, 0.036983467903719036)
17	74,0.0976118611838	(17, 0.036983467903719036)
18	18,0.0399364078943	(18, 0.039936407894323192)
18	88,0.0536583493591	(18, 0.039936407894323192)
18	22,0.0538199441346	(18, 0.039936407894323192)
18	121,0.0577034868345	(18, 0.039936407894323192)
18	35,0.0619838367426	(18, 0.039936407894323192)
18	76,0.0622446569786	(18, 0.039936407894323192)
18	139,0.0625543206555	(18, 0.039936407894323192)
18	61,0.0661837345586	(18, 0.039936407894323192)
18	132,0.0715781632738	(18, 0.039936407894323192)
18	23,0.0787653429227	(18, 0.039936407894323192)
19	19,0.123746018704	(19, 0.12374601870377741)
19	27,0.142248780281	(19, 0.12374601870377741)
19	43,0.166775178069	(19, 0.12374601870377741)
19	99,0.171491361158	(19, 0.12374601870377741)
19	32,0.225152081675	(19, 0.12374601870377741)
19	107,0.22591212802	(19, 0.12374601870377741)
19	84,0.241685814275	(19, 0.12374601870377741)
19	170,0.242881846694	(19, 0.12374601870377741)
19	164,0.245660477647	(19, 0.12374601870377741)
19	39,0.248712919222	(19, 0.12374601870377741)
20	73,0.0950112869514	(20, 0.10736617546651536)
20	20,0.107366175467	(20, 0.10736617546651536)
20	124,0.113443513509	(20, 0.10736617546651536)
20	93,0.12540328348	(20, 0.10736617546651536)
20	128,0.132501968408	(20, 0.10736617546651536)
20	109,0.133839341777	(20, 0.10736617546651536)
20	89,0.135184733556	(20, 0.10736617546651536)
20	1,0.141533684978	(20, 0.10736617546651536)
20	157,0.141755481042	(20, 0.10736617546651536)
20	78,0.148434446295	(20, 0.10736617546651536)
21	71,0.0485682406945	(21, 0.091945962855827221)
21	11,0.0530945456929	(21, 0.091945962855827221)
21	121,0.0549157321242	(21, 0.091945962855827221)
21	162,0.0630711210522	(21, 0.091945962855827221)
21	117,0.0646894611598	(21, 0.091945962855827221)
21	22,0.0838011931026	(21, 0.091945962855827221)
21	23,0.0873424070392	(21, 0.091945962855827221)
21	76,0.0908999434336	(21, 0.091945962855827221)
21	21,0.0919459628558	(21, 0.091945962855827221)
21	86,0.0921375070318	(21, 0.091945962855827221)
22	22,0.0447754951664	(22, 0.044775495166361715)
22	117,0.0495886376226	(22, 0.044775495166361715)
22	139,0.0555172241551	(22, 0.044775495166361715)
22	76,0.0573068089753	(22, 0.044775495166361715)
22	132,0.0620341183417	(22, 0.044775495166361715)
22	46,0.0661782656043	(22, 0.044775495166361715)
22	18,0.0743503049942	(22, 0.044775495166361715)
22	3,0.0746539293662	(22, 0.044775495166361715)
22	121,0.0770282393408	(22, 0.044775495166361715)
22	81,0.0775375929833	(22, 0.044775495166361715)
23	23,0.0311719874293	(23, 0.03117198742934842)
23	61,0.0404451320814	(23, 0.03117198742934842)
23	26,0.0896736328379	(23, 0.03117198742934842)
23	121,0.102868397303	(23, 0.03117198742934842)
23	78,0.108827300945	(23, 0.03117198742934842)
23	63,0.115393734953	(23, 0.03117198742934842)
23	162,0.118305453509	(23, 0.03117198742934842)
23	76,0.119481717767	(23, 0.03117198742934842)
23	147,0.130980228042	(23, 0.03117198742934842)
23	70,0.1375909068	(23, 0.03117198742934842)
24	24,0.055109350381	(24, 0.05510935038100933)
24	107,0.122131250054	(24, 0.05510935038100933)
24	27,0.128343226219	(24, 0.05510935038100933)
24	158,0.151330852823	(24, 0.05510935038100933)
24	61,0.151850269526	(24, 0.05510935038100933)
24	50,0.153824897174	(24, 0.05510935038100933)
24	73,0.160782941493	(24, 0.05510935038100933)
24	135,0.161544077736	(24, 0.05510935038100933)
24	12,0.161932206482	(24, 0.05510935038100933)
24	22,0.164716376507	(24, 0.05510935038100933)
25	69,0.0541956625094	(25, 0.05838693688911397)
25	25,0.0583869368891	(25, 0.05838693688911397)
25	40,0.0594467425606	(25, 0.05838693688911397)
25	15,0.0766526479474	(25, 0.05838693688911397)
25	4,0.0953598907966	(25, 0.05838693688911397)
25	148,0.0982023588566	(25, 0.05838693688911397)
25	154,0.114358198335	(25, 0.05838693688911397)
25	79,0.120736895393	(25, 0.05838693688911397)
25	172,0.127012712393	(25, 0.05838693688911397)
25	17,0.132074838508	(25, 0.05838693688911397)
26	18,0.0384568497105	(26, 0.12927720508357066)
26	63,0.043288148569	(26, 0.12927720508357066)
26	76,0.0497496566213	(26, 0.12927720508357066)
26	150,0.0550900148019	(26, 0.12927720508357066)
26	121,0.0555517570942	(26, 0.12927720508357066)
26	151,0.0559449054621	(26, 0.12927720508357066)
26	3,0.0571921410802	(26, 0.12927720508357066)
26	162,0.0615218825104	(26, 0.12927720508357066)
26	147,0.0639184984021	(26, 0.12927720508357066)
26	132,0.0640030848362	(26, 0.12927720508357066)
27	78,0.111076510159	(27, 0.12705335248247718)
27	73,0.111783086499	(27, 0.12705335248247718)
27	61,0.112858488543	(27, 0.12705335248247718)
27	121,0.123138010337	(27, 0.12705335248247718)
27	26,0.12362488381	(27, 0.12705335248247718)
27	27,0.127053352482	(27, 0.12705335248247718)
27	170,0.127162464331	(27, 0.12705335248247718)
27	101,0.131864390817	(27, 0.12705335248247718)
27	107,0.134283024035	(27, 0.12705335248247718)
27	19,0.139665910624	(27, 0.12705335248247718)
28	1,0.0912930719587	(28, 0.11125883688677035)
28	13,0.099422305534	(28, 0.11125883688677035)
28	3,0.103787807352	(28, 0.11125883688677035)
28	28,0.111258836887	(28, 0.11125883688677035)
28	73,0.111432074362	(28, 0.11125883688677035)
28	93,0.135066160409	(28, 0.11125883688677035)
28	157,0.137596559799	(28, 0.11125883688677035)
28	83,0.139508310523	(28, 0.11125883688677035)
28	53,0.139588993121	(28, 0.11125883688677035)
28	155,0.139919145611	(28, 0.11125883688677035)
29	29,0.0534847893115	(29, 0.053484789311457351)
29	77,0.0650643714294	(29, 0.053484789311457351)
29	71,0.0801016065497	(29, 0.053484789311457351)
29	135,0.0902211145698	(29, 0.053484789311457351)
29	13,0.101198479409	(29, 0.053484789311457351)
29	11,0.104011511497	(29, 0.053484789311457351)
29	76,0.10475253161	(29, 0.053484789311457351)
29	3,0.105006579369	(29, 0.053484789311457351)
29	73,0.105453995186	(29, 0.053484789311457351)
29	1,0.107826914843	(29, 0.053484789311457351)
30	30,0.129765144515	(30, 0.12976514451542318)
30	28,0.182677095611	(30, 0.12976514451542318)
30	91,0.192441886424	(30, 0.12976514451542318)
30	153,0.200272942073	(30, 0.12976514451542318)
30	103,0.206729613011	(30, 0.12976514451542318)
30	53,0.229046010093	(30, 0.12976514451542318)
30	102,0.229816394116	(30, 0.12976514451542318)
30	1,0.236865482756	(30, 0.12976514451542318)
30	114,0.245398725695	(30, 0.12976514451542318)
30	73,0.247690087212	(30, 0.12976514451542318)
31	166,0.165683383929	(31, 0.17077510049319441)
31	31,0.170775100493	(31, 0.17077510049319441)
31	48,0.220807044871	(31, 0.17077510049319441)
31	69,0.22125708698	(31, 0.17077510049319441)
31	116,0.221515390853	(31, 0.17077510049319441)
31	72,0.228730289473	(31, 0.17077510049319441)
31	104,0.244477080478	(31, 0.17077510049319441)
31	124,0.250591729784	(31, 0.17077510049319441)
31	4,0.252476912543	(31, 0.17077510049319441)
31	123,0.262342895439	(31, 0.17077510049319441)
32	32,0.120518453077	(32, 0.1205184530773217)
32	156,0.135983431238	(32, 0.1205184530773217)
32	27,0.144519312859	(32, 0.1205184530773217)
32	50,0.187418332133	(32, 0.1205184530773217)
32	73,0.189222480533	(32, 0.1205184530773217)
32	107,0.206817434279	(32, 0.1205184530773217)
32	164,0.208548668878	(32, 0.1205184530773217)
32	131,0.230097880459	(32, 0.1205184530773217)
32	106,0.233500944217	(32, 0.1205184530773217)
32	24,0.240401533265	(32, 0.1205184530773217)
33	33,0.0885920901399	(33, 0.088592090139903157)
33	4,0.163468764812	(33, 0.088592090139903157)
33	69,0.166253344539	(33, 0.088592090139903157)
33	106,0.182168966959	(33, 0.088592090139903157)
33	116,0.190647002949	(33, 0.088592090139903157)
33	40,0.202768128129	(33, 0.088592090139903157)
33	28,0.212395285719	(33, 0.088592090139903157)
33	156,0.218282701503	(33, 0.088592090139903157)
33	93,0.224924348893	(33, 0.088592090139903157)
33	2,0.233519163002	(33, 0.088592090139903157)
34	15,0.0656966383294	(34, 0.15940214724456969)
34	69,0.0667956151266	(34, 0.15940214724456969)
34	17,0.0767018513418	(34, 0.15940214724456969)
34	40,0.0856562389511	(34, 0.15940214724456969)
34	120,0.0903166873776	(34, 0.15940214724456969)
34	172,0.0923623047325	(34, 0.15940214724456969)
34	148,0.0955456626157	(34, 0.15940214724456969)
34	4,0.0986508067006	(34, 0.15940214724456969)
34	174,0.105495279624	(34, 0.15940214724456969)
34	56,0.112928113264	(34, 0.15940214724456969)
35	35,0.0422036505118	(35, 0.04220365051178717)
35	88,0.0666023866761	(35, 0.04220365051178717)
35	18,0.0746020781155	(35, 0.04220365051178717)
35	22,0.100425272008	(35, 0.04220365051178717)
35	12,0.104119227511	(35, 0.04220365051178717)
35	139,0.109842072253	(35, 0.04220365051178717)
35	38,0.110042425323	(35, 0.04220365051178717)
35	121,0.115162395271	(35, 0.04220365051178717)
35	61,0.115350131032	(35, 0.04220365051178717)
35	158,0.117361948138	(35, 0.04220365051178717)
36	76,0.0337637674308	(36, 0.044097510053812197)
36	147,0.038060209562	(36, 0.044097510053812197)
36	46,0.0391582208539	(36, 0.044097510053812197)
36	36,0.0440975100538	(36, 0.044097510053812197)
36	18,0.0475090525474	(36, 0.044097510053812197)
36	63,0.0513133953935	(36, 0.044097510053812197)
36	171,0.0587254869899	(36, 0.044097510053812197)
36	88,0.0732532015799	(36, 0.044097510053812197)
36	139,0.0760147528735	(36, 0.044097510053812197)
36	22,0.0770994229794	(36, 0.044097510053812197)
37	100,0.0511608802811	(37, 0.05390411619855414)
37	37,0.0539041161986	(37, 0.05390411619855414)
37	11,0.0687090327049	(37, 0.05390411619855414)
37	3,0.0712845850045	(37, 0.05390411619855414)
37	77,0.0723226733085	(37, 0.05390411619855414)
37	21,0.0832827751386	(37, 0.05390411619855414)
37	17,0.0842115889882	(37, 0.05390411619855414)
37	90,0.0878023647816	(37, 0.05390411619855414)
37	71,0.0886186490439	(37, 0.05390411619855414)
37	59,0.0927596548705	(37, 0.05390411619855414)
38	38,0.0409287105454	(38, 0.040928710545361187)
38	12,0.100885460683	(38, 0.040928710545361187)
38	55,0.108432841651	(38, 0.040928710545361187)
38	14,0.113933393	(38, 0.040928710545361187)
38	43,0.143594795443	(38, 0.040928710545361187)
38	105,0.150568575063	(38, 0.040928710545361187)
38	24,0.154452779028	(38, 0.040928710545361187)
38	107,0.154811675088	(38, 0.040928710545361187)
38	61,0.156671274206	(38, 0.040928710545361187)
38	128,0.157907970622	(38, 0.040928710545361187)
39	39,0.0821399753727	(39, 0.082139975372675145)
39	51,0.193248312388	(39, 0.082139975372675145)
39	156,0.213746669095	(39, 0.082139975372675145)
39	107,0.215097971146	(39, 0.082139975372675145)
39	101,0.218687586173	(39, 0.082139975372675145)
39	27,0.221421951013	(39, 0.082139975372675145)
39	99,0.224842726623	(39, 0.082139975372675145)
39	84,0.225998343465	(39, 0.082139975372675145)
39	169,0.229374670948	(39, 0.082139975372675145)
39	73,0.240390726098	(39, 0.082139975372675145)
40	40,0.0362055481543	(40, 0.036205548154316751)
40	69,0.0681521343509	(40, 0.036205548154316751)
40	25,0.0744422591178	(40, 0.036205548154316751)
40	15,0.0849401547119	(40, 0.036205548154316751)
40	148,0.0888653851661	(40, 0.036205548154316751)
40	172,0.092271903524	(40, 0.036205548154316751)
40	4,0.0977134503792	(40, 0.036205548154316751)
40	79,0.0993768246722	(40, 0.036205548154316751)
40	60,0.101736469451	(40, 0.036205548154316751)
40	100,0.114042056501	(40, 0.036205548154316751)
41	41,0.0738090486442	(41, 0.07380904864418443)
41	155,0.0997467399962	(41, 0.07380904864418443)
41	91,0.145973827938	(41, 0.07380904864418443)
41	1,0.166830178811	(41, 0.07380904864418443)
41	20,0.178041360197	(41, 0.07380904864418443)
41	124,0.191091466813	(41, 0.07380904864418443)
41	102,0.203665127801	(41, 0.07380904864418443)
41	53,0.206603771513	(41, 0.07380904864418443)
41	114,0.21413993037	(41, 0.07380904864418443)
41	28,0.216497770512	(41, 0.07380904864418443)
42	163,0.175952787884	(42, 0.36637663583314733)
42	69,0.223343073706	(42, 0.36637663583314733)
42	28,0.236664210824	(42, 0.36637663583314733)
42	118,0.2416280736	(42, 0.36637663583314733)
42	34,0.243717319251	(42, 0.36637663583314733)
42	53,0.262132942608	(42, 0.36637663583314733)
42	4,0.276412382781	(42, 0.36637663583314733)
42	140,0.279050938218	(42, 0.36637663583314733)
42	97,0.281952645336	(42, 0.36637663583314733)
42	44,0.287214897986	(42, 0.36637663583314733)
43	12,0.0640623689585	(43, 0.13054904874206372)
43	22,0.0715664649239	(43, 0.13054904874206372)
43	121,0.075375567576	(43, 0.13054904874206372)
43	128,0.0759061383198	(43, 0.13054904874206372)
43	78,0.0766380471815	(43, 0.13054904874206372)
43	61,0.0804361982882	(43, 0.13054904874206372)
43	18,0.0836510739731	(43, 0.13054904874206372)
43	158,0.0853521376833	(43, 0.13054904874206372)
43	50,0.0890747889319	(43, 0.13054904874206372)
43	55,0.0913598718528	(43, 0.13054904874206372)
44	116,0.102607802398	(44, 0.37082126980806956)
44	109,0.102613981408	(44, 0.37082126980806956)
44	93,0.112440558671	(44, 0.37082126980806956)
44	124,0.11382218062	(44, 0.37082126980806956)
44	123,0.133993032071	(44, 0.37082126980806956)
44	73,0.142333905011	(44, 0.37082126980806956)
44	144,0.148798908544	(44, 0.37082126980806956)
44	159,0.15217900868	(44, 0.37082126980806956)
44	115,0.154472502604	(44, 0.37082126980806956)
44	84,0.156954726118	(44, 0.37082126980806956)
45	45,0.145986193741	(45, 0.14598619374052452)
45	130,0.186778441902	(45, 0.14598619374052452)
45	94,0.2110608926	(45, 0.14598619374052452)
45	34,0.239260540014	(45, 0.14598619374052452)
45	98,0.253209594812	(45, 0.14598619374052452)
45	133,0.258041160338	(45, 0.14598619374052452)
45	129,0.261975338461	(45, 0.14598619374052452)
45	25,0.277396797169	(45, 0.14598619374052452)
45	53,0.278557681182	(45, 0.14598619374052452)
45	15,0.285185463352	(45, 0.14598619374052452)
46	46,0.0271254027912	(46, 0.027125402791217092)
46	36,0.0438992027335	(46, 0.027125402791217092)
46	171,0.0512483715998	(46, 0.027125402791217092)
46	137,0.0534955152331	(46, 0.027125402791217092)
46	76,0.0661439196188	(46, 0.027125402791217092)
46	6,0.0786342346821	(46, 0.027125402791217092)
46	146,0.0826796764532	(46, 0.027125402791217092)
46	139,0.0845094785273	(46, 0.027125402791217092)
46	147,0.0858182046058	(46, 0.027125402791217092)
46	63,0.088838064858	(46, 0.027125402791217092)
47	10,0.193055137064	(47, 0.1973964913529799)
47	99,0.197100351975	(47, 0.1973964913529799)
47	47,0.197396491353	(47, 0.1973964913529799)
47	27,0.216931413344	(47, 0.1973964913529799)
47	19,0.225809393171	(47, 0.1973964913529799)
47	84,0.260285008644	(47, 0.1973964913529799)
47	138,0.264391825114	(47, 0.1973964913529799)
47	43,0.265138846589	(47, 0.1973964913529799)
47	173,0.292036437037	(47, 0.1973964913529799)
47	0,0.297749658134	(47, 0.1973964913529799)
48	56,0.08270172764	(48, 0.097152848936947339)
48	48,0.0971528489369	(48, 0.097152848936947339)
48	120,0.098342913777	(48, 0.097152848936947339)
48	69,0.103856207319	(48, 0.097152848936947339)
48	40,0.122108447811	(48, 0.097152848936947339)
48	174,0.127101778601	(48, 0.097152848936947339)
48	97,0.128179901252	(48, 0.097152848936947339)
48	4,0.137536018581	(48, 0.097152848936947339)
48	154,0.153824906898	(48, 0.097152848936947339)
48	15,0.156607283947	(48, 0.097152848936947339)
49	49,0.0633844499468	(49, 0.063384449946758223)
49	59,0.0847396445235	(49, 0.063384449946758223)
49	77,0.100362779086	(49, 0.063384449946758223)
49	15,0.103148299349	(49, 0.063384449946758223)
49	98,0.104729358132	(49, 0.063384449946758223)
49	100,0.105682303873	(49, 0.063384449946758223)
49	17,0.115020250062	(49, 0.063384449946758223)
49	172,0.117670890983	(49, 0.063384449946758223)
49	83,0.132347182157	(49, 0.063384449946758223)
49	136,0.15420150371	(49, 0.063384449946758223)
50	50,0.0452800702167	(50, 0.0452800702167135)
50	12,0.100284546702	(50, 0.0452800702167135)
50	107,0.116554220356	(50, 0.0452800702167135)
50	171,0.120179139742	(50, 0.0452800702167135)
50	158,0.129031464485	(50, 0.0452800702167135)
50	76,0.133828756932	(50, 0.0452800702167135)
50	38,0.140773821115	(50, 0.0452800702167135)
50	128,0.141049001767	(50, 0.0452800702167135)
50	22,0.141706712194	(50, 0.0452800702167135)
50	46,0.146930111964	(50, 0.0452800702167135)
51	124,0.0502441713811	(51, 0.29264840983190105)
51	73,0.0979985956317	(51, 0.29264840983190105)
51	155,0.103328607707	(51, 0.29264840983190105)
51	157,0.116065166855	(51, 0.29264840983190105)
51	53,0.121873844002	(51, 0.29264840983190105)
51	20,0.142548256887	(51, 0.29264840983190105)
51	41,0.143608758319	(51, 0.29264840983190105)
51	93,0.152089229452	(51, 0.29264840983190105)
51	1,0.152259046333	(51, 0.29264840983190105)
51	13,0.163324541072	(51, 0.29264840983190105)
52	53,0.0990442586573	(52, 0.37582789857808713)
52	44,0.107685464084	(52, 0.37582789857808713)
52	163,0.135005651152	(52, 0.37582789857808713)
52	155,0.142233862299	(52, 0.37582789857808713)
52	124,0.146955835308	(52, 0.37582789857808713)
52	65,0.147317903263	(52, 0.37582789857808713)
52	13,0.156641894248	(52, 0.37582789857808713)
52	114,0.161013902294	(52, 0.37582789857808713)
52	161,0.162194256146	(52, 0.37582789857808713)
52	119,0.175664503841	(52, 0.37582789857808713)
53	65,0.0751884507166	(53, 0.095203100746401245)
53	53,0.0952031007464	(53, 0.095203100746401245)
53	155,0.108994462091	(53, 0.095203100746401245)
53	44,0.118038600796	(53, 0.095203100746401245)
53	120,0.119894324648	(53, 0.095203100746401245)
53	163,0.127662999137	(53, 0.095203100746401245)
53	161,0.127693101768	(53, 0.095203100746401245)
53	34,0.148661042006	(53, 0.095203100746401245)
53	124,0.157597306027	(53, 0.095203100746401245)
53	114,0.161022420328	(53, 0.095203100746401245)
54	136,0.0447148643413	(54, 0.081290318790092436)
54	3,0.0772276170886	(54, 0.081290318790092436)
54	162,0.0807745586256	(54, 0.081290318790092436)
54	137,0.0812219522861	(54, 0.081290318790092436)
54	54,0.0812903187901	(54, 0.081290318790092436)
54	63,0.0871966779843	(54, 0.081290318790092436)
54	147,0.0903744183272	(54, 0.081290318790092436)
54	11,0.0914532890124	(54, 0.081290318790092436)
54	17,0.0933226731838	(54, 0.081290318790092436)
54	37,0.0957687193873	(54, 0.081290318790092436)
55	12,0.0653633523969	(55, 0.082553419426569671)
55	55,0.0825534194266	(55, 0.082553419426569671)
55	159,0.0853967117125	(55, 0.082553419426569671)
55	38,0.091041743995	(55, 0.082553419426569671)
55	18,0.103908120853	(55, 0.082553419426569671)
55	134,0.104021899789	(55, 0.082553419426569671)
55	152,0.106175497489	(55, 0.082553419426569671)
55	128,0.107018287886	(55, 0.082553419426569671)
55	121,0.107529069575	(55, 0.082553419426569671)
55	151,0.111391127178	(55, 0.082553419426569671)
56	56,0.0613752792766	(56, 0.061375279276614327)
56	15,0.0845351324694	(56, 0.061375279276614327)
56	120,0.0900178252196	(56, 0.061375279276614327)
56	174,0.127777851523	(56, 0.061375279276614327)
56	69,0.148131464669	(56, 0.061375279276614327)
56	2,0.153407140173	(56, 0.061375279276614327)
56	113,0.158650535076	(56, 0.061375279276614327)
56	4,0.170118568683	(56, 0.061375279276614327)
56	48,0.17024595591	(56, 0.061375279276614327)
56	34,0.171661802434	(56, 0.061375279276614327)
57	57,0.10698105133	(57, 0.10698105132971707)
57	122,0.218657966301	(57, 0.10698105132971707)
57	174,0.306594670605	(57, 0.10698105132971707)
57	15,0.319621876944	(57, 0.10698105132971707)
57	56,0.344211188317	(57, 0.10698105132971707)
57	2,0.377583957858	(57, 0.10698105132971707)
57	120,0.384371125953	(57, 0.10698105132971707)
57	59,0.396463269187	(57, 0.10698105132971707)
57	108,0.396515968445	(57, 0.10698105132971707)
57	113,0.399084328572	(57, 0.10698105132971707)
58	24,0.0895792483448	(58, 0.36586395587419335)
58	107,0.103646123226	(58, 0.36586395587419335)
58	27,0.123230395807	(58, 0.36586395587419335)
58	50,0.125686563006	(58, 0.36586395587419335)
58	61,0.140453428125	(58, 0.36586395587419335)
58	158,0.160483660365	(58, 0.36586395587419335)
58	43,0.162008844862	(58, 0.36586395587419335)
58	12,0.16489586024	(58, 0.36586395587419335)
58	38,0.165068038722	(58, 0.36586395587419335)
58	105,0.166863985736	(58, 0.36586395587419335)
59	83,0.180490732434	(59, 0.21806041218794028)
59	15,0.182339376684	(59, 0.21806041218794028)
59	65,0.186586586669	(59, 0.21806041218794028)
59	113,0.191807139533	(59, 0.21806041218794028)
59	94,0.196109266246	(59, 0.21806041218794028)
59	120,0.217182712592	(59, 0.21806041218794028)
59	59,0.218060412188	(59, 0.21806041218794028)
59	130,0.218437680442	(59, 0.21806041218794028)
59	97,0.225726798791	(59, 0.21806041218794028)
59	44,0.228220969716	(59, 0.21806041218794028)
60	60,0.0708794993179	(60, 0.070879499317865469)
60	69,0.0818395707874	(60, 0.070879499317865469)
60	40,0.0821815423604	(60, 0.070879499317865469)
60	79,0.0905908096323	(60, 0.070879499317865469)
60	34,0.11259384428	(60, 0.070879499317865469)
60	4,0.119379825789	(60, 0.070879499317865469)
60	25,0.120558221271	(60, 0.070879499317865469)
60	172,0.135810549206	(60, 0.070879499317865469)
60	15,0.13595751964	(60, 0.070879499317865469)
60	77,0.143794691945	(60, 0.070879499317865469)
61	61,0.046218074885	(61, 0.046218074885048421)
61	23,0.0511454851399	(61, 0.046218074885048421)
61	162,0.0790506956564	(61, 0.046218074885048421)
61	26,0.0802681593442	(61, 0.046218074885048421)
61	63,0.0818396066511	(61, 0.046218074885048421)
61	76,0.0828483614905	(61, 0.046218074885048421)
61	121,0.082921102097	(61, 0.046218074885048421)
61	147,0.0862152052526	(61, 0.046218074885048421)
61	135,0.0909045961411	(61, 0.046218074885048421)
61	78,0.0984095709462	(61, 0.046218074885048421)
62	78,0.0892895688723	(62, 0.12261887395152223)
62	107,0.0939717164648	(62, 0.12261887395152223)
62	26,0.0982993603793	(62, 0.12261887395152223)
62	73,0.107478571947	(62, 0.12261887395152223)
62	61,0.110716621271	(62, 0.12261887395152223)
62	62,0.122618873952	(62, 0.12261887395152223)
62	95,0.128935647084	(62, 0.12261887395152223)
62	121,0.134033941263	(62, 0.12261887395152223)
62	158,0.135241835774	(62, 0.12261887395152223)
62	139,0.14283021334	(62, 0.12261887395152223)
63	3,0.040930066553	(63, 0.060295328789968836)
63	63,0.06029532879	(63, 0.060295328789968836)
63	11,0.0627234582184	(63, 0.060295328789968836)
63	162,0.0658989687613	(63, 0.060295328789968836)
63	77,0.0717637899661	(63, 0.060295328789968836)
63	37,0.0735718348244	(63, 0.060295328789968836)
63	81,0.0795645956779	(63, 0.060295328789968836)
63	136,0.0806507166698	(63, 0.060295328789968836)
63	147,0.0809148079132	(63, 0.060295328789968836)
63	121,0.0830246493928	(63, 0.060295328789968836)
64	64,0.217273026809	(64, 0.21727302680854857)
64	45,0.402927403544	(64, 0.21727302680854857)
64	118,0.413012138416	(64, 0.21727302680854857)
64	130,0.434490259392	(64, 0.21727302680854857)
64	133,0.505770558766	(64, 0.21727302680854857)
64	33,0.515116133824	(64, 0.21727302680854857)
64	113,0.569525615482	(64, 0.21727302680854857)
64	34,0.587632616259	(64, 0.21727302680854857)
64	94,0.620415092021	(64, 0.21727302680854857)
64	15,0.659881544735	(64, 0.21727302680854857)
65	65,0.0623617123218	(65, 0.062361712321797803)
65	161,0.0722940821955	(65, 0.062361712321797803)
65	83,0.0879083103073	(65, 0.062361712321797803)
65	68,0.0940362058636	(65, 0.062361712321797803)
65	155,0.109970064929	(65, 0.062361712321797803)
65	59,0.11897597409	(65, 0.062361712321797803)
65	1,0.124248411713	(65, 0.062361712321797803)
65	100,0.131990963623	(65, 0.062361712321797803)
65	71,0.132864108307	(65, 0.062361712321797803)
65	17,0.139965062513	(65, 0.062361712321797803)
66	66,0.227767426928	(66, 0.22776742692804011)
66	130,0.461143144641	(66, 0.22776742692804011)
66	133,0.509858175469	(66, 0.22776742692804011)
66	140,0.528669467964	(66, 0.22776742692804011)
66	118,0.542193983079	(66, 0.22776742692804011)
66	91,0.585092302778	(66, 0.22776742692804011)
66	33,0.589027642932	(66, 0.22776742692804011)
66	141,0.61436274719	(66, 0.22776742692804011)
66	169,0.653136704217	(66, 0.22776742692804011)
66	53,0.680356469813	(66, 0.22776742692804011)
67	67,0.153959050025	(67, 0.15395905002499535)
67	84,0.1839080441	(67, 0.15395905002499535)
67	169,0.199543318145	(67, 0.15395905002499535)
67	93,0.213154920297	(67, 0.15395905002499535)
67	140,0.236916326793	(67, 0.15395905002499535)
67	149,0.245862622985	(67, 0.15395905002499535)
67	131,0.248222272397	(67, 0.15395905002499535)
67	28,0.248875078017	(67, 0.15395905002499535)
67	116,0.249254328987	(67, 0.15395905002499535)
67	109,0.249785721406	(67, 0.15395905002499535)
68	68,0.0547951295554	(68, 0.054795129555420159)
68	70,0.105188698421	(68, 0.054795129555420159)
68	23,0.106798087128	(68, 0.054795129555420159)
68	61,0.112803226017	(68, 0.054795129555420159)
68	63,0.131329081391	(68, 0.054795129555420159)
68	162,0.136659052118	(68, 0.054795129555420159)
68	26,0.138392462419	(68, 0.054795129555420159)
68	147,0.142320460069	(68, 0.054795129555420159)
68	71,0.14443005356	(68, 0.054795129555420159)
68	135,0.144606935498	(68, 0.054795129555420159)
69	15,0.227085065946	(69, 0.25173249061775943)
69	122,0.247477612623	(69, 0.25173249061775943)
69	174,0.250874629124	(69, 0.25173249061775943)
69	69,0.251732490618	(69, 0.25173249061775943)
69	154,0.255584261715	(69, 0.25173249061775943)
69	48,0.2600027245	(69, 0.25173249061775943)
69	56,0.262951291957	(69, 0.25173249061775943)
69	2,0.278756942105	(69, 0.25173249061775943)
69	4,0.283865262865	(69, 0.25173249061775943)
69	113,0.288587978673	(69, 0.25173249061775943)
70	121,0.0686532667277	(70, 0.073259011325711887)
70	70,0.0732590113257	(70, 0.073259011325711887)
70	3,0.0821774438952	(70, 0.073259011325711887)
70	88,0.0835529291439	(70, 0.073259011325711887)
70	132,0.0854125336813	(70, 0.073259011325711887)
70	139,0.0872223454635	(70, 0.073259011325711887)
70	117,0.0886087714799	(70, 0.073259011325711887)
70	77,0.0905114718244	(70, 0.073259011325711887)
70	63,0.0957928861824	(70, 0.073259011325711887)
70	22,0.0958386120951	(70, 0.073259011325711887)
71	91,0.160993408656	(71, 0.38806086816837326)
71	133,0.186967249635	(71, 0.38806086816837326)
71	101,0.209910748923	(71, 0.38806086816837326)
71	41,0.217555229164	(71, 0.38806086816837326)
71	155,0.241377902258	(71, 0.38806086816837326)
71	28,0.243949624165	(71, 0.38806086816837326)
71	102,0.245239440888	(71, 0.38806086816837326)
71	1,0.260163381994	(71, 0.38806086816837326)
71	124,0.262421962549	(71, 0.38806086816837326)
71	53,0.264064836291	(71, 0.38806086816837326)
72	17,0.112834159441	(72, 0.65341036216093118)
72	174,0.115581374331	(72, 0.65341036216093118)
72	172,0.121728367185	(72, 0.65341036216093118)
72	148,0.126801197367	(72, 0.65341036216093118)
72	143,0.134339507961	(72, 0.65341036216093118)
72	100,0.153900155999	(72, 0.65341036216093118)
72	77,0.158384124412	(72, 0.65341036216093118)
72	49,0.163058257416	(72, 0.65341036216093118)
72	40,0.170687231154	(72, 0.65341036216093118)
72	171,0.171423242794	(72, 0.65341036216093118)
73	73,0.0532622836878	(73, 0.05326228368784925)
73	13,0.0900756588976	(73, 0.05326228368784925)
73	124,0.108370418442	(73, 0.05326228368784925)
73	157,0.121424110755	(73, 0.05326228368784925)
73	53,0.134449491985	(73, 0.05326228368784925)
73	27,0.135380471015	(73, 0.05326228368784925)
73	114,0.139648095796	(73, 0.05326228368784925)
73	109,0.15531965245	(73, 0.05326228368784925)
73	155,0.156704810069	(73, 0.05326228368784925)
73	1,0.158067203187	(73, 0.05326228368784925)
74	74,0.0446117449389	(74, 0.044611744938898273)
74	136,0.0481403240777	(74, 0.044611744938898273)
74	17,0.0503534833073	(74, 0.044611744938898273)
74	127,0.0685728034325	(74, 0.044611744938898273)
74	37,0.0697124731924	(74, 0.044611744938898273)
74	100,0.0708175684335	(74, 0.044611744938898273)
74	90,0.0770772925834	(74, 0.044611744938898273)
74	77,0.0843454223853	(74, 0.044611744938898273)
74	11,0.0974461898107	(74, 0.044611744938898273)
74	21,0.100448669065	(74, 0.044611744938898273)
75	75,0.378376418819	(75, 0.37837641881900674)
75	167,0.388682234641	(75, 0.37837641881900674)
75	80,0.525757350594	(75, 0.37837641881900674)
75	10,0.618566963378	(75, 0.37837641881900674)
75	47,0.627663573715	(75, 0.37837641881900674)
75	99,0.643534620002	(75, 0.37837641881900674)
75	67,0.64591007161	(75, 0.37837641881900674)
75	84,0.655687090132	(75, 0.37837641881900674)
75	169,0.665693297489	(75, 0.37837641881900674)
75	166,0.6659687748	(75, 0.37837641881900674)
76	76,0.0295231282218	(76, 0.029523128221787986)
76	147,0.0348774240052	(76, 0.029523128221787986)
76	63,0.0418300588695	(76, 0.029523128221787986)
76	137,0.0432427161803	(76, 0.029523128221787986)
76	171,0.0504609628434	(76, 0.029523128221787986)
76	22,0.064154684523	(76, 0.029523128221787986)
76	46,0.0653190109033	(76, 0.029523128221787986)
76	3,0.0668610831364	(76, 0.029523128221787986)
76	18,0.0684707725599	(76, 0.029523128221787986)
76	36,0.0709625838115	(76, 0.029523128221787986)
77	162,0.0478024286125	(77, 0.061353343888873826)
77	90,0.0495928898833	(77, 0.061353343888873826)
77	11,0.054908663905	(77, 0.061353343888873826)
77	136,0.0580113377713	(77, 0.061353343888873826)
77	63,0.0580654968359	(77, 0.061353343888873826)
77	3,0.0599849321408	(77, 0.061353343888873826)
77	77,0.0613533438889	(77, 0.061353343888873826)
77	137,0.06183544667	(77, 0.061353343888873826)
77	147,0.0648916814433	(77, 0.061353343888873826)
77	71,0.0666016328543	(77, 0.061353343888873826)
78	151,0.0469625540995	(78, 0.076916862238814637)
78	76,0.0496597710427	(78, 0.076916862238814637)
78	63,0.0519904529065	(78, 0.076916862238814637)
78	132,0.0538948006014	(78, 0.076916862238814637)
78	22,0.0544347013555	(78, 0.076916862238814637)
78	18,0.0594977813089	(78, 0.076916862238814637)
78	147,0.0607553851714	(78, 0.076916862238814637)
78	121,0.0640176260247	(78, 0.076916862238814637)
78	61,0.0679723467131	(78, 0.076916862238814637)
78	23,0.0738949650971	(78, 0.076916862238814637)
79	4,0.0495543590315	(79, 0.052603162500485474)
79	69,0.0511543430207	(79, 0.052603162500485474)
79	79,0.0526031625005	(79, 0.052603162500485474)
79	40,0.0660874538732	(79, 0.052603162500485474)
79	25,0.0965345075239	(79, 0.052603162500485474)
79	56,0.104974156736	(79, 0.052603162500485474)
79	34,0.108879210931	(79, 0.052603162500485474)
79	15,0.117601999948	(79, 0.052603162500485474)
79	172,0.122093016705	(79, 0.052603162500485474)
79	148,0.124513543398	(79, 0.052603162500485474)
80	80,0.160165700785	(80, 0.16016570078459189)
80	51,0.214808988422	(80, 0.16016570078459189)
80	167,0.279754235796	(80, 0.16016570078459189)
80	32,0.3491382233	(80, 0.16016570078459189)
80	27,0.473816615154	(80, 0.16016570078459189)
80	39,0.477334117811	(80, 0.16016570078459189)
80	169,0.483511566279	(80, 0.16016570078459189)
80	165,0.492019208582	(80, 0.16016570078459189)
80	58,0.508085176636	(80, 0.16016570078459189)
80	160,0.525365210473	(80, 0.16016570078459189)
81	81,0.0557468101055	(81, 0.055746810105468919)
81	3,0.0680535744894	(81, 0.055746810105468919)
81	121,0.0710608697046	(81, 0.055746810105468919)
81	11,0.0717187317813	(81, 0.055746810105468919)
81	132,0.0740166980422	(81, 0.055746810105468919)
81	22,0.0839360366009	(81, 0.055746810105468919)
81	117,0.0844338664555	(81, 0.055746810105468919)
81	18,0.0851106358609	(81, 0.055746810105468919)
81	151,0.0852148670941	(81, 0.055746810105468919)
81	77,0.0856726388206	(81, 0.055746810105468919)
82	27,0.13674702376	(82, 0.25720179420844502)
82	50,0.139858681632	(82, 0.25720179420844502)
82	38,0.154396652091	(82, 0.25720179420844502)
82	73,0.156028163443	(82, 0.25720179420844502)
82	12,0.158085273688	(82, 0.25720179420844502)
82	107,0.161032079098	(82, 0.25720179420844502)
82	13,0.165165792798	(82, 0.25720179420844502)
82	24,0.166926271774	(82, 0.25720179420844502)
82	164,0.171771942949	(82, 0.25720179420844502)
82	61,0.180531296617	(82, 0.25720179420844502)
83	13,0.0626062288824	(83, 0.092557330498692386)
83	155,0.0748221930386	(83, 0.092557330498692386)
83	161,0.0834550098939	(83, 0.092557330498692386)
83	71,0.0863583760673	(83, 0.092557330498692386)
83	65,0.0872031070912	(83, 0.092557330498692386)
83	83,0.0925573304987	(83, 0.092557330498692386)
83	11,0.0955304571729	(83, 0.092557330498692386)
83	17,0.0975588922306	(83, 0.092557330498692386)
83	136,0.109377859907	(83, 0.092557330498692386)
83	1,0.111339139893	(83, 0.092557330498692386)
84	67,0.224563372887	(84, 0.2343997760509261)
84	84,0.234399776051	(84, 0.2343997760509261)
84	166,0.252608593428	(84, 0.2343997760509261)
84	169,0.3064732014	(84, 0.2343997760509261)
84	140,0.339813253573	(84, 0.2343997760509261)
84	99,0.343787738988	(84, 0.2343997760509261)
84	72,0.373044572177	(84, 0.2343997760509261)
84	144,0.373356087128	(84, 0.2343997760509261)
84	109,0.381053501008	(84, 0.2343997760509261)
84	156,0.392609992543	(84, 0.2343997760509261)
85	67,0.210793781055	(85, 0.3008358497777634)
85	85,0.300835849778	(85, 0.3008358497777634)
85	140,0.344899569303	(85, 0.3008358497777634)
85	166,0.393393822051	(85, 0.3008358497777634)
85	149,0.396849664048	(85, 0.3008358497777634)
85	84,0.408809745097	(85, 0.3008358497777634)
85	169,0.445664078024	(85, 0.3008358497777634)
85	144,0.455755134275	(85, 0.3008358497777634)
85	99,0.473376134231	(85, 0.3008358497777634)
85	93,0.489722134424	(85, 0.3008358497777634)
86	86,0.051611773992	(86, 0.051611773992029014)
86	137,0.0607393424155	(86, 0.051611773992029014)
86	162,0.0684258434146	(86, 0.051611773992029014)
86	3,0.0704412865208	(86, 0.051611773992029014)
86	11,0.0717536101383	(86, 0.051611773992029014)
86	76,0.0739212969149	(86, 0.051611773992029014)
86	150,0.074412992879	(86, 0.051611773992029014)
86	18,0.0749906780157	(86, 0.051611773992029014)
86	171,0.076551042629	(86, 0.051611773992029014)
86	117,0.0766454254983	(86, 0.051611773992029014)
87	121,0.0791032428142	(87, 0.20521352949950569)
87	78,0.0844995978969	(87, 0.20521352949950569)
87	26,0.0845757995807	(87, 0.20521352949950569)
87	1,0.0906496729284	(87, 0.20521352949950569)
87	61,0.0962355488126	(87, 0.20521352949950569)
87	23,0.104212558236	(87, 0.20521352949950569)
87	11,0.104396740679	(87, 0.20521352949950569)
87	71,0.108371087417	(87, 0.20521352949950569)
87	22,0.11892436628	(87, 0.20521352949950569)
87	20,0.119915696964	(87, 0.20521352949950569)
88	147,0.0463711816146	(88, 0.049751301559941785)
88	18,0.047599166989	(88, 0.049751301559941785)
88	76,0.0482574619036	(88, 0.049751301559941785)
88	88,0.0497513015599	(88, 0.049751301559941785)
88	63,0.0594471616915	(88, 0.049751301559941785)
88	35,0.0639613110599	(88, 0.049751301559941785)
88	117,0.0670225424848	(88, 0.049751301559941785)
88	22,0.0674222289405	(88, 0.049751301559941785)
88	46,0.0681228929162	(88, 0.049751301559941785)
88	139,0.0687483569984	(88, 0.049751301559941785)
89	124,0.0724658590527	(89, 0.099968863951202483)
89	155,0.0796270812289	(89, 0.099968863951202483)
89	1,0.0950707613962	(89, 0.099968863951202483)
89	89,0.0999688639512	(89, 0.099968863951202483)
89	53,0.111567488724	(89, 0.099968863951202483)
89	20,0.113074881908	(89, 0.099968863951202483)
89	71,0.124074387277	(89, 0.099968863951202483)
89	73,0.126619639273	(89, 0.099968863951202483)
89	13,0.144144075658	(89, 0.099968863951202483)
89	11,0.144483276541	(89, 0.099968863951202483)
90	90,0.0357735683837	(90, 0.035773568383696414)
90	11,0.0654477812481	(90, 0.035773568383696414)
90	81,0.0674369133394	(90, 0.035773568383696414)
90	162,0.0682793434864	(90, 0.035773568383696414)
90	137,0.0733370680858	(90, 0.035773568383696414)
90	172,0.0764590901413	(90, 0.035773568383696414)
90	96,0.0772179093847	(90, 0.035773568383696414)
90	37,0.0813844648511	(90, 0.035773568383696414)
90	3,0.0829610522668	(90, 0.035773568383696414)
90	136,0.0836012119474	(90, 0.035773568383696414)
91	133,0.160662185465	(91, 0.20606489338680267)
91	91,0.206064893387	(91, 0.20606489338680267)
91	130,0.323047834662	(91, 0.20606489338680267)
91	103,0.37256208899	(91, 0.20606489338680267)
91	51,0.419278069797	(91, 0.20606489338680267)
91	102,0.435015908721	(91, 0.20606489338680267)
91	34,0.435070517977	(91, 0.20606489338680267)
91	155,0.448383870621	(91, 0.20606489338680267)
91	66,0.45081579382	(91, 0.20606489338680267)
91	53,0.454651464229	(91, 0.20606489338680267)
92	78,0.0632528843547	(92, 0.19173021884736718)
92	61,0.089211830441	(92, 0.19173021884736718)
92	128,0.0920944661824	(92, 0.19173021884736718)
92	158,0.103149757468	(92, 0.19173021884736718)
92	24,0.103647840681	(92, 0.19173021884736718)
92	12,0.104512961439	(92, 0.19173021884736718)
92	26,0.108277199645	(92, 0.19173021884736718)
92	107,0.122591798234	(92, 0.19173021884736718)
92	22,0.124916771084	(92, 0.19173021884736718)
92	23,0.131123145906	(92, 0.19173021884736718)
93	22,0.0627054636399	(93, 0.077659791886144344)
93	132,0.0635037461073	(93, 0.077659791886144344)
93	93,0.0776597918861	(93, 0.077659791886144344)
93	128,0.0792579182827	(93, 0.077659791886144344)
93	3,0.0817587378587	(93, 0.077659791886144344)
93	121,0.0829177267265	(93, 0.077659791886144344)
93	158,0.0874541865939	(93, 0.077659791886144344)
93	76,0.0900423251749	(93, 0.077659791886144344)
93	12,0.0932343166796	(93, 0.077659791886144344)
93	78,0.0968924184103	(93, 0.077659791886144344)
94	94,0.0975516517511	(94, 0.097551651751054444)
94	83,0.173596401085	(94, 0.097551651751054444)
94	155,0.200378602418	(94, 0.097551651751054444)
94	59,0.230392208804	(94, 0.097551651751054444)
94	15,0.234744652708	(94, 0.097551651751054444)
94	161,0.253209324867	(94, 0.097551651751054444)
94	120,0.258655355231	(94, 0.097551651751054444)
94	65,0.266264059176	(94, 0.097551651751054444)
94	45,0.269682502644	(94, 0.097551651751054444)
94	98,0.281088761828	(94, 0.097551651751054444)
95	107,0.0872838042748	(95, 0.26677034129915095)
95	99,0.109831272007	(95, 0.26677034129915095)
95	43,0.116921160126	(95, 0.26677034129915095)
95	128,0.14087335183	(95, 0.26677034129915095)
95	78,0.1467177573	(95, 0.26677034129915095)
95	27,0.147899584653	(95, 0.26677034129915095)
95	19,0.150951648038	(95, 0.26677034129915095)
95	50,0.164248143488	(95, 0.26677034129915095)
95	138,0.168842748415	(95, 0.26677034129915095)
95	55,0.174716807953	(95, 0.26677034129915095)
96	96,0.0535566942402	(96, 0.053556694240186477)
96	162,0.0899294796284	(96, 0.053556694240186477)
96	13,0.0930901054875	(96, 0.053556694240186477)
96	17,0.0955389015701	(96, 0.053556694240186477)
96	11,0.0968381046108	(96, 0.053556694240186477)
96	143,0.110262277031	(96, 0.053556694240186477)
96	161,0.110645934352	(96, 0.053556694240186477)
96	112,0.114702969219	(96, 0.053556694240186477)
96	119,0.121896330358	(96, 0.053556694240186477)
96	4,0.123083994652	(96, 0.053556694240186477)
97	40,0.0621828838156	(97, 0.16332788162916961)
97	172,0.0657273192834	(97, 0.16332788162916961)
97	69,0.0658360206583	(97, 0.16332788162916961)
97	17,0.0805315212883	(97, 0.16332788162916961)
97	120,0.0886598916666	(97, 0.16332788162916961)
97	4,0.100791659812	(97, 0.16332788162916961)
97	79,0.101278065425	(97, 0.16332788162916961)
97	3,0.109285986281	(97, 0.16332788162916961)
97	90,0.119627906168	(97, 0.16332788162916961)
97	37,0.12166220079	(97, 0.16332788162916961)
98	98,0.0456952329001	(98, 0.045695232900061708)
98	15,0.0914858554486	(98, 0.045695232900061708)
98	40,0.0933284388289	(98, 0.045695232900061708)
98	25,0.112278039202	(98, 0.045695232900061708)
98	154,0.118921887422	(98, 0.045695232900061708)
98	172,0.119222691322	(98, 0.045695232900061708)
98	49,0.129324771955	(98, 0.045695232900061708)
98	174,0.145610559542	(98, 0.045695232900061708)
98	69,0.149601646666	(98, 0.045695232900061708)
98	83,0.14983394911	(98, 0.045695232900061708)
99	93,0.0990725448243	(99, 0.15654526717414322)
99	84,0.1020086769	(99, 0.15654526717414322)
99	144,0.102807251192	(99, 0.15654526717414322)
99	116,0.114200003863	(99, 0.15654526717414322)
99	159,0.118474317889	(99, 0.15654526717414322)
99	109,0.120850667064	(99, 0.15654526717414322)
99	73,0.120954677543	(99, 0.15654526717414322)
99	156,0.12235094025	(99, 0.15654526717414322)
99	128,0.124287110943	(99, 0.15654526717414322)
99	12,0.12756557072	(99, 0.15654526717414322)
100	100,0.0427597340509	(100, 0.042759734050870392)
100	74,0.0567974985745	(100, 0.042759734050870392)
100	21,0.0597121064771	(100, 0.042759734050870392)
100	77,0.0652131528916	(100, 0.042759734050870392)
100	127,0.0742237614817	(100, 0.042759734050870392)
100	136,0.0748985520898	(100, 0.042759734050870392)
100	90,0.0750436581575	(100, 0.042759734050870392)
100	37,0.0752256717307	(100, 0.042759734050870392)
100	11,0.079604628043	(100, 0.042759734050870392)
100	17,0.080347803608	(100, 0.042759734050870392)
101	73,0.105608026825	(101, 0.11046556859253517)
101	101,0.110465568593	(101, 0.11046556859253517)
101	1,0.114909345215	(101, 0.11046556859253517)
101	124,0.117299171064	(101, 0.11046556859253517)
101	13,0.121524990493	(101, 0.11046556859253517)
101	60,0.136418765922	(101, 0.11046556859253517)
101	29,0.138304589802	(101, 0.11046556859253517)
101	69,0.14244178294	(101, 0.11046556859253517)
101	155,0.14665185745	(101, 0.11046556859253517)
101	71,0.147134937595	(101, 0.11046556859253517)
102	91,0.135741073114	(102, 0.16595261951789481)
102	114,0.145625641476	(102, 0.16595261951789481)
102	41,0.158075727492	(102, 0.16595261951789481)
102	155,0.159008783843	(102, 0.16595261951789481)
102	101,0.165332981993	(102, 0.16595261951789481)
102	102,0.165952619518	(102, 0.16595261951789481)
102	1,0.171256571919	(102, 0.16595261951789481)
102	110,0.175787098708	(102, 0.16595261951789481)
102	53,0.1809709755	(102, 0.16595261951789481)
102	103,0.194297006644	(102, 0.16595261951789481)
103	103,0.0995911515187	(103, 0.099591151518663698)
103	73,0.157828154434	(103, 0.099591151518663698)
103	91,0.19342160913	(103, 0.099591151518663698)
103	101,0.197987358062	(103, 0.099591151518663698)
103	51,0.206089250137	(103, 0.099591151518663698)
103	114,0.212728619272	(103, 0.099591151518663698)
103	26,0.216721200835	(103, 0.099591151518663698)
103	39,0.219178543857	(103, 0.099591151518663698)
103	93,0.21928441822	(103, 0.099591151518663698)
103	30,0.221389217778	(103, 0.099591151518663698)
104	124,0.0763835495707	(104, 0.14710155355082224)
104	93,0.104345204495	(104, 0.14710155355082224)
104	81,0.110672415172	(104, 0.14710155355082224)
104	119,0.111656442421	(104, 0.14710155355082224)
104	11,0.11596889732	(104, 0.14710155355082224)
104	73,0.116221883231	(104, 0.14710155355082224)
104	115,0.122927563737	(104, 0.14710155355082224)
104	3,0.127193906797	(104, 0.14710155355082224)
104	104,0.147101553551	(104, 0.14710155355082224)
104	37,0.14792765244	(104, 0.14710155355082224)
105	27,0.110292471416	(105, 0.19449853708651885)
105	43,0.129919595523	(105, 0.19449853708651885)
105	19,0.13906082516	(105, 0.19449853708651885)
105	24,0.140191505209	(105, 0.19449853708651885)
105	38,0.153619744876	(105, 0.19449853708651885)
105	107,0.154004951242	(105, 0.19449853708651885)
105	99,0.162331623446	(105, 0.19449853708651885)
105	50,0.168361224403	(105, 0.19449853708651885)
105	144,0.187285828648	(105, 0.19449853708651885)
105	61,0.191049428882	(105, 0.19449853708651885)
106	106,0.0696214081384	(106, 0.069621408138382496)
106	116,0.130935252491	(106, 0.069621408138382496)
106	157,0.133010669468	(106, 0.069621408138382496)
106	172,0.13985846953	(106, 0.069621408138382496)
106	174,0.140612775911	(106, 0.069621408138382496)
106	93,0.148084691183	(106, 0.069621408138382496)
106	13,0.162969611103	(106, 0.069621408138382496)
106	54,0.166183117691	(106, 0.069621408138382496)
106	156,0.169452761532	(106, 0.069621408138382496)
106	154,0.17908277246	(106, 0.069621408138382496)
107	26,0.0947009496086	(107, 0.097310966087379283)
107	107,0.0973109660874	(107, 0.097310966087379283)
107	22,0.100298576163	(107, 0.097310966087379283)
107	139,0.104347497157	(107, 0.097310966087379283)
107	77,0.106877945998	(107, 0.097310966087379283)
107	1,0.10784998679	(107, 0.097310966087379283)
107	78,0.114677708337	(107, 0.097310966087379283)
107	76,0.115626830631	(107, 0.097310966087379283)
107	61,0.116003328723	(107, 0.097310966087379283)
107	121,0.116325439293	(107, 0.097310966087379283)
108	77,0.0790066656808	(108, 0.18989931564156978)
108	174,0.113094009231	(108, 0.18989931564156978)
108	172,0.118240635563	(108, 0.18989931564156978)
108	4,0.133699530732	(108, 0.18989931564156978)
108	40,0.13375866446	(108, 0.18989931564156978)
108	49,0.13463831146	(108, 0.18989931564156978)
108	100,0.135709930711	(108, 0.18989931564156978)
108	15,0.140493972114	(108, 0.18989931564156978)
108	17,0.14059483862	(108, 0.18989931564156978)
108	171,0.147505638499	(108, 0.18989931564156978)
109	109,0.0687455702344	(109, 0.068745570234389666)
109	159,0.0798187687212	(109, 0.068745570234389666)
109	134,0.101201294325	(109, 0.068745570234389666)
109	146,0.11328172684	(109, 0.068745570234389666)
109	128,0.115152974753	(109, 0.068745570234389666)
109	12,0.119403855658	(109, 0.068745570234389666)
109	84,0.124853328588	(109, 0.068745570234389666)
109	14,0.126761976045	(109, 0.068745570234389666)
109	38,0.131957819282	(109, 0.068745570234389666)
109	152,0.132442692532	(109, 0.068745570234389666)
110	1,0.082073997403	(110, 0.14791063986964137)
110	121,0.0842502320812	(110, 0.14791063986964137)
110	11,0.0893314563973	(110, 0.14791063986964137)
110	68,0.0929187341842	(110, 0.14791063986964137)
110	162,0.106289927414	(110, 0.14791063986964137)
110	26,0.1073600776	(110, 0.14791063986964137)
110	70,0.107685079402	(110, 0.14791063986964137)
110	61,0.116089475784	(110, 0.14791063986964137)
110	71,0.116798351044	(110, 0.14791063986964137)
110	73,0.117062205757	(110, 0.14791063986964137)
111	73,0.083310964507	(111, 0.2901325727132375)
111	157,0.0979817243893	(111, 0.2901325727132375)
111	93,0.0996527214281	(111, 0.2901325727132375)
111	124,0.103177941947	(111, 0.2901325727132375)
111	101,0.130177908431	(111, 0.2901325727132375)
111	13,0.140502406664	(111, 0.2901325727132375)
111	27,0.14423002824	(111, 0.2901325727132375)
111	128,0.1469994877	(111, 0.2901325727132375)
111	78,0.149045241209	(111, 0.2901325727132375)
111	114,0.156062463401	(111, 0.2901325727132375)
112	90,0.0541894297965	(112, 0.069729128250477598)
112	11,0.0554746944102	(112, 0.069729128250477598)
112	3,0.0662487205844	(112, 0.069729128250477598)
112	162,0.0682437405483	(112, 0.069729128250477598)
112	112,0.0697291282505	(112, 0.069729128250477598)
112	100,0.0713219949494	(112, 0.069729128250477598)
112	21,0.0747341903862	(112, 0.069729128250477598)
112	81,0.0814042002427	(112, 0.069729128250477598)
112	71,0.0838876517799	(112, 0.069729128250477598)
112	77,0.0852982755785	(112, 0.069729128250477598)
113	113,0.0931298549473	(113, 0.09312985494726897)
113	65,0.143139856323	(113, 0.09312985494726897)
113	130,0.211759290871	(113, 0.09312985494726897)
113	120,0.230605726362	(113, 0.09312985494726897)
113	155,0.247052542438	(113, 0.09312985494726897)
113	15,0.250286440909	(113, 0.09312985494726897)
113	44,0.256901882108	(113, 0.09312985494726897)
113	161,0.262552031958	(113, 0.09312985494726897)
113	97,0.264292411027	(113, 0.09312985494726897)
113	53,0.266923869627	(113, 0.09312985494726897)
114	114,0.0789614588169	(114, 0.078961458816880117)
114	73,0.0922191767955	(114, 0.078961458816880117)
114	53,0.0986893979663	(114, 0.078961458816880117)
114	124,0.0993857152756	(114, 0.078961458816880117)
114	13,0.125180678824	(114, 0.078961458816880117)
114	157,0.13671673902	(114, 0.078961458816880117)
114	155,0.138582323569	(114, 0.078961458816880117)
114	104,0.143841977061	(114, 0.078961458816880117)
114	93,0.144166131892	(114, 0.078961458816880117)
114	109,0.16000540461	(114, 0.078961458816880117)
115	119,0.0755933557218	(115, 0.078865103465665151)
115	115,0.0788651034657	(115, 0.078865103465665151)
115	11,0.0818521091643	(115, 0.078865103465665151)
115	96,0.103819716917	(115, 0.078865103465665151)
115	37,0.109962943869	(115, 0.078865103465665151)
115	81,0.114353805003	(115, 0.078865103465665151)
115	3,0.123372301249	(115, 0.078865103465665151)
115	136,0.128930559404	(115, 0.078865103465665151)
115	17,0.13012488107	(115, 0.078865103465665151)
115	90,0.135410139811	(115, 0.078865103465665151)
116	116,0.0588769190783	(116, 0.058876919078279855)
116	93,0.0665220496546	(116, 0.058876919078279855)
116	73,0.123525190217	(116, 0.058876919078279855)
116	109,0.134505137485	(116, 0.058876919078279855)
116	172,0.136998360506	(116, 0.058876919078279855)
116	124,0.13967182084	(116, 0.058876919078279855)
116	144,0.142934760513	(116, 0.058876919078279855)
116	3,0.151389016101	(116, 0.058876919078279855)
116	156,0.154144088416	(116, 0.058876919078279855)
116	131,0.156569334045	(116, 0.058876919078279855)
117	117,0.0259717658249	(117, 0.025971765824904139)
117	21,0.0560166330052	(117, 0.025971765824904139)
117	71,0.0608380345248	(117, 0.025971765824904139)
117	11,0.0757471202189	(117, 0.025971765824904139)
117	76,0.0758681273735	(117, 0.025971765824904139)
117	22,0.0776686900203	(117, 0.025971765824904139)
117	81,0.0788964776346	(117, 0.025971765824904139)
117	162,0.0813476862484	(117, 0.025971765824904139)
117	121,0.0817164095179	(117, 0.025971765824904139)
117	77,0.0818264698108	(117, 0.025971765824904139)
118	33,0.164676508602	(118, 0.20221731779651239)
118	34,0.172432913843	(118, 0.20221731779651239)
118	118,0.202217317797	(118, 0.20221731779651239)
118	130,0.23231674918	(118, 0.20221731779651239)
118	133,0.25676694997	(118, 0.20221731779651239)
118	113,0.260710776339	(118, 0.20221731779651239)
118	2,0.279995401422	(118, 0.20221731779651239)
118	69,0.281009599787	(118, 0.20221731779651239)
118	65,0.282871532691	(118, 0.20221731779651239)
118	45,0.284979932859	(118, 0.20221731779651239)
119	120,0.0918184248631	(119, 0.095828613077021743)
119	119,0.095828613077	(119, 0.095828613077021743)
119	17,0.11442536853	(119, 0.095828613077021743)
119	4,0.116073216079	(119, 0.095828613077021743)
119	69,0.116574456797	(119, 0.095828613077021743)
119	40,0.120924354402	(119, 0.095828613077021743)
119	172,0.122919184693	(119, 0.095828613077021743)
119	96,0.123892962533	(119, 0.095828613077021743)
119	97,0.135365421823	(119, 0.095828613077021743)
119	13,0.136222043001	(119, 0.095828613077021743)
120	65,0.0740538466972	(120, 0.076635187317337927)
120	120,0.0766351873173	(120, 0.076635187317337927)
120	155,0.104582378185	(120, 0.076635187317337927)
120	161,0.107607415416	(120, 0.076635187317337927)
120	44,0.116842164335	(120, 0.076635187317337927)
120	68,0.127354557876	(120, 0.076635187317337927)
120	53,0.131497172568	(120, 0.076635187317337927)
120	13,0.143672507794	(120, 0.076635187317337927)
120	83,0.150203336585	(120, 0.076635187317337927)
120	124,0.150783650973	(120, 0.076635187317337927)
121	121,0.0635235192197	(121, 0.063523519219741059)
121	22,0.07253311574	(121, 0.063523519219741059)
121	1,0.0766103204863	(121, 0.063523519219741059)
121	26,0.0822255299702	(121, 0.063523519219741059)
121	78,0.0836803450127	(121, 0.063523519219741059)
121	73,0.0994436523115	(121, 0.063523519219741059)
121	61,0.100652170424	(121, 0.063523519219741059)
121	128,0.10332776705	(121, 0.063523519219741059)
121	23,0.10752239156	(121, 0.063523519219741059)
121	11,0.109774591675	(121, 0.063523519219741059)
122	174,0.105532087506	(122, 0.11480229395251894)
122	122,0.114802293953	(122, 0.11480229395251894)
122	154,0.139020596979	(122, 0.11480229395251894)
122	2,0.159310183693	(122, 0.11480229395251894)
122	69,0.165191131249	(122, 0.11480229395251894)
122	48,0.18723082513	(122, 0.11480229395251894)
122	4,0.190569818136	(122, 0.11480229395251894)
122	116,0.194788094333	(122, 0.11480229395251894)
122	172,0.197643354028	(122, 0.11480229395251894)
122	56,0.2043601288	(122, 0.11480229395251894)
123	172,0.0775008331054	(123, 0.077641047877335431)
123	123,0.0776410478773	(123, 0.077641047877335431)
123	81,0.104925574738	(123, 0.077641047877335431)
123	146,0.117871260213	(123, 0.077641047877335431)
123	40,0.11868347858	(123, 0.077641047877335431)
123	90,0.121432821174	(123, 0.077641047877335431)
123	119,0.12796174727	(123, 0.077641047877335431)
123	115,0.132425678765	(123, 0.077641047877335431)
123	137,0.138023744554	(123, 0.077641047877335431)
123	37,0.139951944786	(123, 0.077641047877335431)
124	124,0.0998622217418	(124, 0.099862221741781762)
124	101,0.150099533714	(124, 0.099862221741781762)
124	41,0.177291620409	(124, 0.099862221741781762)
124	73,0.182956083165	(124, 0.099862221741781762)
124	157,0.194350879824	(124, 0.099862221741781762)
124	169,0.19743939546	(124, 0.099862221741781762)
124	155,0.202060985921	(124, 0.099862221741781762)
124	144,0.204879335498	(124, 0.099862221741781762)
124	53,0.206309134576	(124, 0.099862221741781762)
124	27,0.207974215743	(124, 0.099862221741781762)
125	13,0.135400531011	(125, 0.21108348041436525)
125	65,0.160054798812	(125, 0.21108348041436525)
125	155,0.16378551968	(125, 0.21108348041436525)
125	73,0.181481578837	(125, 0.21108348041436525)
125	161,0.18737257303	(125, 0.21108348041436525)
125	68,0.200859373869	(125, 0.21108348041436525)
125	41,0.20356064032	(125, 0.21108348041436525)
125	114,0.204501051791	(125, 0.21108348041436525)
125	125,0.211083480414	(125, 0.21108348041436525)
125	54,0.215298631501	(125, 0.21108348041436525)
126	126,0.0731447141915	(126, 0.073144714191472643)
126	81,0.0775616772363	(126, 0.073144714191472643)
126	3,0.0785322739582	(126, 0.073144714191472643)
126	11,0.0835791641726	(126, 0.073144714191472643)
126	121,0.0858765792115	(126, 0.073144714191472643)
126	132,0.0864032558391	(126, 0.073144714191472643)
126	119,0.0941333982236	(126, 0.073144714191472643)
126	22,0.0977907353163	(126, 0.073144714191472643)
126	151,0.100561221386	(126, 0.073144714191472643)
126	12,0.101980444072	(126, 0.073144714191472643)
127	17,0.0525014038404	(127, 0.065502274857047099)
127	74,0.0556504614932	(127, 0.065502274857047099)
127	136,0.057834190768	(127, 0.065502274857047099)
127	127,0.065502274857	(127, 0.065502274857047099)
127	100,0.0781389684062	(127, 0.065502274857047099)
127	59,0.0799883444222	(127, 0.065502274857047099)
127	77,0.0814255584867	(127, 0.065502274857047099)
127	37,0.0896049271875	(127, 0.065502274857047099)
127	49,0.101019678712	(127, 0.065502274857047099)
127	172,0.120741417487	(127, 0.065502274857047099)
128	128,0.0611614378568	(128, 0.061161437856786662)
128	12,0.0761013424628	(128, 0.061161437856786662)
128	78,0.0772810312542	(128, 0.061161437856786662)
128	121,0.0776233211612	(128, 0.061161437856786662)
128	18,0.0795032948673	(128, 0.061161437856786662)
128	159,0.080150632286	(128, 0.061161437856786662)
128	151,0.0874522167197	(128, 0.061161437856786662)
128	22,0.09062651441	(128, 0.061161437856786662)
128	139,0.0921327698294	(128, 0.061161437856786662)
128	158,0.0950715326944	(128, 0.061161437856786662)
129	49,0.107976557584	(129, 0.19931672961727129)
129	98,0.113893631758	(129, 0.19931672961727129)
129	77,0.160622255963	(129, 0.19931672961727129)
129	100,0.161097569182	(129, 0.19931672961727129)
129	59,0.161237527039	(129, 0.19931672961727129)
129	15,0.171223030912	(129, 0.19931672961727129)
129	83,0.1800342681	(129, 0.19931672961727129)
129	129,0.199316729617	(129, 0.19931672961727129)
129	25,0.200705393386	(129, 0.19931672961727129)
129	94,0.201249101382	(129, 0.19931672961727129)
130	130,0.164880274804	(130, 0.16488027480408557)
130	65,0.185233118228	(130, 0.16488027480408557)
130	34,0.18854792318	(130, 0.16488027480408557)
130	13,0.188975164116	(130, 0.16488027480408557)
130	155,0.209320682296	(130, 0.16488027480408557)
130	53,0.210800970896	(130, 0.16488027480408557)
130	91,0.214972542392	(130, 0.16488027480408557)
130	73,0.216014636013	(130, 0.16488027480408557)
130	33,0.216306854358	(130, 0.16488027480408557)
130	28,0.217504765744	(130, 0.16488027480408557)
131	131,0.13560223498	(131, 0.13560223497995871)
131	166,0.138768341816	(131, 0.13560223497995871)
131	116,0.144221012264	(131, 0.13560223497995871)
131	72,0.154383543099	(131, 0.13560223497995871)
131	144,0.184221590395	(131, 0.13560223497995871)
131	156,0.19566757008	(131, 0.13560223497995871)
131	84,0.20138393135	(131, 0.13560223497995871)
131	104,0.204999230321	(131, 0.13560223497995871)
131	93,0.242666759915	(131, 0.13560223497995871)
131	165,0.245410969216	(131, 0.13560223497995871)
132	132,0.0442668834574	(132, 0.044266883457379086)
132	18,0.0464685358273	(132, 0.044266883457379086)
132	46,0.0536427190626	(132, 0.044266883457379086)
132	22,0.0556043871112	(132, 0.044266883457379086)
132	139,0.056857700479	(132, 0.044266883457379086)
132	76,0.0613009247263	(132, 0.044266883457379086)
132	147,0.0658447243159	(132, 0.044266883457379086)
132	146,0.0668025585122	(132, 0.044266883457379086)
132	171,0.0687579093049	(132, 0.044266883457379086)
132	158,0.0751749843222	(132, 0.044266883457379086)
133	133,0.0626324281803	(133, 0.062632428180334612)
133	91,0.176493650371	(133, 0.062632428180334612)
133	34,0.181922666934	(133, 0.062632428180334612)
133	130,0.185846628812	(133, 0.062632428180334612)
133	103,0.220395759121	(133, 0.062632428180334612)
133	65,0.24493097854	(133, 0.062632428180334612)
133	102,0.24695333666	(133, 0.062632428180334612)
133	53,0.256682690324	(133, 0.062632428180334612)
133	114,0.261676553681	(133, 0.062632428180334612)
133	101,0.265995075043	(133, 0.062632428180334612)
134	121,0.061237984117	(134, 0.086770449575607936)
134	128,0.0722203383578	(134, 0.086770449575607936)
134	78,0.085151937523	(134, 0.086770449575607936)
134	134,0.0867704495756	(134, 0.086770449575607936)
134	18,0.09736827798	(134, 0.086770449575607936)
134	22,0.0992811041822	(134, 0.086770449575607936)
134	73,0.104773531439	(134, 0.086770449575607936)
134	109,0.107406689913	(134, 0.086770449575607936)
134	88,0.120960899561	(134, 0.086770449575607936)
134	12,0.121109384443	(134, 0.086770449575607936)
135	147,0.0402017372228	(135, 0.055776697506179154)
135	76,0.0456467843393	(135, 0.055776697506179154)
135	137,0.0501522638268	(135, 0.055776697506179154)
135	63,0.0544316438295	(135, 0.055776697506179154)
135	135,0.0557766975062	(135, 0.055776697506179154)
135	162,0.0695033190129	(135, 0.055776697506179154)
135	171,0.0726607135421	(135, 0.055776697506179154)
135	117,0.0759295612255	(135, 0.055776697506179154)
135	77,0.0808067352651	(135, 0.055776697506179154)
135	71,0.0856091718826	(135, 0.055776697506179154)
136	136,0.0849684802289	(136, 0.084968480228893098)
136	121,0.0965532471275	(136, 0.084968480228893098)
136	126,0.101954652227	(136, 0.084968480228893098)
136	11,0.109174142211	(136, 0.084968480228893098)
136	54,0.11155092472	(136, 0.084968480228893098)
136	78,0.112036641593	(136, 0.084968480228893098)
136	162,0.112651179816	(136, 0.084968480228893098)
136	151,0.118841391492	(136, 0.084968480228893098)
136	23,0.122193323605	(136, 0.084968480228893098)
136	132,0.123264941218	(136, 0.084968480228893098)
137	137,0.0281160628262	(137, 0.028116062826235615)
137	63,0.0396312772261	(137, 0.028116062826235615)
137	147,0.044613632182	(137, 0.028116062826235615)
137	3,0.0527786253821	(137, 0.028116062826235615)
137	76,0.0618909361648	(137, 0.028116062826235615)
137	171,0.0647358862557	(137, 0.028116062826235615)
137	90,0.0718329401117	(137, 0.028116062826235615)
137	36,0.0762180057089	(137, 0.028116062826235615)
137	136,0.078886723766	(137, 0.028116062826235615)
137	117,0.0801757308921	(137, 0.028116062826235615)
138	78,0.0953654082253	(138, 0.10686019623467978)
138	128,0.0972292257784	(138, 0.10686019623467978)
138	138,0.106860196235	(138, 0.10686019623467978)
138	158,0.108212536225	(138, 0.10686019623467978)
138	107,0.108810593143	(138, 0.10686019623467978)
138	99,0.128656518799	(138, 0.10686019623467978)
138	55,0.132311396233	(138, 0.10686019623467978)
138	84,0.138805497039	(138, 0.10686019623467978)
138	159,0.14471483271	(138, 0.10686019623467978)
138	38,0.147607063264	(138, 0.10686019623467978)
139	139,0.0197780860353	(139, 0.019778086035250372)
139	46,0.0478950041924	(139, 0.019778086035250372)
139	76,0.063175878017	(139, 0.019778086035250372)
139	18,0.0680487030722	(139, 0.019778086035250372)
139	151,0.0706791615665	(139, 0.019778086035250372)
139	22,0.0710574880213	(139, 0.019778086035250372)
139	132,0.0767721130044	(139, 0.019778086035250372)
139	171,0.082906757618	(139, 0.019778086035250372)
139	35,0.0913568081183	(139, 0.019778086035250372)
139	63,0.0964954576719	(139, 0.019778086035250372)
140	73,0.103828609281	(140, 0.14697448976031252)
140	124,0.104575932604	(140, 0.14697448976031252)
140	157,0.107183632328	(140, 0.14697448976031252)
140	53,0.125496699098	(140, 0.14697448976031252)
140	114,0.132927841438	(140, 0.14697448976031252)
140	93,0.143204436229	(140, 0.14697448976031252)
140	140,0.14697448976	(140, 0.14697448976031252)
140	13,0.151997589903	(140, 0.14697448976031252)
140	101,0.157031526765	(140, 0.14697448976031252)
140	69,0.16089173121	(140, 0.14697448976031252)
141	48,0.19531495071	(141, 0.19737457814276585)
141	141,0.197374578143	(141, 0.19737457814276585)
141	124,0.231179408478	(141, 0.19737457814276585)
141	120,0.252155929622	(141, 0.19737457814276585)
141	56,0.252971434421	(141, 0.19737457814276585)
141	4,0.253863361199	(141, 0.19737457814276585)
141	97,0.255961164356	(141, 0.19737457814276585)
141	69,0.259186505848	(141, 0.19737457814276585)
141	2,0.266530876985	(141, 0.19737457814276585)
141	33,0.266714075409	(141, 0.19737457814276585)
142	61,0.130244061799	(142, 0.35657132116294527)
142	38,0.137614365737	(142, 0.35657132116294527)
142	12,0.144536198747	(142, 0.35657132116294527)
142	55,0.154910897226	(142, 0.35657132116294527)
142	16,0.160015016986	(142, 0.35657132116294527)
142	105,0.166240083313	(142, 0.35657132116294527)
142	73,0.166395204297	(142, 0.35657132116294527)
142	23,0.167544862038	(142, 0.35657132116294527)
142	24,0.178901455965	(142, 0.35657132116294527)
142	78,0.179984213543	(142, 0.35657132116294527)
143	143,0.0400286535441	(143, 0.040028653544079536)
143	112,0.052217643251	(143, 0.040028653544079536)
143	162,0.0548029124419	(143, 0.040028653544079536)
143	3,0.0562668105223	(143, 0.040028653544079536)
143	11,0.0626574307546	(143, 0.040028653544079536)
143	137,0.067282649728	(143, 0.040028653544079536)
143	90,0.0681155454008	(143, 0.040028653544079536)
143	150,0.0755651647127	(143, 0.040028653544079536)
143	17,0.0781280456036	(143, 0.040028653544079536)
143	21,0.0790654449493	(143, 0.040028653544079536)
144	144,0.0632850410725	(144, 0.06328504107254368)
144	14,0.124137067076	(144, 0.06328504107254368)
144	12,0.138465006077	(144, 0.06328504107254368)
144	38,0.138943549732	(144, 0.06328504107254368)
144	50,0.158127010241	(144, 0.06328504107254368)
144	116,0.163742349731	(144, 0.06328504107254368)
144	145,0.164314900825	(144, 0.06328504107254368)
144	159,0.166679330842	(144, 0.06328504107254368)
144	109,0.18038481406	(144, 0.06328504107254368)
144	156,0.183670637161	(144, 0.06328504107254368)
145	128,0.0953662369203	(145, 0.098890166551355338)
145	145,0.0988901665514	(145, 0.098890166551355338)
145	78,0.0999469335099	(145, 0.098890166551355338)
145	158,0.102620495409	(145, 0.098890166551355338)
145	38,0.106533769471	(145, 0.098890166551355338)
145	24,0.109225611464	(145, 0.098890166551355338)
145	55,0.113762840319	(145, 0.098890166551355338)
145	12,0.126440904079	(145, 0.098890166551355338)
145	22,0.139862839483	(145, 0.098890166551355338)
145	14,0.14754876316	(145, 0.098890166551355338)
146	146,0.0320556400102	(146, 0.03205564001015257)
146	159,0.0800193202887	(146, 0.03205564001015257)
146	12,0.10907346431	(146, 0.03205564001015257)
146	137,0.110006357358	(146, 0.03205564001015257)
146	46,0.11477016428	(146, 0.03205564001015257)
146	132,0.119208322258	(146, 0.03205564001015257)
146	18,0.122476194669	(146, 0.03205564001015257)
146	81,0.123872637327	(146, 0.03205564001015257)
146	172,0.125401782271	(146, 0.03205564001015257)
146	3,0.128736103302	(146, 0.03205564001015257)
147	63,0.0376825248262	(147, 0.049418370378398378)
147	76,0.0410762712833	(147, 0.049418370378398378)
147	147,0.0494183703784	(147, 0.049418370378398378)
147	151,0.0564742549706	(147, 0.049418370378398378)
147	121,0.0585605895012	(147, 0.049418370378398378)
147	132,0.0618230113319	(147, 0.049418370378398378)
147	18,0.0618474659547	(147, 0.049418370378398378)
147	3,0.0623106673542	(147, 0.049418370378398378)
147	23,0.0641714423736	(147, 0.049418370378398378)
147	126,0.0660641449347	(147, 0.049418370378398378)
148	148,0.0394028445867	(148, 0.039402844586744999)
148	17,0.0579469711353	(148, 0.039402844586744999)
148	143,0.0646584257241	(148, 0.039402844586744999)
148	90,0.0825900903693	(148, 0.039402844586744999)
148	100,0.0829413399836	(148, 0.039402844586744999)
148	172,0.102900071397	(148, 0.039402844586744999)
148	49,0.106039915261	(148, 0.039402844586744999)
148	112,0.111883926185	(148, 0.039402844586744999)
148	40,0.121143505116	(148, 0.039402844586744999)
148	3,0.123675637799	(148, 0.039402844586744999)
149	149,0.123711154931	(149, 0.12371115493068378)
149	32,0.212020778143	(149, 0.12371115493068378)
149	169,0.246884662708	(149, 0.12371115493068378)
149	33,0.271404751256	(149, 0.12371115493068378)
149	27,0.369181241888	(149, 0.12371115493068378)
149	156,0.373299784787	(149, 0.12371115493068378)
149	165,0.38971135903	(149, 0.12371115493068378)
149	111,0.404364802124	(149, 0.12371115493068378)
149	51,0.410861161852	(149, 0.12371115493068378)
149	131,0.417236860952	(149, 0.12371115493068378)
150	3,0.0426077383967	(150, 0.070225051489412049)
150	11,0.0500021761756	(150, 0.070225051489412049)
150	71,0.0523423951064	(150, 0.070225051489412049)
150	162,0.056314430716	(150, 0.070225051489412049)
150	121,0.0627368443698	(150, 0.070225051489412049)
150	86,0.0682400002239	(150, 0.070225051489412049)
150	150,0.0702250514894	(150, 0.070225051489412049)
150	117,0.0706401755403	(150, 0.070225051489412049)
150	63,0.0711321450265	(150, 0.070225051489412049)
150	21,0.0745173472869	(150, 0.070225051489412049)
151	121,0.0325174078761	(151, 0.067297393171202924)
151	151,0.0672973931712	(151, 0.067297393171202924)
151	132,0.0726289322271	(151, 0.067297393171202924)
151	23,0.0741193140999	(151, 0.067297393171202924)
151	61,0.074382717137	(151, 0.067297393171202924)
151	78,0.0756279452664	(151, 0.067297393171202924)
151	22,0.0759225170921	(151, 0.067297393171202924)
151	162,0.0761887979571	(151, 0.067297393171202924)
151	18,0.0767679952442	(151, 0.067297393171202924)
151	11,0.0777220047302	(151, 0.067297393171202924)
152	152,0.0614774502831	(152, 0.061477450283113737)
152	121,0.0856693019979	(152, 0.061477450283113737)
152	18,0.0987110656608	(152, 0.061477450283113737)
152	88,0.102511509119	(152, 0.061477450283113737)
152	35,0.106042584813	(152, 0.061477450283113737)
152	12,0.107251715615	(152, 0.061477450283113737)
152	117,0.107922323168	(152, 0.061477450283113737)
152	139,0.112115087835	(152, 0.061477450283113737)
152	81,0.117341504889	(152, 0.061477450283113737)
152	22,0.117889574279	(152, 0.061477450283113737)
153	133,0.100487649843	(153, 0.16382644316746531)
153	130,0.162731973572	(153, 0.16382644316746531)
153	153,0.163826443167	(153, 0.16382644316746531)
153	34,0.1652623739	(153, 0.16382644316746531)
153	91,0.168462342335	(153, 0.16382644316746531)
153	102,0.187661610326	(153, 0.16382644316746531)
153	103,0.222708102081	(153, 0.16382644316746531)
153	28,0.226563332491	(153, 0.16382644316746531)
153	53,0.231010222526	(153, 0.16382644316746531)
153	1,0.233102035339	(153, 0.16382644316746531)
154	154,0.0381302721233	(154, 0.038130272123316655)
154	40,0.0991272711981	(154, 0.038130272123316655)
154	69,0.115165779073	(154, 0.038130272123316655)
154	172,0.11542089446	(154, 0.038130272123316655)
154	174,0.131011100318	(154, 0.038130272123316655)
154	116,0.135085956127	(154, 0.038130272123316655)
154	4,0.136404109778	(154, 0.038130272123316655)
154	48,0.162550123007	(154, 0.038130272123316655)
154	56,0.171773103001	(154, 0.038130272123316655)
154	123,0.174218623805	(154, 0.038130272123316655)
155	71,0.0576735725568	(155, 0.083054731879883104)
155	11,0.0677634789541	(155, 0.083054731879883104)
155	1,0.0782954231885	(155, 0.083054731879883104)
155	155,0.0830547318799	(155, 0.083054731879883104)
155	162,0.0881336857389	(155, 0.083054731879883104)
155	77,0.0924388512133	(155, 0.083054731879883104)
155	3,0.096950461057	(155, 0.083054731879883104)
155	37,0.100496910668	(155, 0.083054731879883104)
155	81,0.101953655555	(155, 0.083054731879883104)
155	117,0.103570177964	(155, 0.083054731879883104)
156	156,0.0913504158124	(156, 0.091350415812392657)
156	73,0.0959958813277	(156, 0.091350415812392657)
156	109,0.114813635887	(156, 0.091350415812392657)
156	144,0.119970853708	(156, 0.091350415812392657)
156	50,0.126215290686	(156, 0.091350415812392657)
156	107,0.129526227185	(156, 0.091350415812392657)
156	27,0.138303286632	(156, 0.091350415812392657)
156	38,0.148659024815	(156, 0.091350415812392657)
156	128,0.149921487214	(156, 0.091350415812392657)
156	84,0.155349301186	(156, 0.091350415812392657)
157	22,0.0777883013625	(157, 0.10682063482272722)
157	73,0.0865567250944	(157, 0.10682063482272722)
157	12,0.0900628479681	(157, 0.10682063482272722)
157	121,0.0928908173837	(157, 0.10682063482272722)
157	128,0.0942295075087	(157, 0.10682063482272722)
157	78,0.0947860310846	(157, 0.10682063482272722)
157	93,0.0956603931893	(157, 0.10682063482272722)
157	132,0.0967133703281	(157, 0.10682063482272722)
157	126,0.0996174876875	(157, 0.10682063482272722)
157	3,0.0997827379586	(157, 0.10682063482272722)
158	77,0.0474536790137	(158, 0.15531061078975927)
158	3,0.0637151545667	(158, 0.15531061078975927)
158	37,0.0725105885768	(158, 0.15531061078975927)
158	136,0.0751398168851	(158, 0.15531061078975927)
158	63,0.0761622470636	(158, 0.15531061078975927)
158	76,0.077745096015	(158, 0.15531061078975927)
158	147,0.0779004064602	(158, 0.15531061078975927)
158	171,0.0799506803393	(158, 0.15531061078975927)
158	11,0.0823782279776	(158, 0.15531061078975927)
158	137,0.086471089724	(158, 0.15531061078975927)
159	146,0.0378527244687	(159, 0.10475690809237564)
159	18,0.0638985404947	(159, 0.10475690809237564)
159	137,0.065955044253	(159, 0.10475690809237564)
159	46,0.0680358683415	(159, 0.10475690809237564)
159	150,0.0722291405896	(159, 0.10475690809237564)
159	63,0.0726927731004	(159, 0.10475690809237564)
159	36,0.0728202033695	(159, 0.10475690809237564)
159	147,0.0752918074673	(159, 0.10475690809237564)
159	151,0.0779674858509	(159, 0.10475690809237564)
159	3,0.080333183983	(159, 0.10475690809237564)
160	164,0.153771668001	(160, 0.66567375967033326)
160	73,0.16474351069	(160, 0.66567375967033326)
160	27,0.171889718274	(160, 0.66567375967033326)
160	109,0.176897103479	(160, 0.66567375967033326)
160	38,0.195074659142	(160, 0.66567375967033326)
160	105,0.200089942031	(160, 0.66567375967033326)
160	12,0.206796839029	(160, 0.66567375967033326)
160	84,0.207903445461	(160, 0.66567375967033326)
160	124,0.210639035056	(160, 0.66567375967033326)
160	32,0.210805886339	(160, 0.66567375967033326)
161	161,0.0368141139919	(161, 0.036814113991926939)
161	65,0.0922854042693	(161, 0.036814113991926939)
161	68,0.114920647128	(161, 0.036814113991926939)
161	44,0.117318692711	(161, 0.036814113991926939)
161	17,0.1193493541	(161, 0.036814113991926939)
161	155,0.120340878201	(161, 0.036814113991926939)
161	83,0.133601431027	(161, 0.036814113991926939)
161	71,0.144157055047	(161, 0.036814113991926939)
161	13,0.145795169588	(161, 0.036814113991926939)
161	100,0.146022698023	(161, 0.036814113991926939)
162	162,0.0468669776242	(162, 0.046866977624203471)
162	18,0.0611114660217	(162, 0.046866977624203471)
162	117,0.061506037595	(162, 0.046866977624203471)
162	76,0.0654764294629	(162, 0.046866977624203471)
162	150,0.0783929715615	(162, 0.046866977624203471)
162	147,0.0789780440859	(162, 0.046866977624203471)
162	90,0.0813910246968	(162, 0.046866977624203471)
162	121,0.0819967330964	(162, 0.046866977624203471)
162	88,0.082077682026	(162, 0.046866977624203471)
162	12,0.0821765746607	(162, 0.046866977624203471)
163	17,0.0800259026806	(163, 0.12136686723615002)
163	172,0.0843953283671	(163, 0.12136686723615002)
163	3,0.090788973365	(163, 0.12136686723615002)
163	100,0.0949594111125	(163, 0.12136686723615002)
163	37,0.0949839157882	(163, 0.12136686723615002)
163	40,0.0971458702518	(163, 0.12136686723615002)
163	11,0.101428204961	(163, 0.12136686723615002)
163	148,0.109648199537	(163, 0.12136686723615002)
163	143,0.113898708351	(163, 0.12136686723615002)
163	83,0.115906201481	(163, 0.12136686723615002)
164	156,0.11312739817	(164, 0.14288624515867063)
164	27,0.129108647203	(164, 0.14288624515867063)
164	164,0.142886245159	(164, 0.14288624515867063)
164	73,0.148410401507	(164, 0.14288624515867063)
164	32,0.159164689527	(164, 0.14288624515867063)
164	144,0.161997924108	(164, 0.14288624515867063)
164	131,0.177773237805	(164, 0.14288624515867063)
164	109,0.194191409659	(164, 0.14288624515867063)
164	13,0.198983101326	(164, 0.14288624515867063)
164	107,0.207793573664	(164, 0.14288624515867063)
165	93,0.0977391670412	(165, 0.14989341689035202)
165	116,0.132662690799	(165, 0.14989341689035202)
165	157,0.143485498446	(165, 0.14989341689035202)
165	165,0.14989341689	(165, 0.14989341689035202)
165	144,0.150267604736	(165, 0.14989341689035202)
165	73,0.150365167263	(165, 0.14989341689035202)
165	131,0.155135050227	(165, 0.14989341689035202)
165	156,0.177118834429	(165, 0.14989341689035202)
165	124,0.181904608914	(165, 0.14989341689035202)
165	27,0.189398949045	(165, 0.14989341689035202)
166	116,0.137767538162	(166, 0.17172053118234804)
166	144,0.151052908342	(166, 0.17172053118234804)
166	124,0.156027955364	(166, 0.17172053118234804)
166	69,0.170664493699	(166, 0.17172053118234804)
166	166,0.171720531182	(166, 0.17172053118234804)
166	140,0.187218882865	(166, 0.17172053118234804)
166	13,0.188515618997	(166, 0.17172053118234804)
166	93,0.196090410478	(166, 0.17172053118234804)
166	157,0.196399254803	(166, 0.17172053118234804)
166	123,0.196737192638	(166, 0.17172053118234804)
167	51,0.156893340835	(167, 0.216234251016103)
167	39,0.1977507521	(167, 0.216234251016103)
167	167,0.216234251016	(167, 0.216234251016103)
167	27,0.236283774815	(167, 0.216234251016103)
167	32,0.244899150102	(167, 0.216234251016103)
167	19,0.259184697741	(167, 0.216234251016103)
167	138,0.278761265286	(167, 0.216234251016103)
167	169,0.27942681591	(167, 0.216234251016103)
167	156,0.301227369637	(167, 0.216234251016103)
167	164,0.305365202993	(167, 0.216234251016103)
168	12,0.101168501718	(168, 0.12896926049729582)
168	38,0.128640891688	(168, 0.12896926049729582)
168	55,0.128661591426	(168, 0.12896926049729582)
168	168,0.128969260497	(168, 0.12896926049729582)
168	121,0.131160047289	(168, 0.12896926049729582)
168	18,0.133108699553	(168, 0.12896926049729582)
168	105,0.133204979258	(168, 0.12896926049729582)
168	86,0.135543287903	(168, 0.12896926049729582)
168	61,0.139685935804	(168, 0.12896926049729582)
168	152,0.14660086557	(168, 0.12896926049729582)
169	156,0.135724671412	(169, 0.13948589905063352)
169	169,0.139485899051	(169, 0.13948589905063352)
169	99,0.147842705887	(169, 0.13948589905063352)
169	27,0.155629856304	(169, 0.13948589905063352)
169	73,0.171913011021	(169, 0.13948589905063352)
169	144,0.17214678512	(169, 0.13948589905063352)
169	170,0.184713318413	(169, 0.13948589905063352)
169	109,0.191261308409	(169, 0.13948589905063352)
169	19,0.205688122086	(169, 0.13948589905063352)
169	84,0.210449986831	(169, 0.13948589905063352)
170	170,0.0887984491016	(170, 0.088798449101580842)
170	99,0.129356355716	(170, 0.088798449101580842)
170	27,0.149655353678	(170, 0.088798449101580842)
170	144,0.154655991922	(170, 0.088798449101580842)
170	19,0.163696063771	(170, 0.088798449101580842)
170	73,0.170113170903	(170, 0.088798449101580842)
170	0,0.193134033021	(170, 0.088798449101580842)
170	84,0.196687038077	(170, 0.088798449101580842)
170	109,0.20183090553	(170, 0.088798449101580842)
170	114,0.211243649331	(170, 0.088798449101580842)
171	156,0.111275398829	(171, 0.36130494837993943)
171	27,0.125975541555	(171, 0.36130494837993943)
171	107,0.153546750318	(171, 0.36130494837993943)
171	32,0.160457061396	(171, 0.36130494837993943)
171	164,0.163084802395	(171, 0.36130494837993943)
171	73,0.168009430004	(171, 0.36130494837993943)
171	19,0.190771794025	(171, 0.36130494837993943)
171	144,0.200707760657	(171, 0.36130494837993943)
171	99,0.213353753522	(171, 0.36130494837993943)
171	51,0.220669356196	(171, 0.36130494837993943)
172	172,0.0326673565787	(172, 0.0326673565787063)
172	137,0.0541359532862	(172, 0.0326673565787063)
172	81,0.0746176348021	(172, 0.0326673565787063)
172	3,0.0751684014673	(172, 0.0326673565787063)
172	90,0.0799570607218	(172, 0.0326673565787063)
172	17,0.0962576496824	(172, 0.0326673565787063)
172	37,0.100936370408	(172, 0.0326673565787063)
172	77,0.102093850361	(172, 0.0326673565787063)
172	146,0.103363590566	(172, 0.0326673565787063)
172	171,0.104693905796	(172, 0.0326673565787063)
173	107,0.119986101513	(173, 0.18884411249912314)
173	27,0.127781409827	(173, 0.18884411249912314)
173	158,0.133220086898	(173, 0.18884411249912314)
173	38,0.135812888625	(173, 0.18884411249912314)
173	24,0.143020394652	(173, 0.18884411249912314)
173	78,0.163521502558	(173, 0.18884411249912314)
173	61,0.165018376406	(173, 0.18884411249912314)
173	156,0.165075600258	(173, 0.18884411249912314)
173	128,0.173855773564	(173, 0.18884411249912314)
173	87,0.182208063074	(173, 0.18884411249912314)
174	174,0.0400702858261	(174, 0.040070285826056373)
174	56,0.0749069821086	(174, 0.040070285826056373)
174	15,0.0784450474132	(174, 0.040070285826056373)
174	17,0.110733458173	(174, 0.040070285826056373)
174	120,0.112135323757	(174, 0.040070285826056373)
174	69,0.119197175269	(174, 0.040070285826056373)
174	4,0.126526100149	(174, 0.040070285826056373)
174	2,0.127787724033	(174, 0.040070285826056373)
174	154,0.142370352524	(174, 0.040070285826056373)
174	172,0.146173132562	(174, 0.040070285826056373)
