0	0,0.000588882557626	(0, 0.00058888255762647298)
0	99,0.00154746473846	(0, 0.00058888255762647298)
0	170,0.0015718875724	(0, 0.00058888255762647298)
0	38,0.00157945427858	(0, 0.00058888255762647298)
0	84,0.00184033560929	(0, 0.00058888255762647298)
0	109,0.00189810097788	(0, 0.00058888255762647298)
0	78,0.00194389461934	(0, 0.00058888255762647298)
0	144,0.00198678305692	(0, 0.00058888255762647298)
0	55,0.0019909580115	(0, 0.00058888255762647298)
0	128,0.00211087880456	(0, 0.00058888255762647298)
1	1,0.000586281947679	(1, 0.00058628194767852487)
1	103,0.000918175631663	(1, 0.00058628194767852487)
1	102,0.000995373554946	(1, 0.00058628194767852487)
1	91,0.00107126643015	(1, 0.00058628194767852487)
1	28,0.00108074828688	(1, 0.00058628194767852487)
1	155,0.00116082103986	(1, 0.00058628194767852487)
1	114,0.00116209139234	(1, 0.00058628194767852487)
1	153,0.00127030662056	(1, 0.00058628194767852487)
1	41,0.00128238874827	(1, 0.00058628194767852487)
1	53,0.00137736165797	(1, 0.00058628194767852487)
2	154,0.000655338717152	(2, 0.0010978395377888267)
2	4,0.00074572063964	(2, 0.0010978395377888267)
2	174,0.000911848391442	(2, 0.0010978395377888267)
2	69,0.000996291588387	(2, 0.0010978395377888267)
2	40,0.0010147156395	(2, 0.0010978395377888267)
2	172,0.00107730890581	(2, 0.0010978395377888267)
2	2,0.00109783953779	(2, 0.0010978395377888267)
2	25,0.00151947437626	(2, 0.0010978395377888267)
2	15,0.00152839634504	(2, 0.0010978395377888267)
2	17,0.0015541330546	(2, 0.0010978395377888267)
3	3,0.000329987498578	(3, 0.000329987498578301)
3	63,0.000364183604978	(3, 0.000329987498578301)
3	132,0.000535206424156	(3, 0.000329987498578301)
3	81,0.000567203116999	(3, 0.000329987498578301)
3	121,0.000574707935572	(3, 0.000329987498578301)
3	147,0.00059150798537	(3, 0.000329987498578301)
3	162,0.000602185827499	(3, 0.000329987498578301)
3	76,0.000643204030907	(3, 0.000329987498578301)
3	11,0.000646675099338	(3, 0.000329987498578301)
3	151,0.000685590255237	(3, 0.000329987498578301)
4	172,0.0004837642426	(4, 0.00081764138855001923)
4	17,0.00062764545344	(4, 0.00081764138855001923)
4	37,0.0006732270624	(4, 0.00081764138855001923)
4	40,0.000683983919143	(4, 0.00081764138855001923)
4	77,0.000772955888255	(4, 0.00081764138855001923)
4	13,0.000788262677294	(4, 0.00081764138855001923)
4	3,0.000802189334434	(4, 0.00081764138855001923)
4	4,0.00081764138855	(4, 0.00081764138855001923)
4	69,0.000833311678311	(4, 0.00081764138855001923)
4	11,0.000854620056054	(4, 0.00081764138855001923)
5	73,0.000418717286241	(5, 0.0027850241080564901)
5	128,0.00112344168356	(5, 0.0027850241080564901)
5	78,0.00116960231565	(5, 0.0027850241080564901)
5	26,0.00117563660051	(5, 0.0027850241080564901)
5	22,0.00120909695242	(5, 0.0027850241080564901)
5	124,0.00123069520712	(5, 0.0027850241080564901)
5	93,0.00124886092902	(5, 0.0027850241080564901)
5	107,0.00126083220527	(5, 0.0027850241080564901)
5	121,0.00126489020212	(5, 0.0027850241080564901)
5	1,0.00127472094786	(5, 0.0027850241080564901)
6	139,0.000432830198872	(6, 0.00048340717035538864)
6	46,0.000476284008691	(6, 0.00048340717035538864)
6	6,0.000483407170355	(6, 0.00048340717035538864)
6	76,0.00053656126114	(6, 0.00048340717035538864)
6	171,0.00065530568267	(6, 0.00048340717035538864)
6	18,0.000691827196499	(6, 0.00048340717035538864)
6	22,0.000720138654976	(6, 0.00048340717035538864)
6	158,0.000740977463812	(6, 0.00048340717035538864)
6	35,0.000766825611527	(6, 0.00048340717035538864)
6	132,0.000791911280981	(6, 0.00048340717035538864)
7	66,0.00277236434129	(7, 0.0055667433380119404)
7	167,0.00368430151144	(7, 0.0055667433380119404)
7	51,0.00387738109128	(7, 0.0055667433380119404)
7	32,0.00404621157914	(7, 0.0055667433380119404)
7	80,0.00409682736712	(7, 0.0055667433380119404)
7	169,0.00434186861222	(7, 0.0055667433380119404)
7	149,0.00466176439863	(7, 0.0055667433380119404)
7	133,0.00476289838875	(7, 0.0055667433380119404)
7	160,0.0050448994324	(7, 0.0055667433380119404)
7	142,0.00553730986521	(7, 0.0055667433380119404)
8	11,0.000652225493848	(8, 0.001129360122914296)
8	121,0.000714543223396	(8, 0.001129360122914296)
8	73,0.000801495234195	(8, 0.001129360122914296)
8	18,0.000933315578933	(8, 0.001129360122914296)
8	78,0.000965204706638	(8, 0.001129360122914296)
8	81,0.00096714326351	(8, 0.001129360122914296)
8	71,0.00097345487326	(8, 0.001129360122914296)
8	162,0.000984503891901	(8, 0.001129360122914296)
8	22,0.00099420513804	(8, 0.001129360122914296)
8	151,0.00101134408414	(8, 0.001129360122914296)
9	9,0.000893302738007	(9, 0.0008933027380068915)
9	155,0.00194463482442	(9, 0.0008933027380068915)
9	114,0.00221209227981	(9, 0.0008933027380068915)
9	124,0.00260019457505	(9, 0.0008933027380068915)
9	53,0.00260065216024	(9, 0.0008933027380068915)
9	91,0.00263792039402	(9, 0.0008933027380068915)
9	41,0.00290959367069	(9, 0.0008933027380068915)
9	65,0.002922710062	(9, 0.0008933027380068915)
9	28,0.00339838616123	(9, 0.0008933027380068915)
9	1,0.00350458759587	(9, 0.0008933027380068915)
10	10,0.00141735365022	(10, 0.0014173536502157102)
10	47,0.00246740156082	(10, 0.0014173536502157102)
10	84,0.00291897086277	(10, 0.0014173536502157102)
10	167,0.00295532050614	(10, 0.0014173536502157102)
10	72,0.00317482025391	(10, 0.0014173536502157102)
10	99,0.00335214687033	(10, 0.0014173536502157102)
10	166,0.00341390397536	(10, 0.0014173536502157102)
10	14,0.00360267588144	(10, 0.0014173536502157102)
10	173,0.00364923180966	(10, 0.0014173536502157102)
10	67,0.00375487757267	(10, 0.0014173536502157102)
11	11,0.000405510857813	(11, 0.00040551085781329754)
11	81,0.000583324246457	(11, 0.00040551085781329754)
11	119,0.000635228394873	(11, 0.00040551085781329754)
11	3,0.000794561373702	(11, 0.00040551085781329754)
11	115,0.00080413312169	(11, 0.00040551085781329754)
11	37,0.000856905748374	(11, 0.00040551085781329754)
11	96,0.000882492527545	(11, 0.00040551085781329754)
11	143,0.00105481240196	(11, 0.00040551085781329754)
11	112,0.00107175293432	(11, 0.00040551085781329754)
11	71,0.00109223355772	(11, 0.00040551085781329754)
12	22,0.000378510703672	(12, 0.00053697859495856323)
12	121,0.000442355952351	(12, 0.00053697859495856323)
12	76,0.000492690571107	(12, 0.00053697859495856323)
12	12,0.000536978594959	(12, 0.00053697859495856323)
12	151,0.00053981842997	(12, 0.00053697859495856323)
12	126,0.000548777360748	(12, 0.00053697859495856323)
12	18,0.000552635538415	(12, 0.00053697859495856323)
12	78,0.000583999052174	(12, 0.00053697859495856323)
12	132,0.000610967726359	(12, 0.00053697859495856323)
12	61,0.000613967449884	(12, 0.00053697859495856323)
13	11,0.000476451292826	(13, 0.00085920580951281218)
13	162,0.000514151356424	(13, 0.00085920580951281218)
13	3,0.000556216439937	(13, 0.00085920580951281218)
13	172,0.000561298193165	(13, 0.00085920580951281218)
13	90,0.000564886730783	(13, 0.00085920580951281218)
13	37,0.000590863547765	(13, 0.00085920580951281218)
13	17,0.000607200757543	(13, 0.00085920580951281218)
13	81,0.000609153394822	(13, 0.00085920580951281218)
13	136,0.000630758718892	(13, 0.00085920580951281218)
13	77,0.000661182969782	(13, 0.00085920580951281218)
14	14,0.000563106100156	(14, 0.0005631061001559654)
14	72,0.000871791559175	(14, 0.0005631061001559654)
14	159,0.000887569797347	(14, 0.0005631061001559654)
14	144,0.00101955573477	(14, 0.0005631061001559654)
14	109,0.00106558714954	(14, 0.0005631061001559654)
14	145,0.00109236386101	(14, 0.0005631061001559654)
14	38,0.00110615392248	(14, 0.0005631061001559654)
14	12,0.00113605032153	(14, 0.0005631061001559654)
14	84,0.00119091705772	(14, 0.0005631061001559654)
14	123,0.00130357782954	(14, 0.0005631061001559654)
15	17,0.000443766702448	(15, 0.00047278005007521504)
15	15,0.000472780050075	(15, 0.00047278005007521504)
15	172,0.00068843058914	(15, 0.00047278005007521504)
15	4,0.000718911356532	(15, 0.00047278005007521504)
15	174,0.000778130106163	(15, 0.00047278005007521504)
15	69,0.000788601189125	(15, 0.00047278005007521504)
15	77,0.000790589772371	(15, 0.00047278005007521504)
15	40,0.000847338979112	(15, 0.00047278005007521504)
15	100,0.000874771628997	(15, 0.00047278005007521504)
15	79,0.000889245900484	(15, 0.00047278005007521504)
16	16,0.00100346275597	(16, 0.0010034627559675977)
16	170,0.00130863184683	(16, 0.0010034627559675977)
16	140,0.0013314574409	(16, 0.0010034627559675977)
16	0,0.00142340718434	(16, 0.0010034627559675977)
16	109,0.00148546349715	(16, 0.0010034627559675977)
16	114,0.00155923617622	(16, 0.0010034627559675977)
16	144,0.0015880859343	(16, 0.0010034627559675977)
16	134,0.00164154276502	(16, 0.0010034627559675977)
16	101,0.00164432664858	(16, 0.0010034627559675977)
16	19,0.00174661008211	(16, 0.0010034627559675977)
17	17,0.000290000851149	(17, 0.00029000085114869818)
17	172,0.000489986585703	(17, 0.00029000085114869818)
17	143,0.000669462817949	(17, 0.00029000085114869818)
17	77,0.000691611067207	(17, 0.00029000085114869818)
17	100,0.000705262608607	(17, 0.00029000085114869818)
17	37,0.000712133105185	(17, 0.00029000085114869818)
17	136,0.000743919201032	(17, 0.00029000085114869818)
17	49,0.000750878125322	(17, 0.00029000085114869818)
17	174,0.000852554348447	(17, 0.00029000085114869818)
17	148,0.000865966447334	(17, 0.00029000085114869818)
18	18,0.000339486094681	(18, 0.00033948609468110861)
18	121,0.000425459713882	(18, 0.00033948609468110861)
18	22,0.000498557925057	(18, 0.00033948609468110861)
18	76,0.000520977603982	(18, 0.00033948609468110861)
18	139,0.000529628765038	(18, 0.00033948609468110861)
18	88,0.000556519896564	(18, 0.00033948609468110861)
18	61,0.000588386909406	(18, 0.00033948609468110861)
18	35,0.000594636103099	(18, 0.00033948609468110861)
18	132,0.000595457046013	(18, 0.00033948609468110861)
18	151,0.000609264410361	(18, 0.00033948609468110861)
19	19,0.00117312386743	(19, 0.0011731238674304583)
19	43,0.00136827672541	(19, 0.0011731238674304583)
19	27,0.00137468464863	(19, 0.0011731238674304583)
19	32,0.00156423475277	(19, 0.0011731238674304583)
19	99,0.00166460863364	(19, 0.0011731238674304583)
19	164,0.00178836713793	(19, 0.0011731238674304583)
19	107,0.0019067769064	(19, 0.0011731238674304583)
19	84,0.00200934670596	(19, 0.0011731238674304583)
19	39,0.00208337604189	(19, 0.0011731238674304583)
19	101,0.00215460060781	(19, 0.0011731238674304583)
20	73,0.000745345294432	(20, 0.001011929381147585)
20	124,0.000918413583523	(20, 0.001011929381147585)
20	20,0.00101192938115	(20, 0.001011929381147585)
20	93,0.00108932111148	(20, 0.001011929381147585)
20	1,0.0011083524217	(20, 0.001011929381147585)
20	128,0.00118758043405	(20, 0.001011929381147585)
20	101,0.0012743949592	(20, 0.001011929381147585)
20	89,0.00130039457183	(20, 0.001011929381147585)
20	78,0.00138715096715	(20, 0.001011929381147585)
20	157,0.00139359249958	(20, 0.001011929381147585)
21	71,0.000443995776676	(21, 0.00072519798907666585)
21	162,0.000510175267874	(21, 0.00072519798907666585)
21	11,0.000521643403842	(21, 0.00072519798907666585)
21	117,0.000580432983223	(21, 0.00072519798907666585)
21	121,0.000597861304887	(21, 0.00072519798907666585)
21	21,0.000725197989077	(21, 0.00072519798907666585)
21	23,0.000782900887152	(21, 0.00072519798907666585)
21	76,0.00081561989821	(21, 0.00072519798907666585)
21	63,0.000833785154302	(21, 0.00072519798907666585)
21	1,0.000835777671423	(21, 0.00072519798907666585)
22	139,0.00047551603018	(22, 0.00057003384339446826)
22	117,0.000476460381576	(22, 0.00057003384339446826)
22	46,0.000490614502473	(22, 0.00057003384339446826)
22	18,0.000545166344608	(22, 0.00057003384339446826)
22	76,0.00055583776723	(22, 0.00057003384339446826)
22	22,0.000570033843394	(22, 0.00057003384339446826)
22	146,0.00057106540755	(22, 0.00057003384339446826)
22	132,0.000589093183328	(22, 0.00057003384339446826)
22	81,0.000597338188989	(22, 0.00057003384339446826)
22	3,0.000612276593728	(22, 0.00057003384339446826)
23	23,0.00032737758735	(23, 0.00032737758734986808)
23	61,0.000387715763833	(23, 0.00032737758734986808)
23	121,0.000760441269065	(23, 0.00032737758734986808)
23	63,0.000777155143447	(23, 0.00032737758734986808)
23	162,0.000789655713432	(23, 0.00032737758734986808)
23	76,0.000817620627494	(23, 0.00032737758734986808)
23	147,0.000853893511018	(23, 0.00032737758734986808)
23	78,0.000914174901812	(23, 0.00032737758734986808)
23	26,0.000945040945895	(23, 0.00032737758734986808)
23	135,0.000976089659501	(23, 0.00032737758734986808)
24	24,0.000548171344352	(24, 0.00054817134435235215)
24	107,0.000939969668744	(24, 0.00054817134435235215)
24	61,0.00101496249307	(24, 0.00054817134435235215)
24	27,0.00104431011618	(24, 0.00054817134435235215)
24	158,0.00118201296022	(24, 0.00054817134435235215)
24	12,0.00118763547911	(24, 0.00054817134435235215)
24	135,0.00121145366598	(24, 0.00054817134435235215)
24	23,0.00123936431416	(24, 0.00054817134435235215)
24	76,0.00128303619633	(24, 0.00054817134435235215)
24	73,0.00130668745803	(24, 0.00054817134435235215)
25	69,0.000476426888561	(25, 0.00060645670306657188)
25	25,0.000606456703067	(25, 0.00060645670306657188)
25	40,0.000650195079518	(25, 0.00060645670306657188)
25	148,0.0006598310306	(25, 0.00060645670306657188)
25	15,0.000721494343413	(25, 0.00060645670306657188)
25	4,0.000756521709926	(25, 0.00060645670306657188)
25	79,0.00101232429687	(25, 0.00060645670306657188)
25	17,0.00110122382505	(25, 0.00060645670306657188)
25	172,0.00111941524363	(25, 0.00060645670306657188)
25	154,0.00122479742144	(25, 0.00060645670306657188)
26	63,0.000391567781393	(26, 0.0010179893398549456)
26	18,0.000395308006587	(26, 0.0010179893398549456)
26	121,0.000446258500091	(26, 0.0010179893398549456)
26	76,0.000457058562855	(26, 0.0010179893398549456)
26	147,0.000496301902344	(26, 0.0010179893398549456)
26	11,0.000522559043017	(26, 0.0010179893398549456)
26	162,0.000529500469801	(26, 0.0010179893398549456)
26	151,0.000545559492216	(26, 0.0010179893398549456)
26	117,0.000548614277123	(26, 0.0010179893398549456)
26	22,0.000589576320308	(26, 0.0010179893398549456)
27	73,0.000951959672568	(27, 0.0011379124193603132)
27	61,0.000970189906704	(27, 0.0011379124193603132)
27	78,0.00105449141726	(27, 0.0011379124193603132)
27	121,0.00112819468056	(27, 0.0011379124193603132)
27	27,0.00113791241936	(27, 0.0011379124193603132)
27	26,0.0011601144962	(27, 0.0011379124193603132)
27	114,0.0011946403858	(27, 0.0011379124193603132)
27	170,0.00121112257081	(27, 0.0011379124193603132)
27	23,0.00122178491989	(27, 0.0011379124193603132)
27	101,0.0012274121819	(27, 0.0011379124193603132)
28	1,0.000811659999444	(28, 0.0010229968471935605)
28	73,0.000919347984062	(28, 0.0010229968471935605)
28	13,0.000989378347411	(28, 0.0010229968471935605)
28	28,0.00102299684719	(28, 0.0010229968471935605)
28	3,0.0010713140708	(28, 0.0010229968471935605)
28	124,0.00110475664413	(28, 0.0010229968471935605)
28	157,0.00115211463812	(28, 0.0010229968471935605)
28	83,0.00117142214609	(28, 0.0010229968471935605)
28	53,0.00117149522459	(28, 0.0010229968471935605)
28	93,0.00121485680723	(28, 0.0010229968471935605)
29	29,0.00058052735195	(29, 0.0005805273519497705)
29	135,0.000666920886355	(29, 0.0005805273519497705)
29	71,0.000697583072544	(29, 0.0005805273519497705)
29	77,0.000746390830732	(29, 0.0005805273519497705)
29	73,0.000874091092335	(29, 0.0005805273519497705)
29	76,0.00090831598085	(29, 0.0005805273519497705)
29	22,0.000954792538903	(29, 0.0005805273519497705)
29	11,0.000955779016555	(29, 0.0005805273519497705)
29	117,0.000984563556293	(29, 0.0005805273519497705)
29	12,0.000987324688529	(29, 0.0005805273519497705)
30	30,0.00125951838449	(30, 0.0012595183844912369)
30	103,0.00140322730167	(30, 0.0012595183844912369)
30	91,0.00160778432884	(30, 0.0012595183844912369)
30	1,0.00180937360396	(30, 0.0012595183844912369)
30	28,0.00184585187437	(30, 0.0012595183844912369)
30	51,0.00195089804158	(30, 0.0012595183844912369)
30	53,0.00200308214484	(30, 0.0012595183844912369)
30	153,0.00201008915273	(30, 0.0012595183844912369)
30	102,0.00204136381625	(30, 0.0012595183844912369)
30	133,0.00211187261745	(30, 0.0012595183844912369)
31	166,0.000983517280531	(31, 0.0016564418179951278)
31	72,0.00160301497683	(31, 0.0016564418179951278)
31	31,0.001656441818	(31, 0.0016564418179951278)
31	116,0.00170695584314	(31, 0.0016564418179951278)
31	144,0.0018412459405	(31, 0.0016564418179951278)
31	124,0.00187089007322	(31, 0.0016564418179951278)
31	131,0.00208580004234	(31, 0.0016564418179951278)
31	69,0.00208654425268	(31, 0.0016564418179951278)
31	104,0.00208829278753	(31, 0.0016564418179951278)
31	48,0.00223930947415	(31, 0.0016564418179951278)
32	156,0.00115063384132	(32, 0.0014592548262373612)
32	73,0.00123408069853	(32, 0.0014592548262373612)
32	27,0.00134747460527	(32, 0.0014592548262373612)
32	32,0.00145925482624	(32, 0.0014592548262373612)
32	107,0.00148815050176	(32, 0.0014592548262373612)
32	50,0.0015206121649	(32, 0.0014592548262373612)
32	12,0.0016595810817	(32, 0.0014592548262373612)
32	144,0.00169351941205	(32, 0.0014592548262373612)
32	109,0.00169741840499	(32, 0.0014592548262373612)
32	24,0.0017238340913	(32, 0.0014592548262373612)
33	33,0.00103518614951	(33, 0.0010351861495062824)
33	69,0.0012137820513	(33, 0.0010351861495062824)
33	40,0.00140562195046	(33, 0.0010351861495062824)
33	4,0.00144232654869	(33, 0.0010351861495062824)
33	28,0.00145769383275	(33, 0.0010351861495062824)
33	116,0.00152720879344	(33, 0.0010351861495062824)
33	73,0.00164076823873	(33, 0.0010351861495062824)
33	93,0.00166388272283	(33, 0.0010351861495062824)
33	124,0.00169323762219	(33, 0.0010351861495062824)
33	30,0.00169431724903	(33, 0.0010351861495062824)
34	17,0.000589514347463	(34, 0.0014388004410470889)
34	15,0.000605405216817	(34, 0.0014388004410470889)
34	83,0.000750215280464	(34, 0.0014388004410470889)
34	172,0.000769385117568	(34, 0.0014388004410470889)
34	40,0.000776458469909	(34, 0.0014388004410470889)
34	69,0.0008043408362	(34, 0.0014388004410470889)
34	120,0.000849766411267	(34, 0.0014388004410470889)
34	4,0.000870477521827	(34, 0.0014388004410470889)
34	148,0.000882216792568	(34, 0.0014388004410470889)
34	161,0.000910412444584	(34, 0.0014388004410470889)
35	35,0.000424875827902	(35, 0.00042487582790187858)
35	18,0.000653373572169	(35, 0.00042487582790187858)
35	88,0.000713509959741	(35, 0.00042487582790187858)
35	139,0.000751316081497	(35, 0.00042487582790187858)
35	12,0.000762637270682	(35, 0.00042487582790187858)
35	128,0.0007633521691	(35, 0.00042487582790187858)
35	22,0.00079499448622	(35, 0.00042487582790187858)
35	158,0.000826785884736	(35, 0.00042487582790187858)
35	55,0.000885664007727	(35, 0.00042487582790187858)
35	121,0.00093442864398	(35, 0.00042487582790187858)
36	76,0.000264421049469	(36, 0.00031224669050001537)
36	46,0.000269628722093	(36, 0.00031224669050001537)
36	36,0.0003122466905	(36, 0.00031224669050001537)
36	147,0.000314225515526	(36, 0.00031224669050001537)
36	171,0.000390614127778	(36, 0.00031224669050001537)
36	18,0.000402054294883	(36, 0.00031224669050001537)
36	63,0.000470131736914	(36, 0.00031224669050001537)
36	137,0.000590031630506	(36, 0.00031224669050001537)
36	22,0.000639754544929	(36, 0.00031224669050001537)
36	139,0.000644079458087	(36, 0.00031224669050001537)
37	37,0.000442145179525	(37, 0.00044214517952519301)
37	11,0.000547127568107	(37, 0.00044214517952519301)
37	3,0.000587926785744	(37, 0.00044214517952519301)
37	100,0.000626680643639	(37, 0.00044214517952519301)
37	77,0.000686377886966	(37, 0.00044214517952519301)
37	90,0.000742312889776	(37, 0.00044214517952519301)
37	143,0.000781232455246	(37, 0.00044214517952519301)
37	17,0.000782349011191	(37, 0.00044214517952519301)
37	21,0.000832127770051	(37, 0.00044214517952519301)
37	136,0.00086528919945	(37, 0.00044214517952519301)
38	38,0.000443810892316	(38, 0.00044381089231593381)
38	55,0.000753350865633	(38, 0.00044381089231593381)
38	12,0.000853959797493	(38, 0.00044381089231593381)
38	14,0.000989647459837	(38, 0.00044381089231593381)
38	43,0.00112569725667	(38, 0.00044381089231593381)
38	50,0.00130110942869	(38, 0.00044381089231593381)
38	128,0.00133379961091	(38, 0.00044381089231593381)
38	105,0.00133981498939	(38, 0.00044381089231593381)
38	159,0.00136642842418	(38, 0.00044381089231593381)
38	61,0.00137374801269	(38, 0.00044381089231593381)
39	84,0.00128714958742	(39, 0.0013430347795138295)
39	39,0.00134303477951	(39, 0.0013430347795138295)
39	156,0.00152293818211	(39, 0.0013430347795138295)
39	138,0.00170590073575	(39, 0.0013430347795138295)
39	109,0.0017419767756	(39, 0.0013430347795138295)
39	73,0.00178177040756	(39, 0.0013430347795138295)
39	93,0.00189031897041	(39, 0.0013430347795138295)
39	99,0.00193300935959	(39, 0.0013430347795138295)
39	107,0.00193498837904	(39, 0.0013430347795138295)
39	131,0.00197657823019	(39, 0.0013430347795138295)
40	40,0.00030645818991	(40, 0.00030645818991004988)
40	69,0.000535954795465	(40, 0.00030645818991004988)
40	15,0.000665520958535	(40, 0.00030645818991004988)
40	172,0.000683959656602	(40, 0.00030645818991004988)
40	79,0.000692409735301	(40, 0.00030645818991004988)
40	4,0.00070301643366	(40, 0.00030645818991004988)
40	25,0.000767024320331	(40, 0.00030645818991004988)
40	17,0.000776045491438	(40, 0.00030645818991004988)
40	148,0.000832211522178	(40, 0.00030645818991004988)
40	77,0.000950887574626	(40, 0.00030645818991004988)
41	41,0.000670331568982	(41, 0.00067033156898235497)
41	1,0.00108328221464	(41, 0.00067033156898235497)
41	155,0.00111985950235	(41, 0.00067033156898235497)
41	20,0.00121769398293	(41, 0.00067033156898235497)
41	114,0.00159094998793	(41, 0.00067033156898235497)
41	103,0.00159275310614	(41, 0.00067033156898235497)
41	68,0.00162564207778	(41, 0.00067033156898235497)
41	26,0.00175427222308	(41, 0.00067033156898235497)
41	29,0.00176817097732	(41, 0.00067033156898235497)
41	71,0.00180404020366	(41, 0.00067033156898235497)
42	69,0.00152517874733	(42, 0.0037325565935685322)
42	163,0.0016520476849	(42, 0.0037325565935685322)
42	28,0.00190261989055	(42, 0.0037325565935685322)
42	53,0.00199505159378	(42, 0.0037325565935685322)
42	34,0.00210399019458	(42, 0.0037325565935685322)
42	140,0.00212956332101	(42, 0.0037325565935685322)
42	97,0.00224685466865	(42, 0.0037325565935685322)
42	4,0.00226770418948	(42, 0.0037325565935685322)
42	40,0.00227049186099	(42, 0.0037325565935685322)
42	120,0.00235799614498	(42, 0.0037325565935685322)
43	12,0.000535808660197	(43, 0.0011544919293437757)
43	22,0.000573024996109	(43, 0.0011544919293437757)
43	121,0.000645506701606	(43, 0.0011544919293437757)
43	128,0.000668942434494	(43, 0.0011544919293437757)
43	61,0.000671784563963	(43, 0.0011544919293437757)
43	18,0.000717698224673	(43, 0.0011544919293437757)
43	78,0.000730920748085	(43, 0.0011544919293437757)
43	76,0.000787606455959	(43, 0.0011544919293437757)
43	55,0.00079288368743	(43, 0.0011544919293437757)
43	158,0.000814708335794	(43, 0.0011544919293437757)
44	124,0.000696557532717	(44, 0.0029376782388935594)
44	109,0.00095724731407	(44, 0.0029376782388935594)
44	73,0.000963646778755	(44, 0.0029376782388935594)
44	116,0.00106261596564	(44, 0.0029376782388935594)
44	93,0.00111644972051	(44, 0.0029376782388935594)
44	144,0.00124545770671	(44, 0.0029376782388935594)
44	123,0.00132582703297	(44, 0.0029376782388935594)
44	159,0.00139598656815	(44, 0.0029376782388935594)
44	84,0.00140578317478	(44, 0.0029376782388935594)
44	115,0.00142974673902	(44, 0.0029376782388935594)
45	45,0.0012014593995	(45, 0.0012014593995031701)
45	130,0.00166852186006	(45, 0.0012014593995031701)
45	94,0.00201721502211	(45, 0.0012014593995031701)
45	91,0.0022308535267	(45, 0.0012014593995031701)
45	53,0.00228686275739	(45, 0.0012014593995031701)
45	129,0.00229057792822	(45, 0.0012014593995031701)
45	133,0.00230071312584	(45, 0.0012014593995031701)
45	98,0.00239450630061	(45, 0.0012014593995031701)
45	83,0.00240762203187	(45, 0.0012014593995031701)
45	15,0.00247068679732	(45, 0.0012014593995031701)
46	46,0.000261627727797	(46, 0.00026162772779738308)
46	36,0.000331036889179	(46, 0.00026162772779738308)
46	171,0.000364171515127	(46, 0.00026162772779738308)
46	137,0.00041230459081	(46, 0.00026162772779738308)
46	76,0.000436385480877	(46, 0.00026162772779738308)
46	147,0.00054288266131	(46, 0.00026162772779738308)
46	63,0.000626880641171	(46, 0.00026162772779738308)
46	18,0.000643478570445	(46, 0.00026162772779738308)
46	6,0.000656037542027	(46, 0.00026162772779738308)
46	139,0.00067975993175	(46, 0.00026162772779738308)
47	99,0.00163263068441	(47, 0.00217897399145771)
47	27,0.00181006789668	(47, 0.00217897399145771)
47	10,0.00183212326414	(47, 0.00217897399145771)
47	19,0.00191401792436	(47, 0.00217897399145771)
47	43,0.00198105835791	(47, 0.00217897399145771)
47	84,0.00203449970205	(47, 0.00217897399145771)
47	47,0.00217897399146	(47, 0.00217897399145771)
47	138,0.00238373270481	(47, 0.00217897399145771)
47	167,0.00241076374234	(47, 0.00217897399145771)
47	0,0.00244073523994	(47, 0.00217897399145771)
48	48,0.00080644693485	(48, 0.0008064469348504651)
48	120,0.000827190056932	(48, 0.0008064469348504651)
48	56,0.000907875517263	(48, 0.0008064469348504651)
48	69,0.000932149103897	(48, 0.0008064469348504651)
48	97,0.00093630590694	(48, 0.0008064469348504651)
48	40,0.00106741527351	(48, 0.0008064469348504651)
48	124,0.00123186876625	(48, 0.0008064469348504651)
48	154,0.00123777250117	(48, 0.0008064469348504651)
48	174,0.00127633383911	(48, 0.0008064469348504651)
48	15,0.0013373141835	(48, 0.0008064469348504651)
49	49,0.000638062197229	(49, 0.00063806219722887484)
49	59,0.00079807896643	(49, 0.00063806219722887484)
49	98,0.000938440482382	(49, 0.00063806219722887484)
49	15,0.000939220575065	(49, 0.00063806219722887484)
49	77,0.00099223682682	(49, 0.00063806219722887484)
49	100,0.000999335303102	(49, 0.00063806219722887484)
49	172,0.00105223481675	(49, 0.00063806219722887484)
49	17,0.00113733874381	(49, 0.00063806219722887484)
49	83,0.00120230058292	(49, 0.00063806219722887484)
49	37,0.00122119142967	(49, 0.00063806219722887484)
50	50,0.000476182002218	(50, 0.00047618200221802331)
50	12,0.000761669802747	(50, 0.00047618200221802331)
50	107,0.000991461973283	(50, 0.00047618200221802331)
50	128,0.00108184707697	(50, 0.00047618200221802331)
50	22,0.00108927457642	(50, 0.00047618200221802331)
50	35,0.00109348381809	(50, 0.00047618200221802331)
50	76,0.00110391444696	(50, 0.00047618200221802331)
50	159,0.00111794345296	(50, 0.00047618200221802331)
50	46,0.00112374322533	(50, 0.00047618200221802331)
50	152,0.00113041517163	(50, 0.00047618200221802331)
51	124,0.000632249664241	(51, 0.0027233763978998485)
51	73,0.000895375739581	(51, 0.0027233763978998485)
51	155,0.00100387251928	(51, 0.0027233763978998485)
51	93,0.00102370279485	(51, 0.0027233763978998485)
51	28,0.00108508679383	(51, 0.0027233763978998485)
51	53,0.00114995389304	(51, 0.0027233763978998485)
51	157,0.00118776696761	(51, 0.0027233763978998485)
51	1,0.00124823243243	(51, 0.0027233763978998485)
51	116,0.00127740841313	(51, 0.0027233763978998485)
51	13,0.0013759507042	(51, 0.0027233763978998485)
52	53,0.00106152972232	(52, 0.0029838427513472245)
52	44,0.00135227476942	(52, 0.0029838427513472245)
52	124,0.00136151703181	(52, 0.0029838427513472245)
52	155,0.00138706793613	(52, 0.0029838427513472245)
52	4,0.00150582506486	(52, 0.0029838427513472245)
52	163,0.00155104491984	(52, 0.0029838427513472245)
52	65,0.00159755733874	(52, 0.0029838427513472245)
52	13,0.00165364959258	(52, 0.0029838427513472245)
52	161,0.00168920120175	(52, 0.0029838427513472245)
52	119,0.00176706849826	(52, 0.0029838427513472245)
53	65,0.000545442244282	(53, 0.00074760530133787884)
53	53,0.000747605301338	(53, 0.00074760530133787884)
53	155,0.000818862379488	(53, 0.00074760530133787884)
53	44,0.000930475822211	(53, 0.00074760530133787884)
53	161,0.00101337143924	(53, 0.00074760530133787884)
53	120,0.00106075294066	(53, 0.00074760530133787884)
53	163,0.00118801084496	(53, 0.00074760530133787884)
53	114,0.00124291020398	(53, 0.00074760530133787884)
53	124,0.00132144225007	(53, 0.00074760530133787884)
53	83,0.00138981736736	(53, 0.00074760530133787884)
54	136,0.000532152813683	(54, 0.0008443158356540568)
54	162,0.000640553237454	(54, 0.0008443158356540568)
54	90,0.000736110971559	(54, 0.0008443158356540568)
54	11,0.000755654678695	(54, 0.0008443158356540568)
54	54,0.000844315835654	(54, 0.0008443158356540568)
54	147,0.000850906739808	(54, 0.0008443158356540568)
54	71,0.000868284494024	(54, 0.0008443158356540568)
54	63,0.000880400011462	(54, 0.0008443158356540568)
54	37,0.000897838713963	(54, 0.0008443158356540568)
54	3,0.00089909023847	(54, 0.0008443158356540568)
55	12,0.000456403562077	(55, 0.00091391631441039211)
55	159,0.000596734018125	(55, 0.00091391631441039211)
55	152,0.000699803840758	(55, 0.00091391631441039211)
55	134,0.000793722547962	(55, 0.00091391631441039211)
55	86,0.000821243889295	(55, 0.00091391631441039211)
55	121,0.000838608333367	(55, 0.00091391631441039211)
55	18,0.000846856777714	(55, 0.00091391631441039211)
55	128,0.000858860761614	(55, 0.00091391631441039211)
55	55,0.00091391631441	(55, 0.00091391631441039211)
55	146,0.000960523729795	(55, 0.00091391631441039211)
56	56,0.000506409518161	(56, 0.00050640951816118788)
56	15,0.000770343791475	(56, 0.00050640951816118788)
56	120,0.000795084700389	(56, 0.00050640951816118788)
56	69,0.00109672992599	(56, 0.00050640951816118788)
56	174,0.00121336490607	(56, 0.00050640951816118788)
56	48,0.00123202190667	(56, 0.00050640951816118788)
56	113,0.0012650768349	(56, 0.00050640951816118788)
56	2,0.0013112595283	(56, 0.00050640951816118788)
56	4,0.00132809453355	(56, 0.00050640951816118788)
56	40,0.0014189565953	(56, 0.00050640951816118788)
57	15,0.00141442148234	(57, 0.001592251751530832)
57	56,0.00153841308322	(57, 0.001592251751530832)
57	57,0.00159225175153	(57, 0.001592251751530832)
57	122,0.00175957325623	(57, 0.001592251751530832)
57	174,0.00176240155105	(57, 0.001592251751530832)
57	113,0.00196742252724	(57, 0.001592251751530832)
57	120,0.00205511241379	(57, 0.001592251751530832)
57	2,0.0022413621901	(57, 0.001592251751530832)
57	154,0.00255700238615	(57, 0.001592251751530832)
57	17,0.00268486218172	(57, 0.001592251751530832)
58	24,0.000724040814922	(58, 0.003134957713820585)
58	27,0.000832996021638	(58, 0.003134957713820585)
58	107,0.000924892721926	(58, 0.003134957713820585)
58	50,0.00109588129812	(58, 0.003134957713820585)
58	61,0.00127473993135	(58, 0.003134957713820585)
58	43,0.00134072712821	(58, 0.003134957713820585)
58	158,0.00134372073608	(58, 0.003134957713820585)
58	12,0.00136677794622	(58, 0.003134957713820585)
58	38,0.00139605457431	(58, 0.003134957713820585)
58	19,0.00144773833021	(58, 0.003134957713820585)
59	15,0.00165172840525	(59, 0.0018564414739611231)
59	83,0.0016940974934	(59, 0.0018564414739611231)
59	65,0.00172876647649	(59, 0.0018564414739611231)
59	113,0.00175894924208	(59, 0.0018564414739611231)
59	94,0.00181340706085	(59, 0.0018564414739611231)
59	59,0.00185644147396	(59, 0.0018564414739611231)
59	130,0.00205738356226	(59, 0.0018564414739611231)
59	120,0.00217999119289	(59, 0.0018564414739611231)
59	44,0.00218319001691	(59, 0.0018564414739611231)
59	161,0.00223516329097	(59, 0.0018564414739611231)
60	40,0.000653393076771	(60, 0.00077742890553871306)
60	69,0.000680369820617	(60, 0.00077742890553871306)
60	60,0.000777428905539	(60, 0.00077742890553871306)
60	15,0.000791705574939	(60, 0.00077742890553871306)
60	79,0.000834085363836	(60, 0.00077742890553871306)
60	4,0.000937150709927	(60, 0.00077742890553871306)
60	172,0.000967618496082	(60, 0.00077742890553871306)
60	77,0.000985088486771	(60, 0.00077742890553871306)
60	25,0.000988134255595	(60, 0.00077742890553871306)
60	100,0.00103682770822	(60, 0.00077742890553871306)
61	61,0.000527033205801	(61, 0.00052703320580077941)
61	23,0.000598711526967	(61, 0.00052703320580077941)
61	162,0.000645103393715	(61, 0.00052703320580077941)
61	121,0.000646093700045	(61, 0.00052703320580077941)
61	71,0.000674763631778	(61, 0.00052703320580077941)
61	63,0.000694356112133	(61, 0.00052703320580077941)
61	76,0.000699501495847	(61, 0.00052703320580077941)
61	77,0.000750622616304	(61, 0.00052703320580077941)
61	147,0.000759627251497	(61, 0.00052703320580077941)
61	26,0.00082651655605	(61, 0.00052703320580077941)
62	78,0.000712244897841	(62, 0.001145373104896314)
62	73,0.000881245360659	(62, 0.001145373104896314)
62	26,0.000887240979045	(62, 0.001145373104896314)
62	107,0.000992302091521	(62, 0.001145373104896314)
62	61,0.00102161055507	(62, 0.001145373104896314)
62	121,0.00105469970132	(62, 0.001145373104896314)
62	158,0.00107608295238	(62, 0.001145373104896314)
62	128,0.00111912545185	(62, 0.001145373104896314)
62	62,0.0011453731049	(62, 0.001145373104896314)
62	1,0.00116232219818	(62, 0.001145373104896314)
63	3,0.000363711110121	(63, 0.00051609852006292772)
63	63,0.000516098520063	(63, 0.00051609852006292772)
63	77,0.000524229615546	(63, 0.00051609852006292772)
63	162,0.000527913411774	(63, 0.00051609852006292772)
63	11,0.000537414410769	(63, 0.00051609852006292772)
63	37,0.000605650368965	(63, 0.00051609852006292772)
63	136,0.000637208695847	(63, 0.00051609852006292772)
63	147,0.000637654597674	(63, 0.00051609852006292772)
63	81,0.000641160237142	(63, 0.00051609852006292772)
63	171,0.000654858118548	(63, 0.00051609852006292772)
64	64,0.00234811277122	(64, 0.0023481127712169235)
64	45,0.00288832076252	(64, 0.0023481127712169235)
64	118,0.00300142658548	(64, 0.0023481127712169235)
64	130,0.00304764508064	(64, 0.0023481127712169235)
64	133,0.00370453519258	(64, 0.0023481127712169235)
64	33,0.00388126962447	(64, 0.0023481127712169235)
64	34,0.00438302787218	(64, 0.0023481127712169235)
64	113,0.00440625625361	(64, 0.0023481127712169235)
64	94,0.00462282280175	(64, 0.0023481127712169235)
64	15,0.00512551319871	(64, 0.0023481127712169235)
65	65,0.000619233122814	(65, 0.00061923312281435305)
65	161,0.000671731854028	(65, 0.00061923312281435305)
65	83,0.000703063385014	(65, 0.00061923312281435305)
65	59,0.000889253945737	(65, 0.00061923312281435305)
65	68,0.000959542234279	(65, 0.00061923312281435305)
65	100,0.000996172312016	(65, 0.00061923312281435305)
65	17,0.00105211163805	(65, 0.00061923312281435305)
65	155,0.00109192791693	(65, 0.00061923312281435305)
65	71,0.00109668383055	(65, 0.00061923312281435305)
65	77,0.0011028249183	(65, 0.00061923312281435305)
66	66,0.00186551257546	(66, 0.0018655125754576869)
66	130,0.00374183963035	(66, 0.0018655125754576869)
66	133,0.00409226924348	(66, 0.0018655125754576869)
66	140,0.0044988549582	(66, 0.0018655125754576869)
66	91,0.00475117320034	(66, 0.0018655125754576869)
66	118,0.00478932787755	(66, 0.0018655125754576869)
66	33,0.00509149668335	(66, 0.0018655125754576869)
66	141,0.00559566088669	(66, 0.0018655125754576869)
66	53,0.00581102677568	(66, 0.0018655125754576869)
66	114,0.00586932557452	(66, 0.0018655125754576869)
67	84,0.0014174421091	(67, 0.0015683233205767149)
67	93,0.00150575609488	(67, 0.0015683233205767149)
67	67,0.00156832332058	(67, 0.0015683233205767149)
67	30,0.00169816860387	(67, 0.0015683233205767149)
67	140,0.00171553236735	(67, 0.0015683233205767149)
67	169,0.00181566978395	(67, 0.0015683233205767149)
67	28,0.00183810905182	(67, 0.0015683233205767149)
67	109,0.00184168493874	(67, 0.0015683233205767149)
67	73,0.00196210287808	(67, 0.0015683233205767149)
67	156,0.00197760045489	(67, 0.0015683233205767149)
68	68,0.000665338539911	(68, 0.00066533853991130546)
68	23,0.000869408805574	(68, 0.00066533853991130546)
68	61,0.000876011527947	(68, 0.00066533853991130546)
68	63,0.000899790209634	(68, 0.00066533853991130546)
68	70,0.000919435033593	(68, 0.00066533853991130546)
68	147,0.000962952027297	(68, 0.00066533853991130546)
68	162,0.00105451336941	(68, 0.00066533853991130546)
68	135,0.00109655672736	(68, 0.00066533853991130546)
68	77,0.00111374623515	(68, 0.00066533853991130546)
68	71,0.00112363496887	(68, 0.00066533853991130546)
69	122,0.00226035438439	(69, 0.0025181137027347686)
69	15,0.00246753320234	(69, 0.0025181137027347686)
69	69,0.00251811370273	(69, 0.0025181137027347686)
69	33,0.00259649263181	(69, 0.0025181137027347686)
69	174,0.00271954401595	(69, 0.0025181137027347686)
69	48,0.00272313164206	(69, 0.0025181137027347686)
69	2,0.00277821898889	(69, 0.0025181137027347686)
69	56,0.00278346566878	(69, 0.0025181137027347686)
69	154,0.0028242553992	(69, 0.0025181137027347686)
69	4,0.00289561709989	(69, 0.0025181137027347686)
70	121,0.000485400083904	(70, 0.00068292314596607516)
70	132,0.000647628409238	(70, 0.00068292314596607516)
70	3,0.000675169934631	(70, 0.00068292314596607516)
70	70,0.000682923145966	(70, 0.00068292314596607516)
70	22,0.000688945669695	(70, 0.00068292314596607516)
70	139,0.00069223148467	(70, 0.00068292314596607516)
70	63,0.000767916010069	(70, 0.00068292314596607516)
70	117,0.000787411761191	(70, 0.00068292314596607516)
70	88,0.000789360835839	(70, 0.00068292314596607516)
70	26,0.000835784596808	(70, 0.00068292314596607516)
71	91,0.00118769167932	(71, 0.0036288465930310078)
71	133,0.00154223710744	(71, 0.0036288465930310078)
71	101,0.00201428370383	(71, 0.0036288465930310078)
71	41,0.00204929241392	(71, 0.0036288465930310078)
71	155,0.00217428533195	(71, 0.0036288465930310078)
71	103,0.00228979633635	(71, 0.0036288465930310078)
71	102,0.00236939715362	(71, 0.0036288465930310078)
71	53,0.00240619306142	(71, 0.0036288465930310078)
71	124,0.00242790482071	(71, 0.0036288465930310078)
71	114,0.00244528990103	(71, 0.0036288465930310078)
72	17,0.000833169311069	(72, 0.0056637994550487276)
72	148,0.000906647394886	(72, 0.0056637994550487276)
72	172,0.000940065154717	(72, 0.0056637994550487276)
72	143,0.000942149913206	(72, 0.0056637994550487276)
72	174,0.00102025975586	(72, 0.0056637994550487276)
72	100,0.00117825018837	(72, 0.0056637994550487276)
72	37,0.00122796310989	(72, 0.0056637994550487276)
72	40,0.00123934696465	(72, 0.0056637994550487276)
72	49,0.00125496506875	(72, 0.0056637994550487276)
72	77,0.00127731354684	(72, 0.0056637994550487276)
73	73,0.000556731599649	(73, 0.00055673159964861427)
73	124,0.000800428268734	(73, 0.00055673159964861427)
73	13,0.000877114074577	(73, 0.00055673159964861427)
73	157,0.00100823664827	(73, 0.00055673159964861427)
73	53,0.00127424850015	(73, 0.00055673159964861427)
73	155,0.00128467477987	(73, 0.00055673159964861427)
73	114,0.00129983538593	(73, 0.00055673159964861427)
73	27,0.00132804789103	(73, 0.00055673159964861427)
73	41,0.00135560291732	(73, 0.00055673159964861427)
73	109,0.00141066326333	(73, 0.00055673159964861427)
74	17,0.000340011796822	(74, 0.00046564571102247185)
74	136,0.00043196935551	(74, 0.00046564571102247185)
74	74,0.000465645711022	(74, 0.00046564571102247185)
74	100,0.000487533951748	(74, 0.00046564571102247185)
74	37,0.000499192422196	(74, 0.00046564571102247185)
74	90,0.000547945808588	(74, 0.00046564571102247185)
74	77,0.000572400915737	(74, 0.00046564571102247185)
74	127,0.000624072924077	(74, 0.00046564571102247185)
74	11,0.000761146738036	(74, 0.00046564571102247185)
74	172,0.000795068593555	(74, 0.00046564571102247185)
75	167,0.00276233094782	(75, 0.0033613350355685793)
75	75,0.00336133503557	(75, 0.0033613350355685793)
75	47,0.00442560727159	(75, 0.0033613350355685793)
75	80,0.00461946062188	(75, 0.0033613350355685793)
75	10,0.00471681650548	(75, 0.0033613350355685793)
75	84,0.00523662685775	(75, 0.0033613350355685793)
75	67,0.00530834668405	(75, 0.0033613350355685793)
75	99,0.00549993442236	(75, 0.0033613350355685793)
75	19,0.00553881434448	(75, 0.0033613350355685793)
75	85,0.00573440572172	(75, 0.0033613350355685793)
76	76,0.000287538249475	(76, 0.00028753824947547597)
76	137,0.000312172737947	(76, 0.00028753824947547597)
76	171,0.000362623582101	(76, 0.00028753824947547597)
76	147,0.000365327883939	(76, 0.00028753824947547597)
76	63,0.00041700125312	(76, 0.00028753824947547597)
76	3,0.000482493912402	(76, 0.00028753824947547597)
76	126,0.000532421423404	(76, 0.00028753824947547597)
76	46,0.000561381349133	(76, 0.00028753824947547597)
76	36,0.000647953385425	(76, 0.00028753824947547597)
76	22,0.000662140018523	(76, 0.00028753824947547597)
77	147,0.000414146913164	(77, 0.00049911583545917944)
77	63,0.000431438890338	(77, 0.00049911583545917944)
77	162,0.000432246161926	(77, 0.00049911583545917944)
77	137,0.000463949741014	(77, 0.00049911583545917944)
77	136,0.000483477279062	(77, 0.00049911583545917944)
77	90,0.000488298068688	(77, 0.00049911583545917944)
77	77,0.000499115835459	(77, 0.00049911583545917944)
77	3,0.00050012964942	(77, 0.00049911583545917944)
77	11,0.00052007571339	(77, 0.00049911583545917944)
77	37,0.000548893809945	(77, 0.00049911583545917944)
78	151,0.000378106688528	(78, 0.00075375181698359892)
78	76,0.000404420517486	(78, 0.00075375181698359892)
78	63,0.000412775935493	(78, 0.00075375181698359892)
78	18,0.000429992216834	(78, 0.00075375181698359892)
78	22,0.000433823426676	(78, 0.00075375181698359892)
78	121,0.000457925170166	(78, 0.00075375181698359892)
78	132,0.000469620420697	(78, 0.00075375181698359892)
78	147,0.000487194216403	(78, 0.00075375181698359892)
78	146,0.000604241405831	(78, 0.00075375181698359892)
78	126,0.000625385900589	(78, 0.00075375181698359892)
79	4,0.00038446345792	(79, 0.00047449589177954628)
79	69,0.000392565042167	(79, 0.00047449589177954628)
79	79,0.00047449589178	(79, 0.00047449589177954628)
79	40,0.000522608700664	(79, 0.00047449589177954628)
79	25,0.000883144799622	(79, 0.00047449589177954628)
79	148,0.000892299440262	(79, 0.00047449589177954628)
79	172,0.00103549050606	(79, 0.00047449589177954628)
79	15,0.00107486585508	(79, 0.00047449589177954628)
79	56,0.00108024470225	(79, 0.00047449589177954628)
79	17,0.00110560452906	(79, 0.00047449589177954628)
80	80,0.00133964094932	(80, 0.0013396409493228829)
80	167,0.00261613183853	(80, 0.0013396409493228829)
80	51,0.00263512599317	(80, 0.0013396409493228829)
80	32,0.0033745769018	(80, 0.0013396409493228829)
80	165,0.00461864190249	(80, 0.0013396409493228829)
80	39,0.00481754519243	(80, 0.0013396409493228829)
80	27,0.00493437926414	(80, 0.0013396409493228829)
80	169,0.00498853006983	(80, 0.0013396409493228829)
80	58,0.00511984554247	(80, 0.0013396409493228829)
80	156,0.00524152180788	(80, 0.0013396409493228829)
81	81,0.000447547607044	(81, 0.00044754760704441746)
81	3,0.000583901566723	(81, 0.00044754760704441746)
81	11,0.000631192917507	(81, 0.00044754760704441746)
81	77,0.000691668993698	(81, 0.00044754760704441746)
81	132,0.000714360245864	(81, 0.00044754760704441746)
81	121,0.00073146952846	(81, 0.00044754760704441746)
81	117,0.000739827122228	(81, 0.00044754760704441746)
81	22,0.000764672764319	(81, 0.00044754760704441746)
81	18,0.000784896377837	(81, 0.00044754760704441746)
81	76,0.00080981019719	(81, 0.00044754760704441746)
82	27,0.00101918911635	(82, 0.0019972403304723608)
82	24,0.00112359871174	(82, 0.0019972403304723608)
82	12,0.00119147208844	(82, 0.0019972403304723608)
82	73,0.00129457906955	(82, 0.0019972403304723608)
82	38,0.00130365833591	(82, 0.0019972403304723608)
82	107,0.00139995113548	(82, 0.0019972403304723608)
82	13,0.00140020145246	(82, 0.0019972403304723608)
82	105,0.00140305279808	(82, 0.0019972403304723608)
82	50,0.00145896409745	(82, 0.0019972403304723608)
82	61,0.00150139853178	(82, 0.0019972403304723608)
83	13,0.000605352013275	(83, 0.00089319736912189568)
83	155,0.000705793516292	(83, 0.00089319736912189568)
83	161,0.000755156532198	(83, 0.00089319736912189568)
83	11,0.000759454628359	(83, 0.00089319736912189568)
83	71,0.000797559761759	(83, 0.00089319736912189568)
83	65,0.000835809476841	(83, 0.00089319736912189568)
83	83,0.000893197369122	(83, 0.00089319736912189568)
83	17,0.000918021808499	(83, 0.00089319736912189568)
83	1,0.000935396211687	(83, 0.00089319736912189568)
83	37,0.000970933718003	(83, 0.00089319736912189568)
84	84,0.00217812708611	(84, 0.0021781270861054463)
84	67,0.00234757253382	(84, 0.0021781270861054463)
84	169,0.00235097802717	(84, 0.0021781270861054463)
84	166,0.00254874763917	(84, 0.0021781270861054463)
84	140,0.00268944333408	(84, 0.0021781270861054463)
84	99,0.00269217986228	(84, 0.0021781270861054463)
84	156,0.00315473881802	(84, 0.0021781270861054463)
84	19,0.00318001392956	(84, 0.0021781270861054463)
84	144,0.00319538107877	(84, 0.0021781270861054463)
84	109,0.00319979868351	(84, 0.0021781270861054463)
85	67,0.00143174165361	(85, 0.0038871511675357701)
85	140,0.00258112378566	(85, 0.0038871511675357701)
85	84,0.00274728292855	(85, 0.0038871511675357701)
85	149,0.00303721688849	(85, 0.0038871511675357701)
85	166,0.00315926954441	(85, 0.0038871511675357701)
85	169,0.00323744627897	(85, 0.0038871511675357701)
85	72,0.00344029725995	(85, 0.0038871511675357701)
85	93,0.00363873659015	(85, 0.0038871511675357701)
85	144,0.00368830159062	(85, 0.0038871511675357701)
85	85,0.00388715116754	(85, 0.0038871511675357701)
86	86,0.000414514512735	(86, 0.00041451451273505878)
86	137,0.000423406755253	(86, 0.00041451451273505878)
86	76,0.000486166096142	(86, 0.00041451451273505878)
86	147,0.000520762965419	(86, 0.00041451451273505878)
86	171,0.000521116147789	(86, 0.00041451451273505878)
86	18,0.000547600653314	(86, 0.00041451451273505878)
86	162,0.000555952756202	(86, 0.00041451451273505878)
86	150,0.000583914539411	(86, 0.00041451451273505878)
86	117,0.000586224311019	(86, 0.00041451451273505878)
86	63,0.000609868987665	(86, 0.00041451451273505878)
87	71,0.000701869213451	(87, 0.0019230943448501267)
87	1,0.000720843912322	(87, 0.0019230943448501267)
87	121,0.000804807539102	(87, 0.0019230943448501267)
87	11,0.000829724450119	(87, 0.0019230943448501267)
87	20,0.000868682873173	(87, 0.0019230943448501267)
87	89,0.000882609455745	(87, 0.0019230943448501267)
87	26,0.00091152678669	(87, 0.0019230943448501267)
87	61,0.000921994897856	(87, 0.0019230943448501267)
87	23,0.000964037022483	(87, 0.0019230943448501267)
87	78,0.000984809885372	(87, 0.0019230943448501267)
88	76,0.000339404127017	(88, 0.00054346015786270105)
88	18,0.000350073334156	(88, 0.00054346015786270105)
88	147,0.00037960615367	(88, 0.00054346015786270105)
88	63,0.000433131172295	(88, 0.00054346015786270105)
88	139,0.000523151935036	(88, 0.00054346015786270105)
88	46,0.000523441249504	(88, 0.00054346015786270105)
88	171,0.000536752009358	(88, 0.00054346015786270105)
88	88,0.000543460157863	(88, 0.00054346015786270105)
88	35,0.000614496940981	(88, 0.00054346015786270105)
88	22,0.000618250221925	(88, 0.00054346015786270105)
89	124,0.000678490166468	(89, 0.00095753617229392385)
89	155,0.000928666088016	(89, 0.00095753617229392385)
89	89,0.000957536172294	(89, 0.00095753617229392385)
89	73,0.00101749992698	(89, 0.00095753617229392385)
89	71,0.00104705987204	(89, 0.00095753617229392385)
89	1,0.00105029062491	(89, 0.00095753617229392385)
89	53,0.00106972313557	(89, 0.00095753617229392385)
89	11,0.00109749715519	(89, 0.00095753617229392385)
89	114,0.0012146241197	(89, 0.00095753617229392385)
89	20,0.00127760118987	(89, 0.00095753617229392385)
90	90,0.000383325295866	(90, 0.00038332529586582778)
90	11,0.000487488779035	(90, 0.00038332529586582778)
90	81,0.000546517255228	(90, 0.00038332529586582778)
90	162,0.0005500713291	(90, 0.00038332529586582778)
90	137,0.000598489671862	(90, 0.00038332529586582778)
90	96,0.000600531579574	(90, 0.00038332529586582778)
90	3,0.000686486081195	(90, 0.00038332529586582778)
90	37,0.000711280674705	(90, 0.00038332529586582778)
90	136,0.00072046153186	(90, 0.00038332529586582778)
90	172,0.000726730298223	(90, 0.00038332529586582778)
91	133,0.0013500799919	(91, 0.0019188193187084917)
91	91,0.00191881931871	(91, 0.0019188193187084917)
91	130,0.00257002438986	(91, 0.0019188193187084917)
91	51,0.00340104183099	(91, 0.0019188193187084917)
91	103,0.0034795811802	(91, 0.0019188193187084917)
91	102,0.00351075575096	(91, 0.0019188193187084917)
91	34,0.00373838288885	(91, 0.0019188193187084917)
91	53,0.00374158510842	(91, 0.0019188193187084917)
91	66,0.00375007867012	(91, 0.0019188193187084917)
91	155,0.00379402580076	(91, 0.0019188193187084917)
92	61,0.000589166875361	(92, 0.001895939844040202)
92	24,0.000634019444695	(92, 0.001895939844040202)
92	78,0.000638212672327	(92, 0.001895939844040202)
92	158,0.000748808272665	(92, 0.001895939844040202)
92	12,0.000773450437118	(92, 0.001895939844040202)
92	128,0.0008599157769	(92, 0.001895939844040202)
92	22,0.000969135470595	(92, 0.001895939844040202)
92	23,0.000985375113212	(92, 0.001895939844040202)
92	38,0.00102087398535	(92, 0.001895939844040202)
92	26,0.00105424295649	(92, 0.001895939844040202)
93	22,0.000516412176931	(93, 0.00077761499563478061)
93	128,0.000557355621106	(93, 0.00077761499563478061)
93	12,0.00063325627136	(93, 0.00077761499563478061)
93	158,0.000638347905221	(93, 0.00077761499563478061)
93	132,0.000680042178823	(93, 0.00077761499563478061)
93	78,0.000716036098394	(93, 0.00077761499563478061)
93	121,0.000724406148564	(93, 0.00077761499563478061)
93	76,0.000746852010625	(93, 0.00077761499563478061)
93	126,0.000749860616382	(93, 0.00077761499563478061)
93	93,0.000777614995635	(93, 0.00077761499563478061)
94	155,0.00121039781383	(94, 0.0013366760063176976)
94	83,0.00125878751477	(94, 0.0013366760063176976)
94	94,0.00133667600632	(94, 0.0013366760063176976)
94	65,0.00164660300606	(94, 0.0013366760063176976)
94	59,0.00166521461343	(94, 0.0013366760063176976)
94	15,0.00179001004679	(94, 0.0013366760063176976)
94	161,0.00181377146638	(94, 0.0013366760063176976)
94	120,0.00195341820681	(94, 0.0013366760063176976)
94	1,0.00206801617695	(94, 0.0013366760063176976)
94	91,0.00212510418891	(94, 0.0013366760063176976)
95	107,0.000893218906088	(95, 0.001977223763423787)
95	99,0.0010910941148	(95, 0.001977223763423787)
95	19,0.00112118289096	(95, 0.001977223763423787)
95	43,0.00113531817124	(95, 0.001977223763423787)
95	128,0.00115755186424	(95, 0.001977223763423787)
95	27,0.00119529056485	(95, 0.001977223763423787)
95	78,0.00133102698384	(95, 0.001977223763423787)
95	39,0.00138379724218	(95, 0.001977223763423787)
95	26,0.00154353534586	(95, 0.001977223763423787)
95	50,0.00156758311226	(95, 0.001977223763423787)
96	96,0.000356867274627	(96, 0.0003568672746265231)
96	162,0.000721771262162	(96, 0.0003568672746265231)
96	11,0.000837022680712	(96, 0.0003568672746265231)
96	112,0.000909022054801	(96, 0.0003568672746265231)
96	90,0.000955666285828	(96, 0.0003568672746265231)
96	17,0.000956501096692	(96, 0.0003568672746265231)
96	119,0.000969198936068	(96, 0.0003568672746265231)
96	13,0.00100648117335	(96, 0.0003568672746265231)
96	143,0.00102363568747	(96, 0.0003568672746265231)
96	161,0.00109775213404	(96, 0.0003568672746265231)
97	172,0.000638195377699	(97, 0.0012293779939608852)
97	40,0.000675760406819	(97, 0.0012293779939608852)
97	17,0.00077762677059	(97, 0.0012293779939608852)
97	69,0.000810035219987	(97, 0.0012293779939608852)
97	120,0.000896300992312	(97, 0.0012293779939608852)
97	3,0.000999180814416	(97, 0.0012293779939608852)
97	37,0.00102482566834	(97, 0.0012293779939608852)
97	4,0.00103918944019	(97, 0.0012293779939608852)
97	79,0.0010925277785	(97, 0.0012293779939608852)
97	90,0.0011232398185	(97, 0.0012293779939608852)
98	98,0.000524915804272	(98, 0.00052491580427226243)
98	15,0.000820095154023	(98, 0.00052491580427226243)
98	49,0.000876265388389	(98, 0.00052491580427226243)
98	40,0.000891464203005	(98, 0.00052491580427226243)
98	172,0.000922771868682	(98, 0.00052491580427226243)
98	25,0.000984085857644	(98, 0.00052491580427226243)
98	154,0.00104117935007	(98, 0.00052491580427226243)
98	4,0.00120773786812	(98, 0.00052491580427226243)
98	174,0.00121683076646	(98, 0.00052491580427226243)
98	17,0.00122799314756	(98, 0.00052491580427226243)
99	84,0.000838829439335	(99, 0.0010940587247261055)
99	128,0.000846711658317	(99, 0.0010940587247261055)
99	73,0.000857422633828	(99, 0.0010940587247261055)
99	144,0.000859613368803	(99, 0.0010940587247261055)
99	109,0.000953231903843	(99, 0.0010940587247261055)
99	93,0.000971960181615	(99, 0.0010940587247261055)
99	156,0.000978069525584	(99, 0.0010940587247261055)
99	12,0.00105998535205	(99, 0.0010940587247261055)
99	99,0.00109405872473	(99, 0.0010940587247261055)
99	78,0.00112449598692	(99, 0.0010940587247261055)
100	100,0.000399516672646	(100, 0.00039951667264601472)
100	77,0.000486399262344	(100, 0.00039951667264601472)
100	37,0.00049980103113	(100, 0.00039951667264601472)
100	74,0.000525794222242	(100, 0.00039951667264601472)
100	136,0.000538393451752	(100, 0.00039951667264601472)
100	90,0.000543942575312	(100, 0.00039951667264601472)
100	21,0.000553551066266	(100, 0.00039951667264601472)
100	11,0.000554936840443	(100, 0.00039951667264601472)
100	63,0.000640518044954	(100, 0.00039951667264601472)
100	162,0.000673965643814	(100, 0.00039951667264601472)
101	1,0.000834577111077	(101, 0.00098101884236675508)
101	73,0.000913777452352	(101, 0.00098101884236675508)
101	101,0.000981018842367	(101, 0.00098101884236675508)
101	13,0.00107548066781	(101, 0.00098101884236675508)
101	29,0.00108500965888	(101, 0.00098101884236675508)
101	81,0.00109767156008	(101, 0.00098101884236675508)
101	124,0.00110737011566	(101, 0.00098101884236675508)
101	77,0.00113858530728	(101, 0.00098101884236675508)
101	71,0.00116913258077	(101, 0.00098101884236675508)
101	11,0.00117344463038	(101, 0.00098101884236675508)
102	114,0.00126855114963	(102, 0.0015959082627588098)
102	91,0.00135009093206	(102, 0.0015959082627588098)
102	41,0.00143584890721	(102, 0.0015959082627588098)
102	155,0.00154711155149	(102, 0.0015959082627588098)
102	1,0.00159077776979	(102, 0.0015959082627588098)
102	102,0.00159590826276	(102, 0.0015959082627588098)
102	110,0.00159978351216	(102, 0.0015959082627588098)
102	103,0.00164063201659	(102, 0.0015959082627588098)
102	101,0.00164397827447	(102, 0.0015959082627588098)
102	16,0.00176834681948	(102, 0.0015959082627588098)
103	103,0.00108549365488	(103, 0.0010854936548842756)
103	73,0.00148883668981	(103, 0.0010854936548842756)
103	51,0.00153882582169	(103, 0.0010854936548842756)
103	91,0.00158648922242	(103, 0.0010854936548842756)
103	39,0.00178263286205	(103, 0.0010854936548842756)
103	93,0.00187646491727	(103, 0.0010854936548842756)
103	101,0.00191870438447	(103, 0.0010854936548842756)
103	30,0.00193098103724	(103, 0.0010854936548842756)
103	1,0.00203504355391	(103, 0.0010854936548842756)
103	114,0.0020411831145	(103, 0.0010854936548842756)
104	124,0.00063669599386	(104, 0.0012549300756885548)
104	93,0.00082890193159	(104, 0.0012549300756885548)
104	81,0.000829075863264	(104, 0.0012549300756885548)
104	11,0.00101605722017	(104, 0.0012549300756885548)
104	73,0.00105730756323	(104, 0.0012549300756885548)
104	3,0.00106591786455	(104, 0.0012549300756885548)
104	119,0.00107296076874	(104, 0.0012549300756885548)
104	104,0.00125493007569	(104, 0.0012549300756885548)
104	40,0.00125600944604	(104, 0.0012549300756885548)
104	157,0.00126195012131	(104, 0.0012549300756885548)
105	27,0.000977694689056	(105, 0.0015917697280963393)
105	43,0.00107499911841	(105, 0.0015917697280963393)
105	38,0.00110240806075	(105, 0.0015917697280963393)
105	19,0.00113321873897	(105, 0.0015917697280963393)
105	24,0.00116562463815	(105, 0.0015917697280963393)
105	50,0.00126029782507	(105, 0.0015917697280963393)
105	107,0.00127397985775	(105, 0.0015917697280963393)
105	99,0.00130556089457	(105, 0.0015917697280963393)
105	12,0.00133334443998	(105, 0.0015917697280963393)
105	144,0.0013457399489	(105, 0.0015917697280963393)
106	106,0.000816667226061	(106, 0.00081666722606093579)
106	172,0.00100595374987	(106, 0.00081666722606093579)
106	157,0.00106679838176	(106, 0.00081666722606093579)
106	116,0.00110599514318	(106, 0.00081666722606093579)
106	13,0.00127295583905	(106, 0.00081666722606093579)
106	93,0.00128924674188	(106, 0.00081666722606093579)
106	54,0.00132452272077	(106, 0.00081666722606093579)
106	154,0.00133030718681	(106, 0.00081666722606093579)
106	174,0.00133521108355	(106, 0.00081666722606093579)
106	156,0.00137271941059	(106, 0.00081666722606093579)
107	77,0.000730106630001	(107, 0.00087486863385656684)
107	1,0.000738081969416	(107, 0.00087486863385656684)
107	76,0.000789788129012	(107, 0.00087486863385656684)
107	3,0.000805114978154	(107, 0.00087486863385656684)
107	26,0.000867074505047	(107, 0.00087486863385656684)
107	107,0.000874868633857	(107, 0.00087486863385656684)
107	121,0.000882779058566	(107, 0.00087486863385656684)
107	22,0.000911192792261	(107, 0.00087486863385656684)
107	73,0.000924822976165	(107, 0.00087486863385656684)
107	171,0.000936455624482	(107, 0.00087486863385656684)
108	77,0.000579565886927	(108, 0.0017881796372576752)
108	172,0.000794713711451	(108, 0.0017881796372576752)
108	174,0.000977774131169	(108, 0.0017881796372576752)
108	171,0.00102253931638	(108, 0.0017881796372576752)
108	40,0.00102912394324	(108, 0.0017881796372576752)
108	37,0.00104488968643	(108, 0.0017881796372576752)
108	4,0.00105406039997	(108, 0.0017881796372576752)
108	49,0.00109787775635	(108, 0.0017881796372576752)
108	17,0.00109836658123	(108, 0.0017881796372576752)
108	15,0.00114497879948	(108, 0.0017881796372576752)
109	109,0.000621513028417	(109, 0.00062151302841729485)
109	134,0.00070199290358	(109, 0.00062151302841729485)
109	159,0.000778744744214	(109, 0.00062151302841729485)
109	128,0.00084448508367	(109, 0.00062151302841729485)
109	12,0.000845632056283	(109, 0.00062151302841729485)
109	84,0.000999406577048	(109, 0.00062151302841729485)
109	146,0.00109832208316	(109, 0.00062151302841729485)
109	152,0.00111490091739	(109, 0.00062151302841729485)
109	14,0.00116720420347	(109, 0.00062151302841729485)
109	144,0.00124002182601	(109, 0.00062151302841729485)
110	1,0.000638627876879	(110, 0.0013192369771415505)
110	121,0.000764740631092	(110, 0.0013192369771415505)
110	68,0.000787918853647	(110, 0.0013192369771415505)
110	11,0.000853992118505	(110, 0.0013192369771415505)
110	162,0.000943241744886	(110, 0.0013192369771415505)
110	26,0.000947563934253	(110, 0.0013192369771415505)
110	61,0.000982124690304	(110, 0.0013192369771415505)
110	3,0.0010353940674	(110, 0.0013192369771415505)
110	23,0.00105833776893	(110, 0.0013192369771415505)
110	71,0.00109648622916	(110, 0.0013192369771415505)
111	93,0.00079612777304	(111, 0.0023258575703635057)
111	73,0.000815827937144	(111, 0.0023258575703635057)
111	124,0.000832567696648	(111, 0.0023258575703635057)
111	101,0.00101298626215	(111, 0.0023258575703635057)
111	157,0.0010477890483	(111, 0.0023258575703635057)
111	13,0.00111730827271	(111, 0.0023258575703635057)
111	116,0.00131928233792	(111, 0.0023258575703635057)
111	109,0.00131977044788	(111, 0.0023258575703635057)
111	128,0.00135011053395	(111, 0.0023258575703635057)
111	27,0.00145123765547	(111, 0.0023258575703635057)
112	90,0.000418220789805	(112, 0.00068185342791587207)
112	11,0.000422231620075	(112, 0.00068185342791587207)
112	162,0.000561312169052	(112, 0.00068185342791587207)
112	3,0.000582620263932	(112, 0.00068185342791587207)
112	81,0.000600327585543	(112, 0.00068185342791587207)
112	21,0.000645016299079	(112, 0.00068185342791587207)
112	100,0.000674442536342	(112, 0.00068185342791587207)
112	112,0.000681853427916	(112, 0.00068185342791587207)
112	117,0.000701161006151	(112, 0.00068185342791587207)
112	37,0.000732805999694	(112, 0.00068185342791587207)
113	113,0.000602847424457	(113, 0.00060284742445665797)
113	65,0.00120872125997	(113, 0.00060284742445665797)
113	120,0.00156770465708	(113, 0.00060284742445665797)
113	15,0.00177832776636	(113, 0.00060284742445665797)
113	130,0.00178116407998	(113, 0.00060284742445665797)
113	97,0.00197950166998	(113, 0.00060284742445665797)
113	44,0.00205147910504	(113, 0.00060284742445665797)
113	161,0.00212742301191	(113, 0.00060284742445665797)
113	155,0.00214618635528	(113, 0.00060284742445665797)
113	2,0.00220100834955	(113, 0.00060284742445665797)
114	73,0.000741418632493	(114, 0.00077122391666958271)
114	114,0.00077122391667	(114, 0.00077122391666958271)
114	53,0.000785699101989	(114, 0.00077122391666958271)
114	124,0.000812424937199	(114, 0.00077122391666958271)
114	104,0.00115117977051	(114, 0.00077122391666958271)
114	109,0.00117184523338	(114, 0.00077122391666958271)
114	13,0.00119424660727	(114, 0.00077122391666958271)
114	155,0.00120302483756	(114, 0.00077122391666958271)
114	140,0.001355320384	(114, 0.00077122391666958271)
114	93,0.0013954022221	(114, 0.00077122391666958271)
115	119,0.000642329031074	(115, 0.00092932279774324354)
115	11,0.000797823612522	(115, 0.00092932279774324354)
115	37,0.000900096021133	(115, 0.00092932279774324354)
115	115,0.000929322797743	(115, 0.00092932279774324354)
115	136,0.000958130643167	(115, 0.00092932279774324354)
115	81,0.000974790776299	(115, 0.00092932279774324354)
115	17,0.000991764293631	(115, 0.00092932279774324354)
115	96,0.00100284593169	(115, 0.00092932279774324354)
115	172,0.00105395828299	(115, 0.00092932279774324354)
115	3,0.00106430497498	(115, 0.00092932279774324354)
116	93,0.000623964286389	(116, 0.00072715718272783642)
116	116,0.000727157182728	(116, 0.00072715718272783642)
116	73,0.000776816712424	(116, 0.00072715718272783642)
116	128,0.00103688562904	(116, 0.00072715718272783642)
116	109,0.00105725366934	(116, 0.00072715718272783642)
116	124,0.00108009457148	(116, 0.00072715718272783642)
116	144,0.00112963593689	(116, 0.00072715718272783642)
116	156,0.00117115990806	(116, 0.00072715718272783642)
116	172,0.00117517160662	(116, 0.00072715718272783642)
116	81,0.00119944047899	(116, 0.00072715718272783642)
117	117,0.000372285262816	(117, 0.00037228526281558004)
117	21,0.000478118687129	(117, 0.00037228526281558004)
117	162,0.000591492877684	(117, 0.00037228526281558004)
117	63,0.000630909389193	(117, 0.00037228526281558004)
117	71,0.000660412743475	(117, 0.00037228526281558004)
117	76,0.000666501969367	(117, 0.00037228526281558004)
117	11,0.000672346480153	(117, 0.00037228526281558004)
117	77,0.000750639910819	(117, 0.00037228526281558004)
117	121,0.000750781131594	(117, 0.00037228526281558004)
117	147,0.000768647778025	(117, 0.00037228526281558004)
118	34,0.00126246307818	(118, 0.0015672079859755737)
118	33,0.00151200763931	(118, 0.0015672079859755737)
118	130,0.00152327464609	(118, 0.0015672079859755737)
118	118,0.00156720798598	(118, 0.0015672079859755737)
118	113,0.0016029961466	(118, 0.0015672079859755737)
118	69,0.00162816331993	(118, 0.0015672079859755737)
118	15,0.00189657322061	(118, 0.0015672079859755737)
118	4,0.00198538897301	(118, 0.0015672079859755737)
118	65,0.002133680498	(118, 0.0015672079859755737)
118	120,0.00220615062474	(118, 0.0015672079859755737)
119	120,0.000914197605832	(119, 0.00095698603572534732)
119	119,0.000956986035725	(119, 0.00095698603572534732)
119	17,0.00114679597431	(119, 0.00095698603572534732)
119	69,0.00117014038277	(119, 0.00095698603572534732)
119	123,0.00118321324237	(119, 0.00095698603572534732)
119	96,0.00119217926331	(119, 0.00095698603572534732)
119	40,0.00121797608535	(119, 0.00095698603572534732)
119	154,0.00122546901616	(119, 0.00095698603572534732)
119	172,0.0012294528176	(119, 0.00095698603572534732)
119	13,0.0012984824203	(119, 0.00095698603572534732)
120	65,0.000742875369317	(120, 0.00076297578282216076)
120	120,0.000762975782822	(120, 0.00076297578282216076)
120	161,0.000805388410418	(120, 0.00076297578282216076)
120	44,0.00088768768764	(120, 0.00076297578282216076)
120	54,0.00115008769805	(120, 0.00076297578282216076)
120	17,0.00119657497062	(120, 0.00076297578282216076)
120	136,0.00120227445345	(120, 0.00076297578282216076)
120	68,0.00122957273783	(120, 0.00076297578282216076)
120	53,0.00126997777903	(120, 0.00076297578282216076)
120	13,0.00132757081502	(120, 0.00076297578282216076)
121	121,0.000599875886909	(121, 0.00059987588690908929)
121	1,0.000625888155401	(121, 0.00059987588690908929)
121	73,0.000698591037877	(121, 0.00059987588690908929)
121	22,0.000755587149915	(121, 0.00059987588690908929)
121	26,0.0007725662989	(121, 0.00059987588690908929)
121	78,0.000776554947741	(121, 0.00059987588690908929)
121	61,0.000889176175253	(121, 0.00059987588690908929)
121	128,0.000958117228964	(121, 0.00059987588690908929)
121	11,0.000980343077064	(121, 0.00059987588690908929)
121	132,0.000992996214085	(121, 0.00059987588690908929)
122	174,0.00103867198347	(122, 0.001545192145419315)
122	154,0.00115281647601	(122, 0.001545192145419315)
122	69,0.00118330759661	(122, 0.001545192145419315)
122	172,0.00132587038167	(122, 0.001545192145419315)
122	116,0.00134654961888	(122, 0.001545192145419315)
122	48,0.00143750831524	(122, 0.001545192145419315)
122	4,0.00145969627715	(122, 0.001545192145419315)
122	40,0.00151280949928	(122, 0.001545192145419315)
122	122,0.00154519214542	(122, 0.001545192145419315)
122	2,0.00159164087442	(122, 0.001545192145419315)
123	172,0.000699808911614	(123, 0.00079779199422234199)
123	123,0.000797791994222	(123, 0.00079779199422234199)
123	81,0.000906598928012	(123, 0.00079779199422234199)
123	119,0.0009116054052	(123, 0.00079779199422234199)
123	90,0.00104710264436	(123, 0.00079779199422234199)
123	40,0.00105038358312	(123, 0.00079779199422234199)
123	115,0.00105297599104	(123, 0.00079779199422234199)
123	96,0.00107536346293	(123, 0.00079779199422234199)
123	146,0.00107963725473	(123, 0.00079779199422234199)
123	17,0.00108621951198	(123, 0.00079779199422234199)
124	124,0.000973925335809	(124, 0.00097392533580866576)
124	101,0.00130316467438	(124, 0.00097392533580866576)
124	73,0.00156562571964	(124, 0.00097392533580866576)
124	41,0.00160663318828	(124, 0.00097392533580866576)
124	27,0.00177100216563	(124, 0.00097392533580866576)
124	155,0.00180506893588	(124, 0.00097392533580866576)
124	157,0.00186517179717	(124, 0.00097392533580866576)
124	169,0.00188332401145	(124, 0.00097392533580866576)
124	114,0.00188778229271	(124, 0.00097392533580866576)
124	53,0.00188941699966	(124, 0.00097392533580866576)
125	73,0.00146381747695	(125, 0.0017548433807825373)
125	68,0.00149560063598	(125, 0.0017548433807825373)
125	155,0.00156454797209	(125, 0.0017548433807825373)
125	13,0.00159458820856	(125, 0.0017548433807825373)
125	65,0.00162002807339	(125, 0.0017548433807825373)
125	41,0.00170030976376	(125, 0.0017548433807825373)
125	114,0.00172376703598	(125, 0.0017548433807825373)
125	61,0.00173441151618	(125, 0.0017548433807825373)
125	125,0.00175484338078	(125, 0.0017548433807825373)
125	71,0.00175846703343	(125, 0.0017548433807825373)
126	126,0.000636309309051	(126, 0.00063630930905059409)
126	81,0.000665611828071	(126, 0.00063630930905059409)
126	3,0.000677480578364	(126, 0.00063630930905059409)
126	121,0.000687862894856	(126, 0.00063630930905059409)
126	132,0.000756435921769	(126, 0.00063630930905059409)
126	11,0.000783907003667	(126, 0.00063630930905059409)
126	12,0.000786135305357	(126, 0.00063630930905059409)
126	22,0.000815292756854	(126, 0.00063630930905059409)
126	151,0.000847590131541	(126, 0.00063630930905059409)
126	128,0.000859044101066	(126, 0.00063630930905059409)
127	17,0.000333135182129	(127, 0.00060849490520706003)
127	136,0.000526260764352	(127, 0.00060849490520706003)
127	74,0.000573020173549	(127, 0.00060849490520706003)
127	127,0.000608494905207	(127, 0.00060849490520706003)
127	100,0.00060887232937	(127, 0.00060849490520706003)
127	37,0.000609018144553	(127, 0.00060849490520706003)
127	77,0.000655198196122	(127, 0.00060849490520706003)
127	59,0.000759744821965	(127, 0.00060849490520706003)
127	172,0.000811613137907	(127, 0.00060849490520706003)
127	49,0.00081918525189	(127, 0.00060849490520706003)
128	128,0.00048590075496	(128, 0.00048590075495997197)
128	159,0.000627615053748	(128, 0.00048590075495997197)
128	12,0.00066454397028	(128, 0.00048590075495997197)
128	78,0.000766340027324	(128, 0.00048590075495997197)
128	121,0.00081632371915	(128, 0.00048590075495997197)
128	22,0.000816971823583	(128, 0.00048590075495997197)
128	139,0.000848498305511	(128, 0.00048590075495997197)
128	55,0.000879550913399	(128, 0.00048590075495997197)
128	158,0.000898531035388	(128, 0.00048590075495997197)
128	18,0.00091041740984	(128, 0.00048590075495997197)
129	49,0.00115775656463	(129, 0.0024805686835773699)
129	98,0.0014086513442	(129, 0.0024805686835773699)
129	15,0.00148090810223	(129, 0.0024805686835773699)
129	59,0.00166320664814	(129, 0.0024805686835773699)
129	100,0.00166397885045	(129, 0.0024805686835773699)
129	77,0.00167240785182	(129, 0.0024805686835773699)
129	94,0.00181181844655	(129, 0.0024805686835773699)
129	25,0.0018136414532	(129, 0.0024805686835773699)
129	83,0.00182347089949	(129, 0.0024805686835773699)
129	102,0.0019118421762	(129, 0.0024805686835773699)
130	130,0.00143095775297	(130, 0.0014309577529729575)
130	28,0.00147609307799	(130, 0.0014309577529729575)
130	13,0.0014945542478	(130, 0.0014309577529729575)
130	69,0.00154506617551	(130, 0.0014309577529729575)
130	65,0.00155585397013	(130, 0.0014309577529729575)
130	34,0.00159444285003	(130, 0.0014309577529729575)
130	53,0.0016021906848	(130, 0.0014309577529729575)
130	15,0.00160488300096	(130, 0.0014309577529729575)
130	91,0.00177038560995	(130, 0.0014309577529729575)
130	157,0.00177895948691	(130, 0.0014309577529729575)
131	116,0.00107874711119	(131, 0.0012101290751692663)
131	131,0.00121012907517	(131, 0.0012101290751692663)
131	72,0.00125727090993	(131, 0.0012101290751692663)
131	166,0.00128005939179	(131, 0.0012101290751692663)
131	156,0.00159515643981	(131, 0.0012101290751692663)
131	144,0.00161472396815	(131, 0.0012101290751692663)
131	84,0.00166688483658	(131, 0.0012101290751692663)
131	104,0.00169278980129	(131, 0.0012101290751692663)
131	73,0.00191344958535	(131, 0.0012101290751692663)
131	93,0.00192290203885	(131, 0.0012101290751692663)
132	18,0.000380365454944	(132, 0.00038307670727372477)
132	132,0.000383076707274	(132, 0.00038307670727372477)
132	22,0.000402004797385	(132, 0.00038307670727372477)
132	76,0.00043101001929	(132, 0.00038307670727372477)
132	158,0.00048663059669	(132, 0.00038307670727372477)
132	147,0.00049849991213	(132, 0.00038307670727372477)
132	139,0.000511918260301	(132, 0.00038307670727372477)
132	46,0.000528646004359	(132, 0.00038307670727372477)
132	171,0.00056731060455	(132, 0.00038307670727372477)
132	121,0.000585580806181	(132, 0.00038307670727372477)
133	133,0.000608927125938	(133, 0.0006089271259377086)
133	34,0.00144349347509	(133, 0.0006089271259377086)
133	91,0.00147165106646	(133, 0.0006089271259377086)
133	130,0.00159375951107	(133, 0.0006089271259377086)
133	102,0.00171283280888	(133, 0.0006089271259377086)
133	53,0.00180845296227	(133, 0.0006089271259377086)
133	153,0.0018678637823	(133, 0.0006089271259377086)
133	110,0.00190679435629	(133, 0.0006089271259377086)
133	103,0.00193026150675	(133, 0.0006089271259377086)
133	28,0.00196468606353	(133, 0.0006089271259377086)
134	121,0.00048163216601	(134, 0.00081690192799811811)
134	128,0.000516912137362	(134, 0.00081690192799811811)
134	78,0.000563437439972	(134, 0.00081690192799811811)
134	18,0.000728205199008	(134, 0.00081690192799811811)
134	22,0.000791282792125	(134, 0.00081690192799811811)
134	134,0.000816901927998	(134, 0.00081690192799811811)
134	12,0.000821047531834	(134, 0.00081690192799811811)
134	61,0.000926180397979	(134, 0.00081690192799811811)
134	26,0.000945365243022	(134, 0.00081690192799811811)
134	55,0.000980780220136	(134, 0.00081690192799811811)
135	147,0.000353339790502	(135, 0.00051975532885010969)
135	76,0.000395428733384	(135, 0.00051975532885010969)
135	137,0.000432709888234	(135, 0.00051975532885010969)
135	63,0.000491696484119	(135, 0.00051975532885010969)
135	162,0.000499034339571	(135, 0.00051975532885010969)
135	135,0.00051975532885	(135, 0.00051975532885010969)
135	171,0.000585153136498	(135, 0.00051975532885010969)
135	117,0.000596217296097	(135, 0.00051975532885010969)
135	77,0.000602252113784	(135, 0.00051975532885010969)
135	11,0.00066459995681	(135, 0.00051975532885010969)
136	121,0.000830438400674	(136, 0.000894694517845357)
136	119,0.000872942919814	(136, 0.000894694517845357)
136	136,0.000894694517845	(136, 0.000894694517845357)
136	11,0.000916245847124	(136, 0.000894694517845357)
136	3,0.000936694064421	(136, 0.000894694517845357)
136	162,0.000956064280871	(136, 0.000894694517845357)
136	151,0.000992577418737	(136, 0.000894694517845357)
136	126,0.00104721933119	(136, 0.000894694517845357)
136	54,0.00106426942776	(136, 0.000894694517845357)
136	132,0.0010661897464	(136, 0.000894694517845357)
137	137,0.000247161931607	(137, 0.00024716193160670343)
137	63,0.000337034072705	(137, 0.00024716193160670343)
137	147,0.000353065471214	(137, 0.00024716193160670343)
137	171,0.000424602307499	(137, 0.00024716193160670343)
137	76,0.00047597669949	(137, 0.00024716193160670343)
137	3,0.000532016946993	(137, 0.00024716193160670343)
137	126,0.000593207055498	(137, 0.00024716193160670343)
137	36,0.000603868242613	(137, 0.00024716193160670343)
137	136,0.0006204652157	(137, 0.00024716193160670343)
137	37,0.000674023735441	(137, 0.00024716193160670343)
138	128,0.00068016292483	(138, 0.0010829647761156688)
138	158,0.000796760049956	(138, 0.0010829647761156688)
138	78,0.000831009893009	(138, 0.0010829647761156688)
138	107,0.00100874761634	(138, 0.0010829647761156688)
138	55,0.0010796603487	(138, 0.0010829647761156688)
138	138,0.00108296477612	(138, 0.0010829647761156688)
138	99,0.00112107014261	(138, 0.0010829647761156688)
138	22,0.00112234250146	(138, 0.0010829647761156688)
138	84,0.00116357150018	(138, 0.0010829647761156688)
138	38,0.00116550014532	(138, 0.0010829647761156688)
139	139,0.000191515491187	(139, 0.00019151549118699379)
139	46,0.000475123264835	(139, 0.00019151549118699379)
139	76,0.000496200194868	(139, 0.00019151549118699379)
139	18,0.000519200096709	(139, 0.00019151549118699379)
139	132,0.000547085008842	(139, 0.00019151549118699379)
139	22,0.000557786166572	(139, 0.00019151549118699379)
139	151,0.000603484606004	(139, 0.00019151549118699379)
139	121,0.000665775946802	(139, 0.00019151549118699379)
139	35,0.000686379683882	(139, 0.00019151549118699379)
139	158,0.000703229894604	(139, 0.00019151549118699379)
140	69,0.000911792272763	(140, 0.0011746066521524485)
140	140,0.00117460665215	(140, 0.0011746066521524485)
140	93,0.00128400405859	(140, 0.0011746066521524485)
140	116,0.00131306410936	(140, 0.0011746066521524485)
140	124,0.00131961467436	(140, 0.0011746066521524485)
140	104,0.00134337474453	(140, 0.0011746066521524485)
140	40,0.00139100313537	(140, 0.0011746066521524485)
140	157,0.00149207858095	(140, 0.0011746066521524485)
140	73,0.00150860702591	(140, 0.0011746066521524485)
140	131,0.00161310283367	(140, 0.0011746066521524485)
141	48,0.00177729535398	(141, 0.001848203063742363)
141	141,0.00184820306374	(141, 0.001848203063742363)
141	124,0.00187593743458	(141, 0.001848203063742363)
141	2,0.00217136812248	(141, 0.001848203063742363)
141	120,0.00220380871843	(141, 0.001848203063742363)
141	33,0.00224022282409	(141, 0.001848203063742363)
141	4,0.00227662669559	(141, 0.001848203063742363)
141	56,0.00228164604143	(141, 0.001848203063742363)
141	97,0.00231794483864	(141, 0.001848203063742363)
141	69,0.0023283102256	(141, 0.001848203063742363)
142	38,0.00102707675221	(142, 0.0033500063554711807)
142	61,0.00119531126656	(142, 0.0033500063554711807)
142	73,0.00120565522695	(142, 0.0033500063554711807)
142	12,0.00122020489852	(142, 0.0033500063554711807)
142	55,0.00137660823259	(142, 0.0033500063554711807)
142	16,0.00137816324952	(142, 0.0033500063554711807)
142	24,0.00147725146159	(142, 0.0033500063554711807)
142	105,0.00153689563864	(142, 0.0033500063554711807)
142	23,0.00154700750403	(142, 0.0033500063554711807)
142	135,0.00155841964675	(142, 0.0033500063554711807)
143	90,0.000393640019838	(143, 0.00050507024758564951)
143	162,0.000475020275487	(143, 0.00050507024758564951)
143	143,0.000505070247586	(143, 0.00050507024758564951)
143	112,0.000533672670038	(143, 0.00050507024758564951)
143	11,0.000540526521293	(143, 0.00050507024758564951)
143	137,0.000603633373836	(143, 0.00050507024758564951)
143	3,0.000605386361703	(143, 0.00050507024758564951)
143	63,0.000609333568856	(143, 0.00050507024758564951)
143	21,0.00068066760149	(143, 0.00050507024758564951)
143	136,0.000727629682541	(143, 0.00050507024758564951)
144	144,0.000439499556155	(144, 0.00043949955615544401)
144	14,0.00120668379857	(144, 0.00043949955615544401)
144	12,0.00125173433529	(144, 0.00043949955615544401)
144	38,0.00126160312025	(144, 0.00043949955615544401)
144	109,0.00133001824458	(144, 0.00043949955615544401)
144	116,0.00137740217193	(144, 0.00043949955615544401)
144	159,0.00145761983819	(144, 0.00043949955615544401)
144	73,0.00150082974318	(144, 0.00043949955615544401)
144	123,0.00151268233244	(144, 0.00043949955615544401)
144	145,0.00152416452967	(144, 0.00043949955615544401)
145	38,0.000821701385949	(145, 0.00086580518278379492)
145	128,0.000847915497784	(145, 0.00086580518278379492)
145	78,0.000848434056804	(145, 0.00086580518278379492)
145	145,0.000865805182784	(145, 0.00086580518278379492)
145	158,0.000870085453227	(145, 0.00086580518278379492)
145	55,0.000902597962011	(145, 0.00086580518278379492)
145	12,0.000927158447694	(145, 0.00086580518278379492)
145	24,0.000931877923414	(145, 0.00086580518278379492)
145	14,0.00106567433718	(145, 0.00086580518278379492)
145	99,0.001160208497	(145, 0.00086580518278379492)
146	146,0.000317668353651	(146, 0.00031766835365118918)
146	12,0.000745199524807	(146, 0.00031766835365118918)
146	159,0.000776276645675	(146, 0.00031766835365118918)
146	18,0.000803500376606	(146, 0.00031766835365118918)
146	132,0.000823674705185	(146, 0.00031766835365118918)
146	137,0.000831183972934	(146, 0.00031766835365118918)
146	46,0.000889176541818	(146, 0.00031766835365118918)
146	126,0.000908543704347	(146, 0.00031766835365118918)
146	151,0.000958992668969	(146, 0.00031766835365118918)
146	81,0.000979064157879	(146, 0.00031766835365118918)
147	76,0.00028304472161	(147, 0.00030373070285277576)
147	147,0.000303730702853	(147, 0.00030373070285277576)
147	63,0.000331700749154	(147, 0.00030373070285277576)
147	23,0.000504992278785	(147, 0.00030373070285277576)
147	18,0.000509244132333	(147, 0.00030373070285277576)
147	22,0.000551521302383	(147, 0.00030373070285277576)
147	61,0.000573452451953	(147, 0.00030373070285277576)
147	132,0.000574623599241	(147, 0.00030373070285277576)
147	121,0.000590127740603	(147, 0.00030373070285277576)
147	171,0.000594646197929	(147, 0.00030373070285277576)
148	148,0.000363170091717	(148, 0.00036317009171723939)
148	17,0.000457659806134	(148, 0.00036317009171723939)
148	143,0.000600344407925	(148, 0.00036317009171723939)
148	100,0.000657516639011	(148, 0.00036317009171723939)
148	90,0.000702685217406	(148, 0.00036317009171723939)
148	172,0.000875738217816	(148, 0.00036317009171723939)
148	49,0.000895093479946	(148, 0.00036317009171723939)
148	37,0.000902887439478	(148, 0.00036317009171723939)
148	40,0.000972318926451	(148, 0.00036317009171723939)
148	79,0.0010000993445	(148, 0.00036317009171723939)
149	149,0.00123419740937	(149, 0.001234197409365854)
149	32,0.00206301250011	(149, 0.001234197409365854)
149	169,0.00218064702139	(149, 0.001234197409365854)
149	33,0.00269233010076	(149, 0.001234197409365854)
149	111,0.00340112153721	(149, 0.001234197409365854)
149	165,0.00358607640914	(149, 0.001234197409365854)
149	27,0.00362513305703	(149, 0.001234197409365854)
149	51,0.00367782015418	(149, 0.001234197409365854)
149	156,0.0037070851252	(149, 0.001234197409365854)
149	91,0.00371417736835	(149, 0.001234197409365854)
150	11,0.00041474001676	(150, 0.00062241937264233445)
150	3,0.000426597801076	(150, 0.00062241937264233445)
150	121,0.000431247280177	(150, 0.00062241937264233445)
150	63,0.000447293366807	(150, 0.00062241937264233445)
150	162,0.00048536302642	(150, 0.00062241937264233445)
150	76,0.000539261676725	(150, 0.00062241937264233445)
150	117,0.000621535075624	(150, 0.00062241937264233445)
150	150,0.000622419372642	(150, 0.00062241937264233445)
150	21,0.000623589414743	(150, 0.00062241937264233445)
150	147,0.000634141916359	(150, 0.00062241937264233445)
151	121,0.000401207169359	(151, 0.00062861330855543075)
151	132,0.000605909383501	(151, 0.00062861330855543075)
151	151,0.000628613308555	(151, 0.00062861330855543075)
151	3,0.000642578713666	(151, 0.00062861330855543075)
151	81,0.00065600650733	(151, 0.00062861330855543075)
151	63,0.000681418052671	(151, 0.00062861330855543075)
151	70,0.000723324263195	(151, 0.00062861330855543075)
151	11,0.000723480882606	(151, 0.00062861330855543075)
151	22,0.000742069441383	(151, 0.00062861330855543075)
151	162,0.000744587612486	(151, 0.00062861330855543075)
152	152,0.000600975318514	(152, 0.00060097531851420038)
152	139,0.000726763694538	(152, 0.00060097531851420038)
152	121,0.000739478739868	(152, 0.00060097531851420038)
152	35,0.000740036476595	(152, 0.00060097531851420038)
152	18,0.000806139650221	(152, 0.00060097531851420038)
152	128,0.000808003238742	(152, 0.00060097531851420038)
152	88,0.00082305627665	(152, 0.00060097531851420038)
152	22,0.000869092215217	(152, 0.00060097531851420038)
152	12,0.000905920819727	(152, 0.00060097531851420038)
152	159,0.000907174865973	(152, 0.00060097531851420038)
153	133,0.000799285367015	(153, 0.001465070957807941)
153	153,0.00146507095781	(153, 0.001465070957807941)
153	34,0.00149028302074	(153, 0.001465070957807941)
153	130,0.00149247590156	(153, 0.001465070957807941)
153	91,0.00163279100625	(153, 0.001465070957807941)
153	102,0.00163513816701	(153, 0.001465070957807941)
153	103,0.00176754808499	(153, 0.001465070957807941)
153	1,0.00196682916674	(153, 0.001465070957807941)
153	28,0.00201346361858	(153, 0.001465070957807941)
153	53,0.00204295246585	(153, 0.001465070957807941)
154	154,0.000325550216302	(154, 0.00032555021630223581)
154	40,0.000785532948859	(154, 0.00032555021630223581)
154	174,0.000842622722372	(154, 0.00032555021630223581)
154	172,0.00097529269469	(154, 0.00032555021630223581)
154	69,0.000990119964052	(154, 0.00032555021630223581)
154	4,0.00109190965412	(154, 0.00032555021630223581)
154	2,0.00127337003019	(154, 0.00032555021630223581)
154	56,0.00131917358503	(154, 0.00032555021630223581)
154	15,0.00134919696376	(154, 0.00032555021630223581)
154	48,0.00135762216959	(154, 0.00032555021630223581)
155	11,0.000428436662355	(155, 0.00094618585713885609)
155	71,0.000444228279791	(155, 0.00094618585713885609)
155	162,0.000504152914323	(155, 0.00094618585713885609)
155	121,0.00062493490278	(155, 0.00094618585713885609)
155	1,0.000666699759808	(155, 0.00094618585713885609)
155	117,0.000754954674293	(155, 0.00094618585713885609)
155	3,0.000807679994449	(155, 0.00094618585713885609)
155	77,0.000814240898222	(155, 0.00094618585713885609)
155	37,0.000884491076901	(155, 0.00094618585713885609)
155	81,0.000917308298286	(155, 0.00094618585713885609)
156	156,0.000668091491424	(156, 0.00066809149142393279)
156	144,0.000742794203855	(156, 0.00066809149142393279)
156	73,0.000836452183221	(156, 0.00066809149142393279)
156	109,0.00100442795027	(156, 0.00066809149142393279)
156	84,0.00112337654193	(156, 0.00066809149142393279)
156	116,0.00117594312846	(156, 0.00066809149142393279)
156	99,0.00124177930016	(156, 0.00066809149142393279)
156	27,0.00124433913806	(156, 0.00066809149142393279)
156	93,0.0012452095073	(156, 0.00066809149142393279)
156	131,0.0013317361756	(156, 0.00066809149142393279)
157	12,0.0006916723943	(157, 0.00098676266556974794)
157	128,0.000790725407875	(157, 0.00098676266556974794)
157	93,0.000794087502041	(157, 0.00098676266556974794)
157	126,0.000814127023289	(157, 0.00098676266556974794)
157	73,0.000817873205261	(157, 0.00098676266556974794)
157	22,0.000822570901252	(157, 0.00098676266556974794)
157	81,0.000841445197398	(157, 0.00098676266556974794)
157	124,0.000956195187802	(157, 0.00098676266556974794)
157	121,0.000972138285541	(157, 0.00098676266556974794)
157	157,0.00098676266557	(157, 0.00098676266556974794)
158	77,0.0004350568986	(158, 0.0014791887557891264)
158	3,0.000441311159059	(158, 0.0014791887557891264)
158	137,0.000568724267367	(158, 0.0014791887557891264)
158	171,0.000641534462443	(158, 0.0014791887557891264)
158	76,0.000651959678826	(158, 0.0014791887557891264)
158	63,0.000662019205354	(158, 0.0014791887557891264)
158	37,0.000662997386605	(158, 0.0014791887557891264)
158	147,0.000678257611858	(158, 0.0014791887557891264)
158	100,0.000692276742598	(158, 0.0014791887557891264)
158	11,0.00071049394375	(158, 0.0014791887557891264)
159	146,0.000452640371233	(159, 0.00099449575878838474)
159	137,0.00053213753582	(159, 0.00099449575878838474)
159	147,0.000559970506677	(159, 0.00099449575878838474)
159	36,0.000592035279653	(159, 0.00099449575878838474)
159	46,0.000593475314745	(159, 0.00099449575878838474)
159	18,0.000611780582977	(159, 0.00099449575878838474)
159	63,0.000625618254619	(159, 0.00099449575878838474)
159	90,0.00063843558164	(159, 0.00099449575878838474)
159	81,0.000660368951114	(159, 0.00099449575878838474)
159	171,0.000711458638911	(159, 0.00099449575878838474)
160	27,0.00113622401897	(160, 0.0056872781402765729)
160	24,0.00123647736297	(160, 0.0056872781402765729)
160	38,0.00125125876467	(160, 0.0056872781402765729)
160	43,0.00133965099908	(160, 0.0056872781402765729)
160	73,0.00135842598141	(160, 0.0056872781402765729)
160	105,0.00137664353524	(160, 0.0056872781402765729)
160	12,0.00138940286504	(160, 0.0056872781402765729)
160	107,0.00143036747497	(160, 0.0056872781402765729)
160	164,0.00143663054095	(160, 0.0056872781402765729)
160	50,0.00150580546608	(160, 0.0056872781402765729)
161	161,0.000349537153853	(161, 0.00034953715385299152)
161	65,0.000820243360413	(161, 0.00034953715385299152)
161	17,0.000859979311179	(161, 0.00034953715385299152)
161	44,0.000948534960001	(161, 0.00034953715385299152)
161	155,0.000972559921108	(161, 0.00034953715385299152)
161	68,0.00105582368689	(161, 0.00034953715385299152)
161	100,0.00107988379157	(161, 0.00034953715385299152)
161	77,0.00110477811201	(161, 0.00034953715385299152)
161	11,0.00112200054041	(161, 0.00034953715385299152)
161	83,0.00114577196865	(161, 0.00034953715385299152)
162	162,0.000433804269567	(162, 0.00043380426956729517)
162	117,0.000522092872113	(162, 0.00043380426956729517)
162	76,0.000541766143883	(162, 0.00043380426956729517)
162	18,0.000563036706008	(162, 0.00043380426956729517)
162	12,0.000587389465436	(162, 0.00043380426956729517)
162	137,0.000617731241147	(162, 0.00043380426956729517)
162	86,0.00063287478752	(162, 0.00043380426956729517)
162	11,0.000658996535993	(162, 0.00043380426956729517)
162	171,0.000659206470819	(162, 0.00043380426956729517)
162	147,0.000660504958125	(162, 0.00043380426956729517)
163	17,0.000664621775495	(163, 0.0011856346641969252)
163	148,0.000694636373115	(163, 0.0011856346641969252)
163	40,0.000745129279955	(163, 0.0011856346641969252)
163	172,0.000760689449298	(163, 0.0011856346641969252)
163	100,0.000762946435721	(163, 0.0011856346641969252)
163	37,0.00085246949174	(163, 0.0011856346641969252)
163	143,0.00092095723932	(163, 0.0011856346641969252)
163	83,0.000940544760051	(163, 0.0011856346641969252)
163	3,0.000953737351202	(163, 0.0011856346641969252)
163	11,0.000973341734748	(163, 0.0011856346641969252)
164	73,0.000959742757059	(164, 0.0014380695770043739)
164	156,0.00105606848651	(164, 0.0014380695770043739)
164	27,0.00113685757534	(164, 0.0014380695770043739)
164	131,0.00138577065781	(164, 0.0014380695770043739)
164	164,0.001438069577	(164, 0.0014380695770043739)
164	32,0.00148099589959	(164, 0.0014380695770043739)
164	144,0.00153366881047	(164, 0.0014380695770043739)
164	109,0.00153492704851	(164, 0.0014380695770043739)
164	107,0.00159759033752	(164, 0.0014380695770043739)
164	13,0.00169460898766	(164, 0.0014380695770043739)
165	93,0.000913765778173	(165, 0.001374210083067096)
165	156,0.00128545583354	(165, 0.001374210083067096)
165	73,0.00129415347241	(165, 0.001374210083067096)
165	116,0.00131814825428	(165, 0.001374210083067096)
165	165,0.00137421008307	(165, 0.001374210083067096)
165	144,0.00139611935501	(165, 0.001374210083067096)
165	27,0.00140499591409	(165, 0.001374210083067096)
165	157,0.00147037816994	(165, 0.001374210083067096)
165	131,0.00148185024593	(165, 0.001374210083067096)
165	128,0.00169301255631	(165, 0.001374210083067096)
166	116,0.00121461062622	(166, 0.0014920087570165132)
166	144,0.00126968788099	(166, 0.0014920087570165132)
166	124,0.0014181403108	(166, 0.0014920087570165132)
166	157,0.00142505339286	(166, 0.0014920087570165132)
166	140,0.00144829447025	(166, 0.0014920087570165132)
166	166,0.00149200875702	(166, 0.0014920087570165132)
166	13,0.001497221767	(166, 0.0014920087570165132)
166	104,0.00154933312911	(166, 0.0014920087570165132)
166	93,0.00156677222153	(166, 0.0014920087570165132)
166	69,0.00162001884291	(166, 0.0014920087570165132)
167	51,0.00126459998188	(167, 0.0018895345443287364)
167	32,0.00164361787676	(167, 0.0018895345443287364)
167	39,0.00166551521232	(167, 0.0018895345443287364)
167	27,0.00186651760987	(167, 0.0018895345443287364)
167	167,0.00188953454433	(167, 0.0018895345443287364)
167	169,0.00205843968164	(167, 0.0018895345443287364)
167	19,0.00234992899861	(167, 0.0018895345443287364)
167	156,0.00240531360784	(167, 0.0018895345443287364)
167	84,0.00257255681462	(167, 0.0018895345443287364)
167	138,0.00260023925728	(167, 0.0018895345443287364)
168	12,0.000656933681947	(168, 0.00096812267671093921)
168	55,0.000784871082903	(168, 0.00096812267671093921)
168	18,0.0008204509197	(168, 0.00096812267671093921)
168	121,0.00088171072685	(168, 0.00096812267671093921)
168	86,0.000957318937528	(168, 0.00096812267671093921)
168	168,0.000968122676711	(168, 0.00096812267671093921)
168	151,0.00097988478171	(168, 0.00096812267671093921)
168	152,0.000986278043881	(168, 0.00096812267671093921)
168	78,0.00103613280389	(168, 0.00096812267671093921)
168	38,0.00104864091031	(168, 0.00096812267671093921)
169	156,0.000974877928936	(169, 0.0016201626279896851)
169	73,0.00110447296242	(169, 0.0016201626279896851)
169	109,0.00134741433615	(169, 0.0016201626279896851)
169	27,0.00135697521934	(169, 0.0016201626279896851)
169	84,0.00146992028578	(169, 0.0016201626279896851)
169	169,0.00162016262799	(169, 0.0016201626279896851)
169	19,0.00163141073971	(169, 0.0016201626279896851)
169	99,0.00166387850541	(169, 0.0016201626279896851)
169	131,0.00170294370884	(169, 0.0016201626279896851)
169	144,0.0017227793674	(169, 0.0016201626279896851)
170	170,0.0011891315936	(170, 0.0011891315936037473)
170	144,0.00131927735084	(170, 0.0011891315936037473)
170	99,0.00135767400555	(170, 0.0011891315936037473)
170	84,0.00137887195129	(170, 0.0011891315936037473)
170	27,0.00138309292722	(170, 0.0011891315936037473)
170	109,0.00140783007807	(170, 0.0011891315936037473)
170	73,0.00146315355443	(170, 0.0011891315936037473)
170	124,0.00159916278269	(170, 0.0011891315936037473)
170	0,0.00160076461412	(170, 0.0011891315936037473)
170	19,0.00162213102181	(170, 0.0011891315936037473)
171	27,0.000828139197305	(171, 0.0032965088868427694)
171	156,0.0011529818336	(171, 0.0032965088868427694)
171	73,0.0011553476265	(171, 0.0032965088868427694)
171	32,0.0012625798471	(171, 0.0032965088868427694)
171	19,0.00138600163223	(171, 0.0032965088868427694)
171	107,0.00142887340639	(171, 0.0032965088868427694)
171	164,0.00156524341752	(171, 0.0032965088868427694)
171	144,0.00158318085704	(171, 0.0032965088868427694)
171	51,0.00160478725054	(171, 0.0032965088868427694)
171	99,0.00168683351635	(171, 0.0032965088868427694)
172	172,0.000317943965709	(172, 0.00031794396570897107)
172	137,0.000468201435126	(172, 0.00031794396570897107)
172	3,0.000475406538896	(172, 0.00031794396570897107)
172	37,0.000586712115423	(172, 0.00031794396570897107)
172	17,0.000604458244197	(172, 0.00031794396570897107)
172	81,0.000631249226368	(172, 0.00031794396570897107)
172	90,0.000632259376721	(172, 0.00031794396570897107)
172	77,0.000672624583877	(172, 0.00031794396570897107)
172	136,0.000673342145295	(172, 0.00031794396570897107)
172	171,0.000706696347569	(172, 0.00031794396570897107)
173	107,0.000937499210471	(173, 0.0019861722071912577)
173	158,0.00101433161998	(173, 0.0019861722071912577)
173	24,0.00113262418205	(173, 0.0019861722071912577)
173	128,0.00115790171043	(173, 0.0019861722071912577)
173	27,0.00117012710175	(173, 0.0019861722071912577)
173	38,0.00120140571638	(173, 0.0019861722071912577)
173	156,0.00137841869767	(173, 0.0019861722071912577)
173	78,0.00139971961935	(173, 0.0019861722071912577)
173	99,0.00149892701927	(173, 0.0019861722071912577)
173	12,0.00151366131632	(173, 0.0019861722071912577)
174	174,0.000541026924235	(174, 0.00054102692423538561)
174	15,0.000637380818349	(174, 0.00054102692423538561)
174	56,0.000694926166997	(174, 0.00054102692423538561)
174	69,0.000834535884659	(174, 0.00054102692423538561)
174	4,0.000900126086696	(174, 0.00054102692423538561)
174	17,0.000925267648965	(174, 0.00054102692423538561)
174	120,0.000966851984493	(174, 0.00054102692423538561)
174	2,0.000994882867441	(174, 0.00054102692423538561)
174	154,0.00101195659035	(174, 0.00054102692423538561)
174	40,0.00108004134314	(174, 0.00054102692423538561)
