0	0,0.0371853218766	(0, 0.037185321876576728)
0	99,0.100876302255	(0, 0.037185321876576728)
0	38,0.101049154352	(0, 0.037185321876576728)
0	84,0.103255299083	(0, 0.037185321876576728)
0	109,0.120754944526	(0, 0.037185321876576728)
0	170,0.12192517285	(0, 0.037185321876576728)
0	144,0.127174013508	(0, 0.037185321876576728)
0	55,0.130388667166	(0, 0.037185321876576728)
0	173,0.13539259075	(0, 0.037185321876576728)
0	14,0.135899268912	(0, 0.037185321876576728)
1	1,0.0313130092949	(1, 0.031313009294885251)
1	28,0.0587607349483	(1, 0.031313009294885251)
1	103,0.0589628204633	(1, 0.031313009294885251)
1	102,0.0598321423379	(1, 0.031313009294885251)
1	91,0.0651041007836	(1, 0.031313009294885251)
1	155,0.0675355193302	(1, 0.031313009294885251)
1	153,0.0706417359662	(1, 0.031313009294885251)
1	114,0.0733219341636	(1, 0.031313009294885251)
1	41,0.0776371676654	(1, 0.031313009294885251)
1	53,0.0796038591489	(1, 0.031313009294885251)
2	154,0.0399262258994	(2, 0.07535900103195764)
2	4,0.0437850025996	(2, 0.07535900103195764)
2	69,0.0604576265745	(2, 0.07535900103195764)
2	174,0.0608597271626	(2, 0.07535900103195764)
2	40,0.0627445420148	(2, 0.07535900103195764)
2	172,0.0694381158146	(2, 0.07535900103195764)
2	2,0.075359001032	(2, 0.07535900103195764)
2	25,0.0810893391059	(2, 0.07535900103195764)
2	148,0.0849387845421	(2, 0.07535900103195764)
2	17,0.0868046201025	(2, 0.07535900103195764)
3	3,0.0155637218015	(3, 0.015563721801543882)
3	63,0.0261711491945	(3, 0.015563721801543882)
3	132,0.0370777514037	(3, 0.015563721801543882)
3	162,0.0382136300811	(3, 0.015563721801543882)
3	81,0.039120279052	(3, 0.015563721801543882)
3	11,0.0391724832338	(3, 0.015563721801543882)
3	147,0.0401650908866	(3, 0.015563721801543882)
3	121,0.0416371923737	(3, 0.015563721801543882)
3	150,0.0431867369711	(3, 0.015563721801543882)
3	21,0.045403038009	(3, 0.015563721801543882)
4	172,0.0302996668774	(4, 0.048552903094830901)
4	17,0.0390385751864	(4, 0.048552903094830901)
4	37,0.0418075232656	(4, 0.048552903094830901)
4	13,0.0443084646718	(4, 0.048552903094830901)
4	69,0.044738320188	(4, 0.048552903094830901)
4	40,0.0454307217079	(4, 0.048552903094830901)
4	4,0.0485529030948	(4, 0.048552903094830901)
4	120,0.0488806064422	(4, 0.048552903094830901)
4	77,0.0517061620171	(4, 0.048552903094830901)
4	136,0.0549448786537	(4, 0.048552903094830901)
5	73,0.0395157129826	(5, 0.13893095201692335)
5	107,0.0699796282581	(5, 0.13893095201692335)
5	78,0.0753062447645	(5, 0.13893095201692335)
5	26,0.0776227422437	(5, 0.13893095201692335)
5	93,0.0779771167638	(5, 0.13893095201692335)
5	158,0.0781073430324	(5, 0.13893095201692335)
5	128,0.0797679834195	(5, 0.13893095201692335)
5	95,0.085593937664	(5, 0.13893095201692335)
5	124,0.0878314243408	(5, 0.13893095201692335)
5	22,0.0878684657168	(5, 0.13893095201692335)
6	139,0.0248197016005	(6, 0.028556188185255345)
6	46,0.0275365941787	(6, 0.028556188185255345)
6	6,0.0285561881853	(6, 0.028556188185255345)
6	76,0.0374977487175	(6, 0.028556188185255345)
6	171,0.0402298708676	(6, 0.028556188185255345)
6	22,0.0403545254746	(6, 0.028556188185255345)
6	18,0.0463510774821	(6, 0.028556188185255345)
6	158,0.0465081920003	(6, 0.028556188185255345)
6	132,0.047950293533	(6, 0.028556188185255345)
6	77,0.0527648098595	(6, 0.028556188185255345)
7	66,0.178649566693	(7, 0.28249712130495613)
7	167,0.231548972549	(7, 0.28249712130495613)
7	51,0.238043365125	(7, 0.28249712130495613)
7	32,0.241517271142	(7, 0.28249712130495613)
7	169,0.262455817906	(7, 0.28249712130495613)
7	80,0.26451077031	(7, 0.28249712130495613)
7	160,0.272285262569	(7, 0.28249712130495613)
7	133,0.277409876593	(7, 0.28249712130495613)
7	7,0.282497121305	(7, 0.28249712130495613)
7	149,0.315057626049	(7, 0.28249712130495613)
8	11,0.0351833916724	(8, 0.057688053314575119)
8	121,0.038605277948	(8, 0.057688053314575119)
8	162,0.0428785743	(8, 0.057688053314575119)
8	71,0.0456657581899	(8, 0.057688053314575119)
8	18,0.0504690667048	(8, 0.057688053314575119)
8	3,0.0535536690819	(8, 0.057688053314575119)
8	86,0.0537707004928	(8, 0.057688053314575119)
8	8,0.0576880533146	(8, 0.057688053314575119)
8	151,0.0585005439033	(8, 0.057688053314575119)
8	150,0.0590414841	(8, 0.057688053314575119)
9	9,0.069999820547	(9, 0.069999820547009803)
9	155,0.10646945927	(9, 0.069999820547009803)
9	114,0.106975201897	(9, 0.069999820547009803)
9	53,0.133597987831	(9, 0.069999820547009803)
9	124,0.137675404384	(9, 0.069999820547009803)
9	91,0.14903403591	(9, 0.069999820547009803)
9	65,0.168838117181	(9, 0.069999820547009803)
9	41,0.169171942597	(9, 0.069999820547009803)
9	28,0.180273299518	(9, 0.069999820547009803)
9	1,0.184060729139	(9, 0.069999820547009803)
10	10,0.0845574817428	(10, 0.084557481742752946)
10	47,0.11944344197	(10, 0.084557481742752946)
10	167,0.208591611062	(10, 0.084557481742752946)
10	99,0.218168448261	(10, 0.084557481742752946)
10	173,0.224451167047	(10, 0.084557481742752946)
10	166,0.22595806031	(10, 0.084557481742752946)
10	84,0.22973748159	(10, 0.084557481742752946)
10	72,0.24050445933	(10, 0.084557481742752946)
10	14,0.241873751853	(10, 0.084557481742752946)
10	27,0.251048797077	(10, 0.084557481742752946)
11	11,0.022243247835	(11, 0.02224324783504154)
11	81,0.0394982765252	(11, 0.02224324783504154)
11	119,0.0397467176362	(11, 0.02224324783504154)
11	115,0.0490585162692	(11, 0.02224324783504154)
11	96,0.049398148123	(11, 0.02224324783504154)
11	37,0.0543773465269	(11, 0.02224324783504154)
11	3,0.054776606659	(11, 0.02224324783504154)
11	13,0.0631486780554	(11, 0.02224324783504154)
11	112,0.063839947393	(11, 0.02224324783504154)
11	71,0.0658212316547	(11, 0.02224324783504154)
12	22,0.0245978653358	(12, 0.030670602178695633)
12	121,0.0262071598861	(12, 0.030670602178695633)
12	76,0.0301624742806	(12, 0.030670602178695633)
12	151,0.030422474754	(12, 0.030670602178695633)
12	18,0.030631060227	(12, 0.030670602178695633)
12	12,0.0306706021787	(12, 0.030670602178695633)
12	126,0.0310235122504	(12, 0.030670602178695633)
12	132,0.0347457908079	(12, 0.030670602178695633)
12	78,0.0373763381031	(12, 0.030670602178695633)
12	63,0.0399905337657	(12, 0.030670602178695633)
13	11,0.0276021936132	(13, 0.04677492627506822)
13	17,0.0288865261131	(13, 0.04677492627506822)
13	172,0.0294029260049	(13, 0.04677492627506822)
13	162,0.0318654940572	(13, 0.04677492627506822)
13	136,0.0354568235415	(13, 0.04677492627506822)
13	3,0.0354601578994	(13, 0.04677492627506822)
13	77,0.036556491079	(13, 0.04677492627506822)
13	90,0.037129497299	(13, 0.04677492627506822)
13	37,0.0374099411665	(13, 0.04677492627506822)
13	71,0.0403867838087	(13, 0.04677492627506822)
14	14,0.0390249027989	(14, 0.039024902798939144)
14	72,0.0390702541206	(14, 0.039024902798939144)
14	159,0.0617312654926	(14, 0.039024902798939144)
14	144,0.0691407539616	(14, 0.039024902798939144)
14	123,0.0792800463691	(14, 0.039024902798939144)
14	109,0.0796863910733	(14, 0.039024902798939144)
14	84,0.0800253418718	(14, 0.039024902798939144)
14	145,0.0830182470446	(14, 0.039024902798939144)
14	131,0.0893473191886	(14, 0.039024902798939144)
14	38,0.0907177691157	(14, 0.039024902798939144)
15	15,0.0215299491183	(15, 0.021529949118326435)
15	17,0.0314827533098	(15, 0.021529949118326435)
15	49,0.0493974712687	(15, 0.021529949118326435)
15	174,0.0494741051567	(15, 0.021529949118326435)
15	59,0.051715128685	(15, 0.021529949118326435)
15	100,0.0518504409427	(15, 0.021529949118326435)
15	120,0.0558947821105	(15, 0.021529949118326435)
15	56,0.0565556268707	(15, 0.021529949118326435)
15	77,0.0571284500462	(15, 0.021529949118326435)
15	83,0.0578653795734	(15, 0.021529949118326435)
16	16,0.0560258780944	(16, 0.056025878094380428)
16	170,0.0636542060865	(16, 0.056025878094380428)
16	19,0.0779024762723	(16, 0.056025878094380428)
16	0,0.0862413409429	(16, 0.056025878094380428)
16	114,0.0916850372086	(16, 0.056025878094380428)
16	27,0.0961766445166	(16, 0.056025878094380428)
16	144,0.0967154855419	(16, 0.056025878094380428)
16	101,0.101276745147	(16, 0.056025878094380428)
16	164,0.103146240149	(16, 0.056025878094380428)
16	140,0.104020832226	(16, 0.056025878094380428)
17	17,0.018308935747	(17, 0.018308935747003933)
17	172,0.0303272532801	(17, 0.018308935747003933)
17	77,0.0382425019447	(17, 0.018308935747003933)
17	100,0.0383600933977	(17, 0.018308935747003933)
17	143,0.0408506263409	(17, 0.018308935747003933)
17	49,0.0431810400331	(17, 0.018308935747003933)
17	37,0.0452827094566	(17, 0.018308935747003933)
17	90,0.0453314775563	(17, 0.018308935747003933)
17	136,0.0461448324905	(17, 0.018308935747003933)
17	74,0.0501614563157	(17, 0.018308935747003933)
18	18,0.0217302975946	(18, 0.021730297594623291)
18	121,0.0265713453953	(18, 0.021730297594623291)
18	22,0.0282498395071	(18, 0.021730297594623291)
18	88,0.0294014004343	(18, 0.021730297594623291)
18	132,0.0314816536342	(18, 0.021730297594623291)
18	76,0.0315312629428	(18, 0.021730297594623291)
18	139,0.0318978610478	(18, 0.021730297594623291)
18	151,0.0362621847079	(18, 0.021730297594623291)
18	35,0.0366969915996	(18, 0.021730297594623291)
18	61,0.0386213352789	(18, 0.021730297594623291)
19	19,0.0639384889492	(19, 0.063938488949200484)
19	27,0.0733404702907	(19, 0.063938488949200484)
19	99,0.0907696803888	(19, 0.063938488949200484)
19	43,0.0939376054232	(19, 0.063938488949200484)
19	32,0.103962514177	(19, 0.063938488949200484)
19	39,0.120096954105	(19, 0.063938488949200484)
19	164,0.120333993748	(19, 0.063938488949200484)
19	84,0.12149874901	(19, 0.063938488949200484)
19	107,0.122984231866	(19, 0.063938488949200484)
19	73,0.132216582454	(19, 0.063938488949200484)
20	73,0.0517565208292	(20, 0.062992088364861309)
20	124,0.0583359650755	(20, 0.062992088364861309)
20	20,0.0629920883649	(20, 0.062992088364861309)
20	93,0.0651278570163	(20, 0.062992088364861309)
20	109,0.0723987014273	(20, 0.062992088364861309)
20	128,0.0783962779928	(20, 0.062992088364861309)
20	89,0.0788952761282	(20, 0.062992088364861309)
20	1,0.0811919515382	(20, 0.062992088364861309)
20	157,0.0840647713095	(20, 0.062992088364861309)
20	101,0.0849983142609	(20, 0.062992088364861309)
21	71,0.0239128112117	(21, 0.048046904697247039)
21	121,0.0283778630408	(21, 0.048046904697247039)
21	11,0.0293985913972	(21, 0.048046904697247039)
21	162,0.0308807020552	(21, 0.048046904697247039)
21	117,0.0328042455335	(21, 0.048046904697247039)
21	86,0.0470926745822	(21, 0.048046904697247039)
21	22,0.0471269065935	(21, 0.048046904697247039)
21	23,0.0474038825921	(21, 0.048046904697247039)
21	21,0.0480469046972	(21, 0.048046904697247039)
21	76,0.0508283269561	(21, 0.048046904697247039)
22	22,0.0232329130821	(22, 0.023232913082137607)
22	117,0.0251251039488	(22, 0.023232913082137607)
22	139,0.0288438081764	(22, 0.023232913082137607)
22	76,0.0306054275591	(22, 0.023232913082137607)
22	132,0.0313214630287	(22, 0.023232913082137607)
22	46,0.0339007115008	(22, 0.023232913082137607)
22	18,0.0368961896583	(22, 0.023232913082137607)
22	3,0.0373812940566	(22, 0.023232913082137607)
22	121,0.037454683772	(22, 0.023232913082137607)
22	81,0.038285456704	(22, 0.023232913082137607)
23	23,0.0167535322634	(23, 0.0167535322634382)
23	61,0.0184955575215	(23, 0.0167535322634382)
23	26,0.0461401958075	(23, 0.0167535322634382)
23	121,0.0534371956354	(23, 0.0167535322634382)
23	63,0.0566976048907	(23, 0.0167535322634382)
23	78,0.058150289266	(23, 0.0167535322634382)
23	162,0.0593821980598	(23, 0.0167535322634382)
23	76,0.0613776183766	(23, 0.0167535322634382)
23	147,0.061564547433	(23, 0.0167535322634382)
23	70,0.0690633428334	(23, 0.0167535322634382)
24	24,0.02695934286	(24, 0.026959342860035374)
24	107,0.0597052949639	(24, 0.026959342860035374)
24	27,0.0649573445577	(24, 0.026959342860035374)
24	50,0.0774328830604	(24, 0.026959342860035374)
24	61,0.0789256842989	(24, 0.026959342860035374)
24	158,0.0789694439157	(24, 0.026959342860035374)
24	135,0.0827904850027	(24, 0.026959342860035374)
24	12,0.0838686692472	(24, 0.026959342860035374)
24	73,0.0862624394075	(24, 0.026959342860035374)
24	22,0.0870825669173	(24, 0.026959342860035374)
25	69,0.0273777418039	(25, 0.030666853231961642)
25	25,0.030666853232	(25, 0.030666853231961642)
25	40,0.0329749241203	(25, 0.030666853231961642)
25	15,0.0444625179374	(25, 0.030666853231961642)
25	148,0.0471713133742	(25, 0.030666853231961642)
25	4,0.0473965827086	(25, 0.030666853231961642)
25	154,0.0612828793194	(25, 0.030666853231961642)
25	79,0.0631296962553	(25, 0.030666853231961642)
25	17,0.068560773804	(25, 0.030666853231961642)
25	172,0.0697348166776	(25, 0.030666853231961642)
26	18,0.0255172034019	(26, 0.062914697870949554)
26	11,0.0283243540195	(26, 0.062914697870949554)
26	63,0.0283818203234	(26, 0.062914697870949554)
26	121,0.028439942076	(26, 0.062914697870949554)
26	151,0.0287662529961	(26, 0.062914697870949554)
26	76,0.0292966414579	(26, 0.062914697870949554)
26	3,0.0315900623813	(26, 0.062914697870949554)
26	162,0.0320001335057	(26, 0.062914697870949554)
26	117,0.0330843689845	(26, 0.062914697870949554)
26	22,0.0353844323623	(26, 0.062914697870949554)
27	78,0.0553245273871	(27, 0.06615660090369381)
27	61,0.05918403904	(27, 0.06615660090369381)
27	73,0.0602443016352	(27, 0.06615660090369381)
27	26,0.0605176194315	(27, 0.06615660090369381)
27	121,0.0648116295159	(27, 0.06615660090369381)
27	101,0.0659562424422	(27, 0.06615660090369381)
27	27,0.0661566009037	(27, 0.06615660090369381)
27	170,0.0665777307933	(27, 0.06615660090369381)
27	107,0.0673969962186	(27, 0.06615660090369381)
27	23,0.0719601323779	(27, 0.06615660090369381)
28	1,0.0477779235515	(28, 0.058808169276182917)
28	13,0.0515992436455	(28, 0.058808169276182917)
28	73,0.0557853089787	(28, 0.058808169276182917)
28	28,0.0588081692762	(28, 0.058808169276182917)
28	3,0.0612449139002	(28, 0.058808169276182917)
28	53,0.0666941101834	(28, 0.058808169276182917)
28	93,0.0673214274709	(28, 0.058808169276182917)
28	124,0.0723106549882	(28, 0.058808169276182917)
28	157,0.0728562785649	(28, 0.058808169276182917)
28	155,0.0742175975771	(28, 0.058808169276182917)
29	29,0.0294630597615	(29, 0.029463059761533662)
29	77,0.033980052741	(29, 0.029463059761533662)
29	135,0.0459569319582	(29, 0.029463059761533662)
29	71,0.0461689586221	(29, 0.029463059761533662)
29	76,0.0515724021198	(29, 0.029463059761533662)
29	73,0.0542758663843	(29, 0.029463059761533662)
29	11,0.054621732127	(29, 0.029463059761533662)
29	3,0.0564442230034	(29, 0.029463059761533662)
29	13,0.0567206825555	(29, 0.029463059761533662)
29	137,0.0574388997662	(29, 0.029463059761533662)
30	30,0.0597515307485	(30, 0.059751530748513686)
30	103,0.0883671789876	(30, 0.059751530748513686)
30	28,0.0947293394562	(30, 0.059751530748513686)
30	91,0.0994240256181	(30, 0.059751530748513686)
30	1,0.106178124396	(30, 0.059751530748513686)
30	153,0.112076173822	(30, 0.059751530748513686)
30	53,0.116455280636	(30, 0.059751530748513686)
30	114,0.120532134844	(30, 0.059751530748513686)
30	102,0.12271024941	(30, 0.059751530748513686)
30	73,0.129445173971	(30, 0.059751530748513686)
31	166,0.0761310019715	(31, 0.082115876131991464)
31	31,0.082115876132	(31, 0.082115876131991464)
31	72,0.102242216962	(31, 0.082115876131991464)
31	116,0.118854762375	(31, 0.082115876131991464)
31	124,0.124644615493	(31, 0.082115876131991464)
31	104,0.125020475366	(31, 0.082115876131991464)
31	144,0.127860744589	(31, 0.082115876131991464)
31	123,0.127947775788	(31, 0.082115876131991464)
31	131,0.131637296308	(31, 0.082115876131991464)
31	48,0.13193052426	(31, 0.082115876131991464)
32	156,0.0590190777138	(32, 0.066591386319938328)
32	32,0.0665913863199	(32, 0.066591386319938328)
32	27,0.077121831954	(32, 0.066591386319938328)
32	50,0.0886345031536	(32, 0.066591386319938328)
32	73,0.0899753954631	(32, 0.066591386319938328)
32	164,0.0941199025415	(32, 0.066591386319938328)
32	107,0.0974890256608	(32, 0.066591386319938328)
32	131,0.0985328547695	(32, 0.066591386319938328)
32	144,0.109321255104	(32, 0.066591386319938328)
32	109,0.112100545552	(32, 0.066591386319938328)
33	33,0.0562762890352	(33, 0.056276289035183176)
33	4,0.0797987794107	(33, 0.056276289035183176)
33	69,0.082846314693	(33, 0.056276289035183176)
33	106,0.0909583232529	(33, 0.056276289035183176)
33	116,0.0910249700938	(33, 0.056276289035183176)
33	40,0.0957575744672	(33, 0.056276289035183176)
33	28,0.100543870297	(33, 0.056276289035183176)
33	93,0.104540228735	(33, 0.056276289035183176)
33	1,0.108800886925	(33, 0.056276289035183176)
33	73,0.110191567343	(33, 0.056276289035183176)
34	15,0.0374643070268	(34, 0.090403072869063281)
34	17,0.0391067052356	(34, 0.090403072869063281)
34	69,0.0398102943182	(34, 0.090403072869063281)
34	40,0.0463956521739	(34, 0.090403072869063281)
34	172,0.0474840662939	(34, 0.090403072869063281)
34	148,0.0490624836515	(34, 0.090403072869063281)
34	120,0.0495565505428	(34, 0.090403072869063281)
34	4,0.0543215013885	(34, 0.090403072869063281)
34	83,0.0558540855035	(34, 0.090403072869063281)
34	174,0.058836893608	(34, 0.090403072869063281)
35	35,0.0214489573184	(35, 0.021448957318377638)
35	88,0.0340405077425	(35, 0.021448957318377638)
35	18,0.0372517210006	(35, 0.021448957318377638)
35	12,0.0509486235088	(35, 0.021448957318377638)
35	22,0.0511315633756	(35, 0.021448957318377638)
35	139,0.0549263739585	(35, 0.021448957318377638)
35	158,0.0582393474631	(35, 0.021448957318377638)
35	38,0.0588002722565	(35, 0.021448957318377638)
35	121,0.0599989216669	(35, 0.021448957318377638)
35	61,0.0605938816369	(35, 0.021448957318377638)
36	76,0.0178481440613	(36, 0.022438101435132456)
36	147,0.0188046452977	(36, 0.022438101435132456)
36	46,0.0213969859987	(36, 0.022438101435132456)
36	36,0.0224381014351	(36, 0.022438101435132456)
36	18,0.0270142072002	(36, 0.022438101435132456)
36	63,0.0288494765995	(36, 0.022438101435132456)
36	171,0.0296817014998	(36, 0.022438101435132456)
36	22,0.0397303940216	(36, 0.022438101435132456)
36	137,0.0404589635264	(36, 0.022438101435132456)
36	88,0.0427563071458	(36, 0.022438101435132456)
37	37,0.0268891991555	(37, 0.026889199155516495)
37	3,0.0337778463277	(37, 0.026889199155516495)
37	11,0.034742954675	(37, 0.026889199155516495)
37	100,0.0351398627817	(37, 0.026889199155516495)
37	77,0.0378128398852	(37, 0.026889199155516495)
37	136,0.0452051310303	(37, 0.026889199155516495)
37	90,0.046875840435	(37, 0.026889199155516495)
37	21,0.0474021571046	(37, 0.026889199155516495)
37	17,0.0481804556965	(37, 0.026889199155516495)
37	70,0.0495682838198	(37, 0.026889199155516495)
38	38,0.0236986869727	(38, 0.023698686972713597)
38	12,0.051990205086	(38, 0.023698686972713597)
38	55,0.0528248497094	(38, 0.023698686972713597)
38	14,0.0603056392831	(38, 0.023698686972713597)
38	43,0.0742867238081	(38, 0.023698686972713597)
38	50,0.079242151214	(38, 0.023698686972713597)
38	128,0.0799498674548	(38, 0.023698686972713597)
38	107,0.0819656662436	(38, 0.023698686972713597)
38	159,0.0824585628042	(38, 0.023698686972713597)
38	152,0.0833279259981	(38, 0.023698686972713597)
39	39,0.0507869193208	(39, 0.050786919320824506)
39	169,0.120624620047	(39, 0.050786919320824506)
39	51,0.120985537111	(39, 0.050786919320824506)
39	84,0.125414493663	(39, 0.050786919320824506)
39	156,0.12678157976	(39, 0.050786919320824506)
39	99,0.12775317119	(39, 0.050786919320824506)
39	101,0.127761640231	(39, 0.050786919320824506)
39	27,0.135700787333	(39, 0.050786919320824506)
39	107,0.137273089937	(39, 0.050786919320824506)
39	138,0.13946655182	(39, 0.050786919320824506)
40	40,0.0177685190378	(40, 0.01776851903783502)
40	69,0.030319736627	(40, 0.01776851903783502)
40	172,0.0407285733767	(40, 0.01776851903783502)
40	79,0.0422405260139	(40, 0.01776851903783502)
40	25,0.0455731946781	(40, 0.01776851903783502)
40	4,0.0475250858049	(40, 0.01776851903783502)
40	15,0.0492213014499	(40, 0.01776851903783502)
40	148,0.0502518846912	(40, 0.01776851903783502)
40	17,0.0535686217273	(40, 0.01776851903783502)
40	60,0.0568391005825	(40, 0.01776851903783502)
41	41,0.0295582974396	(41, 0.029558297439606186)
41	155,0.0507549419699	(41, 0.029558297439606186)
41	1,0.0793575562478	(41, 0.029558297439606186)
41	20,0.0854922185563	(41, 0.029558297439606186)
41	91,0.0882058992921	(41, 0.029558297439606186)
41	124,0.0947044222678	(41, 0.029558297439606186)
41	101,0.101431541269	(41, 0.029558297439606186)
41	114,0.107976150478	(41, 0.029558297439606186)
41	53,0.108393556441	(41, 0.029558297439606186)
41	102,0.111660307385	(41, 0.029558297439606186)
42	163,0.0958576644478	(42, 0.19721786107213024)
42	69,0.108967000905	(42, 0.19721786107213024)
42	118,0.123312838524	(42, 0.19721786107213024)
42	28,0.125457508313	(42, 0.19721786107213024)
42	34,0.126119656354	(42, 0.19721786107213024)
42	53,0.136707776619	(42, 0.19721786107213024)
42	97,0.139394510643	(42, 0.19721786107213024)
42	4,0.143469615063	(42, 0.19721786107213024)
42	44,0.145851726788	(42, 0.19721786107213024)
42	65,0.148570923422	(42, 0.19721786107213024)
43	12,0.034355392811	(43, 0.063129094247398265)
43	128,0.0377545838816	(43, 0.063129094247398265)
43	22,0.0377740537278	(43, 0.063129094247398265)
43	121,0.0407335839639	(43, 0.063129094247398265)
43	78,0.0424583003048	(43, 0.063129094247398265)
43	107,0.0470569429228	(43, 0.063129094247398265)
43	50,0.047284146287	(43, 0.063129094247398265)
43	158,0.0478925538219	(43, 0.063129094247398265)
43	18,0.0480980859193	(43, 0.063129094247398265)
43	61,0.0492854779648	(43, 0.063129094247398265)
44	109,0.0484081309125	(44, 0.19873292872685802)
44	93,0.0546876211319	(44, 0.19873292872685802)
44	116,0.0556193569092	(44, 0.19873292872685802)
44	124,0.0620537455957	(44, 0.19873292872685802)
44	144,0.0677856207917	(44, 0.19873292872685802)
44	159,0.0679016448271	(44, 0.19873292872685802)
44	73,0.0702132827881	(44, 0.19873292872685802)
44	84,0.0708052229031	(44, 0.19873292872685802)
44	12,0.0779270975086	(44, 0.19873292872685802)
44	123,0.078256103053	(44, 0.19873292872685802)
45	45,0.0739527326119	(45, 0.073952732611871977)
45	94,0.10376746941	(45, 0.073952732611871977)
45	130,0.11287402177	(45, 0.073952732611871977)
45	34,0.128164843698	(45, 0.073952732611871977)
45	133,0.13280813955	(45, 0.073952732611871977)
45	129,0.138594534264	(45, 0.073952732611871977)
45	98,0.143791050917	(45, 0.073952732611871977)
45	83,0.14758036999	(45, 0.073952732611871977)
45	53,0.148066793109	(45, 0.073952732611871977)
45	15,0.154285519695	(45, 0.073952732611871977)
46	46,0.0139992029296	(46, 0.013999202929575903)
46	36,0.0192167622033	(46, 0.013999202929575903)
46	171,0.0236336135688	(46, 0.013999202929575903)
46	137,0.0271289107333	(46, 0.013999202929575903)
46	76,0.027963194934	(46, 0.013999202929575903)
46	147,0.0361823795251	(46, 0.013999202929575903)
46	63,0.0379176250297	(46, 0.013999202929575903)
46	139,0.0419037539254	(46, 0.013999202929575903)
46	18,0.0427774282328	(46, 0.013999202929575903)
46	146,0.0432544921496	(46, 0.013999202929575903)
47	99,0.0976441344272	(47, 0.11605681450838931)
47	10,0.100652808178	(47, 0.11605681450838931)
47	27,0.110611986677	(47, 0.11605681450838931)
47	19,0.111508728208	(47, 0.11605681450838931)
47	47,0.116056814508	(47, 0.11605681450838931)
47	138,0.125677840794	(47, 0.11605681450838931)
47	84,0.127523648812	(47, 0.11605681450838931)
47	43,0.130809385546	(47, 0.11605681450838931)
47	0,0.141693819171	(47, 0.11605681450838931)
47	173,0.143643372127	(47, 0.11605681450838931)
48	56,0.0452754235279	(48, 0.049783060267661036)
48	120,0.045437415189	(48, 0.049783060267661036)
48	48,0.0497830602677	(48, 0.049783060267661036)
48	69,0.052078733214	(48, 0.049783060267661036)
48	40,0.0640541540669	(48, 0.049783060267661036)
48	97,0.0647662310005	(48, 0.049783060267661036)
48	174,0.0697211564594	(48, 0.049783060267661036)
48	4,0.0720064709852	(48, 0.049783060267661036)
48	154,0.0821973607674	(48, 0.049783060267661036)
48	172,0.0826116687416	(48, 0.049783060267661036)
49	49,0.0367960718319	(49, 0.03679607183187511)
49	59,0.048249010587	(49, 0.03679607183187511)
49	15,0.0535645369003	(49, 0.03679607183187511)
49	77,0.0542654272348	(49, 0.03679607183187511)
49	98,0.0548099281827	(49, 0.03679607183187511)
49	172,0.0606144821808	(49, 0.03679607183187511)
49	100,0.0613266118637	(49, 0.03679607183187511)
49	17,0.0660466589018	(49, 0.03679607183187511)
49	83,0.0700252451082	(49, 0.03679607183187511)
49	174,0.0786498946285	(49, 0.03679607183187511)
50	50,0.0250235763142	(50, 0.025023576314211281)
50	107,0.0539674758919	(50, 0.025023576314211281)
50	12,0.0560318485511	(50, 0.025023576314211281)
50	158,0.0640397127502	(50, 0.025023576314211281)
50	128,0.0675590011345	(50, 0.025023576314211281)
50	171,0.0682650064323	(50, 0.025023576314211281)
50	22,0.0705430800193	(50, 0.025023576314211281)
50	38,0.0725808510424	(50, 0.025023576314211281)
50	76,0.0733292434554	(50, 0.025023576314211281)
50	139,0.0773712806777	(50, 0.025023576314211281)
51	124,0.0368328769279	(51, 0.14810744456753364)
51	73,0.0586536485305	(51, 0.14810744456753364)
51	155,0.0611260588517	(51, 0.14810744456753364)
51	157,0.0694606271257	(51, 0.14810744456753364)
51	53,0.0722466747954	(51, 0.14810744456753364)
51	41,0.0804785428626	(51, 0.14810744456753364)
51	1,0.0809970242264	(51, 0.14810744456753364)
51	93,0.0822160664539	(51, 0.14810744456753364)
51	20,0.0831735565196	(51, 0.14810744456753364)
51	28,0.0894842736761	(51, 0.14810744456753364)
52	53,0.0592997994172	(52, 0.19975645431513056)
52	44,0.0642155476806	(52, 0.19975645431513056)
52	155,0.0673255012614	(52, 0.19975645431513056)
52	124,0.0702352343922	(52, 0.19975645431513056)
52	13,0.0707153891631	(52, 0.19975645431513056)
52	161,0.0781238227682	(52, 0.19975645431513056)
52	65,0.0782430064459	(52, 0.19975645431513056)
52	4,0.0792195934421	(52, 0.19975645431513056)
52	119,0.0822138154949	(52, 0.19975645431513056)
52	163,0.0862761406055	(52, 0.19975645431513056)
53	65,0.0379010841998	(53, 0.045602439130575934)
53	53,0.0456024391306	(53, 0.045602439130575934)
53	44,0.0526600031835	(53, 0.045602439130575934)
53	155,0.0599872496376	(53, 0.045602439130575934)
53	161,0.0631538360163	(53, 0.045602439130575934)
53	120,0.0635189117676	(53, 0.045602439130575934)
53	163,0.0664558599685	(53, 0.045602439130575934)
53	114,0.0809138258968	(53, 0.045602439130575934)
53	13,0.082542908597	(53, 0.045602439130575934)
53	124,0.0835046277781	(53, 0.045602439130575934)
54	136,0.0261415571159	(54, 0.043743421263286078)
54	162,0.0434193657475	(54, 0.043743421263286078)
54	54,0.0437434212633	(54, 0.043743421263286078)
54	11,0.0455348235462	(54, 0.043743421263286078)
54	71,0.0463670302522	(54, 0.043743421263286078)
54	3,0.0470605388085	(54, 0.043743421263286078)
54	63,0.0476217512221	(54, 0.043743421263286078)
54	137,0.0478992053254	(54, 0.043743421263286078)
54	147,0.0482833633444	(54, 0.043743421263286078)
54	37,0.0505915113099	(54, 0.043743421263286078)
55	12,0.0305572845399	(55, 0.046928383815101997)
55	159,0.0420460700421	(55, 0.046928383815101997)
55	55,0.0469283838151	(55, 0.046928383815101997)
55	18,0.0482293880051	(55, 0.046928383815101997)
55	38,0.049171312669	(55, 0.046928383815101997)
55	121,0.0497335767224	(55, 0.046928383815101997)
55	152,0.0527611678788	(55, 0.046928383815101997)
55	86,0.0533448455488	(55, 0.046928383815101997)
55	128,0.0537331051046	(55, 0.046928383815101997)
55	151,0.055515461819	(55, 0.046928383815101997)
56	56,0.0324185495256	(56, 0.032418549525620226)
56	120,0.0432565446347	(56, 0.032418549525620226)
56	15,0.0490873755724	(56, 0.032418549525620226)
56	174,0.0723686131968	(56, 0.032418549525620226)
56	69,0.0744860734856	(56, 0.032418549525620226)
56	2,0.0756154077226	(56, 0.032418549525620226)
56	113,0.0832474604882	(56, 0.032418549525620226)
56	17,0.0855945378445	(56, 0.032418549525620226)
56	4,0.0857143871593	(56, 0.032418549525620226)
56	44,0.0879367167813	(56, 0.032418549525620226)
57	57,0.0487362230685	(57, 0.04873622306851267)
57	122,0.113045198314	(57, 0.04873622306851267)
57	15,0.133357424225	(57, 0.04873622306851267)
57	174,0.140060880008	(57, 0.04873622306851267)
57	56,0.147754004185	(57, 0.04873622306851267)
57	120,0.169736676941	(57, 0.04873622306851267)
57	113,0.17085916286	(57, 0.04873622306851267)
57	59,0.175331339078	(57, 0.04873622306851267)
57	2,0.177652582345	(57, 0.04873622306851267)
57	108,0.194056300261	(57, 0.04873622306851267)
58	24,0.0482630827128	(58, 0.18579731943215291)
58	107,0.0515933320198	(58, 0.18579731943215291)
58	27,0.0569886172531	(58, 0.18579731943215291)
58	50,0.0610573062876	(58, 0.18579731943215291)
58	38,0.0762207685634	(58, 0.18579731943215291)
58	61,0.0772620950094	(58, 0.18579731943215291)
58	43,0.0773991114178	(58, 0.18579731943215291)
58	158,0.0786119395028	(58, 0.18579731943215291)
58	12,0.0820664831344	(58, 0.18579731943215291)
58	73,0.0854726107954	(58, 0.18579731943215291)
59	83,0.0952090839118	(59, 0.11165560422646001)
59	15,0.0955581190756	(59, 0.11165560422646001)
59	65,0.104086658919	(59, 0.11165560422646001)
59	94,0.109687913084	(59, 0.11165560422646001)
59	59,0.111655604226	(59, 0.11165560422646001)
59	113,0.111848671737	(59, 0.11165560422646001)
59	130,0.123339075752	(59, 0.11165560422646001)
59	120,0.123581425553	(59, 0.11165560422646001)
59	44,0.124401987376	(59, 0.11165560422646001)
59	34,0.128255099916	(59, 0.11165560422646001)
60	60,0.037594827803	(60, 0.037594827802969473)
60	40,0.0440593544489	(60, 0.037594827802969473)
60	69,0.0445332775564	(60, 0.037594827802969473)
60	79,0.0455463706291	(60, 0.037594827802969473)
60	4,0.0566849710302	(60, 0.037594827802969473)
60	34,0.061616053284	(60, 0.037594827802969473)
60	25,0.0628425914893	(60, 0.037594827802969473)
60	15,0.0671977946013	(60, 0.037594827802969473)
60	77,0.0701745520374	(60, 0.037594827802969473)
60	172,0.0713640881907	(60, 0.037594827802969473)
61	23,0.0241159486072	(61, 0.024191921985966775)
61	61,0.024191921986	(61, 0.024191921985966775)
61	121,0.0341500000383	(61, 0.024191921985966775)
61	26,0.0343975759277	(61, 0.024191921985966775)
61	162,0.0386237685549	(61, 0.024191921985966775)
61	63,0.0396850940853	(61, 0.024191921985966775)
61	78,0.0398866177327	(61, 0.024191921985966775)
61	76,0.0454587665508	(61, 0.024191921985966775)
61	3,0.04757746562	(61, 0.024191921985966775)
61	147,0.0491702106185	(61, 0.024191921985966775)
62	78,0.0427048778788	(62, 0.05921468719015946)
62	26,0.0465781135182	(62, 0.05921468719015946)
62	107,0.0568991071367	(62, 0.05921468719015946)
62	73,0.0576440139057	(62, 0.05921468719015946)
62	62,0.0592146871902	(62, 0.05921468719015946)
62	61,0.0615571362452	(62, 0.05921468719015946)
62	158,0.0652359542811	(62, 0.05921468719015946)
62	121,0.0694518285224	(62, 0.05921468719015946)
62	95,0.0726372041978	(62, 0.05921468719015946)
62	22,0.0728743675296	(62, 0.05921468719015946)
63	3,0.0200577424316	(63, 0.03039202828992961)
63	63,0.0303920282899	(63, 0.03039202828992961)
63	77,0.0313781181314	(63, 0.03039202828992961)
63	11,0.0321763148469	(63, 0.03039202828992961)
63	162,0.0344320412533	(63, 0.03039202828992961)
63	37,0.0357806881475	(63, 0.03039202828992961)
63	136,0.0380625439224	(63, 0.03039202828992961)
63	71,0.0392964012062	(63, 0.03039202828992961)
63	147,0.0416203871375	(63, 0.03039202828992961)
63	171,0.04297159252	(63, 0.03039202828992961)
64	64,0.13063538583	(64, 0.13063538583005163)
64	45,0.192379492215	(64, 0.13063538583005163)
64	130,0.201137188921	(64, 0.13063538583005163)
64	118,0.203095684893	(64, 0.13063538583005163)
64	133,0.235978589842	(64, 0.13063538583005163)
64	33,0.240540096471	(64, 0.13063538583005163)
64	34,0.279669396785	(64, 0.13063538583005163)
64	113,0.286176176419	(64, 0.13063538583005163)
64	94,0.301758684322	(64, 0.13063538583005163)
64	15,0.315402403236	(64, 0.13063538583005163)
65	65,0.030500475914	(65, 0.030500475913966024)
65	161,0.0399821750473	(65, 0.030500475913966024)
65	83,0.0458656244506	(65, 0.030500475913966024)
65	68,0.0471575480194	(65, 0.030500475913966024)
65	155,0.0585732023546	(65, 0.030500475913966024)
65	1,0.0645292497173	(65, 0.030500475913966024)
65	44,0.0675099788414	(65, 0.030500475913966024)
65	59,0.0675562737012	(65, 0.030500475913966024)
65	120,0.0686260374026	(65, 0.030500475913966024)
65	71,0.070192307894	(65, 0.030500475913966024)
66	66,0.108180176009	(66, 0.10818017600920028)
66	130,0.244524361107	(66, 0.10818017600920028)
66	133,0.261702076599	(66, 0.10818017600920028)
66	140,0.265776754858	(66, 0.10818017600920028)
66	91,0.293558012359	(66, 0.10818017600920028)
66	118,0.295871585544	(66, 0.10818017600920028)
66	33,0.312306912047	(66, 0.10818017600920028)
66	141,0.324374923733	(66, 0.10818017600920028)
66	169,0.337468534278	(66, 0.10818017600920028)
66	9,0.346360868826	(66, 0.10818017600920028)
67	67,0.0847606155883	(67, 0.084760615588258176)
67	84,0.0974316613531	(67, 0.084760615588258176)
67	169,0.0983605171816	(67, 0.084760615588258176)
67	93,0.0991735304003	(67, 0.084760615588258176)
67	28,0.114031547215	(67, 0.084760615588258176)
67	140,0.115356563105	(67, 0.084760615588258176)
67	116,0.118046109434	(67, 0.084760615588258176)
67	109,0.122180873675	(67, 0.084760615588258176)
67	30,0.12475855607	(67, 0.084760615588258176)
67	124,0.125309607285	(67, 0.084760615588258176)
68	68,0.0303190500078	(68, 0.030319050007845533)
68	70,0.0536122472713	(68, 0.030319050007845533)
68	23,0.0556106125634	(68, 0.030319050007845533)
68	61,0.0591747217867	(68, 0.030319050007845533)
68	63,0.0629459388358	(68, 0.030319050007845533)
68	162,0.0674386219423	(68, 0.030319050007845533)
68	147,0.0697298376803	(68, 0.030319050007845533)
68	77,0.0702805978848	(68, 0.030319050007845533)
68	26,0.0724970977353	(68, 0.030319050007845533)
68	71,0.0750459462616	(68, 0.030319050007845533)
69	122,0.121620849084	(69, 0.14456362880793258)
69	154,0.136030828736	(69, 0.14456362880793258)
69	15,0.139628664614	(69, 0.14456362880793258)
69	174,0.139975274442	(69, 0.14456362880793258)
69	69,0.144563628808	(69, 0.14456362880793258)
69	48,0.14615363937	(69, 0.14456362880793258)
69	2,0.160484946721	(69, 0.14456362880793258)
69	56,0.160743073668	(69, 0.14456362880793258)
69	33,0.16843589701	(69, 0.14456362880793258)
69	4,0.16902238797	(69, 0.14456362880793258)
70	121,0.0353703923801	(70, 0.044078110050288798)
70	3,0.0403931822429	(70, 0.044078110050288798)
70	117,0.0414486774735	(70, 0.044078110050288798)
70	77,0.0426454943252	(70, 0.044078110050288798)
70	70,0.0440781100503	(70, 0.044078110050288798)
70	11,0.0466856099764	(70, 0.044078110050288798)
70	132,0.0470063396071	(70, 0.044078110050288798)
70	71,0.0476126029888	(70, 0.044078110050288798)
70	139,0.0483440194955	(70, 0.044078110050288798)
70	22,0.04864670986	(70, 0.044078110050288798)
71	91,0.0795754075151	(71, 0.20036842765195906)
71	133,0.0805853595556	(71, 0.20036842765195906)
71	101,0.109642229887	(71, 0.20036842765195906)
71	102,0.111936775932	(71, 0.20036842765195906)
71	41,0.116418880589	(71, 0.20036842765195906)
71	28,0.123337556125	(71, 0.20036842765195906)
71	1,0.126501047901	(71, 0.20036842765195906)
71	155,0.126678506599	(71, 0.20036842765195906)
71	95,0.129859930477	(71, 0.20036842765195906)
71	53,0.132476466588	(71, 0.20036842765195906)
72	174,0.0596688332911	(72, 0.33202091336170647)
72	17,0.0598909902918	(72, 0.33202091336170647)
72	172,0.0625235449623	(72, 0.33202091336170647)
72	148,0.0687826737199	(72, 0.33202091336170647)
72	143,0.070999434068	(72, 0.33202091336170647)
72	77,0.0827270833112	(72, 0.33202091336170647)
72	100,0.0842562942603	(72, 0.33202091336170647)
72	49,0.0849056638425	(72, 0.33202091336170647)
72	40,0.0898273769356	(72, 0.33202091336170647)
72	15,0.0900646040789	(72, 0.33202091336170647)
73	73,0.0292012881438	(73, 0.029201288143766629)
73	157,0.0587463393169	(73, 0.029201288143766629)
73	13,0.0588452638903	(73, 0.029201288143766629)
73	27,0.0616404755078	(73, 0.029201288143766629)
73	124,0.0675203225521	(73, 0.029201288143766629)
73	93,0.0767009861519	(73, 0.029201288143766629)
73	109,0.0789161909328	(73, 0.029201288143766629)
73	53,0.0795153868361	(73, 0.029201288143766629)
73	144,0.0853027573843	(73, 0.029201288143766629)
73	114,0.0862560271506	(73, 0.029201288143766629)
74	74,0.0252876281684	(74, 0.02528762816837565)
74	136,0.0256950718098	(74, 0.02528762816837565)
74	17,0.0269271407723	(74, 0.02528762816837565)
74	37,0.0321351363987	(74, 0.02528762816837565)
74	127,0.0357576751301	(74, 0.02528762816837565)
74	100,0.0358682735799	(74, 0.02528762816837565)
74	90,0.0368100246947	(74, 0.02528762816837565)
74	77,0.0377804421398	(74, 0.02528762816837565)
74	49,0.0522277711691	(74, 0.02528762816837565)
74	11,0.05435535439	(74, 0.02528762816837565)
75	75,0.199704710025	(75, 0.19970471002517232)
75	167,0.20151002731	(75, 0.19970471002517232)
75	80,0.293371967169	(75, 0.19970471002517232)
75	47,0.302115733437	(75, 0.19970471002517232)
75	10,0.314332691538	(75, 0.19970471002517232)
75	85,0.326794883429	(75, 0.19970471002517232)
75	67,0.327361812959	(75, 0.19970471002517232)
75	99,0.328734016578	(75, 0.19970471002517232)
75	169,0.345071101529	(75, 0.19970471002517232)
75	166,0.346984147521	(75, 0.19970471002517232)
76	76,0.0167238349772	(76, 0.016723834977160405)
76	147,0.0201305904045	(76, 0.016723834977160405)
76	63,0.0214108950525	(76, 0.016723834977160405)
76	137,0.0234518048202	(76, 0.016723834977160405)
76	171,0.0282319547947	(76, 0.016723834977160405)
76	3,0.0327047909215	(76, 0.016723834977160405)
76	22,0.0332097282897	(76, 0.016723834977160405)
76	18,0.0346238912724	(76, 0.016723834977160405)
76	46,0.0347151577914	(76, 0.016723834977160405)
76	117,0.0355467086464	(76, 0.016723834977160405)
77	162,0.0252158676911	(77, 0.027148952622707098)
77	90,0.0256921446131	(77, 0.027148952622707098)
77	77,0.0271489526227	(77, 0.027148952622707098)
77	11,0.0297080384264	(77, 0.027148952622707098)
77	136,0.0297838765827	(77, 0.027148952622707098)
77	3,0.0308672556886	(77, 0.027148952622707098)
77	147,0.0311437434059	(77, 0.027148952622707098)
77	137,0.0313727935239	(77, 0.027148952622707098)
77	63,0.0317635206905	(77, 0.027148952622707098)
77	71,0.035797356108	(77, 0.027148952622707098)
78	151,0.0213651543327	(78, 0.039683457612306156)
78	63,0.0222771212993	(78, 0.039683457612306156)
78	76,0.0237752346333	(78, 0.039683457612306156)
78	132,0.0256555368619	(78, 0.039683457612306156)
78	22,0.0292415211765	(78, 0.039683457612306156)
78	147,0.0294251047894	(78, 0.039683457612306156)
78	121,0.0306368825667	(78, 0.039683457612306156)
78	18,0.0309362278777	(78, 0.039683457612306156)
78	61,0.0379592848764	(78, 0.039683457612306156)
78	23,0.0383328729606	(78, 0.039683457612306156)
79	4,0.0242939898806	(79, 0.025888262241486035)
79	69,0.0246374832475	(79, 0.025888262241486035)
79	79,0.0258882622415	(79, 0.025888262241486035)
79	40,0.032610787156	(79, 0.025888262241486035)
79	25,0.0523143516705	(79, 0.025888262241486035)
79	34,0.0619366619366	(79, 0.025888262241486035)
79	172,0.0624230050647	(79, 0.025888262241486035)
79	56,0.0626888859244	(79, 0.025888262241486035)
79	17,0.0655001449896	(79, 0.025888262241486035)
79	148,0.0656585449692	(79, 0.025888262241486035)
80	80,0.099075808531	(80, 0.099075808531000356)
80	51,0.111824349528	(80, 0.099075808531000356)
80	167,0.140767116857	(80, 0.099075808531000356)
80	32,0.180610741683	(80, 0.099075808531000356)
80	27,0.239261406532	(80, 0.099075808531000356)
80	160,0.247681392556	(80, 0.099075808531000356)
80	39,0.247766422252	(80, 0.099075808531000356)
80	58,0.249933207735	(80, 0.099075808531000356)
80	169,0.255577948691	(80, 0.099075808531000356)
80	165,0.266670195554	(80, 0.099075808531000356)
81	81,0.0275199354796	(81, 0.027519935479606683)
81	132,0.0351294825747	(81, 0.027519935479606683)
81	11,0.0352740739193	(81, 0.027519935479606683)
81	3,0.0353502770925	(81, 0.027519935479606683)
81	121,0.0364398159964	(81, 0.027519935479606683)
81	117,0.038437201334	(81, 0.027519935479606683)
81	22,0.0392443383337	(81, 0.027519935479606683)
81	77,0.0405301459028	(81, 0.027519935479606683)
81	151,0.0416750994447	(81, 0.027519935479606683)
81	18,0.0431028496266	(81, 0.027519935479606683)
82	27,0.0674806411784	(82, 0.12776429214733942)
82	38,0.0777202991404	(82, 0.12776429214733942)
82	24,0.0811149099962	(82, 0.12776429214733942)
82	12,0.0822670553083	(82, 0.12776429214733942)
82	50,0.082332159491	(82, 0.12776429214733942)
82	144,0.0882866466074	(82, 0.12776429214733942)
82	107,0.0890844743415	(82, 0.12776429214733942)
82	73,0.0912567866392	(82, 0.12776429214733942)
82	13,0.0928244964484	(82, 0.12776429214733942)
82	164,0.0933064756366	(82, 0.12776429214733942)
83	13,0.0381816767102	(83, 0.049622289608438827)
83	155,0.0409645319782	(83, 0.049622289608438827)
83	65,0.0464197143425	(83, 0.049622289608438827)
83	71,0.0468525839727	(83, 0.049622289608438827)
83	17,0.0490679876668	(83, 0.049622289608438827)
83	161,0.0495823138543	(83, 0.049622289608438827)
83	83,0.0496222896084	(83, 0.049622289608438827)
83	120,0.0496799614364	(83, 0.049622289608438827)
83	136,0.0560328777642	(83, 0.049622289608438827)
83	11,0.056200148304	(83, 0.049622289608438827)
84	84,0.123687226052	(84, 0.12368722605195785)
84	67,0.126727994341	(84, 0.12368722605195785)
84	166,0.136924652189	(84, 0.12368722605195785)
84	169,0.143792962281	(84, 0.12368722605195785)
84	99,0.166567125703	(84, 0.12368722605195785)
84	140,0.167185763025	(84, 0.12368722605195785)
84	144,0.191302854435	(84, 0.12368722605195785)
84	109,0.191511125581	(84, 0.12368722605195785)
84	156,0.195699256476	(84, 0.12368722605195785)
84	72,0.202885951854	(84, 0.12368722605195785)
85	67,0.101953269475	(85, 0.16656725990292534)
85	140,0.159355243255	(85, 0.16656725990292534)
85	85,0.166567259903	(85, 0.16656725990292534)
85	166,0.181267546124	(85, 0.16656725990292534)
85	84,0.186355807331	(85, 0.16656725990292534)
85	149,0.189931764491	(85, 0.16656725990292534)
85	169,0.200792439589	(85, 0.16656725990292534)
85	144,0.218055901861	(85, 0.16656725990292534)
85	99,0.223061941086	(85, 0.16656725990292534)
85	93,0.224524387651	(85, 0.16656725990292534)
86	86,0.027244801177	(86, 0.027244801176985294)
86	137,0.033076456784	(86, 0.027244801176985294)
86	162,0.0365515271044	(86, 0.027244801176985294)
86	117,0.0375446593057	(86, 0.027244801176985294)
86	12,0.0392120655055	(86, 0.027244801176985294)
86	150,0.0399120469348	(86, 0.027244801176985294)
86	18,0.0406256798549	(86, 0.027244801176985294)
86	171,0.0407407137648	(86, 0.027244801176985294)
86	3,0.0408688006072	(86, 0.027244801176985294)
86	11,0.0426195989868	(86, 0.027244801176985294)
87	1,0.0410606968364	(87, 0.1147072538114149)
87	121,0.0490797428048	(87, 0.1147072538114149)
87	71,0.0495661798974	(87, 0.1147072538114149)
87	26,0.0501452310361	(87, 0.1147072538114149)
87	78,0.0552057784943	(87, 0.1147072538114149)
87	11,0.0553757952385	(87, 0.1147072538114149)
87	20,0.0556503136364	(87, 0.1147072538114149)
87	155,0.0562815101681	(87, 0.1147072538114149)
87	41,0.0575438405179	(87, 0.1147072538114149)
87	23,0.0586492465624	(87, 0.1147072538114149)
88	147,0.0223799108214	(88, 0.03498189104257976)
88	76,0.0231819288531	(88, 0.03498189104257976)
88	18,0.0275537849542	(88, 0.03498189104257976)
88	63,0.0278283939675	(88, 0.03498189104257976)
88	117,0.0318386286005	(88, 0.03498189104257976)
88	22,0.0330833827191	(88, 0.03498189104257976)
88	171,0.0337290060173	(88, 0.03498189104257976)
88	88,0.0349818910426	(88, 0.03498189104257976)
88	46,0.0373044403259	(88, 0.03498189104257976)
88	77,0.0391952907588	(88, 0.03498189104257976)
89	124,0.0367072214454	(89, 0.060867739589320534)
89	155,0.0387132535746	(89, 0.060867739589320534)
89	53,0.0465957409211	(89, 0.060867739589320534)
89	1,0.0504627702079	(89, 0.060867739589320534)
89	89,0.0608677395893	(89, 0.060867739589320534)
89	20,0.0680143624822	(89, 0.060867739589320534)
89	73,0.0688920336171	(89, 0.060867739589320534)
89	71,0.0697425852581	(89, 0.060867739589320534)
89	28,0.0711643602303	(89, 0.060867739589320534)
89	13,0.0742729343768	(89, 0.060867739589320534)
90	90,0.0186307265185	(90, 0.018630726518525181)
90	11,0.0345601539704	(90, 0.018630726518525181)
90	162,0.0345957460622	(90, 0.018630726518525181)
90	172,0.0369038489309	(90, 0.018630726518525181)
90	137,0.0378564633978	(90, 0.018630726518525181)
90	136,0.0390665844228	(90, 0.018630726518525181)
90	37,0.0394790392286	(90, 0.018630726518525181)
90	81,0.039827113157	(90, 0.018630726518525181)
90	96,0.0402523323079	(90, 0.018630726518525181)
90	17,0.0409532557006	(90, 0.018630726518525181)
91	133,0.0735762540702	(91, 0.1057095923422738)
91	91,0.105709592342	(91, 0.1057095923422738)
91	130,0.146069550732	(91, 0.1057095923422738)
91	103,0.191881752793	(91, 0.1057095923422738)
91	34,0.201979476171	(91, 0.1057095923422738)
91	102,0.206692131272	(91, 0.1057095923422738)
91	51,0.213485214582	(91, 0.1057095923422738)
91	53,0.223308333723	(91, 0.1057095923422738)
91	66,0.224422275795	(91, 0.1057095923422738)
91	155,0.229475757926	(91, 0.1057095923422738)
92	78,0.03279488875	(92, 0.099819719916461644)
92	61,0.0481705883951	(92, 0.099819719916461644)
92	128,0.0484192777267	(92, 0.099819719916461644)
92	24,0.0547618874889	(92, 0.099819719916461644)
92	158,0.0549525458999	(92, 0.099819719916461644)
92	12,0.0554301954438	(92, 0.099819719916461644)
92	26,0.0560679962004	(92, 0.099819719916461644)
92	107,0.066629864407	(92, 0.099819719916461644)
92	22,0.0684377288289	(92, 0.099819719916461644)
92	23,0.0689880385213	(92, 0.099819719916461644)
93	22,0.0268310731243	(93, 0.046890747742047975)
93	132,0.0291570903669	(93, 0.046890747742047975)
93	158,0.0379347709932	(93, 0.046890747742047975)
93	128,0.0388473360355	(93, 0.046890747742047975)
93	76,0.0406827575124	(93, 0.046890747742047975)
93	121,0.0408930921699	(93, 0.046890747742047975)
93	3,0.045900553588	(93, 0.046890747742047975)
93	93,0.046890747742	(93, 0.046890747742047975)
93	78,0.0472789660782	(93, 0.046890747742047975)
93	171,0.0485589436632	(93, 0.046890747742047975)
94	94,0.0548647424256	(94, 0.054864742425608154)
94	83,0.0969038401803	(94, 0.054864742425608154)
94	155,0.116758478747	(94, 0.054864742425608154)
94	15,0.127412073937	(94, 0.054864742425608154)
94	59,0.130097733107	(94, 0.054864742425608154)
94	45,0.132102424193	(94, 0.054864742425608154)
94	65,0.140294939215	(94, 0.054864742425608154)
94	120,0.141179011982	(94, 0.054864742425608154)
94	161,0.145854031716	(94, 0.054864742425608154)
94	98,0.148080252011	(94, 0.054864742425608154)
95	107,0.0537495995975	(95, 0.12776857248241971)
95	99,0.056418903614	(95, 0.12776857248241971)
95	43,0.0710210622109	(95, 0.12776857248241971)
95	27,0.0729084220086	(95, 0.12776857248241971)
95	78,0.0746590606865	(95, 0.12776857248241971)
95	128,0.0748187445568	(95, 0.12776857248241971)
95	19,0.0761353299627	(95, 0.12776857248241971)
95	138,0.0786254573891	(95, 0.12776857248241971)
95	39,0.0893256776414	(95, 0.12776857248241971)
95	84,0.0938234097791	(95, 0.12776857248241971)
96	96,0.024201047089	(96, 0.024201047089008294)
96	162,0.0440846731743	(96, 0.024201047089008294)
96	11,0.0459376141273	(96, 0.024201047089008294)
96	13,0.0476156117862	(96, 0.024201047089008294)
96	17,0.0482595872603	(96, 0.024201047089008294)
96	161,0.0557185555739	(96, 0.024201047089008294)
96	112,0.0562111399206	(96, 0.024201047089008294)
96	143,0.0573183936362	(96, 0.024201047089008294)
96	119,0.059260807231	(96, 0.024201047089008294)
96	90,0.0608218759888	(96, 0.024201047089008294)
97	172,0.0331629169478	(97, 0.083302675926932024)
97	40,0.0393626698545	(97, 0.083302675926932024)
97	17,0.0413310296809	(97, 0.083302675926932024)
97	69,0.0444337000494	(97, 0.083302675926932024)
97	120,0.0484520612577	(97, 0.083302675926932024)
97	3,0.0555439711607	(97, 0.083302675926932024)
97	79,0.056051770875	(97, 0.083302675926932024)
97	90,0.057910864476	(97, 0.083302675926932024)
97	4,0.0594516140221	(97, 0.083302675926932024)
97	37,0.061128204134	(97, 0.083302675926932024)
98	98,0.0251599122604	(98, 0.025159912260424598)
98	15,0.043199575173	(98, 0.025159912260424598)
98	40,0.0442244252466	(98, 0.025159912260424598)
98	25,0.0547258164818	(98, 0.025159912260424598)
98	172,0.0551814751665	(98, 0.025159912260424598)
98	154,0.0553981043845	(98, 0.025159912260424598)
98	49,0.0629460309071	(98, 0.025159912260424598)
98	174,0.0696455004484	(98, 0.025159912260424598)
98	4,0.0699565346117	(98, 0.025159912260424598)
98	69,0.0703215540997	(98, 0.025159912260424598)
99	144,0.0484834182175	(99, 0.065429928362751882)
99	93,0.052816290317	(99, 0.065429928362751882)
99	84,0.0534922845637	(99, 0.065429928362751882)
99	109,0.0605673560345	(99, 0.065429928362751882)
99	73,0.0611121490097	(99, 0.065429928362751882)
99	156,0.0621849526646	(99, 0.065429928362751882)
99	116,0.063387599225	(99, 0.065429928362751882)
99	159,0.0648390208216	(99, 0.065429928362751882)
99	128,0.0649142525829	(99, 0.065429928362751882)
99	99,0.0654299283628	(99, 0.065429928362751882)
100	100,0.0225075470162	(100, 0.022507547016216069)
100	74,0.0304852593629	(100, 0.022507547016216069)
100	90,0.031996307521	(100, 0.022507547016216069)
100	37,0.0340901291984	(100, 0.022507547016216069)
100	21,0.0346990559756	(100, 0.022507547016216069)
100	77,0.0349901870917	(100, 0.022507547016216069)
100	136,0.0369069760773	(100, 0.022507547016216069)
100	17,0.0370867160426	(100, 0.022507547016216069)
100	127,0.0373183101413	(100, 0.022507547016216069)
100	11,0.0388279226336	(100, 0.022507547016216069)
101	73,0.0551412215166	(101, 0.060869014885977311)
101	1,0.0584951029084	(101, 0.060869014885977311)
101	101,0.060869014886	(101, 0.060869014885977311)
101	13,0.0644305021536	(101, 0.060869014885977311)
101	124,0.0682342015127	(101, 0.060869014885977311)
101	77,0.0697603104095	(101, 0.060869014885977311)
101	29,0.072150902601	(101, 0.060869014885977311)
101	60,0.0742686072174	(101, 0.060869014885977311)
101	69,0.0757880627618	(101, 0.060869014885977311)
101	81,0.0758359457477	(101, 0.060869014885977311)
102	91,0.0702871410092	(102, 0.083535056559321294)
102	114,0.0749039566889	(102, 0.083535056559321294)
102	41,0.0755322757834	(102, 0.083535056559321294)
102	155,0.0764287947053	(102, 0.083535056559321294)
102	1,0.0826870233821	(102, 0.083535056559321294)
102	102,0.0835350565593	(102, 0.083535056559321294)
102	101,0.0854107669375	(102, 0.083535056559321294)
102	110,0.0914069310989	(102, 0.083535056559321294)
102	53,0.0919082878034	(102, 0.083535056559321294)
102	103,0.0982121950882	(102, 0.083535056559321294)
103	103,0.0615455551134	(103, 0.06154555511343638)
103	73,0.0811941562147	(103, 0.06154555511343638)
103	101,0.0972810291475	(103, 0.06154555511343638)
103	51,0.101884276903	(103, 0.06154555511343638)
103	91,0.103997232683	(103, 0.06154555511343638)
103	39,0.105365394185	(103, 0.06154555511343638)
103	93,0.110773047062	(103, 0.06154555511343638)
103	30,0.11353406798	(103, 0.06154555511343638)
103	114,0.115373702626	(103, 0.06154555511343638)
103	26,0.117352488254	(103, 0.06154555511343638)
104	124,0.0354338466213	(104, 0.078891334701872429)
104	119,0.055414371163	(104, 0.078891334701872429)
104	93,0.0588275272454	(104, 0.078891334701872429)
104	81,0.0595328092254	(104, 0.078891334701872429)
104	11,0.0598311955558	(104, 0.078891334701872429)
104	115,0.0631290730439	(104, 0.078891334701872429)
104	73,0.0645579564369	(104, 0.078891334701872429)
104	3,0.0714044776875	(104, 0.078891334701872429)
104	13,0.0726032730575	(104, 0.078891334701872429)
104	37,0.0738984731955	(104, 0.078891334701872429)
105	27,0.0612196459419	(105, 0.099804057771749957)
105	43,0.0643625911205	(105, 0.099804057771749957)
105	19,0.0688616341033	(105, 0.099804057771749957)
105	24,0.0745106824694	(105, 0.099804057771749957)
105	107,0.0851923500353	(105, 0.099804057771749957)
105	38,0.0887911678749	(105, 0.099804057771749957)
105	50,0.0891866185746	(105, 0.099804057771749957)
105	99,0.0908131868538	(105, 0.099804057771749957)
105	105,0.0998040577717	(105, 0.099804057771749957)
105	61,0.101430132829	(105, 0.099804057771749957)
106	106,0.028247151679	(106, 0.028247151679017944)
106	156,0.0737099368622	(106, 0.028247151679017944)
106	157,0.0738787543149	(106, 0.028247151679017944)
106	116,0.0791605836546	(106, 0.028247151679017944)
106	172,0.0818226034276	(106, 0.028247151679017944)
106	93,0.0826383730039	(106, 0.028247151679017944)
106	54,0.0828058322056	(106, 0.028247151679017944)
106	171,0.0868217848844	(106, 0.028247151679017944)
106	73,0.0878948471862	(106, 0.028247151679017944)
106	174,0.0880826988048	(106, 0.028247151679017944)
107	22,0.0472452763414	(107, 0.048213720428643692)
107	107,0.0482137204286	(107, 0.048213720428643692)
107	26,0.0483285296668	(107, 0.048213720428643692)
107	77,0.0514374319663	(107, 0.048213720428643692)
107	139,0.0533164211436	(107, 0.048213720428643692)
107	78,0.053560263979	(107, 0.048213720428643692)
107	128,0.0546994849473	(107, 0.048213720428643692)
107	121,0.0547293275256	(107, 0.048213720428643692)
107	76,0.0549573524428	(107, 0.048213720428643692)
107	1,0.0558757489062	(107, 0.048213720428643692)
108	77,0.0365251144943	(108, 0.10186491906061672)
108	172,0.0494841522208	(108, 0.10186491906061672)
108	174,0.0574649290553	(108, 0.10186491906061672)
108	40,0.0621355780426	(108, 0.10186491906061672)
108	4,0.0650570390957	(108, 0.10186491906061672)
108	17,0.0661388998738	(108, 0.10186491906061672)
108	49,0.0676043962787	(108, 0.10186491906061672)
108	100,0.0685661785493	(108, 0.10186491906061672)
108	15,0.0690085994043	(108, 0.10186491906061672)
108	171,0.0714472773101	(108, 0.10186491906061672)
109	159,0.0359150604371	(109, 0.03831764490487604)
109	109,0.0383176449049	(109, 0.03831764490487604)
109	134,0.0549810281014	(109, 0.03831764490487604)
109	12,0.0553678657405	(109, 0.03831764490487604)
109	146,0.0554579239682	(109, 0.03831764490487604)
109	128,0.0555955913121	(109, 0.03831764490487604)
109	14,0.0592773343199	(109, 0.03831764490487604)
109	152,0.0620855337988	(109, 0.03831764490487604)
109	38,0.0636272020624	(109, 0.03831764490487604)
109	84,0.0645920819486	(109, 0.03831764490487604)
110	1,0.036624161247	(110, 0.077035032930795402)
110	121,0.0434683487089	(110, 0.077035032930795402)
110	11,0.0452823593102	(110, 0.077035032930795402)
110	162,0.0529807504739	(110, 0.077035032930795402)
110	71,0.0561280216953	(110, 0.077035032930795402)
110	3,0.0564538988027	(110, 0.077035032930795402)
110	68,0.0566821868505	(110, 0.077035032930795402)
110	155,0.0574445660183	(110, 0.077035032930795402)
110	26,0.0574931971762	(110, 0.077035032930795402)
110	73,0.0608967643952	(110, 0.077035032930795402)
111	73,0.0415238939176	(111, 0.15375327551381118)
111	124,0.0477525089714	(111, 0.15375327551381118)
111	93,0.0528819391833	(111, 0.15375327551381118)
111	157,0.057463105021	(111, 0.15375327551381118)
111	101,0.0586590171827	(111, 0.15375327551381118)
111	13,0.0607065576368	(111, 0.15375327551381118)
111	114,0.0735037233172	(111, 0.15375327551381118)
111	109,0.0788371631223	(111, 0.15375327551381118)
111	1,0.0791903243931	(111, 0.15375327551381118)
111	78,0.0800356976006	(111, 0.15375327551381118)
112	90,0.0252267609669	(112, 0.037256676146068771)
112	11,0.0304034950067	(112, 0.037256676146068771)
112	3,0.0348978004613	(112, 0.037256676146068771)
112	100,0.0358889707959	(112, 0.037256676146068771)
112	162,0.0368113518089	(112, 0.037256676146068771)
112	112,0.0372566761461	(112, 0.037256676146068771)
112	21,0.0394904270985	(112, 0.037256676146068771)
112	77,0.0411931340706	(112, 0.037256676146068771)
112	117,0.044168730505	(112, 0.037256676146068771)
112	71,0.0444498719142	(112, 0.037256676146068771)
113	113,0.0359086956389	(113, 0.035908695638867762)
113	65,0.0758348144858	(113, 0.035908695638867762)
113	130,0.113518616147	(113, 0.035908695638867762)
113	120,0.115508347489	(113, 0.035908695638867762)
113	44,0.128208923515	(113, 0.035908695638867762)
113	97,0.128713893514	(113, 0.035908695638867762)
113	15,0.131241879666	(113, 0.035908695638867762)
113	53,0.135967283662	(113, 0.035908695638867762)
113	161,0.139096915153	(113, 0.035908695638867762)
113	155,0.14141873477	(113, 0.035908695638867762)
114	114,0.0490719386333	(114, 0.049071938633318296)
114	53,0.0494497174261	(114, 0.049071938633318296)
114	124,0.0496823358139	(114, 0.049071938633318296)
114	73,0.0579154091977	(114, 0.049071938633318296)
114	104,0.0598420336786	(114, 0.049071938633318296)
114	13,0.0728588169651	(114, 0.049071938633318296)
114	157,0.0735306762602	(114, 0.049071938633318296)
114	93,0.0738934974198	(114, 0.049071938633318296)
114	109,0.0771950987464	(114, 0.049071938633318296)
114	140,0.0796200263835	(114, 0.049071938633318296)
115	119,0.0393831975583	(115, 0.045700997527180133)
115	115,0.0457009975272	(115, 0.045700997527180133)
115	11,0.0478374145911	(115, 0.045700997527180133)
115	37,0.0521553559461	(115, 0.045700997527180133)
115	96,0.0553924146025	(115, 0.045700997527180133)
115	136,0.0590617705357	(115, 0.045700997527180133)
115	17,0.0597651593457	(115, 0.045700997527180133)
115	81,0.0606966526072	(115, 0.045700997527180133)
115	3,0.0609985084656	(115, 0.045700997527180133)
115	172,0.0630678543996	(115, 0.045700997527180133)
116	116,0.0347312191959	(116, 0.034731219195890964)
116	93,0.03658184104	(116, 0.034731219195890964)
116	109,0.0656770096557	(116, 0.034731219195890964)
116	73,0.0685511247018	(116, 0.034731219195890964)
116	159,0.0711836246477	(116, 0.034731219195890964)
116	144,0.0725804050472	(116, 0.034731219195890964)
116	172,0.0756144680184	(116, 0.034731219195890964)
116	146,0.0766752342137	(116, 0.034731219195890964)
116	128,0.0771505907382	(116, 0.034731219195890964)
116	131,0.0783720448306	(116, 0.034731219195890964)
117	117,0.0133005210434	(117, 0.013300521043394657)
117	21,0.0325782386134	(117, 0.013300521043394657)
117	71,0.0340481342478	(117, 0.013300521043394657)
117	81,0.0381937578383	(117, 0.013300521043394657)
117	76,0.0383484205218	(117, 0.013300521043394657)
117	162,0.04004156318	(117, 0.013300521043394657)
117	11,0.0401351387669	(117, 0.013300521043394657)
117	77,0.0407076805927	(117, 0.013300521043394657)
117	22,0.0409440170492	(117, 0.013300521043394657)
117	121,0.0411550176748	(117, 0.013300521043394657)
118	33,0.0927516652553	(118, 0.11245252714731724)
118	34,0.0945064242559	(118, 0.11245252714731724)
118	118,0.112452527147	(118, 0.11245252714731724)
118	113,0.120787085516	(118, 0.11245252714731724)
118	130,0.130490204997	(118, 0.11245252714731724)
118	69,0.13322276894	(118, 0.11245252714731724)
118	15,0.137513992248	(118, 0.11245252714731724)
118	2,0.142698305122	(118, 0.11245252714731724)
118	4,0.152812469191	(118, 0.11245252714731724)
118	45,0.157749441939	(118, 0.11245252714731724)
119	120,0.0452952479386	(119, 0.052449250423875403)
119	119,0.0524492504239	(119, 0.052449250423875403)
119	69,0.0548816343261	(119, 0.052449250423875403)
119	17,0.0556136687446	(119, 0.052449250423875403)
119	4,0.0574967663639	(119, 0.052449250423875403)
119	40,0.0577711540999	(119, 0.052449250423875403)
119	172,0.058469878195	(119, 0.052449250423875403)
119	124,0.0644706008715	(119, 0.052449250423875403)
119	97,0.065953586945	(119, 0.052449250423875403)
119	154,0.067182218193	(119, 0.052449250423875403)
120	120,0.0324686533772	(120, 0.032468653377213566)
120	65,0.0375423208589	(120, 0.032468653377213566)
120	161,0.0506447394987	(120, 0.032468653377213566)
120	44,0.0540641065112	(120, 0.032468653377213566)
120	155,0.0630838240547	(120, 0.032468653377213566)
120	17,0.0680077663128	(120, 0.032468653377213566)
120	53,0.071289787473	(120, 0.032468653377213566)
120	54,0.0732860779179	(120, 0.032468653377213566)
120	83,0.0733024956099	(120, 0.032468653377213566)
120	13,0.0737767600725	(120, 0.032468653377213566)
121	1,0.0380267235944	(121, 0.038221292322038337)
121	121,0.038221292322	(121, 0.038221292322038337)
121	22,0.0424527991094	(121, 0.038221292322038337)
121	78,0.0426687863794	(121, 0.038221292322038337)
121	26,0.0449386534864	(121, 0.038221292322038337)
121	128,0.0567946682365	(121, 0.038221292322038337)
121	73,0.0572908649418	(121, 0.038221292322038337)
121	11,0.059145262207	(121, 0.038221292322038337)
121	23,0.0603574810596	(121, 0.038221292322038337)
121	158,0.0603793195881	(121, 0.038221292322038337)
122	174,0.0617030779055	(122, 0.070463224782607775)
122	122,0.0704632247826	(122, 0.070463224782607775)
122	154,0.0711196154342	(122, 0.070463224782607775)
122	69,0.0876121814154	(122, 0.070463224782607775)
122	48,0.0928910132421	(122, 0.070463224782607775)
122	116,0.0928995360322	(122, 0.070463224782607775)
122	2,0.0931724838295	(122, 0.070463224782607775)
122	172,0.0989858681895	(122, 0.070463224782607775)
122	54,0.106414182339	(122, 0.070463224782607775)
122	4,0.108069381572	(122, 0.070463224782607775)
123	172,0.0393281412873	(123, 0.043987939551625929)
123	123,0.0439879395516	(123, 0.043987939551625929)
123	81,0.0592660141387	(123, 0.043987939551625929)
123	146,0.0607888644062	(123, 0.043987939551625929)
123	90,0.0612164470473	(123, 0.043987939551625929)
123	40,0.0628008521327	(123, 0.043987939551625929)
123	119,0.0663324165172	(123, 0.043987939551625929)
123	17,0.069479662855	(123, 0.043987939551625929)
123	96,0.070396620132	(123, 0.043987939551625929)
123	115,0.0707204429469	(123, 0.043987939551625929)
124	124,0.0538708983027	(124, 0.053870898302709254)
124	101,0.0760837489615	(124, 0.053870898302709254)
124	41,0.0890456132886	(124, 0.053870898302709254)
124	73,0.0908605659053	(124, 0.053870898302709254)
124	157,0.0947760010978	(124, 0.053870898302709254)
124	27,0.0963521548721	(124, 0.053870898302709254)
124	53,0.0964090196548	(124, 0.053870898302709254)
124	169,0.0973262700276	(124, 0.053870898302709254)
124	114,0.100635618003	(124, 0.053870898302709254)
124	144,0.103825047431	(124, 0.053870898302709254)
125	13,0.0836063804089	(125, 0.10471222447376882)
125	155,0.0916351316662	(125, 0.10471222447376882)
125	65,0.0983817055429	(125, 0.10471222447376882)
125	41,0.0985519337559	(125, 0.10471222447376882)
125	73,0.0995215336921	(125, 0.10471222447376882)
125	114,0.104397189451	(125, 0.10471222447376882)
125	125,0.104712224474	(125, 0.10471222447376882)
125	68,0.105184615402	(125, 0.10471222447376882)
125	161,0.110754138963	(125, 0.10471222447376882)
125	23,0.112865285859	(125, 0.10471222447376882)
126	126,0.0420956322759	(126, 0.04209563227594134)
126	81,0.0428631583405	(126, 0.04209563227594134)
126	121,0.0434657015566	(126, 0.04209563227594134)
126	132,0.0439747085621	(126, 0.04209563227594134)
126	12,0.0486299887759	(126, 0.04209563227594134)
126	128,0.0489888484371	(126, 0.04209563227594134)
126	22,0.050489264435	(126, 0.04209563227594134)
126	3,0.0512781640556	(126, 0.04209563227594134)
126	151,0.05164705028	(126, 0.04209563227594134)
126	11,0.0520957537536	(126, 0.04209563227594134)
127	17,0.029068681251	(127, 0.034398395714865596)
127	74,0.0313199786435	(127, 0.034398395714865596)
127	136,0.0326220238848	(127, 0.034398395714865596)
127	127,0.0343983957149	(127, 0.034398395714865596)
127	100,0.0426370109306	(127, 0.034398395714865596)
127	59,0.0438227788032	(127, 0.034398395714865596)
127	37,0.0442724602037	(127, 0.034398395714865596)
127	77,0.0442796498575	(127, 0.034398395714865596)
127	49,0.0506634381616	(127, 0.034398395714865596)
127	172,0.0605278829888	(127, 0.034398395714865596)
128	128,0.0288070024733	(128, 0.028807002473324003)
128	159,0.0394382760728	(128, 0.028807002473324003)
128	12,0.0415544812356	(128, 0.028807002473324003)
128	78,0.0453547606365	(128, 0.028807002473324003)
128	139,0.0462950080837	(128, 0.028807002473324003)
128	121,0.0472599615171	(128, 0.028807002473324003)
128	18,0.0511586100323	(128, 0.028807002473324003)
128	151,0.0516247641038	(128, 0.028807002473324003)
128	22,0.0517651335509	(128, 0.028807002473324003)
128	158,0.0519985035043	(128, 0.028807002473324003)
129	49,0.0602707145085	(129, 0.10961167873893506)
129	98,0.0642959343122	(129, 0.10961167873893506)
129	77,0.0842408800635	(129, 0.10961167873893506)
129	15,0.0843630113169	(129, 0.10961167873893506)
129	59,0.0862098145443	(129, 0.10961167873893506)
129	100,0.0889722835941	(129, 0.10961167873893506)
129	83,0.094973678009	(129, 0.10961167873893506)
129	94,0.103692488081	(129, 0.10961167873893506)
129	25,0.106470712331	(129, 0.10961167873893506)
129	129,0.109611678739	(129, 0.10961167873893506)
130	130,0.0833619351927	(130, 0.083361935192698564)
130	13,0.0945671572762	(130, 0.083361935192698564)
130	65,0.0956902662807	(130, 0.083361935192698564)
130	53,0.102145348489	(130, 0.083361935192698564)
130	34,0.105014653643	(130, 0.083361935192698564)
130	157,0.105972544317	(130, 0.083361935192698564)
130	73,0.109218197615	(130, 0.083361935192698564)
130	28,0.109846092757	(130, 0.083361935192698564)
130	91,0.110640373143	(130, 0.083361935192698564)
130	124,0.112516555469	(130, 0.083361935192698564)
131	116,0.0678099243555	(131, 0.081437453440688368)
131	166,0.0724246990245	(131, 0.081437453440688368)
131	131,0.0814374534407	(131, 0.081437453440688368)
131	144,0.0843666435822	(131, 0.081437453440688368)
131	72,0.0916217693601	(131, 0.081437453440688368)
131	104,0.0970358039881	(131, 0.081437453440688368)
131	156,0.103194835286	(131, 0.081437453440688368)
131	84,0.10352887463	(131, 0.081437453440688368)
131	93,0.113003132021	(131, 0.081437453440688368)
131	73,0.116513485239	(131, 0.081437453440688368)
132	132,0.0213931235512	(132, 0.021393123551163153)
132	18,0.0247270326313	(132, 0.021393123551163153)
132	22,0.0257445052193	(132, 0.021393123551163153)
132	139,0.0288323623007	(132, 0.021393123551163153)
132	46,0.0317098964424	(132, 0.021393123551163153)
132	158,0.0317887643905	(132, 0.021393123551163153)
132	76,0.0342505962982	(132, 0.021393123551163153)
132	147,0.0353563376366	(132, 0.021393123551163153)
132	151,0.0357457674111	(132, 0.021393123551163153)
132	146,0.0361798951308	(132, 0.021393123551163153)
133	133,0.0347929750452	(133, 0.034792975045228151)
133	91,0.0809576732401	(133, 0.034792975045228151)
133	34,0.0855868078898	(133, 0.034792975045228151)
133	130,0.0940681107276	(133, 0.034792975045228151)
133	102,0.10581358501	(133, 0.034792975045228151)
133	103,0.109644688736	(133, 0.034792975045228151)
133	53,0.117238214248	(133, 0.034792975045228151)
133	153,0.118635123644	(133, 0.034792975045228151)
133	110,0.119413510844	(133, 0.034792975045228151)
133	114,0.123210531634	(133, 0.034792975045228151)
134	121,0.0320555025219	(134, 0.049406155397719087)
134	128,0.0354853081784	(134, 0.049406155397719087)
134	78,0.0385494832753	(134, 0.049406155397719087)
134	22,0.0468392202316	(134, 0.049406155397719087)
134	18,0.0472484960422	(134, 0.049406155397719087)
134	134,0.0494061553977	(134, 0.049406155397719087)
134	12,0.0561686534097	(134, 0.049406155397719087)
134	73,0.0572629301543	(134, 0.049406155397719087)
134	151,0.0596515470993	(134, 0.049406155397719087)
134	26,0.061209406744	(134, 0.049406155397719087)
135	147,0.0207900871303	(135, 0.031236163261148607)
135	76,0.0257538746667	(135, 0.031236163261148607)
135	63,0.026214889138	(135, 0.031236163261148607)
135	137,0.0271705855707	(135, 0.031236163261148607)
135	135,0.0312361632611	(135, 0.031236163261148607)
135	162,0.0331263616451	(135, 0.031236163261148607)
135	171,0.034773005978	(135, 0.031236163261148607)
135	77,0.0381984249998	(135, 0.031236163261148607)
135	3,0.0404157846121	(135, 0.031236163261148607)
135	117,0.04209780045	(135, 0.031236163261148607)
136	136,0.0450508410798	(136, 0.045050841079787331)
136	11,0.0512470868797	(136, 0.045050841079787331)
136	121,0.0523687331782	(136, 0.045050841079787331)
136	126,0.0572407025075	(136, 0.045050841079787331)
136	54,0.0584363532321	(136, 0.045050841079787331)
136	119,0.0589835217398	(136, 0.045050841079787331)
136	3,0.0598050041717	(136, 0.045050841079787331)
136	162,0.0619867142494	(136, 0.045050841079787331)
136	151,0.0628459420482	(136, 0.045050841079787331)
136	78,0.0636133283252	(136, 0.045050841079787331)
137	137,0.0138115823485	(137, 0.013811582348484713)
137	63,0.0217967386016	(137, 0.013811582348484713)
137	147,0.0224716344351	(137, 0.013811582348484713)
137	3,0.0292804064767	(137, 0.013811582348484713)
137	171,0.0322143193742	(137, 0.013811582348484713)
137	76,0.0334862556017	(137, 0.013811582348484713)
137	90,0.0365651656798	(137, 0.013811582348484713)
137	136,0.0387734960019	(137, 0.013811582348484713)
137	77,0.0396747619555	(137, 0.013811582348484713)
137	117,0.0410247756017	(137, 0.013811582348484713)
138	78,0.0480703941087	(138, 0.052145350998000793)
138	128,0.0501905771286	(138, 0.052145350998000793)
138	138,0.052145350998	(138, 0.052145350998000793)
138	107,0.0538275185894	(138, 0.052145350998000793)
138	158,0.0542953527387	(138, 0.052145350998000793)
138	159,0.0672053152859	(138, 0.052145350998000793)
138	99,0.069463323713	(138, 0.052145350998000793)
138	55,0.0713306414747	(138, 0.052145350998000793)
138	139,0.0729059576289	(138, 0.052145350998000793)
138	84,0.0734004214978	(138, 0.052145350998000793)
139	139,0.0123455255711	(139, 0.012345525571148838)
139	46,0.0258023685233	(139, 0.012345525571148838)
139	18,0.0348851210913	(139, 0.012345525571148838)
139	151,0.0357780917999	(139, 0.012345525571148838)
139	76,0.0373853510651	(139, 0.012345525571148838)
139	22,0.0384362991353	(139, 0.012345525571148838)
139	132,0.0415264390691	(139, 0.012345525571148838)
139	35,0.0465405361892	(139, 0.012345525571148838)
139	12,0.0476755164153	(139, 0.012345525571148838)
139	146,0.0485543627546	(139, 0.012345525571148838)
140	93,0.0565009041582	(140, 0.069219754585926732)
140	73,0.062254468856	(140, 0.069219754585926732)
140	124,0.0672837672879	(140, 0.069219754585926732)
140	140,0.0692197545859	(140, 0.069219754585926732)
140	157,0.0692513613151	(140, 0.069219754585926732)
140	116,0.0716828179304	(140, 0.069219754585926732)
140	69,0.0794685589966	(140, 0.069219754585926732)
140	104,0.0831212528946	(140, 0.069219754585926732)
140	144,0.0844211915188	(140, 0.069219754585926732)
140	101,0.0865940958382	(140, 0.069219754585926732)
141	141,0.103195729095	(141, 0.10319572909547259)
141	48,0.105989341204	(141, 0.10319572909547259)
141	124,0.114862436312	(141, 0.10319572909547259)
141	4,0.116326368283	(141, 0.10319572909547259)
141	2,0.124578372694	(141, 0.10319572909547259)
141	120,0.125130816514	(141, 0.10319572909547259)
141	33,0.125908674406	(141, 0.10319572909547259)
141	56,0.125942244302	(141, 0.10319572909547259)
141	97,0.126908627899	(141, 0.10319572909547259)
141	69,0.130056128704	(141, 0.10319572909547259)
142	61,0.0647519301209	(142, 0.18626793000212322)
142	38,0.0699678034727	(142, 0.18626793000212322)
142	12,0.0767501524479	(142, 0.18626793000212322)
142	55,0.0783124833925	(142, 0.18626793000212322)
142	23,0.0843425283054	(142, 0.18626793000212322)
142	73,0.0846157487295	(142, 0.18626793000212322)
142	24,0.087888267421	(142, 0.18626793000212322)
142	105,0.089926763565	(142, 0.18626793000212322)
142	78,0.0919999254103	(142, 0.18626793000212322)
142	16,0.0920668227523	(142, 0.18626793000212322)
143	143,0.0253952184434	(143, 0.025395218443440615)
143	3,0.0276402561817	(143, 0.025395218443440615)
143	90,0.028509275232	(143, 0.025395218443440615)
143	112,0.0290751469885	(143, 0.025395218443440615)
143	11,0.0310010078439	(143, 0.025395218443440615)
143	162,0.0313117491629	(143, 0.025395218443440615)
143	137,0.0317592532864	(143, 0.025395218443440615)
143	17,0.0389478928444	(143, 0.025395218443440615)
143	21,0.0394425470753	(143, 0.025395218443440615)
143	117,0.0401382359203	(143, 0.025395218443440615)
144	144,0.0349300896946	(144, 0.034930089694552247)
144	14,0.0703331473699	(144, 0.034930089694552247)
144	38,0.0727666315506	(144, 0.034930089694552247)
144	12,0.0730535843474	(144, 0.034930089694552247)
144	50,0.0843594664439	(144, 0.034930089694552247)
144	159,0.0857027808649	(144, 0.034930089694552247)
144	116,0.0890366544991	(144, 0.034930089694552247)
144	109,0.0908118824971	(144, 0.034930089694552247)
144	145,0.0935127663869	(144, 0.034930089694552247)
144	13,0.0935666794096	(144, 0.034930089694552247)
145	145,0.0448767195724	(145, 0.044876719572447939)
145	38,0.0515666061844	(145, 0.044876719572447939)
145	128,0.0536382043792	(145, 0.044876719572447939)
145	78,0.0571053277222	(145, 0.044876719572447939)
145	158,0.0581387331629	(145, 0.044876719572447939)
145	55,0.0585959165289	(145, 0.044876719572447939)
145	24,0.0607861892787	(145, 0.044876719572447939)
145	14,0.0642394983986	(145, 0.044876719572447939)
145	12,0.0649308872725	(145, 0.044876719572447939)
145	99,0.0770669964527	(145, 0.044876719572447939)
146	146,0.0164300330251	(146, 0.016430033025069249)
146	159,0.0402670240557	(146, 0.016430033025069249)
146	12,0.0518582754192	(146, 0.016430033025069249)
146	81,0.058734510649	(146, 0.016430033025069249)
146	132,0.0597075294416	(146, 0.016430033025069249)
146	137,0.059789151497	(146, 0.016430033025069249)
146	18,0.061843262802	(146, 0.016430033025069249)
146	46,0.0639929605029	(146, 0.016430033025069249)
146	145,0.0666957094006	(146, 0.016430033025069249)
146	151,0.0670932447074	(146, 0.016430033025069249)
147	76,0.0188062754999	(147, 0.02284657304742601)
147	147,0.0228465730474	(147, 0.02284657304742601)
147	63,0.0231763402899	(147, 0.02284657304742601)
147	151,0.0308706360179	(147, 0.02284657304742601)
147	132,0.0314642280147	(147, 0.02284657304742601)
147	22,0.0316018486554	(147, 0.02284657304742601)
147	126,0.0316096636144	(147, 0.02284657304742601)
147	18,0.0343192948367	(147, 0.02284657304742601)
147	23,0.0352888615947	(147, 0.02284657304742601)
147	121,0.0360232433143	(147, 0.02284657304742601)
148	148,0.0220117481419	(148, 0.022011748141887999)
148	17,0.029550854197	(148, 0.022011748141887999)
148	143,0.0317275865343	(148, 0.022011748141887999)
148	90,0.0417432333478	(148, 0.022011748141887999)
148	100,0.0426867524825	(148, 0.022011748141887999)
148	172,0.053176966196	(148, 0.022011748141887999)
148	112,0.0553955553576	(148, 0.022011748141887999)
148	49,0.0558239145974	(148, 0.022011748141887999)
148	3,0.060181085668	(148, 0.022011748141887999)
148	37,0.0609031094057	(148, 0.022011748141887999)
149	149,0.070420660771	(149, 0.070420660770994611)
149	32,0.119047659507	(149, 0.070420660770994611)
149	33,0.14089930644	(149, 0.070420660770994611)
149	169,0.141887660379	(149, 0.070420660770994611)
149	111,0.207068862724	(149, 0.070420660770994611)
149	156,0.212497407612	(149, 0.070420660770994611)
149	165,0.213283377672	(149, 0.070420660770994611)
149	27,0.213887104286	(149, 0.070420660770994611)
149	45,0.21596083498	(149, 0.070420660770994611)
149	91,0.223332129652	(149, 0.070420660770994611)
150	3,0.0195619524369	(150, 0.037159953671279888)
150	11,0.0263854416601	(150, 0.037159953671279888)
150	71,0.0290877295569	(150, 0.037159953671279888)
150	162,0.0317848573226	(150, 0.037159953671279888)
150	121,0.0325337499827	(150, 0.037159953671279888)
150	63,0.0358933875027	(150, 0.037159953671279888)
150	117,0.0360216794876	(150, 0.037159953671279888)
150	150,0.0371599536713	(150, 0.037159953671279888)
150	86,0.0375620201585	(150, 0.037159953671279888)
150	21,0.0384351418601	(150, 0.037159953671279888)
151	121,0.0197731789942	(151, 0.030721334574325826)
151	151,0.0307213345743	(151, 0.030721334574325826)
151	132,0.0309877017557	(151, 0.030721334574325826)
151	22,0.0357119728127	(151, 0.030721334574325826)
151	70,0.0385139309679	(151, 0.030721334574325826)
151	63,0.0403414982378	(151, 0.030721334574325826)
151	78,0.0404005966671	(151, 0.030721334574325826)
151	18,0.0409931493479	(151, 0.030721334574325826)
151	61,0.041291297792	(151, 0.030721334574325826)
151	23,0.0428793622111	(151, 0.030721334574325826)
152	152,0.0345138969533	(152, 0.034513896953250536)
152	121,0.0438572212779	(152, 0.034513896953250536)
152	18,0.0463790134562	(152, 0.034513896953250536)
152	35,0.0524513989545	(152, 0.034513896953250536)
152	117,0.052452556491	(152, 0.034513896953250536)
152	88,0.0535350406923	(152, 0.034513896953250536)
152	139,0.0567087948414	(152, 0.034513896953250536)
152	12,0.0583709693498	(152, 0.034513896953250536)
152	22,0.0596675530399	(152, 0.034513896953250536)
152	81,0.0646515223471	(152, 0.034513896953250536)
153	133,0.0546650780864	(153, 0.096342101689732174)
153	130,0.0844958990304	(153, 0.096342101689732174)
153	34,0.0950485480211	(153, 0.096342101689732174)
153	153,0.0963421016897	(153, 0.096342101689732174)
153	91,0.0986402194968	(153, 0.096342101689732174)
153	102,0.108273289579	(153, 0.096342101689732174)
153	103,0.116496649688	(153, 0.096342101689732174)
153	28,0.126407499756	(153, 0.096342101689732174)
153	95,0.128872676719	(153, 0.096342101689732174)
153	1,0.129374883597	(153, 0.096342101689732174)
154	154,0.0199283034923	(154, 0.019928303492289919)
154	40,0.0456184349871	(154, 0.019928303492289919)
154	174,0.0540796399767	(154, 0.019928303492289919)
154	172,0.0551623256789	(154, 0.019928303492289919)
154	69,0.0608973979417	(154, 0.019928303492289919)
154	4,0.0673094709249	(154, 0.019928303492289919)
154	116,0.0758849104811	(154, 0.019928303492289919)
154	48,0.084313512357	(154, 0.019928303492289919)
154	56,0.0869848055963	(154, 0.019928303492289919)
154	2,0.089840935663	(154, 0.019928303492289919)
155	11,0.0269362517819	(155, 0.053578982999564068)
155	71,0.0308343338774	(155, 0.053578982999564068)
155	162,0.0338699850037	(155, 0.053578982999564068)
155	121,0.0416721560067	(155, 0.053578982999564068)
155	1,0.0427248238751	(155, 0.053578982999564068)
155	117,0.0458470882564	(155, 0.053578982999564068)
155	3,0.0468061700578	(155, 0.053578982999564068)
155	81,0.0488839063331	(155, 0.053578982999564068)
155	77,0.0527593569252	(155, 0.053578982999564068)
155	155,0.0535789829996	(155, 0.053578982999564068)
156	73,0.0420387536076	(156, 0.046723285755896821)
156	156,0.0467232857559	(156, 0.046723285755896821)
156	109,0.0521937243384	(156, 0.046723285755896821)
156	144,0.054458908311	(156, 0.046723285755896821)
156	93,0.0719022881854	(156, 0.046723285755896821)
156	128,0.075797064737	(156, 0.046723285755896821)
156	107,0.0765642388034	(156, 0.046723285755896821)
156	27,0.0770699260598	(156, 0.046723285755896821)
156	116,0.0781656411011	(156, 0.046723285755896821)
156	50,0.0795744304948	(156, 0.046723285755896821)
157	22,0.0406828039247	(157, 0.058416043822515078)
157	126,0.0438328310877	(157, 0.058416043822515078)
157	12,0.0457609317919	(157, 0.058416043822515078)
157	3,0.046143550731	(157, 0.058416043822515078)
157	132,0.0484425736181	(157, 0.058416043822515078)
157	121,0.0491428479151	(157, 0.058416043822515078)
157	73,0.0493929893698	(157, 0.058416043822515078)
157	76,0.05024797118	(157, 0.058416043822515078)
157	93,0.0509974421612	(157, 0.058416043822515078)
157	128,0.0522926589288	(157, 0.058416043822515078)
158	77,0.0232241816433	(158, 0.079159762471023964)
158	3,0.0318060544113	(158, 0.079159762471023964)
158	63,0.037489989623	(158, 0.079159762471023964)
158	147,0.0383898155381	(158, 0.079159762471023964)
158	76,0.0388605442243	(158, 0.079159762471023964)
158	37,0.0391458552411	(158, 0.079159762471023964)
158	171,0.0392470838507	(158, 0.079159762471023964)
158	136,0.0397985014385	(158, 0.079159762471023964)
158	137,0.0412300698872	(158, 0.079159762471023964)
158	11,0.0425982334152	(158, 0.079159762471023964)
159	146,0.0233649640543	(159, 0.054575860987821814)
159	137,0.0389440903387	(159, 0.054575860987821814)
159	150,0.0407513992056	(159, 0.054575860987821814)
159	81,0.0438351672845	(159, 0.054575860987821814)
159	90,0.0440613337816	(159, 0.054575860987821814)
159	36,0.0454607954141	(159, 0.054575860987821814)
159	46,0.0458267156423	(159, 0.054575860987821814)
159	18,0.0467548972157	(159, 0.054575860987821814)
159	3,0.0470857429656	(159, 0.054575860987821814)
159	117,0.0495510564992	(159, 0.054575860987821814)
160	164,0.0736851201001	(160, 0.32511515414116338)
160	27,0.0821769008117	(160, 0.32511515414116338)
160	73,0.0855628357955	(160, 0.32511515414116338)
160	38,0.0951638824414	(160, 0.32511515414116338)
160	43,0.0988678519147	(160, 0.32511515414116338)
160	32,0.102246872455	(160, 0.32511515414116338)
160	109,0.103204100621	(160, 0.32511515414116338)
160	105,0.103212594943	(160, 0.32511515414116338)
160	107,0.104577094955	(160, 0.32511515414116338)
160	12,0.109842553335	(160, 0.32511515414116338)
161	161,0.0213382263973	(161, 0.02133822639726542)
161	65,0.0451062378832	(161, 0.02133822639726542)
161	68,0.0552545832812	(161, 0.02133822639726542)
161	44,0.0575280858974	(161, 0.02133822639726542)
161	17,0.0586329303405	(161, 0.02133822639726542)
161	83,0.0657862156399	(161, 0.02133822639726542)
161	155,0.0663475165284	(161, 0.02133822639726542)
161	100,0.0724219009426	(161, 0.02133822639726542)
161	13,0.0756016659701	(161, 0.02133822639726542)
161	71,0.0758529018551	(161, 0.02133822639726542)
162	162,0.0252011228933	(162, 0.025201122893258182)
162	117,0.0294594591856	(162, 0.025201122893258182)
162	76,0.0336748807867	(162, 0.025201122893258182)
162	18,0.0347373206713	(162, 0.025201122893258182)
162	147,0.0402157537588	(162, 0.025201122893258182)
162	121,0.0411427879345	(162, 0.025201122893258182)
162	12,0.0416643751587	(162, 0.025201122893258182)
162	90,0.0418611412139	(162, 0.025201122893258182)
162	11,0.0423673856613	(162, 0.025201122893258182)
162	86,0.0426845697387	(162, 0.025201122893258182)
163	17,0.0404080127221	(163, 0.068088368651555556)
163	172,0.046772049311	(163, 0.068088368651555556)
163	40,0.0476295586352	(163, 0.068088368651555556)
163	148,0.0487354367495	(163, 0.068088368651555556)
163	100,0.0501869538626	(163, 0.068088368651555556)
163	3,0.0509522860617	(163, 0.068088368651555556)
163	143,0.0560652793602	(163, 0.068088368651555556)
163	37,0.0564718119521	(163, 0.068088368651555556)
163	83,0.058091912469	(163, 0.068088368651555556)
163	11,0.0588026777208	(163, 0.068088368651555556)
164	156,0.0539284036667	(164, 0.074828185693327942)
164	73,0.068494317528	(164, 0.074828185693327942)
164	27,0.06871252478	(164, 0.074828185693327942)
164	164,0.0748281856933	(164, 0.074828185693327942)
164	144,0.074868815081	(164, 0.074828185693327942)
164	109,0.0819019853485	(164, 0.074828185693327942)
164	131,0.0826480904792	(164, 0.074828185693327942)
164	32,0.0863692868258	(164, 0.074828185693327942)
164	107,0.0944712235779	(164, 0.074828185693327942)
164	84,0.0959680783086	(164, 0.074828185693327942)
165	93,0.0567100963074	(165, 0.081319308596005793)
165	116,0.0724955689443	(165, 0.081319308596005793)
165	165,0.081319308596	(165, 0.081319308596005793)
165	157,0.0828728653298	(165, 0.081319308596005793)
165	131,0.0851994508158	(165, 0.081319308596005793)
165	144,0.0855328279777	(165, 0.081319308596005793)
165	73,0.0899346869244	(165, 0.081319308596005793)
165	156,0.0970893178389	(165, 0.081319308596005793)
165	124,0.103854218482	(165, 0.081319308596005793)
165	27,0.104696106559	(165, 0.081319308596005793)
166	116,0.0734664281636	(166, 0.096590903115499588)
166	124,0.0771585736927	(166, 0.096590903115499588)
166	144,0.0820732938462	(166, 0.096590903115499588)
166	69,0.0853766006389	(166, 0.096590903115499588)
166	166,0.0965909031155	(166, 0.096590903115499588)
166	123,0.0981777054401	(166, 0.096590903115499588)
166	104,0.0989274765676	(166, 0.096590903115499588)
166	93,0.100439877491	(166, 0.096590903115499588)
166	13,0.100570487635	(166, 0.096590903115499588)
166	140,0.100804501454	(166, 0.096590903115499588)
167	51,0.0698369094216	(167, 0.10764619112059805)
167	39,0.0888391238063	(167, 0.10764619112059805)
167	32,0.0949102639356	(167, 0.10764619112059805)
167	27,0.0994101671733	(167, 0.10764619112059805)
167	167,0.107646191121	(167, 0.10764619112059805)
167	169,0.120216450713	(167, 0.10764619112059805)
167	19,0.131530801233	(167, 0.10764619112059805)
167	156,0.142155713286	(167, 0.10764619112059805)
167	164,0.152065895919	(167, 0.10764619112059805)
167	84,0.152267754632	(167, 0.10764619112059805)
168	168,0.0554941303419	(168, 0.055494130341932575)
168	12,0.0558814502635	(168, 0.055494130341932575)
168	18,0.059332099169	(168, 0.055494130341932575)
168	86,0.059665226706	(168, 0.055494130341932575)
168	121,0.0598339603901	(168, 0.055494130341932575)
168	55,0.0631980798825	(168, 0.055494130341932575)
168	152,0.0694983672433	(168, 0.055494130341932575)
168	151,0.0703754174363	(168, 0.055494130341932575)
168	38,0.0757757166387	(168, 0.055494130341932575)
168	22,0.0787382546134	(168, 0.055494130341932575)
169	156,0.0727466542489	(169, 0.087499771450520639)
169	99,0.0859103788021	(169, 0.087499771450520639)
169	169,0.0874997714505	(169, 0.087499771450520639)
169	144,0.0902518029683	(169, 0.087499771450520639)
169	27,0.0903745846507	(169, 0.087499771450520639)
169	84,0.0927838234576	(169, 0.087499771450520639)
169	73,0.100256900652	(169, 0.087499771450520639)
169	109,0.101035457374	(169, 0.087499771450520639)
169	19,0.110345586428	(169, 0.087499771450520639)
169	39,0.111523375847	(169, 0.087499771450520639)
170	170,0.0497566863831	(170, 0.049756686383103765)
170	99,0.0620763697525	(170, 0.049756686383103765)
170	27,0.0804858394849	(170, 0.049756686383103765)
170	144,0.0813324155263	(170, 0.049756686383103765)
170	19,0.0839411973107	(170, 0.049756686383103765)
170	84,0.0947164299761	(170, 0.049756686383103765)
170	73,0.0979180056055	(170, 0.049756686383103765)
170	109,0.098147581376	(170, 0.049756686383103765)
170	0,0.0982953957359	(170, 0.049756686383103765)
170	140,0.113303909217	(170, 0.049756686383103765)
171	156,0.0608751131688	(171, 0.19840305157575316)
171	27,0.0633368133906	(171, 0.19840305157575316)
171	32,0.0759196506216	(171, 0.19840305157575316)
171	107,0.0809900345725	(171, 0.19840305157575316)
171	164,0.0810085118474	(171, 0.19840305157575316)
171	73,0.0839790332374	(171, 0.19840305157575316)
171	19,0.0959124132323	(171, 0.19840305157575316)
171	51,0.0999349738884	(171, 0.19840305157575316)
171	144,0.102190788202	(171, 0.19840305157575316)
171	39,0.104010527465	(171, 0.19840305157575316)
172	172,0.0149698888893	(172, 0.01496988888933498)
172	137,0.0293982603799	(172, 0.01496988888933498)
172	3,0.0332162776645	(172, 0.01496988888933498)
172	90,0.0377993332957	(172, 0.01496988888933498)
172	17,0.0387237400527	(172, 0.01496988888933498)
172	81,0.0422544811474	(172, 0.01496988888933498)
172	77,0.0427622675041	(172, 0.01496988888933498)
172	136,0.0488972059454	(172, 0.01496988888933498)
172	37,0.0492302191276	(172, 0.01496988888933498)
172	171,0.051632422472	(172, 0.01496988888933498)
173	158,0.0668394604806	(173, 0.10272367033681407)
173	107,0.0672473394746	(173, 0.10272367033681407)
173	27,0.0686500174758	(173, 0.10272367033681407)
173	38,0.0705037579023	(173, 0.10272367033681407)
173	24,0.0717421071647	(173, 0.10272367033681407)
173	156,0.0874651238691	(173, 0.10272367033681407)
173	128,0.0884220027971	(173, 0.10272367033681407)
173	78,0.0912971705721	(173, 0.10272367033681407)
173	61,0.0932866089285	(173, 0.10272367033681407)
173	87,0.0964007935407	(173, 0.10272367033681407)
174	174,0.0265780069798	(174, 0.026578006979839707)
174	15,0.0348734576334	(174, 0.026578006979839707)
174	56,0.0420903363943	(174, 0.026578006979839707)
174	17,0.0522575561529	(174, 0.026578006979839707)
174	120,0.0537703592431	(174, 0.026578006979839707)
174	69,0.0588180813572	(174, 0.026578006979839707)
174	154,0.065472175932	(174, 0.026578006979839707)
174	4,0.0661201531071	(174, 0.026578006979839707)
174	2,0.0686561352494	(174, 0.026578006979839707)
174	172,0.0697617540387	(174, 0.026578006979839707)
