0	0,0.0779656611526	(0, 0.07796566115260796)
0	84,0.170042414374	(0, 0.07796566115260796)
0	109,0.17300752711	(0, 0.07796566115260796)
0	38,0.174933458355	(0, 0.07796566115260796)
0	99,0.194038300606	(0, 0.07796566115260796)
0	170,0.197154608929	(0, 0.07796566115260796)
0	144,0.211784935898	(0, 0.07796566115260796)
0	173,0.223319100173	(0, 0.07796566115260796)
0	14,0.231456633404	(0, 0.07796566115260796)
0	164,0.233109295754	(0, 0.07796566115260796)
1	1,0.0587500138034	(1, 0.058750013803391489)
1	103,0.0863144326949	(1, 0.058750013803391489)
1	102,0.0935730357384	(1, 0.058750013803391489)
1	28,0.101651471603	(1, 0.058750013803391489)
1	91,0.104202625468	(1, 0.058750013803391489)
1	155,0.118514326805	(1, 0.058750013803391489)
1	114,0.121261102257	(1, 0.058750013803391489)
1	153,0.12455140526	(1, 0.058750013803391489)
1	53,0.12757026399	(1, 0.058750013803391489)
1	41,0.138342496172	(1, 0.058750013803391489)
2	154,0.0655529552233	(2, 0.11044279135349624)
2	4,0.0745305634647	(2, 0.11044279135349624)
2	174,0.0949414880323	(2, 0.11044279135349624)
2	69,0.102388750631	(2, 0.11044279135349624)
2	40,0.106062378561	(2, 0.11044279135349624)
2	2,0.110442791353	(2, 0.11044279135349624)
2	172,0.120431105121	(2, 0.11044279135349624)
2	25,0.133187752131	(2, 0.11044279135349624)
2	15,0.13938057177	(2, 0.11044279135349624)
2	148,0.147037013825	(2, 0.11044279135349624)
3	3,0.029459015997	(3, 0.029459015997030828)
3	63,0.0450057843553	(3, 0.029459015997030828)
3	81,0.0568564544269	(3, 0.029459015997030828)
3	132,0.0593991160781	(3, 0.029459015997030828)
3	11,0.0682818437937	(3, 0.029459015997030828)
3	147,0.0688164403768	(3, 0.029459015997030828)
3	150,0.0689804026657	(3, 0.029459015997030828)
3	137,0.0705233462407	(3, 0.029459015997030828)
3	162,0.0720295214755	(3, 0.029459015997030828)
3	121,0.0733690934304	(3, 0.029459015997030828)
4	172,0.0529378927283	(4, 0.075269128747929043)
4	17,0.0626608850583	(4, 0.075269128747929043)
4	13,0.067533915264	(4, 0.075269128747929043)
4	37,0.0723788613292	(4, 0.075269128747929043)
4	40,0.0738753694502	(4, 0.075269128747929043)
4	4,0.0752691287479	(4, 0.075269128747929043)
4	69,0.0776089999951	(4, 0.075269128747929043)
4	120,0.0814921630216	(4, 0.075269128747929043)
4	77,0.0955521490848	(4, 0.075269128747929043)
4	174,0.0970093195917	(4, 0.075269128747929043)
5	73,0.0657713883128	(5, 0.24605871695995135)
5	107,0.117645123447	(5, 0.24605871695995135)
5	93,0.128424931384	(5, 0.24605871695995135)
5	78,0.131982629638	(5, 0.24605871695995135)
5	95,0.132637298106	(5, 0.24605871695995135)
5	26,0.136466587667	(5, 0.24605871695995135)
5	128,0.13735580739	(5, 0.24605871695995135)
5	158,0.141372500728	(5, 0.24605871695995135)
5	1,0.14256328965	(5, 0.24605871695995135)
5	124,0.14538882906	(5, 0.24605871695995135)
6	139,0.0380059285172	(6, 0.05684926902135172)
6	46,0.045523202718	(6, 0.05684926902135172)
6	6,0.0568492690214	(6, 0.05684926902135172)
6	76,0.062808814783	(6, 0.05684926902135172)
6	22,0.0646734833527	(6, 0.05684926902135172)
6	18,0.0697865591412	(6, 0.05684926902135172)
6	158,0.0744991367662	(6, 0.05684926902135172)
6	132,0.0749048568514	(6, 0.05684926902135172)
6	171,0.0771019560888	(6, 0.05684926902135172)
6	35,0.078879233243	(6, 0.05684926902135172)
7	66,0.274566019058	(7, 0.48345118199282328)
7	167,0.379616550234	(7, 0.48345118199282328)
7	32,0.433420579764	(7, 0.48345118199282328)
7	80,0.434310321777	(7, 0.48345118199282328)
7	51,0.439374600709	(7, 0.48345118199282328)
7	169,0.44726976351	(7, 0.48345118199282328)
7	7,0.483451181993	(7, 0.48345118199282328)
7	133,0.496046647423	(7, 0.48345118199282328)
7	160,0.501856541801	(7, 0.48345118199282328)
7	149,0.505115022509	(7, 0.48345118199282328)
8	11,0.0601398630696	(8, 0.11376815296030821)
8	73,0.0772574147414	(8, 0.11376815296030821)
8	71,0.078107271972	(8, 0.11376815296030821)
8	121,0.0791928944887	(8, 0.11376815296030821)
8	162,0.0835309681094	(8, 0.11376815296030821)
8	13,0.0839898096867	(8, 0.11376815296030821)
8	3,0.0885435323658	(8, 0.11376815296030821)
8	1,0.089616117509	(8, 0.11376815296030821)
8	155,0.0950475656354	(8, 0.11376815296030821)
8	77,0.104995012881	(8, 0.11376815296030821)
9	9,0.0949700667257	(9, 0.094970066725696439)
9	155,0.203498810775	(9, 0.094970066725696439)
9	114,0.231494170925	(9, 0.094970066725696439)
9	91,0.240718127519	(9, 0.094970066725696439)
9	53,0.257678151214	(9, 0.094970066725696439)
9	124,0.271478102738	(9, 0.094970066725696439)
9	41,0.30480972728	(9, 0.094970066725696439)
9	28,0.324580968894	(9, 0.094970066725696439)
9	1,0.334838744884	(9, 0.094970066725696439)
9	65,0.342877028702	(9, 0.094970066725696439)
10	10,0.135595964719	(10, 0.13559596471860597)
10	47,0.188898550969	(10, 0.13559596471860597)
10	167,0.329320657486	(10, 0.13559596471860597)
10	99,0.362826934473	(10, 0.13559596471860597)
10	173,0.366031551339	(10, 0.13559596471860597)
10	84,0.369856488206	(10, 0.13559596471860597)
10	166,0.387910680395	(10, 0.13559596471860597)
10	72,0.40099360774	(10, 0.13559596471860597)
10	27,0.401630324615	(10, 0.13559596471860597)
10	14,0.407272547989	(10, 0.13559596471860597)
11	11,0.0248736022536	(11, 0.024873602253643021)
11	81,0.0646237095637	(11, 0.024873602253643021)
11	119,0.0682271616843	(11, 0.024873602253643021)
11	37,0.068479702193	(11, 0.024873602253643021)
11	3,0.0735002841758	(11, 0.024873602253643021)
11	96,0.0872204918155	(11, 0.024873602253643021)
11	115,0.0906788083114	(11, 0.024873602253643021)
11	71,0.0941562715553	(11, 0.024873602253643021)
11	121,0.0953406277726	(11, 0.024873602253643021)
11	13,0.0983919985218	(11, 0.024873602253643021)
12	12,0.0457410668897	(12, 0.045741066889739689)
12	22,0.04675154698	(12, 0.045741066889739689)
12	126,0.0488631061432	(12, 0.045741066889739689)
12	121,0.050901700557	(12, 0.045741066889739689)
12	76,0.0515531154575	(12, 0.045741066889739689)
12	151,0.0552119039646	(12, 0.045741066889739689)
12	18,0.0576391731088	(12, 0.045741066889739689)
12	132,0.0604570475713	(12, 0.045741066889739689)
12	86,0.0608970778799	(12, 0.045741066889739689)
12	137,0.0636037948669	(12, 0.045741066889739689)
13	172,0.0464649819045	(13, 0.083148962282975636)
13	17,0.0561981910687	(13, 0.083148962282975636)
13	3,0.0565248573083	(13, 0.083148962282975636)
13	11,0.0595875570966	(13, 0.083148962282975636)
13	81,0.0610823143989	(13, 0.083148962282975636)
13	77,0.0712313370183	(13, 0.083148962282975636)
13	162,0.072076642398	(13, 0.083148962282975636)
13	143,0.0721056010621	(13, 0.083148962282975636)
13	90,0.0747506905104	(13, 0.083148962282975636)
13	37,0.0817543162333	(13, 0.083148962282975636)
14	72,0.0577606274305	(14, 0.074448520237436311)
14	14,0.0744485202374	(14, 0.074448520237436311)
14	159,0.112319515873	(14, 0.074448520237436311)
14	123,0.126028516136	(14, 0.074448520237436311)
14	144,0.128125967252	(14, 0.074448520237436311)
14	109,0.130229583951	(14, 0.074448520237436311)
14	131,0.131208056817	(14, 0.074448520237436311)
14	84,0.131665251072	(14, 0.074448520237436311)
14	116,0.136854677652	(14, 0.074448520237436311)
14	145,0.139279243661	(14, 0.074448520237436311)
15	15,0.0392301199279	(15, 0.039230119927948913)
15	17,0.0592507947508	(15, 0.039230119927948913)
15	120,0.0872861421551	(15, 0.039230119927948913)
15	56,0.0874458500473	(15, 0.039230119927948913)
15	174,0.0895387002442	(15, 0.039230119927948913)
15	69,0.0968712390196	(15, 0.039230119927948913)
15	59,0.100060773761	(15, 0.039230119927948913)
15	49,0.101899027508	(15, 0.039230119927948913)
15	100,0.107147517701	(15, 0.039230119927948913)
15	77,0.108489507445	(15, 0.039230119927948913)
16	170,0.0971463128007	(16, 0.10115192296370294)
16	16,0.101151922964	(16, 0.10115192296370294)
16	19,0.11713411395	(16, 0.10115192296370294)
16	0,0.137979165077	(16, 0.10115192296370294)
16	27,0.160684189123	(16, 0.10115192296370294)
16	114,0.16388836587	(16, 0.10115192296370294)
16	144,0.164623427267	(16, 0.10115192296370294)
16	164,0.170412762709	(16, 0.10115192296370294)
16	73,0.173055137359	(16, 0.10115192296370294)
16	101,0.176834346519	(16, 0.10115192296370294)
17	17,0.0295105426593	(17, 0.029510542659335313)
17	172,0.0437616865684	(17, 0.029510542659335313)
17	77,0.0610369098916	(17, 0.029510542659335313)
17	100,0.0628631574544	(17, 0.029510542659335313)
17	90,0.0691766772227	(17, 0.029510542659335313)
17	143,0.0695464616558	(17, 0.029510542659335313)
17	49,0.0698633256573	(17, 0.029510542659335313)
17	37,0.0718432636959	(17, 0.029510542659335313)
17	136,0.0749914125864	(17, 0.029510542659335313)
17	3,0.0831056473712	(17, 0.029510542659335313)
18	18,0.0362869308247	(18, 0.036286930824677717)
18	88,0.0435476798238	(18, 0.036286930824677717)
18	22,0.0469646279521	(18, 0.036286930824677717)
18	61,0.0489964302409	(18, 0.036286930824677717)
18	76,0.0500997393887	(18, 0.036286930824677717)
18	121,0.0504859407164	(18, 0.036286930824677717)
18	35,0.0555771840528	(18, 0.036286930824677717)
18	139,0.0591618785988	(18, 0.036286930824677717)
18	132,0.0596861080164	(18, 0.036286930824677717)
18	147,0.0620085129658	(18, 0.036286930824677717)
19	19,0.117407379524	(19, 0.11740737952426092)
19	43,0.1321747831	(19, 0.11740737952426092)
19	27,0.135004832893	(19, 0.11740737952426092)
19	99,0.153131791593	(19, 0.11740737952426092)
19	32,0.186802669744	(19, 0.11740737952426092)
19	107,0.192787765122	(19, 0.11740737952426092)
19	164,0.196294970104	(19, 0.11740737952426092)
19	84,0.200331839577	(19, 0.11740737952426092)
19	39,0.224010979905	(19, 0.11740737952426092)
19	170,0.226995312674	(19, 0.11740737952426092)
20	73,0.0826393656525	(20, 0.090205123115183236)
20	20,0.0902051231152	(20, 0.090205123115183236)
20	124,0.100870721744	(20, 0.090205123115183236)
20	93,0.111789991992	(20, 0.090205123115183236)
20	109,0.11919418123	(20, 0.090205123115183236)
20	89,0.121360941059	(20, 0.090205123115183236)
20	1,0.121849520006	(20, 0.090205123115183236)
20	157,0.12318646013	(20, 0.090205123115183236)
20	128,0.125326534222	(20, 0.090205123115183236)
20	26,0.135061477042	(20, 0.090205123115183236)
21	121,0.044330825152	(21, 0.082348016369086036)
21	71,0.0448464660922	(21, 0.082348016369086036)
21	11,0.0508055518514	(21, 0.082348016369086036)
21	162,0.0533182710688	(21, 0.082348016369086036)
21	117,0.0564665866435	(21, 0.082348016369086036)
21	23,0.0679497631959	(21, 0.082348016369086036)
21	22,0.068050628412	(21, 0.082348016369086036)
21	76,0.0770903184436	(21, 0.082348016369086036)
21	86,0.0790470982447	(21, 0.082348016369086036)
21	63,0.0794704644573	(21, 0.082348016369086036)
22	22,0.0396845989259	(22, 0.039684598925904715)
22	117,0.0441442474669	(22, 0.039684598925904715)
22	139,0.0466188630604	(22, 0.039684598925904715)
22	76,0.0479039197633	(22, 0.039684598925904715)
22	132,0.0511438185191	(22, 0.039684598925904715)
22	46,0.052227527954	(22, 0.039684598925904715)
22	18,0.0619403533132	(22, 0.039684598925904715)
22	3,0.0631664116109	(22, 0.039684598925904715)
22	63,0.0640727407537	(22, 0.039684598925904715)
22	121,0.0657613869863	(22, 0.039684598925904715)
23	23,0.0293167036185	(23, 0.029316703618485495)
23	61,0.0344414534465	(23, 0.029316703618485495)
23	26,0.0852808235651	(23, 0.029316703618485495)
23	63,0.102800583965	(23, 0.029316703618485495)
23	78,0.103219482378	(23, 0.029316703618485495)
23	121,0.103898776085	(23, 0.029316703618485495)
23	76,0.112170062524	(23, 0.029316703618485495)
23	147,0.11363338201	(23, 0.029316703618485495)
23	162,0.116019115433	(23, 0.029316703618485495)
23	70,0.123738745463	(23, 0.029316703618485495)
24	24,0.042616905563	(24, 0.042616905563018975)
24	107,0.102982341098	(24, 0.042616905563018975)
24	27,0.112974889708	(24, 0.042616905563018975)
24	61,0.121970602663	(24, 0.042616905563018975)
24	158,0.129716679606	(24, 0.042616905563018975)
24	135,0.134079517672	(24, 0.042616905563018975)
24	50,0.136149598158	(24, 0.042616905563018975)
24	22,0.139821893464	(24, 0.042616905563018975)
24	12,0.140877501203	(24, 0.042616905563018975)
24	73,0.141529111077	(24, 0.042616905563018975)
25	69,0.0398280222494	(25, 0.048143177233518068)
25	25,0.0481431772335	(25, 0.048143177233518068)
25	40,0.0562997145121	(25, 0.048143177233518068)
25	15,0.0692528977395	(25, 0.048143177233518068)
25	4,0.0714313633966	(25, 0.048143177233518068)
25	148,0.0801947730109	(25, 0.048143177233518068)
25	79,0.0967869169479	(25, 0.048143177233518068)
25	154,0.0979552805052	(25, 0.048143177233518068)
25	56,0.11255987999	(25, 0.048143177233518068)
25	17,0.112593940701	(25, 0.048143177233518068)
26	121,0.0416073319631	(26, 0.10667977371324867)
26	18,0.0422765602533	(26, 0.10667977371324867)
26	63,0.0435673265601	(26, 0.10667977371324867)
26	150,0.0512063862715	(26, 0.10667977371324867)
26	76,0.0521201515158	(26, 0.10667977371324867)
26	162,0.0533390918786	(26, 0.10667977371324867)
26	3,0.0537923045346	(26, 0.10667977371324867)
26	117,0.0538301391289	(26, 0.10667977371324867)
26	151,0.0574394167928	(26, 0.10667977371324867)
26	11,0.0577130604962	(26, 0.10667977371324867)
27	78,0.0822835342276	(27, 0.12125778400842141)
27	73,0.0905448978494	(27, 0.12125778400842141)
27	121,0.0915997202898	(27, 0.12125778400842141)
27	61,0.0920688775502	(27, 0.12125778400842141)
27	26,0.0959132140692	(27, 0.12125778400842141)
27	170,0.0960234569472	(27, 0.12125778400842141)
27	128,0.111327894363	(27, 0.12125778400842141)
27	107,0.116264244266	(27, 0.12125778400842141)
27	23,0.118929571512	(27, 0.12125778400842141)
27	101,0.12006703296	(27, 0.12125778400842141)
28	1,0.0833807094318	(28, 0.096793372203632003)
28	13,0.0859382255065	(28, 0.096793372203632003)
28	73,0.0956112945657	(28, 0.096793372203632003)
28	28,0.0967933722036	(28, 0.096793372203632003)
28	3,0.0971582577009	(28, 0.096793372203632003)
28	53,0.118646492132	(28, 0.096793372203632003)
28	93,0.121024742449	(28, 0.096793372203632003)
28	157,0.126629634682	(28, 0.096793372203632003)
28	155,0.126897696893	(28, 0.096793372203632003)
28	65,0.127744151672	(28, 0.096793372203632003)
29	29,0.0436121952087	(29, 0.043612195208660533)
29	77,0.054843832833	(29, 0.043612195208660533)
29	71,0.0747264031613	(29, 0.043612195208660533)
29	135,0.0782884132547	(29, 0.043612195208660533)
29	73,0.084538232019	(29, 0.043612195208660533)
29	13,0.0869190062243	(29, 0.043612195208660533)
29	1,0.0886775130598	(29, 0.043612195208660533)
29	3,0.0966653737908	(29, 0.043612195208660533)
29	11,0.0971196501266	(29, 0.043612195208660533)
29	172,0.0980284008937	(29, 0.043612195208660533)
30	30,0.114052554293	(30, 0.11405255429325351)
30	91,0.143767332084	(30, 0.11405255429325351)
30	28,0.15386732766	(30, 0.11405255429325351)
30	103,0.158823487551	(30, 0.11405255429325351)
30	53,0.186253115919	(30, 0.11405255429325351)
30	153,0.193002992624	(30, 0.11405255429325351)
30	1,0.193553002542	(30, 0.11405255429325351)
30	102,0.208463050759	(30, 0.11405255429325351)
30	133,0.208552669393	(30, 0.11405255429325351)
30	155,0.213334799075	(30, 0.11405255429325351)
31	166,0.127273657092	(31, 0.15789336839548243)
31	31,0.157893368395	(31, 0.15789336839548243)
31	72,0.169374081626	(31, 0.15789336839548243)
31	116,0.1766294183	(31, 0.15789336839548243)
31	104,0.195079123732	(31, 0.15789336839548243)
31	144,0.19764683917	(31, 0.15789336839548243)
31	123,0.198316559452	(31, 0.15789336839548243)
31	124,0.201810647066	(31, 0.15789336839548243)
31	131,0.208979612018	(31, 0.15789336839548243)
31	69,0.218668137048	(31, 0.15789336839548243)
32	156,0.098976358211	(32, 0.11290616866337287)
32	32,0.112906168663	(32, 0.11290616866337287)
32	27,0.118676100898	(32, 0.11290616866337287)
32	164,0.145039457738	(32, 0.11290616866337287)
32	73,0.145266550669	(32, 0.11290616866337287)
32	50,0.146609474131	(32, 0.11290616866337287)
32	107,0.163405496059	(32, 0.11290616866337287)
32	131,0.177086676231	(32, 0.11290616866337287)
32	109,0.181785876787	(32, 0.11290616866337287)
32	144,0.187576463555	(32, 0.11290616866337287)
33	33,0.0789573990215	(33, 0.078957399021498162)
33	4,0.139275786463	(33, 0.078957399021498162)
33	106,0.146972802387	(33, 0.078957399021498162)
33	69,0.15993252248	(33, 0.078957399021498162)
33	116,0.160864206482	(33, 0.078957399021498162)
33	156,0.174460931324	(33, 0.078957399021498162)
33	73,0.174571374466	(33, 0.078957399021498162)
33	28,0.176116852373	(33, 0.078957399021498162)
33	1,0.184238758147	(33, 0.078957399021498162)
33	102,0.187420825175	(33, 0.078957399021498162)
34	15,0.0527607885541	(34, 0.14872397390733552)
34	17,0.0634075632243	(34, 0.14872397390733552)
34	69,0.0657186348546	(34, 0.14872397390733552)
34	40,0.0724903784273	(34, 0.14872397390733552)
34	172,0.0768972784154	(34, 0.14872397390733552)
34	148,0.0806614577322	(34, 0.14872397390733552)
34	120,0.0828251100487	(34, 0.14872397390733552)
34	4,0.0897034682942	(34, 0.14872397390733552)
34	174,0.0909823384771	(34, 0.14872397390733552)
34	56,0.0982532935805	(34, 0.14872397390733552)
35	35,0.0356825000728	(35, 0.035682500072785631)
35	88,0.0573583273501	(35, 0.035682500072785631)
35	18,0.0598298073791	(35, 0.035682500072785631)
35	12,0.0858448987495	(35, 0.035682500072785631)
35	22,0.0882747422744	(35, 0.035682500072785631)
35	139,0.0937888918741	(35, 0.035682500072785631)
35	121,0.0955401645103	(35, 0.035682500072785631)
35	61,0.10013271507	(35, 0.035682500072785631)
35	152,0.100418236493	(35, 0.035682500072785631)
35	159,0.101854482892	(35, 0.035682500072785631)
36	76,0.0292435794565	(36, 0.042040308758950887)
36	147,0.0299575182785	(36, 0.042040308758950887)
36	46,0.0394224889342	(36, 0.042040308758950887)
36	18,0.0406657777169	(36, 0.042040308758950887)
36	36,0.042040308759	(36, 0.042040308758950887)
36	63,0.0433672494239	(36, 0.042040308758950887)
36	171,0.0501980265037	(36, 0.042040308758950887)
36	88,0.0581004537284	(36, 0.042040308758950887)
36	22,0.0635727778639	(36, 0.042040308758950887)
36	132,0.0641257535675	(36, 0.042040308758950887)
37	3,0.0403852715892	(37, 0.047889219793679813)
37	11,0.044229326328	(37, 0.047889219793679813)
37	37,0.0478892197937	(37, 0.047889219793679813)
37	100,0.0588008402615	(37, 0.047889219793679813)
37	77,0.0607383740132	(37, 0.047889219793679813)
37	21,0.0674953945612	(37, 0.047889219793679813)
37	143,0.0752434436561	(37, 0.047889219793679813)
37	90,0.0764975970859	(37, 0.047889219793679813)
37	81,0.0774366559347	(37, 0.047889219793679813)
37	136,0.0779534081302	(37, 0.047889219793679813)
38	38,0.0342325680231	(38, 0.034232568023119914)
38	12,0.0825281655968	(38, 0.034232568023119914)
38	14,0.09079440779	(38, 0.034232568023119914)
38	55,0.0916161763165	(38, 0.034232568023119914)
38	43,0.122528580157	(38, 0.034232568023119914)
38	50,0.134158214277	(38, 0.034232568023119914)
38	159,0.135608284519	(38, 0.034232568023119914)
38	128,0.137729960038	(38, 0.034232568023119914)
38	105,0.137745612075	(38, 0.034232568023119914)
38	107,0.139252007541	(38, 0.034232568023119914)
39	39,0.0833238398925	(39, 0.083323839892510396)
39	51,0.181895069282	(39, 0.083323839892510396)
39	101,0.192275184848	(39, 0.083323839892510396)
39	156,0.193812736528	(39, 0.083323839892510396)
39	169,0.196351673168	(39, 0.083323839892510396)
39	27,0.197436528897	(39, 0.083323839892510396)
39	99,0.197545809211	(39, 0.083323839892510396)
39	84,0.205146207032	(39, 0.083323839892510396)
39	107,0.209963686097	(39, 0.083323839892510396)
39	138,0.221861794245	(39, 0.083323839892510396)
40	40,0.0309296546974	(40, 0.030929654697419439)
40	69,0.0486963005012	(40, 0.030929654697419439)
40	79,0.0671361614141	(40, 0.030929654697419439)
40	172,0.0697623840431	(40, 0.030929654697419439)
40	15,0.0718858685276	(40, 0.030929654697419439)
40	25,0.0782935658049	(40, 0.030929654697419439)
40	17,0.0792898493854	(40, 0.030929654697419439)
40	148,0.0836384399463	(40, 0.030929654697419439)
40	4,0.0850897509562	(40, 0.030929654697419439)
40	56,0.086464672238	(40, 0.030929654697419439)
41	41,0.0479163598653	(41, 0.047916359865312896)
41	155,0.0783050090654	(41, 0.047916359865312896)
41	1,0.134170373011	(41, 0.047916359865312896)
41	20,0.136575024257	(41, 0.047916359865312896)
41	91,0.143144240604	(41, 0.047916359865312896)
41	124,0.148957814925	(41, 0.047916359865312896)
41	101,0.15980525522	(41, 0.047916359865312896)
41	71,0.175870813703	(41, 0.047916359865312896)
41	102,0.178824302439	(41, 0.047916359865312896)
41	114,0.179877875333	(41, 0.047916359865312896)
42	163,0.151974005312	(42, 0.31810649072206149)
42	69,0.184584637363	(42, 0.31810649072206149)
42	53,0.204136799851	(42, 0.31810649072206149)
42	28,0.209483254014	(42, 0.31810649072206149)
42	118,0.222326549351	(42, 0.31810649072206149)
42	97,0.224797997661	(42, 0.31810649072206149)
42	140,0.232865745936	(42, 0.31810649072206149)
42	34,0.233729781177	(42, 0.31810649072206149)
42	44,0.241274158564	(42, 0.31810649072206149)
42	4,0.245498403616	(42, 0.31810649072206149)
43	22,0.0536681217616	(43, 0.10642776355405795)
43	12,0.0584071669414	(43, 0.10642776355405795)
43	128,0.0648036071087	(43, 0.10642776355405795)
43	121,0.0678421958988	(43, 0.10642776355405795)
43	158,0.0690115778727	(43, 0.10642776355405795)
43	61,0.069530630358	(43, 0.10642776355405795)
43	78,0.0712412202902	(43, 0.10642776355405795)
43	50,0.0743839996214	(43, 0.10642776355405795)
43	107,0.0773751042577	(43, 0.10642776355405795)
43	18,0.0798930949693	(43, 0.10642776355405795)
44	109,0.0795177209484	(44, 0.31047076401994311)
44	124,0.0897807190763	(44, 0.31047076401994311)
44	116,0.092990551702	(44, 0.31047076401994311)
44	73,0.0979075596498	(44, 0.31047076401994311)
44	93,0.106108901079	(44, 0.31047076401994311)
44	144,0.115461342856	(44, 0.31047076401994311)
44	84,0.121647730058	(44, 0.31047076401994311)
44	12,0.122732372126	(44, 0.31047076401994311)
44	159,0.124604425331	(44, 0.31047076401994311)
44	123,0.133811109538	(44, 0.31047076401994311)
45	45,0.129678797069	(45, 0.12967879706855134)
45	130,0.145870539535	(45, 0.12967879706855134)
45	34,0.188103100457	(45, 0.12967879706855134)
45	94,0.209941563126	(45, 0.12967879706855134)
45	133,0.215896351391	(45, 0.12967879706855134)
45	53,0.218010136903	(45, 0.12967879706855134)
45	98,0.228334562448	(45, 0.12967879706855134)
45	15,0.230932395735	(45, 0.12967879706855134)
45	113,0.23516932181	(45, 0.12967879706855134)
45	25,0.240311000691	(45, 0.12967879706855134)
46	46,0.0193417456899	(46, 0.019341745689929721)
46	36,0.0310489135612	(46, 0.019341745689929721)
46	171,0.0383622630555	(46, 0.019341745689929721)
46	137,0.0428920433701	(46, 0.019341745689929721)
46	76,0.0453420500745	(46, 0.019341745689929721)
46	147,0.0544796233933	(46, 0.019341745689929721)
46	63,0.0609970894483	(46, 0.019341745689929721)
46	146,0.0637009515931	(46, 0.019341745689929721)
46	18,0.0659209820823	(46, 0.019341745689929721)
46	139,0.0667544466619	(46, 0.019341745689929721)
47	10,0.163857881003	(47, 0.18040436894756257)
47	99,0.164783066433	(47, 0.18040436894756257)
47	47,0.180404368948	(47, 0.18040436894756257)
47	19,0.180668240586	(47, 0.18040436894756257)
47	27,0.190610983451	(47, 0.18040436894756257)
47	138,0.199664106814	(47, 0.18040436894756257)
47	84,0.205128067553	(47, 0.18040436894756257)
47	43,0.212768081509	(47, 0.18040436894756257)
47	173,0.2336088216	(47, 0.18040436894756257)
47	0,0.237144570189	(47, 0.18040436894756257)
48	56,0.0783082795874	(48, 0.089906012385537096)
48	120,0.0867966767183	(48, 0.089906012385537096)
48	48,0.0899060123855	(48, 0.089906012385537096)
48	69,0.0943467574276	(48, 0.089906012385537096)
48	97,0.0964792089646	(48, 0.089906012385537096)
48	40,0.106059411986	(48, 0.089906012385537096)
48	4,0.116744056308	(48, 0.089906012385537096)
48	174,0.119806115701	(48, 0.089906012385537096)
48	124,0.121116232729	(48, 0.089906012385537096)
48	104,0.134452288031	(48, 0.089906012385537096)
49	49,0.0630709630684	(49, 0.063070963068426439)
49	98,0.0777982908469	(49, 0.063070963068426439)
49	59,0.0814428541906	(49, 0.063070963068426439)
49	15,0.0875498713547	(49, 0.063070963068426439)
49	100,0.103308067338	(49, 0.063070963068426439)
49	77,0.103545284796	(49, 0.063070963068426439)
49	172,0.11359251404	(49, 0.063070963068426439)
49	83,0.116423299611	(49, 0.063070963068426439)
49	17,0.116649229871	(49, 0.063070963068426439)
49	37,0.143085480599	(49, 0.063070963068426439)
50	50,0.033177342513	(50, 0.033177342513011576)
50	12,0.0844818113413	(50, 0.033177342513011576)
50	107,0.0980871223765	(50, 0.033177342513011576)
50	158,0.105100224206	(50, 0.033177342513011576)
50	171,0.108630219704	(50, 0.033177342513011576)
50	128,0.113418955465	(50, 0.033177342513011576)
50	22,0.113597843405	(50, 0.033177342513011576)
50	76,0.11720215531	(50, 0.033177342513011576)
50	38,0.117335878401	(50, 0.033177342513011576)
50	46,0.126615604747	(50, 0.033177342513011576)
51	124,0.0529984951354	(51, 0.24441759941639302)
51	73,0.0908068857459	(51, 0.24441759941639302)
51	155,0.0980542879474	(51, 0.24441759941639302)
51	157,0.102214401135	(51, 0.24441759941639302)
51	53,0.109214700147	(51, 0.24441759941639302)
51	93,0.12130930374	(51, 0.24441759941639302)
51	28,0.137356519585	(51, 0.24441759941639302)
51	41,0.140892103691	(51, 0.24441759941639302)
51	116,0.145455618592	(51, 0.24441759941639302)
51	1,0.146886481814	(51, 0.24441759941639302)
52	53,0.090367730883	(52, 0.32377940043630854)
52	44,0.0935790214587	(52, 0.32377940043630854)
52	155,0.118569975104	(52, 0.32377940043630854)
52	65,0.119117209919	(52, 0.32377940043630854)
52	124,0.1224502332	(52, 0.32377940043630854)
52	163,0.124026918178	(52, 0.32377940043630854)
52	161,0.129248680934	(52, 0.32377940043630854)
52	13,0.129265063396	(52, 0.32377940043630854)
52	114,0.140929037968	(52, 0.32377940043630854)
52	119,0.146236241848	(52, 0.32377940043630854)
53	65,0.0635244874302	(53, 0.092420716273478004)
53	155,0.0921435165828	(53, 0.092420716273478004)
53	53,0.0924207162735	(53, 0.092420716273478004)
53	161,0.105615850569	(53, 0.092420716273478004)
53	44,0.107053154711	(53, 0.092420716273478004)
53	120,0.112313168411	(53, 0.092420716273478004)
53	163,0.138418105808	(53, 0.092420716273478004)
53	114,0.142949772877	(53, 0.092420716273478004)
53	34,0.143585935612	(53, 0.092420716273478004)
53	13,0.148458881387	(53, 0.092420716273478004)
54	136,0.0401266641541	(54, 0.06994521175159428)
54	3,0.0673879008789	(54, 0.06994521175159428)
54	54,0.0699452117516	(54, 0.06994521175159428)
54	162,0.0714044719267	(54, 0.06994521175159428)
54	137,0.0745852836518	(54, 0.06994521175159428)
54	11,0.0753185147477	(54, 0.06994521175159428)
54	71,0.079134790838	(54, 0.06994521175159428)
54	63,0.0794559516463	(54, 0.06994521175159428)
54	17,0.0802905620941	(54, 0.06994521175159428)
54	37,0.0828904114272	(54, 0.06994521175159428)
55	12,0.0578236715718	(55, 0.069305011969084354)
55	55,0.0693050119691	(55, 0.069305011969084354)
55	159,0.0748172488409	(55, 0.069305011969084354)
55	38,0.0796755092237	(55, 0.069305011969084354)
55	121,0.0819877312003	(55, 0.069305011969084354)
55	134,0.0856154533241	(55, 0.069305011969084354)
55	18,0.0897120514268	(55, 0.069305011969084354)
55	152,0.0911738658872	(55, 0.069305011969084354)
55	128,0.0916213636081	(55, 0.069305011969084354)
55	151,0.0956025232038	(55, 0.069305011969084354)
56	56,0.062120744739	(56, 0.062120744738987481)
56	15,0.0812217916164	(56, 0.062120744738987481)
56	120,0.0851217434421	(56, 0.062120744738987481)
56	113,0.121786221654	(56, 0.062120744738987481)
56	174,0.136027476744	(56, 0.062120744738987481)
56	2,0.139868315868	(56, 0.062120744738987481)
56	69,0.142914131169	(56, 0.062120744738987481)
56	48,0.154720755324	(56, 0.062120744738987481)
56	97,0.157204910043	(56, 0.062120744738987481)
56	44,0.165752126564	(56, 0.062120744738987481)
57	57,0.0961507085558	(57, 0.096150708555760786)
57	122,0.165155147311	(57, 0.096150708555760786)
57	174,0.223672884814	(57, 0.096150708555760786)
57	15,0.226026416813	(57, 0.096150708555760786)
57	56,0.252688987605	(57, 0.096150708555760786)
57	120,0.268813813105	(57, 0.096150708555760786)
57	2,0.277246065658	(57, 0.096150708555760786)
57	113,0.293739862859	(57, 0.096150708555760786)
57	108,0.298307075234	(57, 0.096150708555760786)
57	59,0.320210768326	(57, 0.096150708555760786)
58	24,0.0805304774937	(58, 0.30360070557699187)
58	107,0.0922157653312	(58, 0.30360070557699187)
58	27,0.109729150315	(58, 0.30360070557699187)
58	50,0.110890366694	(58, 0.30360070557699187)
58	61,0.122654359202	(58, 0.30360070557699187)
58	43,0.132747652487	(58, 0.30360070557699187)
58	105,0.136207290174	(58, 0.30360070557699187)
58	158,0.142966815273	(58, 0.30360070557699187)
58	38,0.145478099767	(58, 0.30360070557699187)
58	12,0.146090098285	(58, 0.30360070557699187)
59	15,0.164634381278	(59, 0.20711295554066153)
59	83,0.165548825113	(59, 0.20711295554066153)
59	94,0.172744668685	(59, 0.20711295554066153)
59	65,0.174854476938	(59, 0.20711295554066153)
59	113,0.174943612294	(59, 0.20711295554066153)
59	130,0.201459192189	(59, 0.20711295554066153)
59	120,0.203198767867	(59, 0.20711295554066153)
59	59,0.207112955541	(59, 0.20711295554066153)
59	161,0.212263721363	(59, 0.20711295554066153)
59	44,0.212853588598	(59, 0.20711295554066153)
60	60,0.065654696415	(60, 0.065654696415002739)
60	69,0.0658136919581	(60, 0.065654696415002739)
60	40,0.0779064843502	(60, 0.065654696415002739)
60	79,0.0796947833512	(60, 0.065654696415002739)
60	34,0.0910848433835	(60, 0.065654696415002739)
60	4,0.0972259261139	(60, 0.065654696415002739)
60	25,0.098048712258	(60, 0.065654696415002739)
60	15,0.0991507378146	(60, 0.065654696415002739)
60	77,0.125630974816	(60, 0.065654696415002739)
60	172,0.126037460946	(60, 0.065654696415002739)
61	61,0.0429409760844	(61, 0.042940976084431433)
61	23,0.0453133598515	(61, 0.042940976084431433)
61	26,0.0626979509137	(61, 0.042940976084431433)
61	63,0.0645148456693	(61, 0.042940976084431433)
61	121,0.0656489843256	(61, 0.042940976084431433)
61	162,0.0709406811809	(61, 0.042940976084431433)
61	76,0.0742946657141	(61, 0.042940976084431433)
61	147,0.0747390776925	(61, 0.042940976084431433)
61	78,0.0755485442439	(61, 0.042940976084431433)
61	3,0.0816410797613	(61, 0.042940976084431433)
62	26,0.0807080192328	(62, 0.10650693624948386)
62	78,0.081261744498	(62, 0.10650693624948386)
62	73,0.0931637804469	(62, 0.10650693624948386)
62	107,0.0970012761522	(62, 0.10650693624948386)
62	61,0.0998996125285	(62, 0.10650693624948386)
62	62,0.106506936249	(62, 0.10650693624948386)
62	121,0.122719190617	(62, 0.10650693624948386)
62	158,0.123039641044	(62, 0.10650693624948386)
62	95,0.124617791864	(62, 0.10650693624948386)
62	23,0.125906491836	(62, 0.10650693624948386)
63	3,0.0377838236815	(63, 0.054663215047340667)
63	63,0.0546632150473	(63, 0.054663215047340667)
63	11,0.0558306913357	(63, 0.054663215047340667)
63	77,0.0581613583333	(63, 0.054663215047340667)
63	162,0.0584033762494	(63, 0.054663215047340667)
63	121,0.0628338701806	(63, 0.054663215047340667)
63	132,0.0703449512075	(63, 0.054663215047340667)
63	37,0.0718641003685	(63, 0.054663215047340667)
63	81,0.0746272606049	(63, 0.054663215047340667)
63	136,0.0746892400356	(63, 0.054663215047340667)
64	64,0.203095456881	(64, 0.20309545688062022)
64	45,0.338601335091	(64, 0.20309545688062022)
64	118,0.343692723357	(64, 0.20309545688062022)
64	130,0.354216093461	(64, 0.20309545688062022)
64	133,0.407346434999	(64, 0.20309545688062022)
64	33,0.438018868773	(64, 0.20309545688062022)
64	34,0.477216007879	(64, 0.20309545688062022)
64	113,0.477920576548	(64, 0.20309545688062022)
64	94,0.525207454899	(64, 0.20309545688062022)
64	15,0.549361520983	(64, 0.20309545688062022)
65	65,0.0513080527666	(65, 0.05130805276664329)
65	161,0.0529456451735	(65, 0.05130805276664329)
65	83,0.0733063203776	(65, 0.05130805276664329)
65	155,0.0924402500607	(65, 0.05130805276664329)
65	68,0.0964672187351	(65, 0.05130805276664329)
65	59,0.098775040076	(65, 0.05130805276664329)
65	17,0.101791561617	(65, 0.05130805276664329)
65	120,0.104481868441	(65, 0.05130805276664329)
65	13,0.110201130173	(65, 0.05130805276664329)
65	100,0.111841411108	(65, 0.05130805276664329)
66	66,0.177212829873	(66, 0.17721282987251571)
66	130,0.375907514717	(66, 0.17721282987251571)
66	133,0.414827575169	(66, 0.17721282987251571)
66	140,0.437053363321	(66, 0.17721282987251571)
66	118,0.455840275887	(66, 0.17721282987251571)
66	91,0.478398581072	(66, 0.17721282987251571)
66	33,0.500426203756	(66, 0.17721282987251571)
66	141,0.537132851361	(66, 0.17721282987251571)
66	169,0.541528637421	(66, 0.17721282987251571)
66	53,0.553224226943	(66, 0.17721282987251571)
67	67,0.14540890176	(67, 0.14540890176047094)
67	169,0.17354770961	(67, 0.14540890176047094)
67	84,0.174588940152	(67, 0.14540890176047094)
67	93,0.188468148766	(67, 0.14540890176047094)
67	28,0.195675576326	(67, 0.14540890176047094)
67	149,0.197513528091	(67, 0.14540890176047094)
67	140,0.200949638585	(67, 0.14540890176047094)
67	116,0.203877534343	(67, 0.14540890176047094)
67	109,0.210159436383	(67, 0.14540890176047094)
67	30,0.218150257189	(67, 0.14540890176047094)
68	68,0.0483851882571	(68, 0.048385188257143816)
68	70,0.0894628094943	(68, 0.048385188257143816)
68	23,0.0947101682115	(68, 0.048385188257143816)
68	61,0.103130892382	(68, 0.048385188257143816)
68	63,0.112677650467	(68, 0.048385188257143816)
68	147,0.120482969944	(68, 0.048385188257143816)
68	26,0.123455962578	(68, 0.048385188257143816)
68	77,0.12517383122	(68, 0.048385188257143816)
68	135,0.126172807245	(68, 0.048385188257143816)
68	162,0.128249299865	(68, 0.048385188257143816)
69	122,0.198446371583	(69, 0.22362490531119669)
69	15,0.210717247807	(69, 0.22362490531119669)
69	174,0.217090539151	(69, 0.22362490531119669)
69	69,0.223624905311	(69, 0.22362490531119669)
69	154,0.22455066094	(69, 0.22362490531119669)
69	2,0.233967167949	(69, 0.22362490531119669)
69	48,0.234866375009	(69, 0.22362490531119669)
69	56,0.238303345714	(69, 0.22362490531119669)
69	4,0.255106212671	(69, 0.22362490531119669)
69	33,0.263853007005	(69, 0.22362490531119669)
70	121,0.058732077738	(70, 0.067689877861356454)
70	3,0.0622901575325	(70, 0.067689877861356454)
70	70,0.0676898778614	(70, 0.067689877861356454)
70	132,0.077058810059	(70, 0.067689877861356454)
70	11,0.0771270222067	(70, 0.067689877861356454)
70	77,0.078030159763	(70, 0.067689877861356454)
70	117,0.0822419964554	(70, 0.067689877861356454)
70	139,0.084581459892	(70, 0.067689877861356454)
70	81,0.0847093227249	(70, 0.067689877861356454)
70	88,0.0860173916561	(70, 0.067689877861356454)
71	91,0.129284359386	(71, 0.31922384685067789)
71	133,0.15349683182	(71, 0.31922384685067789)
71	41,0.174302208825	(71, 0.31922384685067789)
71	101,0.180211081705	(71, 0.31922384685067789)
71	102,0.185983180625	(71, 0.31922384685067789)
71	28,0.191565999399	(71, 0.31922384685067789)
71	1,0.195527269937	(71, 0.31922384685067789)
71	155,0.199058829954	(71, 0.31922384685067789)
71	53,0.200266810499	(71, 0.31922384685067789)
71	103,0.207856235633	(71, 0.31922384685067789)
72	174,0.0914975293267	(72, 0.55494548837309776)
72	17,0.0949447408229	(72, 0.55494548837309776)
72	172,0.103973716784	(72, 0.55494548837309776)
72	148,0.105998423936	(72, 0.55494548837309776)
72	143,0.116533256503	(72, 0.55494548837309776)
72	100,0.135847612779	(72, 0.55494548837309776)
72	40,0.137477217369	(72, 0.55494548837309776)
72	77,0.138750459779	(72, 0.55494548837309776)
72	15,0.141229776064	(72, 0.55494548837309776)
72	49,0.143745970452	(72, 0.55494548837309776)
73	73,0.0474505222282	(73, 0.047450522228202521)
73	27,0.0973850518728	(73, 0.047450522228202521)
73	13,0.102821998673	(73, 0.047450522228202521)
73	157,0.103591110901	(73, 0.047450522228202521)
73	124,0.104293469088	(73, 0.047450522228202521)
73	109,0.126812900589	(73, 0.047450522228202521)
73	93,0.127766979645	(73, 0.047450522228202521)
73	53,0.135391217878	(73, 0.047450522228202521)
73	114,0.141367614852	(73, 0.047450522228202521)
73	144,0.143669529031	(73, 0.047450522228202521)
74	17,0.0421666477719	(74, 0.048884212329010711)
74	136,0.0434181263954	(74, 0.048884212329010711)
74	74,0.048884212329	(74, 0.048884212329010711)
74	37,0.0573214397731	(74, 0.048884212329010711)
74	77,0.0580779155927	(74, 0.048884212329010711)
74	100,0.0583770717347	(74, 0.048884212329010711)
74	90,0.0607187087006	(74, 0.048884212329010711)
74	127,0.0687471798242	(74, 0.048884212329010711)
74	49,0.0829086424562	(74, 0.048884212329010711)
74	11,0.0856396179442	(74, 0.048884212329010711)
75	75,0.308742788954	(75, 0.30874278895444296)
75	167,0.38747233335	(75, 0.30874278895444296)
75	47,0.532291343035	(75, 0.30874278895444296)
75	10,0.54215978318	(75, 0.30874278895444296)
75	80,0.546477926316	(75, 0.30874278895444296)
75	85,0.549344370253	(75, 0.30874278895444296)
75	67,0.555239512542	(75, 0.30874278895444296)
75	99,0.57005845743	(75, 0.30874278895444296)
75	166,0.597801820776	(75, 0.30874278895444296)
75	84,0.602968444986	(75, 0.30874278895444296)
76	76,0.0261904866079	(76, 0.026190486607944815)
76	147,0.0316831318123	(76, 0.026190486607944815)
76	63,0.0359501375281	(76, 0.026190486607944815)
76	137,0.0408784970393	(76, 0.026190486607944815)
76	171,0.0460583513319	(76, 0.026190486607944815)
76	22,0.0544212009348	(76, 0.026190486607944815)
76	18,0.0566742622607	(76, 0.026190486607944815)
76	46,0.0567730230062	(76, 0.026190486607944815)
76	3,0.0570620498384	(76, 0.026190486607944815)
76	132,0.0610239434496	(76, 0.026190486607944815)
77	90,0.0408395597403	(77, 0.045342102617002153)
77	162,0.0431799595579	(77, 0.045342102617002153)
77	136,0.0435092538642	(77, 0.045342102617002153)
77	77,0.045342102617	(77, 0.045342102617002153)
77	3,0.0499079785732	(77, 0.045342102617002153)
77	11,0.0524776480833	(77, 0.045342102617002153)
77	137,0.0525401556016	(77, 0.045342102617002153)
77	147,0.0531171114066	(77, 0.045342102617002153)
77	63,0.0540684674562	(77, 0.045342102617002153)
77	74,0.0551083825561	(77, 0.045342102617002153)
78	76,0.0346603768444	(78, 0.064059645923014136)
78	63,0.0407102163814	(78, 0.064059645923014136)
78	22,0.0421269210324	(78, 0.064059645923014136)
78	151,0.0427260671786	(78, 0.064059645923014136)
78	132,0.0452866934458	(78, 0.064059645923014136)
78	147,0.0494368760514	(78, 0.064059645923014136)
78	18,0.0513857101603	(78, 0.064059645923014136)
78	121,0.052072760051	(78, 0.064059645923014136)
78	61,0.0572981389787	(78, 0.064059645923014136)
78	23,0.0593069340846	(78, 0.064059645923014136)
79	79,0.0339127826893	(79, 0.033912782689271503)
79	4,0.0440125153528	(79, 0.033912782689271503)
79	69,0.0489977135597	(79, 0.033912782689271503)
79	40,0.0608556438366	(79, 0.033912782689271503)
79	25,0.0812495800485	(79, 0.033912782689271503)
79	34,0.0821310405261	(79, 0.033912782689271503)
79	56,0.0844609698341	(79, 0.033912782689271503)
79	15,0.0960701711181	(79, 0.033912782689271503)
79	17,0.0991305274519	(79, 0.033912782689271503)
79	148,0.107088313545	(79, 0.033912782689271503)
80	80,0.165784668266	(80, 0.16578466826566382)
80	51,0.174515815884	(80, 0.16578466826566382)
80	167,0.232103085925	(80, 0.16578466826566382)
80	32,0.308378111119	(80, 0.16578466826566382)
80	39,0.401600393507	(80, 0.16578466826566382)
80	27,0.401918362412	(80, 0.16578466826566382)
80	169,0.412730823788	(80, 0.16578466826566382)
80	160,0.427079517643	(80, 0.16578466826566382)
80	165,0.438061992694	(80, 0.16578466826566382)
80	58,0.44138753852	(80, 0.16578466826566382)
81	81,0.036882849813	(81, 0.03688284981301207)
81	3,0.0608475544553	(81, 0.03688284981301207)
81	117,0.0626367001955	(81, 0.03688284981301207)
81	11,0.0646108148339	(81, 0.03688284981301207)
81	121,0.0649395912793	(81, 0.03688284981301207)
81	132,0.0657254562854	(81, 0.03688284981301207)
81	77,0.0745586663541	(81, 0.03688284981301207)
81	22,0.0748125492263	(81, 0.03688284981301207)
81	151,0.0796996397012	(81, 0.03688284981301207)
81	18,0.0813618632393	(81, 0.03688284981301207)
82	27,0.117325485601	(82, 0.19101642917676345)
82	73,0.121776430702	(82, 0.19101642917676345)
82	24,0.129528339322	(82, 0.19101642917676345)
82	13,0.138191202186	(82, 0.19101642917676345)
82	38,0.142457253297	(82, 0.19101642917676345)
82	12,0.144392394938	(82, 0.19101642917676345)
82	105,0.151403378509	(82, 0.19101642917676345)
82	61,0.151578804497	(82, 0.19101642917676345)
82	107,0.15165152169	(82, 0.19101642917676345)
82	50,0.160824247014	(82, 0.19101642917676345)
83	13,0.0583416026041	(83, 0.077905288892321706)
83	155,0.0650140230153	(83, 0.077905288892321706)
83	71,0.0705551077955	(83, 0.077905288892321706)
83	83,0.0779052888923	(83, 0.077905288892321706)
83	161,0.0783363006606	(83, 0.077905288892321706)
83	65,0.0811329494456	(83, 0.077905288892321706)
83	11,0.0820435978346	(83, 0.077905288892321706)
83	17,0.0859805191338	(83, 0.077905288892321706)
83	136,0.0880940445901	(83, 0.077905288892321706)
83	3,0.0928473844493	(83, 0.077905288892321706)
84	67,0.180382891702	(84, 0.19246943232473801)
84	84,0.192469432325	(84, 0.19246943232473801)
84	166,0.221489776025	(84, 0.19246943232473801)
84	169,0.243545651424	(84, 0.19246943232473801)
84	140,0.266541461774	(84, 0.19246943232473801)
84	99,0.279872718432	(84, 0.19246943232473801)
84	109,0.304412095186	(84, 0.19246943232473801)
84	72,0.306023362414	(84, 0.19246943232473801)
84	149,0.306266089676	(84, 0.19246943232473801)
84	144,0.31489873776	(84, 0.19246943232473801)
85	67,0.169208093394	(85, 0.27157390346241794)
85	140,0.259305182127	(85, 0.27157390346241794)
85	85,0.271573903462	(85, 0.27157390346241794)
85	166,0.301357307338	(85, 0.27157390346241794)
85	149,0.308847076064	(85, 0.27157390346241794)
85	84,0.312284035646	(85, 0.27157390346241794)
85	169,0.344816586858	(85, 0.27157390346241794)
85	144,0.373421452157	(85, 0.27157390346241794)
85	93,0.384040308841	(85, 0.27157390346241794)
85	99,0.388756858097	(85, 0.27157390346241794)
86	86,0.040761718897	(86, 0.040761718896975482)
86	137,0.0544341661412	(86, 0.040761718896975482)
86	162,0.056589097253	(86, 0.040761718896975482)
86	11,0.061742536217	(86, 0.040761718896975482)
86	76,0.0626235891776	(86, 0.040761718896975482)
86	117,0.0627791818434	(86, 0.040761718896975482)
86	150,0.0636944175279	(86, 0.040761718896975482)
86	3,0.0647417405171	(86, 0.040761718896975482)
86	18,0.0647747469188	(86, 0.040761718896975482)
86	12,0.0657668459371	(86, 0.040761718896975482)
87	121,0.071815251784	(87, 0.1856235265795905)
87	1,0.0779649751795	(87, 0.1856235265795905)
87	26,0.0779747599818	(87, 0.1856235265795905)
87	78,0.0803692684834	(87, 0.1856235265795905)
87	11,0.0908462794977	(87, 0.1856235265795905)
87	71,0.0922532383229	(87, 0.1856235265795905)
87	23,0.094385673742	(87, 0.1856235265795905)
87	61,0.0958024269721	(87, 0.1856235265795905)
87	20,0.101021780442	(87, 0.1856235265795905)
87	155,0.10345897311	(87, 0.1856235265795905)
88	18,0.0418030365496	(88, 0.050342774761380556)
88	76,0.0440644118045	(88, 0.050342774761380556)
88	147,0.0454604316107	(88, 0.050342774761380556)
88	117,0.0498632071265	(88, 0.050342774761380556)
88	88,0.0503427747614	(88, 0.050342774761380556)
88	63,0.0548589643759	(88, 0.050342774761380556)
88	35,0.0571993091907	(88, 0.050342774761380556)
88	22,0.0577216406307	(88, 0.050342774761380556)
88	46,0.0592246011879	(88, 0.050342774761380556)
88	171,0.0600841448483	(88, 0.050342774761380556)
89	124,0.0646168827344	(89, 0.10583198533380303)
89	155,0.0824696237201	(89, 0.10583198533380303)
89	53,0.0860195381614	(89, 0.10583198533380303)
89	1,0.0995716558082	(89, 0.10583198533380303)
89	73,0.10035155457	(89, 0.10583198533380303)
89	89,0.105831985334	(89, 0.10583198533380303)
89	20,0.119550877595	(89, 0.10583198533380303)
89	28,0.120829699247	(89, 0.10583198533380303)
89	71,0.126853700182	(89, 0.10583198533380303)
89	13,0.128454001631	(89, 0.10583198533380303)
90	90,0.0338103761464	(90, 0.033810376146443027)
90	11,0.0534568138858	(90, 0.033810376146443027)
90	81,0.0561767246904	(90, 0.033810376146443027)
90	162,0.0571496956588	(90, 0.033810376146443027)
90	96,0.0636398758501	(90, 0.033810376146443027)
90	137,0.0640039755565	(90, 0.033810376146443027)
90	172,0.0670938010127	(90, 0.033810376146443027)
90	3,0.0688160625295	(90, 0.033810376146443027)
90	37,0.0693630971524	(90, 0.033810376146443027)
90	136,0.0707468716225	(90, 0.033810376146443027)
91	133,0.130024216707	(91, 0.18534433866724642)
91	91,0.185344338667	(91, 0.18534433866724642)
91	130,0.251366190683	(91, 0.18534433866724642)
91	103,0.303880977803	(91, 0.18534433866724642)
91	51,0.314205490032	(91, 0.18534433866724642)
91	66,0.332290662996	(91, 0.18534433866724642)
91	34,0.361051931563	(91, 0.18534433866724642)
91	102,0.362516458717	(91, 0.18534433866724642)
91	53,0.369316784648	(91, 0.18534433866724642)
91	101,0.374966678421	(91, 0.18534433866724642)
92	78,0.0587518853999	(92, 0.16218390594919108)
92	61,0.077182897664	(92, 0.16218390594919108)
92	128,0.0845216480337	(92, 0.16218390594919108)
92	158,0.0883255914771	(92, 0.16218390594919108)
92	24,0.0930397451346	(92, 0.16218390594919108)
92	26,0.0974565302718	(92, 0.16218390594919108)
92	12,0.101099323948	(92, 0.16218390594919108)
92	107,0.11110364256	(92, 0.16218390594919108)
92	22,0.111615906031	(92, 0.16218390594919108)
92	23,0.113220641736	(92, 0.16218390594919108)
93	22,0.0510996459252	(93, 0.076365577720780162)
93	132,0.0522646490264	(93, 0.076365577720780162)
93	158,0.0680929323376	(93, 0.076365577720780162)
93	3,0.0691198369347	(93, 0.076365577720780162)
93	121,0.069779697428	(93, 0.076365577720780162)
93	76,0.0742609206603	(93, 0.076365577720780162)
93	93,0.0763655777208	(93, 0.076365577720780162)
93	171,0.0791591544935	(93, 0.076365577720780162)
93	128,0.0793264751416	(93, 0.076365577720780162)
93	78,0.0814619325583	(93, 0.076365577720780162)
94	94,0.0880724424295	(94, 0.088072442429519004)
94	83,0.142454866535	(94, 0.088072442429519004)
94	155,0.182933378596	(94, 0.088072442429519004)
94	59,0.197669950158	(94, 0.088072442429519004)
94	15,0.198224329674	(94, 0.088072442429519004)
94	161,0.222150320792	(94, 0.088072442429519004)
94	120,0.225290051425	(94, 0.088072442429519004)
94	45,0.228597525472	(94, 0.088072442429519004)
94	65,0.232398909337	(94, 0.088072442429519004)
94	98,0.235935744559	(94, 0.088072442429519004)
95	99,0.074728561823	(95, 0.27018410147592531)
95	107,0.103630478807	(95, 0.27018410147592531)
95	43,0.111775294737	(95, 0.27018410147592531)
95	128,0.130137657996	(95, 0.27018410147592531)
95	19,0.130676039922	(95, 0.27018410147592531)
95	27,0.133353850637	(95, 0.27018410147592531)
95	78,0.138664991602	(95, 0.27018410147592531)
95	55,0.144527739662	(95, 0.27018410147592531)
95	138,0.146387968286	(95, 0.27018410147592531)
95	84,0.148967996578	(95, 0.27018410147592531)
96	96,0.0454726927588	(96, 0.045472692758778799)
96	13,0.0700052158086	(96, 0.045472692758778799)
96	162,0.0758872057246	(96, 0.045472692758778799)
96	17,0.0782912700521	(96, 0.045472692758778799)
96	11,0.0784758781211	(96, 0.045472692758778799)
96	161,0.0952685582075	(96, 0.045472692758778799)
96	119,0.0955557604563	(96, 0.045472692758778799)
96	143,0.0955768296262	(96, 0.045472692758778799)
96	112,0.0988348416414	(96, 0.045472692758778799)
96	4,0.107453863334	(96, 0.045472692758778799)
97	172,0.0559451906521	(97, 0.13086650308955283)
97	40,0.0568792897491	(97, 0.13086650308955283)
97	17,0.058968072696	(97, 0.13086650308955283)
97	69,0.0657553363525	(97, 0.13086650308955283)
97	120,0.0682625653608	(97, 0.13086650308955283)
97	79,0.0866878025701	(97, 0.13086650308955283)
97	4,0.0910506869479	(97, 0.13086650308955283)
97	37,0.0937709690656	(97, 0.13086650308955283)
97	90,0.096227008751	(97, 0.13086650308955283)
97	56,0.0989395637698	(97, 0.13086650308955283)
98	98,0.035254824934	(98, 0.035254824934038635)
98	15,0.0793966680738	(98, 0.035254824934038635)
98	40,0.0868761192608	(98, 0.035254824934038635)
98	25,0.0886265491385	(98, 0.035254824934038635)
98	49,0.0966528913859	(98, 0.035254824934038635)
98	172,0.105904612842	(98, 0.035254824934038635)
98	83,0.111599626323	(98, 0.035254824934038635)
98	154,0.112776098035	(98, 0.035254824934038635)
98	4,0.12710264131	(98, 0.035254824934038635)
98	17,0.130427082173	(98, 0.035254824934038635)
99	84,0.0781829555641	(99, 0.10210616791522639)
99	128,0.0876166884227	(99, 0.10210616791522639)
99	109,0.0890050557664	(99, 0.10210616791522639)
99	144,0.0895811936708	(99, 0.10210616791522639)
99	12,0.0983371675214	(99, 0.10210616791522639)
99	73,0.101390306961	(99, 0.10210616791522639)
99	99,0.102106167915	(99, 0.10210616791522639)
99	159,0.1042646341	(99, 0.10210616791522639)
99	93,0.105545535053	(99, 0.10210616791522639)
99	38,0.106151432624	(99, 0.10210616791522639)
100	100,0.0385733346159	(100, 0.038573334615868357)
100	21,0.0560055453785	(100, 0.038573334615868357)
100	37,0.0564779259121	(100, 0.038573334615868357)
100	77,0.0593793337139	(100, 0.038573334615868357)
100	90,0.0598912913429	(100, 0.038573334615868357)
100	74,0.0644409161809	(100, 0.038573334615868357)
100	11,0.0644998059604	(100, 0.038573334615868357)
100	136,0.0695672779325	(100, 0.038573334615868357)
100	63,0.0702962428703	(100, 0.038573334615868357)
100	127,0.0724327794826	(100, 0.038573334615868357)
101	101,0.0931095039369	(101, 0.093109503936862403)
101	73,0.101235087212	(101, 0.093109503936862403)
101	13,0.10182342903	(101, 0.093109503936862403)
101	1,0.107639381509	(101, 0.093109503936862403)
101	60,0.10997908572	(101, 0.093109503936862403)
101	124,0.111732868917	(101, 0.093109503936862403)
101	29,0.113576528563	(101, 0.093109503936862403)
101	69,0.117008221524	(101, 0.093109503936862403)
101	4,0.122866997913	(101, 0.093109503936862403)
101	102,0.128519670176	(101, 0.093109503936862403)
102	91,0.112563080826	(102, 0.12341413495326962)
102	102,0.123414134953	(102, 0.12341413495326962)
102	114,0.128861945991	(102, 0.12341413495326962)
102	155,0.132287939407	(102, 0.12341413495326962)
102	41,0.133097312095	(102, 0.12341413495326962)
102	110,0.141948469426	(102, 0.12341413495326962)
102	101,0.145211056691	(102, 0.12341413495326962)
102	1,0.146401001384	(102, 0.12341413495326962)
102	103,0.156096546398	(102, 0.12341413495326962)
102	53,0.159244373014	(102, 0.12341413495326962)
103	103,0.0891737640368	(103, 0.089173764036846334)
103	73,0.13337442157	(103, 0.089173764036846334)
103	101,0.163855854831	(103, 0.089173764036846334)
103	93,0.167274378196	(103, 0.089173764036846334)
103	91,0.167331059286	(103, 0.089173764036846334)
103	30,0.178322579373	(103, 0.089173764036846334)
103	26,0.179264860256	(103, 0.089173764036846334)
103	51,0.181798750582	(103, 0.089173764036846334)
103	39,0.187122491773	(103, 0.089173764036846334)
103	114,0.188151185921	(103, 0.089173764036846334)
104	124,0.0582255201712	(104, 0.12178092391091104)
104	93,0.0876688895963	(104, 0.12178092391091104)
104	81,0.0954631595857	(104, 0.12178092391091104)
104	73,0.0992082820285	(104, 0.12178092391091104)
104	119,0.104396803061	(104, 0.12178092391091104)
104	11,0.106675496353	(104, 0.12178092391091104)
104	115,0.111325699459	(104, 0.12178092391091104)
104	3,0.118605075416	(104, 0.12178092391091104)
104	104,0.121780923911	(104, 0.12178092391091104)
104	157,0.126500029936	(104, 0.12178092391091104)
105	43,0.106121112241	(105, 0.13659578059780861)
105	27,0.10729834013	(105, 0.13659578059780861)
105	24,0.113119723704	(105, 0.13659578059780861)
105	19,0.122832785114	(105, 0.13659578059780861)
105	38,0.124320384229	(105, 0.13659578059780861)
105	107,0.129729518444	(105, 0.13659578059780861)
105	105,0.136595780598	(105, 0.13659578059780861)
105	99,0.140250077839	(105, 0.13659578059780861)
105	12,0.145839750652	(105, 0.13659578059780861)
105	61,0.147755594594	(105, 0.13659578059780861)
106	106,0.049958403927	(106, 0.049958403926969104)
106	174,0.111256964643	(106, 0.049958403926969104)
106	157,0.121910663987	(106, 0.049958403926969104)
106	116,0.126779950944	(106, 0.049958403926969104)
106	172,0.131546095447	(106, 0.049958403926969104)
106	54,0.136361199179	(106, 0.049958403926969104)
106	13,0.140633447733	(106, 0.049958403926969104)
106	93,0.153407613307	(106, 0.049958403926969104)
106	165,0.154404896626	(106, 0.049958403926969104)
106	77,0.155807049418	(106, 0.049958403926969104)
107	107,0.0637562140357	(107, 0.063756214035703293)
107	26,0.077814838522	(107, 0.063756214035703293)
107	78,0.0921431646573	(107, 0.063756214035703293)
107	22,0.0938999229412	(107, 0.063756214035703293)
107	61,0.0991774467671	(107, 0.063756214035703293)
107	128,0.101848996182	(107, 0.063756214035703293)
107	1,0.10202828518	(107, 0.063756214035703293)
107	158,0.103437487037	(107, 0.063756214035703293)
107	139,0.104758568614	(107, 0.063756214035703293)
107	73,0.107899088849	(107, 0.063756214035703293)
108	77,0.0608413823666	(108, 0.17617222229258966)
108	172,0.0842982064859	(108, 0.17617222229258966)
108	174,0.0932441780283	(108, 0.17617222229258966)
108	4,0.101403542899	(108, 0.17617222229258966)
108	40,0.101601527814	(108, 0.17617222229258966)
108	17,0.105968564206	(108, 0.17617222229258966)
108	15,0.110417758902	(108, 0.17617222229258966)
108	100,0.115228325533	(108, 0.17617222229258966)
108	49,0.117106166831	(108, 0.17617222229258966)
108	69,0.118422489865	(108, 0.17617222229258966)
109	109,0.0618519322983	(109, 0.061851932298313671)
109	159,0.0640204520482	(109, 0.061851932298313671)
109	134,0.086010667544	(109, 0.061851932298313671)
109	146,0.0897368213954	(109, 0.061851932298313671)
109	12,0.0970476427744	(109, 0.061851932298313671)
109	128,0.0995425601261	(109, 0.061851932298313671)
109	14,0.108342626756	(109, 0.061851932298313671)
109	84,0.109002869146	(109, 0.061851932298313671)
109	152,0.110702818107	(109, 0.061851932298313671)
109	38,0.123136528985	(109, 0.061851932298313671)
110	1,0.0666771763581	(110, 0.11481343755140272)
110	121,0.0727825352798	(110, 0.11481343755140272)
110	11,0.0755959683713	(110, 0.11481343755140272)
110	162,0.0871710896955	(110, 0.11481343755140272)
110	3,0.0929006697836	(110, 0.11481343755140272)
110	71,0.09401231376	(110, 0.11481343755140272)
110	155,0.0967163052444	(110, 0.11481343755140272)
110	26,0.0969897840063	(110, 0.11481343755140272)
110	13,0.0978716041999	(110, 0.11481343755140272)
110	73,0.0996807644533	(110, 0.11481343755140272)
111	73,0.0592837262799	(111, 0.25089962831014945)
111	124,0.0832354565684	(111, 0.25089962831014945)
111	93,0.0848264136833	(111, 0.25089962831014945)
111	157,0.0952049516029	(111, 0.25089962831014945)
111	101,0.104783152025	(111, 0.25089962831014945)
111	13,0.108043682389	(111, 0.25089962831014945)
111	128,0.114629577864	(111, 0.25089962831014945)
111	109,0.121139914626	(111, 0.25089962831014945)
111	78,0.122708171393	(111, 0.25089962831014945)
111	1,0.128619075974	(111, 0.25089962831014945)
112	11,0.0465695274077	(112, 0.060407691093498354)
112	90,0.0500813605996	(112, 0.060407691093498354)
112	100,0.0584530159417	(112, 0.060407691093498354)
112	3,0.0594208068459	(112, 0.060407691093498354)
112	112,0.0604076910935	(112, 0.060407691093498354)
112	21,0.0608221331353	(112, 0.060407691093498354)
112	162,0.060890553291	(112, 0.060407691093498354)
112	71,0.0676440397414	(112, 0.060407691093498354)
112	77,0.0735668562025	(112, 0.060407691093498354)
112	143,0.0736321398619	(112, 0.060407691093498354)
113	113,0.0735456688773	(113, 0.073545668877345247)
113	65,0.136961077184	(113, 0.073545668877345247)
113	130,0.194876407724	(113, 0.073545668877345247)
113	120,0.205764124347	(113, 0.073545668877345247)
113	44,0.219272778765	(113, 0.073545668877345247)
113	15,0.222422760747	(113, 0.073545668877345247)
113	161,0.234380218127	(113, 0.073545668877345247)
113	97,0.234779079145	(113, 0.073545668877345247)
113	155,0.241746073347	(113, 0.073545668877345247)
113	57,0.250594326336	(113, 0.073545668877345247)
114	73,0.0691330958685	(114, 0.074987493130881017)
114	114,0.0749874931309	(114, 0.074987493130881017)
114	53,0.0790916794808	(114, 0.074987493130881017)
114	124,0.0791414325028	(114, 0.074987493130881017)
114	13,0.104053926169	(114, 0.074987493130881017)
114	104,0.112808339042	(114, 0.074987493130881017)
114	157,0.120993877543	(114, 0.074987493130881017)
114	109,0.122726366285	(114, 0.074987493130881017)
114	93,0.123547030509	(114, 0.074987493130881017)
114	155,0.126668577239	(114, 0.074987493130881017)
115	119,0.063057900055	(115, 0.074548600451749936)
115	115,0.0745486004517	(115, 0.074548600451749936)
115	11,0.0759080989991	(115, 0.074548600451749936)
115	37,0.0912593514644	(115, 0.074548600451749936)
115	96,0.0934929433016	(115, 0.074548600451749936)
115	81,0.103926935253	(115, 0.074548600451749936)
115	136,0.104328821273	(115, 0.074548600451749936)
115	3,0.104880262821	(115, 0.074548600451749936)
115	17,0.111260916407	(115, 0.074548600451749936)
115	4,0.117224499821	(115, 0.074548600451749936)
116	116,0.0552535964601	(116, 0.055253596460102201)
116	93,0.0643827713387	(116, 0.055253596460102201)
116	73,0.115672382103	(116, 0.055253596460102201)
116	109,0.118700164361	(116, 0.055253596460102201)
116	144,0.119479089223	(116, 0.055253596460102201)
116	156,0.124021715843	(116, 0.055253596460102201)
116	172,0.133886829643	(116, 0.055253596460102201)
116	128,0.13568456156	(116, 0.055253596460102201)
116	3,0.136092919825	(116, 0.055253596460102201)
116	159,0.13790152744	(116, 0.055253596460102201)
117	117,0.0239059280709	(117, 0.0239059280708789)
117	21,0.0556879051652	(117, 0.0239059280708789)
117	71,0.0579618881349	(117, 0.0239059280708789)
117	81,0.0602913919842	(117, 0.0239059280708789)
117	76,0.0651243181689	(117, 0.0239059280708789)
117	22,0.0682201667675	(117, 0.0239059280708789)
117	11,0.0690783042936	(117, 0.0239059280708789)
117	121,0.0693762672154	(117, 0.0239059280708789)
117	77,0.0708369814685	(117, 0.0239059280708789)
117	162,0.0720432838683	(117, 0.0239059280708789)
118	33,0.118151767838	(118, 0.15251175993017768)
118	34,0.145147502772	(118, 0.15251175993017768)
118	118,0.15251175993	(118, 0.15251175993017768)
118	130,0.219007980452	(118, 0.15251175993017768)
118	69,0.228545073067	(118, 0.15251175993017768)
118	133,0.230895713532	(118, 0.15251175993017768)
118	2,0.241776341248	(118, 0.15251175993017768)
118	113,0.242363067922	(118, 0.15251175993017768)
118	4,0.24344047791	(118, 0.15251175993017768)
118	15,0.256860982166	(118, 0.15251175993017768)
119	120,0.0745841130444	(119, 0.11216246809880437)
119	17,0.0823739181554	(119, 0.11216246809880437)
119	40,0.0831572711935	(119, 0.11216246809880437)
119	172,0.0860215144929	(119, 0.11216246809880437)
119	4,0.0869374789247	(119, 0.11216246809880437)
119	69,0.092207734906	(119, 0.11216246809880437)
119	97,0.0988402592667	(119, 0.11216246809880437)
119	154,0.10134092035	(119, 0.11216246809880437)
119	124,0.107488493017	(119, 0.11216246809880437)
119	56,0.111136687457	(119, 0.11216246809880437)
120	120,0.0511729641227	(120, 0.051172964122677141)
120	65,0.0702878602937	(120, 0.051172964122677141)
120	161,0.0872712980015	(120, 0.051172964122677141)
120	155,0.0947876639748	(120, 0.051172964122677141)
120	44,0.0986806176528	(120, 0.051172964122677141)
120	53,0.10342058671	(120, 0.051172964122677141)
120	97,0.109618974673	(120, 0.051172964122677141)
120	13,0.113027970167	(120, 0.051172964122677141)
120	124,0.113156131415	(120, 0.051172964122677141)
120	54,0.122046816691	(120, 0.051172964122677141)
121	121,0.0581340075404	(121, 0.058134007540414742)
121	26,0.0624092254524	(121, 0.058134007540414742)
121	22,0.0684355027422	(121, 0.058134007540414742)
121	78,0.0684796600747	(121, 0.058134007540414742)
121	1,0.0773093329881	(121, 0.058134007540414742)
121	61,0.0844623782865	(121, 0.058134007540414742)
121	73,0.0872526121606	(121, 0.058134007540414742)
121	23,0.0909364404649	(121, 0.058134007540414742)
121	158,0.0960741007474	(121, 0.058134007540414742)
121	128,0.0972410868357	(121, 0.058134007540414742)
122	174,0.0848517446332	(122, 0.098202768197681686)
122	122,0.0982027681977	(122, 0.098202768197681686)
122	154,0.11267677426	(122, 0.098202768197681686)
122	2,0.139774866009	(122, 0.098202768197681686)
122	69,0.151154996211	(122, 0.098202768197681686)
122	116,0.164797639041	(122, 0.098202768197681686)
122	48,0.165115772503	(122, 0.098202768197681686)
122	172,0.169640054027	(122, 0.098202768197681686)
122	56,0.170238354195	(122, 0.098202768197681686)
122	4,0.175179915192	(122, 0.098202768197681686)
123	172,0.0651999097697	(123, 0.067839789022490271)
123	123,0.0678397890225	(123, 0.067839789022490271)
123	81,0.0919222737648	(123, 0.067839789022490271)
123	146,0.0958223766056	(123, 0.067839789022490271)
123	119,0.100000979265	(123, 0.067839789022490271)
123	40,0.102403493069	(123, 0.067839789022490271)
123	90,0.103684680711	(123, 0.067839789022490271)
123	115,0.112642614646	(123, 0.067839789022490271)
123	37,0.113982126488	(123, 0.067839789022490271)
123	137,0.114802197338	(123, 0.067839789022490271)
124	124,0.102255525384	(124, 0.10225552538447108)
124	101,0.140982127908	(124, 0.10225552538447108)
124	169,0.166243494375	(124, 0.10225552538447108)
124	41,0.169403709859	(124, 0.10225552538447108)
124	140,0.171395842482	(124, 0.10225552538447108)
124	73,0.173952186359	(124, 0.10225552538447108)
124	157,0.180917826316	(124, 0.10225552538447108)
124	27,0.184469663002	(124, 0.10225552538447108)
124	53,0.186118587039	(124, 0.10225552538447108)
124	144,0.192849939785	(124, 0.10225552538447108)
125	13,0.143532647336	(125, 0.16089652364031187)
125	73,0.148498705814	(125, 0.16089652364031187)
125	125,0.16089652364	(125, 0.16089652364031187)
125	68,0.161739553288	(125, 0.16089652364031187)
125	155,0.165172316284	(125, 0.16089652364031187)
125	23,0.165406598483	(125, 0.16089652364031187)
125	61,0.167944497291	(125, 0.16089652364031187)
125	65,0.170196487435	(125, 0.16089652364031187)
125	114,0.17849293124	(125, 0.16089652364031187)
125	41,0.1798033011	(125, 0.16089652364031187)
126	126,0.0633070734181	(126, 0.063307073418081269)
126	81,0.0696825401158	(126, 0.063307073418081269)
126	121,0.074503494521	(126, 0.063307073418081269)
126	11,0.0762797683831	(126, 0.063307073418081269)
126	3,0.0765928738578	(126, 0.063307073418081269)
126	119,0.0786426842731	(126, 0.063307073418081269)
126	132,0.0824467357016	(126, 0.063307073418081269)
126	12,0.0839802323596	(126, 0.063307073418081269)
126	128,0.0866123039332	(126, 0.063307073418081269)
126	22,0.0894395567454	(126, 0.063307073418081269)
127	17,0.0463560046987	(127, 0.05901988800880488)
127	74,0.0543769451921	(127, 0.05901988800880488)
127	136,0.0550741186272	(127, 0.05901988800880488)
127	127,0.0590198880088	(127, 0.05901988800880488)
127	100,0.0659268352708	(127, 0.05901988800880488)
127	59,0.0691216677316	(127, 0.05901988800880488)
127	77,0.0717288620358	(127, 0.05901988800880488)
127	37,0.0743591265178	(127, 0.05901988800880488)
127	49,0.0849760648106	(127, 0.05901988800880488)
127	172,0.103238064544	(127, 0.05901988800880488)
128	128,0.0446606259222	(128, 0.044660625922160503)
128	121,0.0572269209786	(128, 0.044660625922160503)
128	78,0.0622216540973	(128, 0.044660625922160503)
128	12,0.0676044123628	(128, 0.044660625922160503)
128	22,0.0699771554663	(128, 0.044660625922160503)
128	18,0.0772528135234	(128, 0.044660625922160503)
128	159,0.0787473952484	(128, 0.044660625922160503)
128	139,0.0814415368786	(128, 0.044660625922160503)
128	151,0.0819060158627	(128, 0.044660625922160503)
128	132,0.0820394946609	(128, 0.044660625922160503)
129	49,0.102019278368	(129, 0.15717148770985631)
129	98,0.107085355885	(129, 0.15717148770985631)
129	100,0.142050676758	(129, 0.15717148770985631)
129	77,0.144242905622	(129, 0.15717148770985631)
129	59,0.147829764848	(129, 0.15717148770985631)
129	83,0.156280103912	(129, 0.15717148770985631)
129	129,0.15717148771	(129, 0.15717148770985631)
129	15,0.157284735183	(129, 0.15717148770985631)
129	102,0.176635636547	(129, 0.15717148770985631)
129	25,0.177959938778	(129, 0.15717148770985631)
130	130,0.144060397607	(130, 0.14406039760653661)
130	65,0.152759739831	(130, 0.14406039760653661)
130	13,0.155474446278	(130, 0.14406039760653661)
130	91,0.16163160028	(130, 0.14406039760653661)
130	34,0.163355485956	(130, 0.14406039760653661)
130	53,0.169813691512	(130, 0.14406039760653661)
130	155,0.171082295741	(130, 0.14406039760653661)
130	157,0.177545774386	(130, 0.14406039760653661)
130	28,0.18019599336	(130, 0.14406039760653661)
130	124,0.183204395632	(130, 0.14406039760653661)
131	131,0.115844673515	(131, 0.11584467351506922)
131	166,0.122013619431	(131, 0.11584467351506922)
131	116,0.122180935143	(131, 0.11584467351506922)
131	72,0.130674113197	(131, 0.11584467351506922)
131	144,0.165387526576	(131, 0.11584467351506922)
131	104,0.165726596403	(131, 0.11584467351506922)
131	156,0.179030915868	(131, 0.11584467351506922)
131	84,0.191188483119	(131, 0.11584467351506922)
131	165,0.193233896585	(131, 0.11584467351506922)
131	93,0.207045084419	(131, 0.11584467351506922)
132	22,0.0373361667136	(132, 0.037911624971105909)
132	132,0.0379116249711	(132, 0.037911624971105909)
132	18,0.0399219699316	(132, 0.037911624971105909)
132	139,0.0496214004074	(132, 0.037911624971105909)
132	76,0.0497346011205	(132, 0.037911624971105909)
132	46,0.0517079775442	(132, 0.037911624971105909)
132	147,0.0556267646258	(132, 0.037911624971105909)
132	121,0.0562258522777	(132, 0.037911624971105909)
132	158,0.0564039169632	(132, 0.037911624971105909)
132	146,0.0613188716923	(132, 0.037911624971105909)
133	133,0.0568285226094	(133, 0.05682852260939663)
133	91,0.147972954976	(133, 0.05682852260939663)
133	34,0.148618088777	(133, 0.05682852260939663)
133	130,0.1537361401	(133, 0.05682852260939663)
133	103,0.164669598416	(133, 0.05682852260939663)
133	102,0.169881099354	(133, 0.05682852260939663)
133	53,0.172831244162	(133, 0.05682852260939663)
133	114,0.186796312998	(133, 0.05682852260939663)
133	65,0.19368016817	(133, 0.05682852260939663)
133	153,0.198196808166	(133, 0.05682852260939663)
134	121,0.0575009016382	(134, 0.063260829327095508)
134	128,0.060372991704	(134, 0.063260829327095508)
134	134,0.0632608293271	(134, 0.063260829327095508)
134	78,0.0730346752914	(134, 0.063260829327095508)
134	18,0.0853597446044	(134, 0.063260829327095508)
134	22,0.0871197733725	(134, 0.063260829327095508)
134	12,0.0928685137708	(134, 0.063260829327095508)
134	109,0.0951022054204	(134, 0.063260829327095508)
134	151,0.100332743505	(134, 0.063260829327095508)
134	159,0.103475246085	(134, 0.063260829327095508)
135	147,0.0368039484558	(135, 0.042380692286678942)
135	135,0.0423806922867	(135, 0.042380692286678942)
135	76,0.0464090034225	(135, 0.042380692286678942)
135	63,0.0512386180612	(135, 0.042380692286678942)
135	137,0.0536422624	(135, 0.042380692286678942)
135	162,0.0561867552713	(135, 0.042380692286678942)
135	171,0.0666808866053	(135, 0.042380692286678942)
135	77,0.0685523665736	(135, 0.042380692286678942)
135	23,0.0710346248636	(135, 0.042380692286678942)
135	117,0.0770848539984	(135, 0.042380692286678942)
136	121,0.0811672251567	(136, 0.097540576880553523)
136	132,0.0933081115541	(136, 0.097540576880553523)
136	78,0.0949036694074	(136, 0.097540576880553523)
136	136,0.0975405768806	(136, 0.097540576880553523)
136	151,0.0981100166674	(136, 0.097540576880553523)
136	126,0.100222014418	(136, 0.097540576880553523)
136	11,0.103528252968	(136, 0.097540576880553523)
136	3,0.111407394675	(136, 0.097540576880553523)
136	54,0.11316743891	(136, 0.097540576880553523)
136	119,0.113969486876	(136, 0.097540576880553523)
137	137,0.02377323585	(137, 0.023773235849988427)
137	147,0.0287391596248	(137, 0.023773235849988427)
137	63,0.0304255922944	(137, 0.023773235849988427)
137	76,0.0458780557734	(137, 0.023773235849988427)
137	171,0.0498177912637	(137, 0.023773235849988427)
137	3,0.0544250269476	(137, 0.023773235849988427)
137	36,0.0572250924934	(137, 0.023773235849988427)
137	90,0.0648277244367	(137, 0.023773235849988427)
137	117,0.0657587993318	(137, 0.023773235849988427)
137	46,0.0690504783322	(137, 0.023773235849988427)
138	78,0.0710282457707	(138, 0.091613526913819646)
138	128,0.0766123361041	(138, 0.091613526913819646)
138	158,0.0800584422505	(138, 0.091613526913819646)
138	107,0.0848286425836	(138, 0.091613526913819646)
138	138,0.0916135269138	(138, 0.091613526913819646)
138	55,0.10813911429	(138, 0.091613526913819646)
138	99,0.110050146334	(138, 0.091613526913819646)
138	22,0.114853013131	(138, 0.091613526913819646)
138	61,0.11556320949	(138, 0.091613526913819646)
138	38,0.115778225776	(138, 0.091613526913819646)
139	139,0.0181030403316	(139, 0.018103040331631362)
139	46,0.0421978015489	(139, 0.018103040331631362)
139	18,0.0561777997378	(139, 0.018103040331631362)
139	76,0.0608499864346	(139, 0.018103040331631362)
139	22,0.0619675949998	(139, 0.018103040331631362)
139	151,0.0641905505462	(139, 0.018103040331631362)
139	132,0.068240823606	(139, 0.018103040331631362)
139	35,0.0712319043953	(139, 0.018103040331631362)
139	171,0.078787945376	(139, 0.018103040331631362)
139	146,0.0802320481469	(139, 0.018103040331631362)
140	93,0.0951017596227	(140, 0.098550973477685183)
140	140,0.0985509734777	(140, 0.098550973477685183)
140	124,0.102005447373	(140, 0.098550973477685183)
140	73,0.111540483633	(140, 0.098550973477685183)
140	69,0.117993933865	(140, 0.098550973477685183)
140	157,0.120526992949	(140, 0.098550973477685183)
140	116,0.121386698942	(140, 0.098550973477685183)
140	101,0.126566849989	(140, 0.098550973477685183)
140	104,0.133889860813	(140, 0.098550973477685183)
140	144,0.134322097625	(140, 0.098550973477685183)
141	124,0.184958519194	(141, 0.19846711234626041)
141	48,0.189188098539	(141, 0.19846711234626041)
141	141,0.198467112346	(141, 0.19846711234626041)
141	97,0.20250494385	(141, 0.19846711234626041)
141	4,0.206940841892	(141, 0.19846711234626041)
141	33,0.217645739175	(141, 0.19846711234626041)
141	120,0.219484238606	(141, 0.19846711234626041)
141	2,0.222260162758	(141, 0.19846711234626041)
141	56,0.224253677576	(141, 0.19846711234626041)
141	69,0.228885346098	(141, 0.19846711234626041)
142	61,0.109285729372	(142, 0.30876447052694062)
142	16,0.119782115157	(142, 0.30876447052694062)
142	38,0.125273605485	(142, 0.30876447052694062)
142	12,0.127830122751	(142, 0.30876447052694062)
142	23,0.134121508335	(142, 0.30876447052694062)
142	55,0.134437159242	(142, 0.30876447052694062)
142	73,0.134780642841	(142, 0.30876447052694062)
142	78,0.143457525025	(142, 0.30876447052694062)
142	170,0.144002443265	(142, 0.30876447052694062)
142	105,0.147274122008	(142, 0.30876447052694062)
143	143,0.0364043009434	(143, 0.036404300943403904)
143	3,0.0412329449289	(143, 0.036404300943403904)
143	112,0.0495505744503	(143, 0.036404300943403904)
143	11,0.0520109395112	(143, 0.036404300943403904)
143	90,0.052504494895	(143, 0.036404300943403904)
143	162,0.0529290419539	(143, 0.036404300943403904)
143	137,0.0552019718401	(143, 0.036404300943403904)
143	17,0.0631732354313	(143, 0.036404300943403904)
143	150,0.0681632184018	(143, 0.036404300943403904)
143	136,0.0689312476713	(143, 0.036404300943403904)
144	144,0.0550944376388	(144, 0.05509443763879962)
144	14,0.104229307834	(144, 0.05509443763879962)
144	38,0.111837089485	(144, 0.05509443763879962)
144	12,0.127909993591	(144, 0.05509443763879962)
144	159,0.135152381867	(144, 0.05509443763879962)
144	145,0.149991586663	(144, 0.05509443763879962)
144	50,0.155731915064	(144, 0.05509443763879962)
144	123,0.156290025731	(144, 0.05509443763879962)
144	116,0.158487397056	(144, 0.05509443763879962)
144	109,0.159439265537	(144, 0.05509443763879962)
145	145,0.0817871994763	(145, 0.081787199476330577)
145	38,0.0928913908864	(145, 0.081787199476330577)
145	55,0.0944516847568	(145, 0.081787199476330577)
145	128,0.0947510395876	(145, 0.081787199476330577)
145	158,0.0948103880233	(145, 0.081787199476330577)
145	78,0.0990340660709	(145, 0.081787199476330577)
145	24,0.104751057329	(145, 0.081787199476330577)
145	12,0.119584967439	(145, 0.081787199476330577)
145	14,0.122623580692	(145, 0.081787199476330577)
145	99,0.130633566104	(145, 0.081787199476330577)
146	146,0.0238293667936	(146, 0.023829366793559639)
146	159,0.0610574035126	(146, 0.023829366793559639)
146	12,0.0858925478946	(146, 0.023829366793559639)
146	18,0.0976854625948	(146, 0.023829366793559639)
146	132,0.0985695764772	(146, 0.023829366793559639)
146	46,0.0989361225777	(146, 0.023829366793559639)
146	137,0.100157533312	(146, 0.023829366793559639)
146	81,0.1064361712	(146, 0.023829366793559639)
146	151,0.110611169346	(146, 0.023829366793559639)
146	3,0.110858938317	(146, 0.023829366793559639)
147	63,0.0273998326018	(147, 0.028892067071187449)
147	147,0.0288920670712	(147, 0.028892067071187449)
147	76,0.032267083921	(147, 0.028892067071187449)
147	132,0.0475236779866	(147, 0.028892067071187449)
147	18,0.0524010799513	(147, 0.028892067071187449)
147	22,0.0553988597541	(147, 0.028892067071187449)
147	151,0.056149877992	(147, 0.028892067071187449)
147	121,0.0567946378263	(147, 0.028892067071187449)
147	3,0.0580791671712	(147, 0.028892067071187449)
147	171,0.0611031380845	(147, 0.028892067071187449)
148	148,0.0339833419245	(148, 0.033983341924477009)
148	17,0.0490024396577	(148, 0.033983341924477009)
148	143,0.0526451962205	(148, 0.033983341924477009)
148	100,0.0715598709142	(148, 0.033983341924477009)
148	90,0.0751483242327	(148, 0.033983341924477009)
148	112,0.0909710409629	(148, 0.033983341924477009)
148	172,0.0937389969627	(148, 0.033983341924477009)
148	49,0.0945320388683	(148, 0.033983341924477009)
148	3,0.101134290651	(148, 0.033983341924477009)
148	11,0.10652583122	(148, 0.033983341924477009)
149	149,0.106587718802	(149, 0.10658771880237974)
149	32,0.193253087969	(149, 0.10658771880237974)
149	169,0.219831421717	(149, 0.10658771880237974)
149	33,0.247921437935	(149, 0.10658771880237974)
149	27,0.33876284912	(149, 0.10658771880237974)
149	156,0.342701488318	(149, 0.10658771880237974)
149	165,0.345061001627	(149, 0.10658771880237974)
149	51,0.348036553159	(149, 0.10658771880237974)
149	111,0.351613968094	(149, 0.10658771880237974)
149	91,0.352736310451	(149, 0.10658771880237974)
150	3,0.0355975066782	(150, 0.060555198435339991)
150	11,0.0425384027091	(150, 0.060555198435339991)
150	71,0.0471472144075	(150, 0.060555198435339991)
150	162,0.0499088004563	(150, 0.060555198435339991)
150	121,0.0520170863609	(150, 0.060555198435339991)
150	150,0.0605551984353	(150, 0.060555198435339991)
150	86,0.0614339618216	(150, 0.060555198435339991)
150	63,0.0615667063739	(150, 0.060555198435339991)
150	117,0.0634446091773	(150, 0.060555198435339991)
150	21,0.0669801516545	(150, 0.060555198435339991)
151	121,0.0366562787599	(151, 0.059294089302819777)
151	132,0.0544206310614	(151, 0.059294089302819777)
151	151,0.0592940893028	(151, 0.059294089302819777)
151	70,0.0621060616817	(151, 0.059294089302819777)
151	22,0.0681166952105	(151, 0.059294089302819777)
151	3,0.0712544552487	(151, 0.059294089302819777)
151	63,0.071265461738	(151, 0.059294089302819777)
151	78,0.0737795344086	(151, 0.059294089302819777)
151	11,0.0762971388853	(151, 0.059294089302819777)
151	81,0.0765202060791	(151, 0.059294089302819777)
152	152,0.0503978144517	(152, 0.050397814451709641)
152	121,0.0647150947325	(152, 0.050397814451709641)
152	18,0.0716948192842	(152, 0.050397814451709641)
152	88,0.0821575626009	(152, 0.050397814451709641)
152	35,0.082208702998	(152, 0.050397814451709641)
152	117,0.0870704455203	(152, 0.050397814451709641)
152	139,0.0884600406238	(152, 0.050397814451709641)
152	12,0.0908423024475	(152, 0.050397814451709641)
152	22,0.0931307413491	(152, 0.050397814451709641)
152	81,0.101448244262	(152, 0.050397814451709641)
153	133,0.0800255155098	(153, 0.13316554844367123)
153	153,0.133165548444	(153, 0.13316554844367123)
153	130,0.153305081005	(153, 0.13316554844367123)
153	91,0.155065059208	(153, 0.13316554844367123)
153	102,0.156609503051	(153, 0.13316554844367123)
153	34,0.160648814492	(153, 0.13316554844367123)
153	103,0.184757518509	(153, 0.13316554844367123)
153	1,0.208587390562	(153, 0.13316554844367123)
153	95,0.212765647374	(153, 0.13316554844367123)
153	53,0.21962533605	(153, 0.13316554844367123)
154	154,0.0384870475216	(154, 0.038487047521550709)
154	40,0.0857587577372	(154, 0.038487047521550709)
154	69,0.0911899089829	(154, 0.038487047521550709)
154	174,0.113001485467	(154, 0.038487047521550709)
154	48,0.113753377084	(154, 0.038487047521550709)
154	172,0.114182079917	(154, 0.038487047521550709)
154	116,0.117114964103	(154, 0.038487047521550709)
154	4,0.13095033463	(154, 0.038487047521550709)
154	56,0.140333580817	(154, 0.038487047521550709)
154	2,0.152881935403	(154, 0.038487047521550709)
155	11,0.0496325533126	(155, 0.10207121320819965)
155	71,0.0591878068461	(155, 0.10207121320819965)
155	162,0.0630508104407	(155, 0.10207121320819965)
155	117,0.0668311492932	(155, 0.10207121320819965)
155	81,0.0721171846646	(155, 0.10207121320819965)
155	121,0.0762142827835	(155, 0.10207121320819965)
155	1,0.0852222097806	(155, 0.10207121320819965)
155	3,0.0853702394041	(155, 0.10207121320819965)
155	77,0.0915017093718	(155, 0.10207121320819965)
155	90,0.0965098213033	(155, 0.10207121320819965)
156	156,0.069862037805	(156, 0.069862037804994684)
156	73,0.0747593958221	(156, 0.069862037804994684)
156	144,0.100972001735	(156, 0.069862037804994684)
156	109,0.101654411962	(156, 0.069862037804994684)
156	27,0.119559124595	(156, 0.069862037804994684)
156	131,0.126906364482	(156, 0.069862037804994684)
156	93,0.131325130752	(156, 0.069862037804994684)
156	107,0.131831200519	(156, 0.069862037804994684)
156	116,0.134592623288	(156, 0.069862037804994684)
156	157,0.135586247034	(156, 0.069862037804994684)
157	22,0.061176450588	(157, 0.10460251695577097)
157	126,0.0709158890198	(157, 0.10460251695577097)
157	12,0.0743166291173	(157, 0.10460251695577097)
157	121,0.0748756168059	(157, 0.10460251695577097)
157	73,0.0771404905561	(157, 0.10460251695577097)
157	128,0.0787311785143	(157, 0.10460251695577097)
157	3,0.0801243564809	(157, 0.10460251695577097)
157	76,0.0815588102693	(157, 0.10460251695577097)
157	132,0.0831700510709	(157, 0.10460251695577097)
157	78,0.0833812464946	(157, 0.10460251695577097)
158	77,0.0412785683863	(158, 0.13943290008241727)
158	3,0.0473875596184	(158, 0.13943290008241727)
158	37,0.0605814958231	(158, 0.13943290008241727)
158	11,0.0608104820477	(158, 0.13943290008241727)
158	136,0.0613969514477	(158, 0.13943290008241727)
158	137,0.0679430285319	(158, 0.13943290008241727)
158	63,0.0683047421313	(158, 0.13943290008241727)
158	171,0.0691567385533	(158, 0.13943290008241727)
158	76,0.071153930342	(158, 0.13943290008241727)
158	100,0.0742878228574	(158, 0.13943290008241727)
159	146,0.0360693284204	(159, 0.085375498358390742)
159	81,0.0543934249395	(159, 0.085375498358390742)
159	137,0.0601169340797	(159, 0.085375498358390742)
159	3,0.0609760844623	(159, 0.085375498358390742)
159	150,0.064101446431	(159, 0.085375498358390742)
159	18,0.0695227299633	(159, 0.085375498358390742)
159	90,0.0745941641491	(159, 0.085375498358390742)
159	151,0.0778885504551	(159, 0.085375498358390742)
159	117,0.0787071019941	(159, 0.085375498358390742)
159	132,0.0794751210178	(159, 0.085375498358390742)
160	164,0.119486261197	(160, 0.56510781979433389)
160	38,0.135933683007	(160, 0.56510781979433389)
160	43,0.139451751319	(160, 0.56510781979433389)
160	27,0.140615718562	(160, 0.56510781979433389)
160	73,0.140824308683	(160, 0.56510781979433389)
160	109,0.161619908405	(160, 0.56510781979433389)
160	107,0.161638137735	(160, 0.56510781979433389)
160	105,0.161855700459	(160, 0.56510781979433389)
160	12,0.16690392885	(160, 0.56510781979433389)
160	50,0.167801440063	(160, 0.56510781979433389)
161	161,0.0301903686926	(161, 0.030190368692645988)
161	65,0.0749129848143	(161, 0.030190368692645988)
161	155,0.0935128536566	(161, 0.030190368692645988)
161	17,0.099664251913	(161, 0.030190368692645988)
161	83,0.100650983785	(161, 0.030190368692645988)
161	44,0.102050846773	(161, 0.030190368692645988)
161	68,0.107407208549	(161, 0.030190368692645988)
161	1,0.119811291593	(161, 0.030190368692645988)
161	100,0.120192997097	(161, 0.030190368692645988)
161	13,0.121347711654	(161, 0.030190368692645988)
162	162,0.0413770161171	(162, 0.04137701611714649)
162	76,0.0566776032146	(162, 0.04137701611714649)
162	18,0.0570570033862	(162, 0.04137701611714649)
162	117,0.057238041238	(162, 0.04137701611714649)
162	147,0.0612397829927	(162, 0.04137701611714649)
162	90,0.0642465582886	(162, 0.04137701611714649)
162	12,0.0668512961452	(162, 0.04137701611714649)
162	63,0.068185334211	(162, 0.04137701611714649)
162	121,0.0694000631363	(162, 0.04137701611714649)
162	11,0.070512755851	(162, 0.04137701611714649)
163	17,0.0715833685102	(163, 0.1042328557148554)
163	100,0.0821214791773	(163, 0.1042328557148554)
163	172,0.0821773698366	(163, 0.1042328557148554)
163	3,0.0827936139738	(163, 0.1042328557148554)
163	37,0.0855780099553	(163, 0.1042328557148554)
163	148,0.0857811292984	(163, 0.1042328557148554)
163	11,0.0932610005398	(163, 0.1042328557148554)
163	40,0.09369585365	(163, 0.1042328557148554)
163	83,0.0945492881288	(163, 0.1042328557148554)
163	143,0.0981160834853	(163, 0.1042328557148554)
164	27,0.0926626349951	(164, 0.11208004417321449)
164	156,0.0976769950449	(164, 0.11208004417321449)
164	164,0.112080044173	(164, 0.11208004417321449)
164	73,0.119340670964	(164, 0.11208004417321449)
164	32,0.131795463696	(164, 0.11208004417321449)
164	144,0.13727975299	(164, 0.11208004417321449)
164	107,0.15801002075	(164, 0.11208004417321449)
164	109,0.160460340904	(164, 0.11208004417321449)
164	131,0.162461424766	(164, 0.11208004417321449)
164	13,0.173668495829	(164, 0.11208004417321449)
165	93,0.0869748177007	(165, 0.12863676790568931)
165	116,0.113442990936	(165, 0.12863676790568931)
165	157,0.11583858617	(165, 0.12863676790568931)
165	165,0.128636767906	(165, 0.12863676790568931)
165	131,0.129170901911	(165, 0.12863676790568931)
165	144,0.129791918582	(165, 0.12863676790568931)
165	73,0.134721549193	(165, 0.12863676790568931)
165	156,0.14905642401	(165, 0.12863676790568931)
165	124,0.164313456341	(165, 0.12863676790568931)
165	172,0.167794703155	(165, 0.12863676790568931)
166	116,0.116745368701	(166, 0.14093046075057444)
166	144,0.138496149494	(166, 0.14093046075057444)
166	166,0.140930460751	(166, 0.14093046075057444)
166	69,0.150451971884	(166, 0.14093046075057444)
166	124,0.151988874053	(166, 0.14093046075057444)
166	140,0.161845644331	(166, 0.14093046075057444)
166	13,0.17790540467	(166, 0.14093046075057444)
166	93,0.181849474	(166, 0.14093046075057444)
166	104,0.182209189909	(166, 0.14093046075057444)
166	123,0.183657336423	(166, 0.14093046075057444)
167	51,0.143246795777	(167, 0.16225005954403726)
167	39,0.161338271028	(167, 0.16225005954403726)
167	167,0.162250059544	(167, 0.16225005954403726)
167	27,0.175745075449	(167, 0.16225005954403726)
167	32,0.190810553807	(167, 0.16225005954403726)
167	19,0.214960674386	(167, 0.16225005954403726)
167	138,0.2398367592	(167, 0.16225005954403726)
167	107,0.258757361042	(167, 0.16225005954403726)
167	99,0.261424362823	(167, 0.16225005954403726)
167	156,0.265737320522	(167, 0.16225005954403726)
168	12,0.083831486655	(168, 0.11419706802968585)
168	121,0.087174963832	(168, 0.11419706802968585)
168	18,0.092123496126	(168, 0.11419706802968585)
168	55,0.0950871379879	(168, 0.11419706802968585)
168	38,0.0997977574148	(168, 0.11419706802968585)
168	61,0.104176475242	(168, 0.11419706802968585)
168	86,0.109491123417	(168, 0.11419706802968585)
168	168,0.11419706803	(168, 0.11419706802968585)
168	22,0.115920991769	(168, 0.11419706802968585)
168	152,0.116113205392	(168, 0.11419706802968585)
169	156,0.111628869259	(169, 0.12082645809074248)
169	169,0.120826458091	(169, 0.12082645809074248)
169	73,0.126320631642	(169, 0.12082645809074248)
169	27,0.126904891308	(169, 0.12082645809074248)
169	99,0.150703348038	(169, 0.12082645809074248)
169	109,0.155391926329	(169, 0.12082645809074248)
169	144,0.15706897376	(169, 0.12082645809074248)
169	170,0.161052254742	(169, 0.12082645809074248)
169	19,0.173650144784	(169, 0.12082645809074248)
169	84,0.176387333849	(169, 0.12082645809074248)
170	170,0.0883284006986	(170, 0.088328400698639814)
170	27,0.107907810038	(170, 0.088328400698639814)
170	99,0.110802078647	(170, 0.088328400698639814)
170	19,0.133770750724	(170, 0.088328400698639814)
170	144,0.148477779676	(170, 0.088328400698639814)
170	73,0.15542906451	(170, 0.088328400698639814)
170	0,0.176838778228	(170, 0.088328400698639814)
170	84,0.182322625705	(170, 0.088328400698639814)
170	114,0.182655941414	(170, 0.088328400698639814)
170	140,0.187713674243	(170, 0.088328400698639814)
171	156,0.0944462280967	(171, 0.34023073255262698)
171	27,0.112735708801	(171, 0.34023073255262698)
171	32,0.116492729398	(171, 0.34023073255262698)
171	164,0.140573599298	(171, 0.34023073255262698)
171	73,0.144998653882	(171, 0.34023073255262698)
171	107,0.159827533188	(171, 0.34023073255262698)
171	169,0.160213410974	(171, 0.34023073255262698)
171	51,0.171398397072	(171, 0.34023073255262698)
171	144,0.172381332216	(171, 0.34023073255262698)
171	19,0.178463798814	(171, 0.34023073255262698)
172	172,0.021717708424	(172, 0.021717708424002072)
172	137,0.0455105591923	(172, 0.021717708424002072)
172	3,0.0565027854445	(172, 0.021717708424002072)
172	17,0.0736756201216	(172, 0.021717708424002072)
172	77,0.0757820549075	(172, 0.021717708424002072)
172	90,0.075989316805	(172, 0.021717708424002072)
172	81,0.0772362681999	(172, 0.021717708424002072)
172	171,0.0805765182798	(172, 0.021717708424002072)
172	37,0.0830209723684	(172, 0.021717708424002072)
172	136,0.0885205358048	(172, 0.021717708424002072)
173	107,0.101802498252	(173, 0.16306963363775492)
173	38,0.106746634283	(173, 0.16306963363775492)
173	158,0.108086477028	(173, 0.16306963363775492)
173	24,0.120564364829	(173, 0.16306963363775492)
173	27,0.125663797131	(173, 0.16306963363775492)
173	128,0.134412917301	(173, 0.16306963363775492)
173	78,0.139070079477	(173, 0.16306963363775492)
173	156,0.143651013227	(173, 0.16306963363775492)
173	61,0.145181197519	(173, 0.16306963363775492)
173	43,0.156072875249	(173, 0.16306963363775492)
174	174,0.0417333043136	(174, 0.041733304313611427)
174	15,0.058275287941	(174, 0.041733304313611427)
174	56,0.0693576529913	(174, 0.041733304313611427)
174	120,0.0908947312374	(174, 0.041733304313611427)
174	69,0.0940196295593	(174, 0.041733304313611427)
174	17,0.102073658243	(174, 0.041733304313611427)
174	4,0.107284020844	(174, 0.041733304313611427)
174	2,0.115691191505	(174, 0.041733304313611427)
174	154,0.116370353356	(174, 0.041733304313611427)
174	172,0.124556572282	(174, 0.041733304313611427)
