0	0,0.0674979506261	(0, 0.067497950626081715)
0	84,0.150780768397	(0, 0.067497950626081715)
0	99,0.169573127721	(0, 0.067497950626081715)
0	38,0.173842760251	(0, 0.067497950626081715)
0	109,0.19029485948	(0, 0.067497950626081715)
0	138,0.197134309227	(0, 0.067497950626081715)
0	14,0.212429207323	(0, 0.067497950626081715)
0	173,0.213161726274	(0, 0.067497950626081715)
0	170,0.215154809781	(0, 0.067497950626081715)
0	144,0.219852763475	(0, 0.067497950626081715)
1	1,0.0495169466209	(1, 0.04951694662094408)
1	102,0.0880440725216	(1, 0.04951694662094408)
1	91,0.0905172877258	(1, 0.04951694662094408)
1	28,0.0930367887434	(1, 0.04951694662094408)
1	155,0.0940718805731	(1, 0.04951694662094408)
1	103,0.0994554317966	(1, 0.04951694662094408)
1	153,0.110265603671	(1, 0.04951694662094408)
1	114,0.119765397561	(1, 0.04951694662094408)
1	53,0.123355578477	(1, 0.04951694662094408)
1	41,0.125654493943	(1, 0.04951694662094408)
2	154,0.0690989054614	(2, 0.12388910484777231)
2	4,0.0754011266133	(2, 0.12388910484777231)
2	69,0.0985378236091	(2, 0.12388910484777231)
2	40,0.0994559453547	(2, 0.12388910484777231)
2	174,0.0995063902882	(2, 0.12388910484777231)
2	172,0.110181779456	(2, 0.12388910484777231)
2	2,0.123889104848	(2, 0.12388910484777231)
2	25,0.131825173463	(2, 0.12388910484777231)
2	148,0.149116555247	(2, 0.12388910484777231)
2	15,0.153068207423	(2, 0.12388910484777231)
3	3,0.0252552444816	(3, 0.025255244481562206)
3	63,0.0493029744219	(3, 0.025255244481562206)
3	81,0.0564111605847	(3, 0.025255244481562206)
3	132,0.0606040433115	(3, 0.025255244481562206)
3	162,0.065267246009	(3, 0.025255244481562206)
3	11,0.0653911890852	(3, 0.025255244481562206)
3	121,0.0674309190705	(3, 0.025255244481562206)
3	150,0.0711960395027	(3, 0.025255244481562206)
3	151,0.0730478481784	(3, 0.025255244481562206)
3	147,0.0735876467977	(3, 0.025255244481562206)
4	172,0.056105663338	(4, 0.083122217185335398)
4	17,0.0668027167116	(4, 0.083122217185335398)
4	13,0.0669784874115	(4, 0.083122217185335398)
4	40,0.0724273870511	(4, 0.083122217185335398)
4	37,0.0746865757066	(4, 0.083122217185335398)
4	69,0.0806678780471	(4, 0.083122217185335398)
4	120,0.0816422145444	(4, 0.083122217185335398)
4	4,0.0831222171853	(4, 0.083122217185335398)
4	77,0.0926198169171	(4, 0.083122217185335398)
4	11,0.0959700313481	(4, 0.083122217185335398)
5	73,0.0588471766147	(5, 0.25599778078346119)
5	107,0.108668617314	(5, 0.25599778078346119)
5	93,0.130998074467	(5, 0.25599778078346119)
5	26,0.132855805241	(5, 0.25599778078346119)
5	95,0.134598035782	(5, 0.25599778078346119)
5	78,0.135261997657	(5, 0.25599778078346119)
5	1,0.140234622549	(5, 0.25599778078346119)
5	128,0.14077420064	(5, 0.25599778078346119)
5	158,0.141891181938	(5, 0.25599778078346119)
5	124,0.142926727919	(5, 0.25599778078346119)
6	139,0.039587385796	(6, 0.053061456429641482)
6	46,0.0467091495919	(6, 0.053061456429641482)
6	6,0.0530614564296	(6, 0.053061456429641482)
6	76,0.0634832661361	(6, 0.053061456429641482)
6	22,0.0652204057287	(6, 0.053061456429641482)
6	158,0.0729419921023	(6, 0.053061456429641482)
6	171,0.074850211586	(6, 0.053061456429641482)
6	18,0.0753853444694	(6, 0.053061456429641482)
6	132,0.0801358584375	(6, 0.053061456429641482)
6	35,0.0876946832931	(6, 0.053061456429641482)
7	66,0.276201684569	(7, 0.47315508409727997)
7	167,0.343174566005	(7, 0.47315508409727997)
7	32,0.37953892858	(7, 0.47315508409727997)
7	51,0.383617128566	(7, 0.47315508409727997)
7	169,0.395425518253	(7, 0.47315508409727997)
7	80,0.403807014261	(7, 0.47315508409727997)
7	160,0.440531680463	(7, 0.47315508409727997)
7	133,0.448208999324	(7, 0.47315508409727997)
7	7,0.473155084097	(7, 0.47315508409727997)
7	149,0.476821972971	(7, 0.47315508409727997)
8	8,0.0686136200523	(8, 0.068613620052279237)
8	121,0.071522348428	(8, 0.068613620052279237)
8	11,0.0752114666359	(8, 0.068613620052279237)
8	162,0.0867681693697	(8, 0.068613620052279237)
8	73,0.0894597740303	(8, 0.068613620052279237)
8	78,0.0952679685819	(8, 0.068613620052279237)
8	18,0.0986018129955	(8, 0.068613620052279237)
8	26,0.103184823893	(8, 0.068613620052279237)
8	70,0.104810966343	(8, 0.068613620052279237)
8	3,0.105527450321	(8, 0.068613620052279237)
9	9,0.111408715323	(9, 0.1114087153227387)
9	155,0.195454354622	(9, 0.1114087153227387)
9	114,0.195723470994	(9, 0.1114087153227387)
9	53,0.234497610083	(9, 0.1114087153227387)
9	124,0.244148123081	(9, 0.1114087153227387)
9	91,0.248303479122	(9, 0.1114087153227387)
9	65,0.292620795407	(9, 0.1114087153227387)
9	28,0.303337421379	(9, 0.1114087153227387)
9	41,0.304467606702	(9, 0.1114087153227387)
9	52,0.332016631889	(9, 0.1114087153227387)
10	10,0.144706828731	(10, 0.14470682873132926)
10	47,0.181366607662	(10, 0.14470682873132926)
10	167,0.320613126106	(10, 0.14470682873132926)
10	99,0.346192383985	(10, 0.14470682873132926)
10	173,0.355082785883	(10, 0.14470682873132926)
10	84,0.36838337914	(10, 0.14470682873132926)
10	27,0.375103680797	(10, 0.14470682873132926)
10	19,0.387938060634	(10, 0.14470682873132926)
10	166,0.392781813383	(10, 0.14470682873132926)
10	138,0.393692285965	(10, 0.14470682873132926)
11	11,0.035879019275	(11, 0.035879019275036152)
11	81,0.0632120063354	(11, 0.035879019275036152)
11	119,0.0657189867219	(11, 0.035879019275036152)
11	37,0.0784076292245	(11, 0.035879019275036152)
11	3,0.0817992076975	(11, 0.035879019275036152)
11	115,0.0843101532538	(11, 0.035879019275036152)
11	96,0.0843738813825	(11, 0.035879019275036152)
11	71,0.0969323347565	(11, 0.035879019275036152)
11	13,0.0987026683369	(11, 0.035879019275036152)
11	86,0.100670640194	(11, 0.035879019275036152)
12	22,0.0440631420439	(12, 0.050627885322168192)
12	76,0.045219381176	(12, 0.050627885322168192)
12	121,0.0455633824241	(12, 0.050627885322168192)
12	126,0.0485062311433	(12, 0.050627885322168192)
12	12,0.0506278853222	(12, 0.050627885322168192)
12	151,0.0516205059784	(12, 0.050627885322168192)
12	18,0.0554241801726	(12, 0.050627885322168192)
12	132,0.0556220084662	(12, 0.050627885322168192)
12	63,0.0617655049463	(12, 0.050627885322168192)
12	147,0.0634907533579	(12, 0.050627885322168192)
13	17,0.0461554447744	(13, 0.065051140277816416)
13	172,0.0470472805645	(13, 0.065051140277816416)
13	11,0.047771619655	(13, 0.065051140277816416)
13	3,0.0580220101021	(13, 0.065051140277816416)
13	162,0.0608000535698	(13, 0.065051140277816416)
13	136,0.0620874202291	(13, 0.065051140277816416)
13	77,0.0621664628842	(13, 0.065051140277816416)
13	37,0.0641994859536	(13, 0.065051140277816416)
13	13,0.0650511402778	(13, 0.065051140277816416)
13	90,0.0687053990268	(13, 0.065051140277816416)
14	14,0.0546957841219	(14, 0.054695784121864162)
14	72,0.0719360048918	(14, 0.054695784121864162)
14	159,0.0937615882273	(14, 0.054695784121864162)
14	144,0.115495267648	(14, 0.054695784121864162)
14	145,0.121460937435	(14, 0.054695784121864162)
14	109,0.122561334911	(14, 0.054695784121864162)
14	84,0.124875381958	(14, 0.054695784121864162)
14	38,0.13255091938	(14, 0.054695784121864162)
14	123,0.135124225899	(14, 0.054695784121864162)
14	12,0.139257667898	(14, 0.054695784121864162)
15	15,0.0448917212411	(15, 0.044891721241140992)
15	17,0.0482278421779	(15, 0.044891721241140992)
15	49,0.0724108935363	(15, 0.044891721241140992)
15	100,0.0764288074738	(15, 0.044891721241140992)
15	59,0.0809175888168	(15, 0.044891721241140992)
15	77,0.0825285796755	(15, 0.044891721241140992)
15	174,0.0825460619404	(15, 0.044891721241140992)
15	172,0.0835623385096	(15, 0.044891721241140992)
15	69,0.100740616464	(15, 0.044891721241140992)
15	120,0.101811493825	(15, 0.044891721241140992)
16	16,0.0879560544089	(16, 0.087956054408917003)
16	170,0.108133916975	(16, 0.087956054408917003)
16	19,0.132702557752	(16, 0.087956054408917003)
16	0,0.144027007167	(16, 0.087956054408917003)
16	114,0.150146751652	(16, 0.087956054408917003)
16	73,0.151735226544	(16, 0.087956054408917003)
16	144,0.155181643223	(16, 0.087956054408917003)
16	27,0.157108704577	(16, 0.087956054408917003)
16	101,0.15755476849	(16, 0.087956054408917003)
16	140,0.160214255454	(16, 0.087956054408917003)
17	17,0.0321902954434	(17, 0.032190295443357719)
17	172,0.0464235104284	(17, 0.032190295443357719)
17	77,0.0618910488306	(17, 0.032190295443357719)
17	100,0.0664775262624	(17, 0.032190295443357719)
17	90,0.0676777548938	(17, 0.032190295443357719)
17	143,0.0684384776991	(17, 0.032190295443357719)
17	136,0.0730305049058	(17, 0.032190295443357719)
17	37,0.0743607008115	(17, 0.032190295443357719)
17	74,0.0784028928863	(17, 0.032190295443357719)
17	49,0.0797375944805	(17, 0.032190295443357719)
18	18,0.0343301742154	(18, 0.034330174215352574)
18	88,0.0433649959591	(18, 0.034330174215352574)
18	121,0.0503556780356	(18, 0.034330174215352574)
18	22,0.0519076051162	(18, 0.034330174215352574)
18	76,0.0551273943051	(18, 0.034330174215352574)
18	139,0.055151912054	(18, 0.034330174215352574)
18	35,0.0556048594857	(18, 0.034330174215352574)
18	132,0.0596467791009	(18, 0.034330174215352574)
18	61,0.0625082481848	(18, 0.034330174215352574)
18	151,0.0651717262211	(18, 0.034330174215352574)
19	19,0.106753365783	(19, 0.10675336578335734)
19	27,0.109785768711	(19, 0.10675336578335734)
19	43,0.135371702141	(19, 0.10675336578335734)
19	99,0.140876006035	(19, 0.10675336578335734)
19	32,0.174722319772	(19, 0.10675336578335734)
19	107,0.18178102053	(19, 0.10675336578335734)
19	164,0.184546279607	(19, 0.10675336578335734)
19	84,0.195855071839	(19, 0.10675336578335734)
19	73,0.197942385269	(19, 0.10675336578335734)
19	170,0.204267374388	(19, 0.10675336578335734)
20	73,0.0821499129694	(20, 0.0981981260212548)
20	20,0.0981981260213	(20, 0.0981981260212548)
20	124,0.100301350945	(20, 0.0981981260212548)
20	93,0.107940107423	(20, 0.0981981260212548)
20	157,0.115172386439	(20, 0.0981981260212548)
20	1,0.126035782876	(20, 0.0981981260212548)
20	89,0.127381047557	(20, 0.0981981260212548)
20	128,0.129578244843	(20, 0.0981981260212548)
20	109,0.131636293946	(20, 0.0981981260212548)
20	101,0.134704803783	(20, 0.0981981260212548)
21	71,0.0395510118579	(21, 0.073779050127371237)
21	11,0.0449877421993	(21, 0.073779050127371237)
21	121,0.0465196486421	(21, 0.073779050127371237)
21	117,0.0491736811063	(21, 0.073779050127371237)
21	162,0.0521170120231	(21, 0.073779050127371237)
21	22,0.0705766315797	(21, 0.073779050127371237)
21	21,0.0737790501274	(21, 0.073779050127371237)
21	86,0.0741216347782	(21, 0.073779050127371237)
21	76,0.0745381884521	(21, 0.073779050127371237)
21	23,0.0747286206076	(21, 0.073779050127371237)
22	22,0.0394149554732	(22, 0.039414955473238797)
22	117,0.0431790539743	(22, 0.039414955473238797)
22	139,0.0473765453984	(22, 0.039414955473238797)
22	76,0.0514044771845	(22, 0.039414955473238797)
22	132,0.0529550709956	(22, 0.039414955473238797)
22	46,0.0532809006672	(22, 0.039414955473238797)
22	18,0.0623582100373	(22, 0.039414955473238797)
22	3,0.0631172346257	(22, 0.039414955473238797)
22	81,0.0650584665219	(22, 0.039414955473238797)
22	121,0.0653943206969	(22, 0.039414955473238797)
23	23,0.0273753978545	(23, 0.027375397854502891)
23	61,0.0358930740161	(23, 0.027375397854502891)
23	26,0.07735727998	(23, 0.027375397854502891)
23	121,0.0813961559938	(23, 0.027375397854502891)
23	63,0.0840583639091	(23, 0.027375397854502891)
23	162,0.0887820969229	(23, 0.027375397854502891)
23	76,0.0921425964609	(23, 0.027375397854502891)
23	78,0.0929471200167	(23, 0.027375397854502891)
23	147,0.0936594422151	(23, 0.027375397854502891)
23	70,0.105910569057	(23, 0.027375397854502891)
24	24,0.0427342134178	(24, 0.042734213417775002)
24	107,0.101702689225	(24, 0.042734213417775002)
24	27,0.113656920027	(24, 0.042734213417775002)
24	61,0.122793478246	(24, 0.042734213417775002)
24	158,0.127697526998	(24, 0.042734213417775002)
24	135,0.134165266044	(24, 0.042734213417775002)
24	50,0.134705326097	(24, 0.042734213417775002)
24	73,0.139944713429	(24, 0.042734213417775002)
24	12,0.13996356374	(24, 0.042734213417775002)
24	23,0.141366012188	(24, 0.042734213417775002)
25	69,0.0328896575102	(25, 0.057662274236692006)
25	40,0.0480423335678	(25, 0.057662274236692006)
25	25,0.0576622742367	(25, 0.057662274236692006)
25	4,0.0783844398128	(25, 0.057662274236692006)
25	15,0.089549884333	(25, 0.057662274236692006)
25	148,0.100588536915	(25, 0.057662274236692006)
25	154,0.100946160512	(25, 0.057662274236692006)
25	79,0.107936267143	(25, 0.057662274236692006)
25	172,0.110648261488	(25, 0.057662274236692006)
25	60,0.111563393151	(25, 0.057662274236692006)
26	18,0.0434598462408	(26, 0.097813256907772719)
26	76,0.0451101760805	(26, 0.097813256907772719)
26	63,0.0451880776729	(26, 0.097813256907772719)
26	121,0.0461636646698	(26, 0.097813256907772719)
26	117,0.046674943622	(26, 0.097813256907772719)
26	11,0.0482407712018	(26, 0.097813256907772719)
26	162,0.0495768906363	(26, 0.097813256907772719)
26	3,0.0558139195236	(26, 0.097813256907772719)
26	147,0.0558931617218	(26, 0.097813256907772719)
26	22,0.0565841409573	(26, 0.097813256907772719)
27	78,0.0834895478102	(27, 0.1113690426187425)
27	73,0.0841173200981	(27, 0.1113690426187425)
27	121,0.0944499664938	(27, 0.1113690426187425)
27	61,0.0969205234768	(27, 0.1113690426187425)
27	26,0.0995961922046	(27, 0.1113690426187425)
27	170,0.104275662765	(27, 0.1113690426187425)
27	101,0.109253298822	(27, 0.1113690426187425)
27	27,0.111369042619	(27, 0.1113690426187425)
27	107,0.112090420187	(27, 0.1113690426187425)
27	128,0.113711384807	(27, 0.1113690426187425)
28	13,0.0777401357635	(28, 0.10133665885542945)
28	1,0.0802677913316	(28, 0.10133665885542945)
28	73,0.090655748078	(28, 0.10133665885542945)
28	3,0.0959622647855	(28, 0.10133665885542945)
28	28,0.101336658855	(28, 0.10133665885542945)
28	157,0.114838767697	(28, 0.10133665885542945)
28	93,0.114956536501	(28, 0.10133665885542945)
28	26,0.115980459503	(28, 0.10133665885542945)
28	53,0.117388450235	(28, 0.10133665885542945)
28	121,0.121189776537	(28, 0.10133665885542945)
29	29,0.0461691601492	(29, 0.046169160149208827)
29	77,0.0509039614719	(29, 0.046169160149208827)
29	71,0.0734513742134	(29, 0.046169160149208827)
29	135,0.0780892342651	(29, 0.046169160149208827)
29	73,0.0857843519503	(29, 0.046169160149208827)
29	76,0.0880094003269	(29, 0.046169160149208827)
29	11,0.0907467190468	(29, 0.046169160149208827)
29	3,0.0919215143669	(29, 0.046169160149208827)
29	1,0.0947338468384	(29, 0.046169160149208827)
29	171,0.0948408093782	(29, 0.046169160149208827)
30	30,0.130505891839	(30, 0.13050589183896047)
30	103,0.142853333837	(30, 0.13050589183896047)
30	1,0.180878725415	(30, 0.13050589183896047)
30	28,0.183226964428	(30, 0.13050589183896047)
30	91,0.189030784472	(30, 0.13050589183896047)
30	114,0.197637883097	(30, 0.13050589183896047)
30	153,0.202375319608	(30, 0.13050589183896047)
30	51,0.205507289203	(30, 0.13050589183896047)
30	53,0.209949810351	(30, 0.13050589183896047)
30	102,0.210720051433	(30, 0.13050589183896047)
31	166,0.133652597643	(31, 0.13703530675389508)
31	31,0.137035306754	(31, 0.13703530675389508)
31	72,0.155034739837	(31, 0.13703530675389508)
31	116,0.179278774942	(31, 0.13703530675389508)
31	131,0.184605410718	(31, 0.13703530675389508)
31	69,0.190082407296	(31, 0.13703530675389508)
31	123,0.193948565808	(31, 0.13703530675389508)
31	104,0.194191556764	(31, 0.13703530675389508)
31	124,0.196303600694	(31, 0.13703530675389508)
31	144,0.206171435403	(31, 0.13703530675389508)
32	156,0.0995813308306	(32, 0.10426400952882078)
32	32,0.104264009529	(32, 0.10426400952882078)
32	27,0.113442922335	(32, 0.10426400952882078)
32	73,0.135279915248	(32, 0.10426400952882078)
32	164,0.149370150915	(32, 0.10426400952882078)
32	50,0.151779867571	(32, 0.10426400952882078)
32	107,0.153156904648	(32, 0.10426400952882078)
32	131,0.168359885073	(32, 0.10426400952882078)
32	109,0.181645772142	(32, 0.10426400952882078)
32	144,0.188795057295	(32, 0.10426400952882078)
33	33,0.0900481301591	(33, 0.090048130159094311)
33	4,0.131579090344	(33, 0.090048130159094311)
33	69,0.139632959277	(33, 0.090048130159094311)
33	106,0.140839780024	(33, 0.090048130159094311)
33	116,0.144260761663	(33, 0.090048130159094311)
33	73,0.157877178134	(33, 0.090048130159094311)
33	28,0.16216239174	(33, 0.090048130159094311)
33	93,0.162756647273	(33, 0.090048130159094311)
33	40,0.162999971378	(33, 0.090048130159094311)
33	156,0.172755440493	(33, 0.090048130159094311)
34	15,0.0558969659712	(34, 0.13848436814198953)
34	17,0.0593166540988	(34, 0.13848436814198953)
34	69,0.0611306775686	(34, 0.13848436814198953)
34	40,0.071182216394	(34, 0.13848436814198953)
34	120,0.0730953460704	(34, 0.13848436814198953)
34	172,0.0772508275171	(34, 0.13848436814198953)
34	4,0.0833844801417	(34, 0.13848436814198953)
34	148,0.0847704579584	(34, 0.13848436814198953)
34	174,0.0890361273419	(34, 0.13848436814198953)
34	56,0.0926375218551	(34, 0.13848436814198953)
35	35,0.035198414187	(35, 0.035198414186976043)
35	18,0.057118744559	(35, 0.035198414186976043)
35	88,0.0602656957962	(35, 0.035198414186976043)
35	22,0.0869873099761	(35, 0.035198414186976043)
35	12,0.0870117357438	(35, 0.035198414186976043)
35	139,0.0921232209595	(35, 0.035198414186976043)
35	38,0.0985045877304	(35, 0.035198414186976043)
35	121,0.0989409322038	(35, 0.035198414186976043)
35	158,0.0996867916394	(35, 0.035198414186976043)
35	159,0.100023985364	(35, 0.035198414186976043)
36	76,0.0270460438666	(36, 0.034948195909797405)
36	147,0.031857366681	(36, 0.034948195909797405)
36	46,0.0330361107076	(36, 0.034948195909797405)
36	36,0.0349481959098	(36, 0.034948195909797405)
36	63,0.0435883088007	(36, 0.034948195909797405)
36	18,0.0451439178855	(36, 0.034948195909797405)
36	171,0.0476707662703	(36, 0.034948195909797405)
36	137,0.0573477039542	(36, 0.034948195909797405)
36	150,0.063558777695	(36, 0.034948195909797405)
36	168,0.068526712412	(36, 0.034948195909797405)
37	11,0.0486508874393	(37, 0.051553796926194079)
37	37,0.0515537969262	(37, 0.051553796926194079)
37	3,0.0522008658296	(37, 0.051553796926194079)
37	100,0.060144872654	(37, 0.051553796926194079)
37	77,0.0605962029381	(37, 0.051553796926194079)
37	90,0.0640101359257	(37, 0.051553796926194079)
37	21,0.0659165089678	(37, 0.051553796926194079)
37	71,0.0748421949842	(37, 0.051553796926194079)
37	17,0.0790229734359	(37, 0.051553796926194079)
37	70,0.0804648992942	(37, 0.051553796926194079)
38	38,0.0351196372095	(38, 0.035119637209538035)
38	12,0.0838429003972	(38, 0.035119637209538035)
38	55,0.089280857222	(38, 0.035119637209538035)
38	14,0.0931784507009	(38, 0.035119637209538035)
38	43,0.121503932678	(38, 0.035119637209538035)
38	50,0.132733648078	(38, 0.035119637209538035)
38	105,0.133174820924	(38, 0.035119637209538035)
38	128,0.135435945259	(38, 0.035119637209538035)
38	159,0.137935897414	(38, 0.035119637209538035)
38	0,0.138090499561	(38, 0.035119637209538035)
39	39,0.0826737126472	(39, 0.082673712647215888)
39	156,0.173399743703	(39, 0.082673712647215888)
39	51,0.181721271793	(39, 0.082673712647215888)
39	169,0.18273207276	(39, 0.082673712647215888)
39	84,0.184932311514	(39, 0.082673712647215888)
39	101,0.194295261991	(39, 0.082673712647215888)
39	107,0.197487641851	(39, 0.082673712647215888)
39	27,0.198235174054	(39, 0.082673712647215888)
39	138,0.199290170187	(39, 0.082673712647215888)
39	99,0.200229039368	(39, 0.082673712647215888)
40	40,0.044969862242	(40, 0.044969862242002334)
40	69,0.066259542045	(40, 0.044969862242002334)
40	4,0.0707887991383	(40, 0.044969862242002334)
40	79,0.0714053430257	(40, 0.044969862242002334)
40	148,0.0739136220272	(40, 0.044969862242002334)
40	172,0.0751644419305	(40, 0.044969862242002334)
40	17,0.0789927474292	(40, 0.044969862242002334)
40	25,0.0922505703487	(40, 0.044969862242002334)
40	15,0.0929353276086	(40, 0.044969862242002334)
40	77,0.0945452003639	(40, 0.044969862242002334)
41	41,0.0449225311084	(41, 0.044922531108369371)
41	155,0.0864311978001	(41, 0.044922531108369371)
41	20,0.134320662809	(41, 0.044922531108369371)
41	1,0.140261156248	(41, 0.044922531108369371)
41	91,0.147307349781	(41, 0.044922531108369371)
41	124,0.15965666415	(41, 0.044922531108369371)
41	101,0.176680883929	(41, 0.044922531108369371)
41	114,0.178693397041	(41, 0.044922531108369371)
41	102,0.182141515209	(41, 0.044922531108369371)
41	71,0.197848952823	(41, 0.044922531108369371)
42	163,0.164177142655	(42, 0.34650831912873425)
42	69,0.169047067592	(42, 0.34650831912873425)
42	28,0.204590483345	(42, 0.34650831912873425)
42	53,0.204859039535	(42, 0.34650831912873425)
42	34,0.207505821087	(42, 0.34650831912873425)
42	140,0.219291700383	(42, 0.34650831912873425)
42	118,0.225167111638	(42, 0.34650831912873425)
42	4,0.231660297776	(42, 0.34650831912873425)
42	97,0.234856055429	(42, 0.34650831912873425)
42	44,0.235495088298	(42, 0.34650831912873425)
43	22,0.0561317320791	(43, 0.10677109635667617)
43	12,0.0585692609373	(43, 0.10677109635667617)
43	121,0.0640228731265	(43, 0.10677109635667617)
43	78,0.0655688991754	(43, 0.10677109635667617)
43	128,0.066220398766	(43, 0.10677109635667617)
43	61,0.0685779720475	(43, 0.10677109635667617)
43	158,0.0694430412476	(43, 0.10677109635667617)
43	18,0.072959933206	(43, 0.10677109635667617)
43	50,0.0737376470983	(43, 0.10677109635667617)
43	23,0.0806915156906	(43, 0.10677109635667617)
44	109,0.0783306655552	(44, 0.28426215344282402)
44	73,0.0869045122824	(44, 0.28426215344282402)
44	124,0.0913893545899	(44, 0.28426215344282402)
44	93,0.10214947767	(44, 0.28426215344282402)
44	116,0.104183677243	(44, 0.28426215344282402)
44	144,0.124921552615	(44, 0.28426215344282402)
44	159,0.126670333711	(44, 0.28426215344282402)
44	115,0.126750153776	(44, 0.28426215344282402)
44	128,0.129398814412	(44, 0.28426215344282402)
44	84,0.129860546659	(44, 0.28426215344282402)
45	45,0.131477152289	(45, 0.13147715228852447)
45	130,0.177683539385	(45, 0.13147715228852447)
45	94,0.186251942861	(45, 0.13147715228852447)
45	34,0.208234323497	(45, 0.13147715228852447)
45	129,0.211310907482	(45, 0.13147715228852447)
45	98,0.218779316197	(45, 0.13147715228852447)
45	133,0.224832716275	(45, 0.13147715228852447)
45	83,0.245916114695	(45, 0.13147715228852447)
45	15,0.246817031057	(45, 0.13147715228852447)
45	113,0.249863648983	(45, 0.13147715228852447)
46	46,0.0210350166309	(46, 0.0210350166308567)
46	36,0.0319628430125	(46, 0.0210350166308567)
46	171,0.0437802152157	(46, 0.0210350166308567)
46	137,0.0470569414267	(46, 0.0210350166308567)
46	76,0.0493034640052	(46, 0.0210350166308567)
46	147,0.0647410382537	(46, 0.0210350166308567)
46	6,0.0667350463746	(46, 0.0210350166308567)
46	139,0.0696597346873	(46, 0.0210350166308567)
46	63,0.0697028801575	(46, 0.0210350166308567)
46	146,0.0742166610973	(46, 0.0210350166308567)
47	99,0.160058176851	(47, 0.17971852137202265)
47	10,0.1696694784	(47, 0.17971852137202265)
47	47,0.179718521372	(47, 0.17971852137202265)
47	27,0.185739382814	(47, 0.17971852137202265)
47	19,0.186894116613	(47, 0.17971852137202265)
47	138,0.196914012491	(47, 0.17971852137202265)
47	84,0.214228844327	(47, 0.17971852137202265)
47	43,0.21545776991	(47, 0.17971852137202265)
47	173,0.238955961834	(47, 0.17971852137202265)
47	0,0.242016558453	(47, 0.17971852137202265)
48	56,0.0783576854961	(48, 0.083933325998609212)
48	48,0.0839333259986	(48, 0.083933325998609212)
48	120,0.0890834643481	(48, 0.083933325998609212)
48	69,0.0960812297531	(48, 0.083933325998609212)
48	40,0.105687314902	(48, 0.083933325998609212)
48	97,0.10758458909	(48, 0.083933325998609212)
48	174,0.118745536163	(48, 0.083933325998609212)
48	154,0.129096191676	(48, 0.083933325998609212)
48	4,0.137102814802	(48, 0.083933325998609212)
48	172,0.138380190777	(48, 0.083933325998609212)
49	49,0.0546812717722	(49, 0.054681271772248977)
49	59,0.0693247038621	(49, 0.054681271772248977)
49	172,0.0788281431998	(49, 0.054681271772248977)
49	77,0.0801795437448	(49, 0.054681271772248977)
49	98,0.0801950910963	(49, 0.054681271772248977)
49	15,0.0809554719443	(49, 0.054681271772248977)
49	100,0.0866728852082	(49, 0.054681271772248977)
49	17,0.0869385936184	(49, 0.054681271772248977)
49	83,0.107193412804	(49, 0.054681271772248977)
49	37,0.107901650041	(49, 0.054681271772248977)
50	50,0.0363469077605	(50, 0.036346907760506558)
50	12,0.0864790423215	(50, 0.036346907760506558)
50	107,0.0955739472763	(50, 0.036346907760506558)
50	158,0.105331844735	(50, 0.036346907760506558)
50	171,0.106710255371	(50, 0.036346907760506558)
50	76,0.115651886609	(50, 0.036346907760506558)
50	128,0.116500233422	(50, 0.036346907760506558)
50	38,0.11773816758	(50, 0.036346907760506558)
50	22,0.119105014345	(50, 0.036346907760506558)
50	46,0.127923800328	(50, 0.036346907760506558)
51	124,0.057988572934	(51, 0.24889976085575136)
51	73,0.090226865387	(51, 0.24889976085575136)
51	155,0.0979816559393	(51, 0.24889976085575136)
51	157,0.0985800132554	(51, 0.24889976085575136)
51	53,0.104714816045	(51, 0.24889976085575136)
51	93,0.117075238159	(51, 0.24889976085575136)
51	28,0.12819039597	(51, 0.24889976085575136)
51	1,0.128548816626	(51, 0.24889976085575136)
51	41,0.139918933638	(51, 0.24889976085575136)
51	13,0.141162065457	(51, 0.24889976085575136)
52	53,0.0969139679747	(52, 0.32253905551227929)
52	155,0.105550793949	(52, 0.32253905551227929)
52	44,0.106146157414	(52, 0.32253905551227929)
52	13,0.110386940953	(52, 0.32253905551227929)
52	124,0.11201864844	(52, 0.32253905551227929)
52	65,0.12096168803	(52, 0.32253905551227929)
52	163,0.123245697951	(52, 0.32253905551227929)
52	161,0.126490792073	(52, 0.32253905551227929)
52	119,0.129475588788	(52, 0.32253905551227929)
52	4,0.133363329026	(52, 0.32253905551227929)
53	65,0.0639186575966	(53, 0.07597321707350807)
53	53,0.0759732170735	(53, 0.07597321707350807)
53	44,0.094278150166	(53, 0.07597321707350807)
53	155,0.0961650156944	(53, 0.07597321707350807)
53	120,0.0986630479206	(53, 0.07597321707350807)
53	161,0.108375753462	(53, 0.07597321707350807)
53	163,0.111286006639	(53, 0.07597321707350807)
53	34,0.127568664425	(53, 0.07597321707350807)
53	13,0.13101975385	(53, 0.07597321707350807)
53	124,0.131438269334	(53, 0.07597321707350807)
54	136,0.0368951227078	(54, 0.065893783094197328)
54	3,0.0630115420474	(54, 0.065893783094197328)
54	54,0.0658937830942	(54, 0.065893783094197328)
54	162,0.0685288790855	(54, 0.065893783094197328)
54	137,0.071832063044	(54, 0.065893783094197328)
54	11,0.0733539499626	(54, 0.065893783094197328)
54	17,0.0760117570249	(54, 0.065893783094197328)
54	63,0.0771280471293	(54, 0.065893783094197328)
54	71,0.0784204237359	(54, 0.065893783094197328)
54	147,0.0799131086928	(54, 0.065893783094197328)
55	12,0.058680066309	(55, 0.076513048015600174)
55	55,0.0765130480156	(55, 0.076513048015600174)
55	121,0.0784062648336	(55, 0.076513048015600174)
55	18,0.0824506119726	(55, 0.076513048015600174)
55	159,0.0833444308713	(55, 0.076513048015600174)
55	38,0.0862806659715	(55, 0.076513048015600174)
55	134,0.0877954902579	(55, 0.076513048015600174)
55	86,0.0883527651854	(55, 0.076513048015600174)
55	151,0.0888722505493	(55, 0.076513048015600174)
55	152,0.0889570437861	(55, 0.076513048015600174)
56	56,0.0642206296901	(56, 0.064220629690090653)
56	15,0.0783323789356	(56, 0.064220629690090653)
56	120,0.0874606021881	(56, 0.064220629690090653)
56	174,0.117236272076	(56, 0.064220629690090653)
56	2,0.126610391958	(56, 0.064220629690090653)
56	113,0.139345769003	(56, 0.064220629690090653)
56	69,0.141337313318	(56, 0.064220629690090653)
56	4,0.143097600199	(56, 0.064220629690090653)
56	34,0.145033884991	(56, 0.064220629690090653)
56	17,0.149048960116	(56, 0.064220629690090653)
57	57,0.0865519575018	(57, 0.086551957501779575)
57	122,0.164076848161	(57, 0.086551957501779575)
57	15,0.210102608693	(57, 0.086551957501779575)
57	174,0.21438187493	(57, 0.086551957501779575)
57	56,0.252545188933	(57, 0.086551957501779575)
57	2,0.27594815666	(57, 0.086551957501779575)
57	113,0.278189583037	(57, 0.086551957501779575)
57	120,0.287477032486	(57, 0.086551957501779575)
57	59,0.288777333261	(57, 0.086551957501779575)
57	108,0.290634521813	(57, 0.086551957501779575)
58	24,0.0735892040805	(58, 0.2988073908687584)
58	107,0.0961084120903	(58, 0.2988073908687584)
58	27,0.0992436388067	(58, 0.2988073908687584)
58	50,0.109022695076	(58, 0.2988073908687584)
58	61,0.119083712996	(58, 0.2988073908687584)
58	158,0.133818164318	(58, 0.2988073908687584)
58	38,0.137038647947	(58, 0.2988073908687584)
58	43,0.137455058961	(58, 0.2988073908687584)
58	12,0.141668788691	(58, 0.2988073908687584)
58	73,0.142862100897	(58, 0.2988073908687584)
59	15,0.146744862805	(59, 0.17596696178925308)
59	83,0.148413097355	(59, 0.17596696178925308)
59	65,0.161753588504	(59, 0.17596696178925308)
59	113,0.16896430378	(59, 0.17596696178925308)
59	94,0.169751561019	(59, 0.17596696178925308)
59	59,0.175966961789	(59, 0.17596696178925308)
59	120,0.191203523131	(59, 0.17596696178925308)
59	44,0.195871454383	(59, 0.17596696178925308)
59	161,0.196047130584	(59, 0.17596696178925308)
59	34,0.200733002122	(59, 0.17596696178925308)
60	60,0.0658201594603	(60, 0.065820159460294417)
60	69,0.0750754957101	(60, 0.065820159460294417)
60	79,0.0772093709313	(60, 0.065820159460294417)
60	40,0.0783756347136	(60, 0.065820159460294417)
60	4,0.0884858725132	(60, 0.065820159460294417)
60	34,0.0975565574246	(60, 0.065820159460294417)
60	25,0.106897929571	(60, 0.065820159460294417)
60	77,0.1127241194	(60, 0.065820159460294417)
60	172,0.115131394006	(60, 0.065820159460294417)
60	15,0.117086658958	(60, 0.065820159460294417)
61	23,0.0426457268578	(61, 0.043338488465541565)
61	61,0.0433384884655	(61, 0.043338488465541565)
61	162,0.0512956160922	(61, 0.043338488465541565)
61	121,0.0558147015836	(61, 0.043338488465541565)
61	26,0.0669255590593	(61, 0.043338488465541565)
61	63,0.0706667462237	(61, 0.043338488465541565)
61	3,0.0741496410209	(61, 0.043338488465541565)
61	76,0.0752242842884	(61, 0.043338488465541565)
61	78,0.0763392086079	(61, 0.043338488465541565)
61	147,0.077378131967	(61, 0.043338488465541565)
62	78,0.0728236360622	(62, 0.096089941549019481)
62	26,0.0825328147337	(62, 0.096089941549019481)
62	107,0.0857294075026	(62, 0.096089941549019481)
62	73,0.0882905221188	(62, 0.096089941549019481)
62	62,0.096089941549	(62, 0.096089941549019481)
62	61,0.0963388027253	(62, 0.096089941549019481)
62	158,0.111847516455	(62, 0.096089941549019481)
62	121,0.11243027565	(62, 0.096089941549019481)
62	95,0.112797135161	(62, 0.096089941549019481)
62	128,0.113927168005	(62, 0.096089941549019481)
63	3,0.0323075586564	(63, 0.05541033042418364)
63	77,0.0452039367847	(63, 0.05541033042418364)
63	63,0.0554103304242	(63, 0.05541033042418364)
63	11,0.0554177258949	(63, 0.05541033042418364)
63	37,0.0555033532648	(63, 0.05541033042418364)
63	136,0.0629959634798	(63, 0.05541033042418364)
63	171,0.0634187410778	(63, 0.05541033042418364)
63	162,0.0643234295124	(63, 0.05541033042418364)
63	81,0.0688211515393	(63, 0.05541033042418364)
63	71,0.0698472643482	(63, 0.05541033042418364)
64	64,0.221631633007	(64, 0.22163163300718475)
64	45,0.311601011339	(64, 0.22163163300718475)
64	118,0.346756794148	(64, 0.22163163300718475)
64	130,0.351049195001	(64, 0.22163163300718475)
64	133,0.409042384821	(64, 0.22163163300718475)
64	33,0.418758967406	(64, 0.22163163300718475)
64	113,0.452899777553	(64, 0.22163163300718475)
64	34,0.45950504915	(64, 0.22163163300718475)
64	94,0.484654118953	(64, 0.22163163300718475)
64	15,0.523993271956	(64, 0.22163163300718475)
65	65,0.0525486614809	(65, 0.052548661480860265)
65	161,0.059824619338	(65, 0.052548661480860265)
65	83,0.0661982570271	(65, 0.052548661480860265)
65	68,0.077903026212	(65, 0.052548661480860265)
65	59,0.100567774352	(65, 0.052548661480860265)
65	155,0.101313829308	(65, 0.052548661480860265)
65	1,0.110709174046	(65, 0.052548661480860265)
65	17,0.112502013109	(65, 0.052548661480860265)
65	100,0.115243394599	(65, 0.052548661480860265)
65	44,0.115939623128	(65, 0.052548661480860265)
66	66,0.194558936944	(66, 0.19455893694422061)
66	130,0.405113699441	(66, 0.19455893694422061)
66	140,0.450808098941	(66, 0.19455893694422061)
66	133,0.454716178564	(66, 0.19455893694422061)
66	118,0.469338079051	(66, 0.19455893694422061)
66	91,0.493760659673	(66, 0.19455893694422061)
66	33,0.4967157811	(66, 0.19455893694422061)
66	141,0.533440791073	(66, 0.19455893694422061)
66	169,0.570870538617	(66, 0.19455893694422061)
66	149,0.586431716788	(66, 0.19455893694422061)
67	67,0.119246951543	(67, 0.11924695154315973)
67	84,0.164186707496	(67, 0.11924695154315973)
67	169,0.177640355706	(67, 0.11924695154315973)
67	93,0.181819561001	(67, 0.11924695154315973)
67	140,0.204957251356	(67, 0.11924695154315973)
67	28,0.209301973011	(67, 0.11924695154315973)
67	149,0.209319618014	(67, 0.11924695154315973)
67	116,0.210118591332	(67, 0.11924695154315973)
67	109,0.212363932756	(67, 0.11924695154315973)
67	131,0.217439868651	(67, 0.11924695154315973)
68	68,0.0528988843337	(68, 0.052898884333655388)
68	70,0.0854923828285	(68, 0.052898884333655388)
68	23,0.0883951827577	(68, 0.052898884333655388)
68	61,0.094409468561	(68, 0.052898884333655388)
68	63,0.101550279824	(68, 0.052898884333655388)
68	162,0.112509152426	(68, 0.052898884333655388)
68	147,0.112729624165	(68, 0.052898884333655388)
68	77,0.117848991971	(68, 0.052898884333655388)
68	26,0.118485269994	(68, 0.052898884333655388)
68	135,0.120755904842	(68, 0.052898884333655388)
69	15,0.199874154386	(69, 0.22802603150565384)
69	122,0.208172880367	(69, 0.22802603150565384)
69	174,0.214471912272	(69, 0.22802603150565384)
69	48,0.226473437489	(69, 0.22802603150565384)
69	69,0.228026031506	(69, 0.22802603150565384)
69	56,0.231330955905	(69, 0.22802603150565384)
69	154,0.231533221917	(69, 0.22802603150565384)
69	2,0.245150851438	(69, 0.22802603150565384)
69	33,0.257145424629	(69, 0.22802603150565384)
69	4,0.258789104836	(69, 0.22802603150565384)
70	121,0.0608212983062	(70, 0.06576337449457112)
70	70,0.0657633744946	(70, 0.06576337449457112)
70	3,0.0677006840396	(70, 0.06576337449457112)
70	88,0.0685319988131	(70, 0.06576337449457112)
70	132,0.0724835004282	(70, 0.06576337449457112)
70	77,0.074670617097	(70, 0.06576337449457112)
70	117,0.0803866938464	(70, 0.06576337449457112)
70	139,0.0819748176379	(70, 0.06576337449457112)
70	22,0.0840471490173	(70, 0.06576337449457112)
70	63,0.0864074945047	(70, 0.06576337449457112)
71	91,0.123895376697	(71, 0.31404235012374615)
71	133,0.123908362944	(71, 0.31404235012374615)
71	41,0.177766972163	(71, 0.31404235012374615)
71	102,0.180180763269	(71, 0.31404235012374615)
71	101,0.187399951961	(71, 0.31404235012374615)
71	155,0.191688479499	(71, 0.31404235012374615)
71	28,0.196316969593	(71, 0.31404235012374615)
71	1,0.199774078604	(71, 0.31404235012374615)
71	103,0.204242207531	(71, 0.31404235012374615)
71	53,0.208727646669	(71, 0.31404235012374615)
72	174,0.0937490133458	(72, 0.54992389840158451)
72	17,0.0977540061716	(72, 0.54992389840158451)
72	172,0.102320337759	(72, 0.54992389840158451)
72	148,0.107192675509	(72, 0.54992389840158451)
72	143,0.109643228787	(72, 0.54992389840158451)
72	100,0.131163850567	(72, 0.54992389840158451)
72	77,0.136039364898	(72, 0.54992389840158451)
72	49,0.138970298838	(72, 0.54992389840158451)
72	40,0.140654464463	(72, 0.54992389840158451)
72	15,0.143232554311	(72, 0.54992389840158451)
73	73,0.0455386254495	(73, 0.045538625449481861)
73	13,0.0928520736659	(73, 0.045538625449481861)
73	157,0.0935899031763	(73, 0.045538625449481861)
73	27,0.094091989383	(73, 0.045538625449481861)
73	124,0.111217628625	(73, 0.045538625449481861)
73	93,0.114932583972	(73, 0.045538625449481861)
73	109,0.123460511904	(73, 0.045538625449481861)
73	144,0.128561446838	(73, 0.045538625449481861)
73	156,0.134359834029	(73, 0.045538625449481861)
73	53,0.135867980776	(73, 0.045538625449481861)
74	17,0.0388064385524	(74, 0.044248153220099069)
74	74,0.0442481532201	(74, 0.044248153220099069)
74	100,0.0475434443388	(74, 0.044248153220099069)
74	136,0.0494980450823	(74, 0.044248153220099069)
74	127,0.0601596939403	(74, 0.044248153220099069)
74	37,0.060693985896	(74, 0.044248153220099069)
74	90,0.0615482058067	(74, 0.044248153220099069)
74	77,0.0640390938242	(74, 0.044248153220099069)
74	11,0.0809638333618	(74, 0.044248153220099069)
74	49,0.080982067415	(74, 0.044248153220099069)
75	167,0.334821839819	(75, 0.37709328251244284)
75	75,0.377093282512	(75, 0.37709328251244284)
75	67,0.481416635347	(75, 0.37709328251244284)
75	10,0.487998317986	(75, 0.37709328251244284)
75	47,0.506024992469	(75, 0.37709328251244284)
75	99,0.506638355759	(75, 0.37709328251244284)
75	84,0.51468851479	(75, 0.37709328251244284)
75	138,0.516615933251	(75, 0.37709328251244284)
75	80,0.517119322625	(75, 0.37709328251244284)
75	166,0.528689451325	(75, 0.37709328251244284)
76	76,0.0258537989125	(76, 0.025853798912525955)
76	147,0.0303618499239	(76, 0.025853798912525955)
76	137,0.0347855641208	(76, 0.025853798912525955)
76	63,0.0372289695392	(76, 0.025853798912525955)
76	171,0.0411767940876	(76, 0.025853798912525955)
76	46,0.0521655961361	(76, 0.025853798912525955)
76	3,0.0559289990469	(76, 0.025853798912525955)
76	36,0.0566986739779	(76, 0.025853798912525955)
76	18,0.0591896768149	(76, 0.025853798912525955)
76	22,0.0594866242359	(76, 0.025853798912525955)
77	162,0.038880060409	(77, 0.049282467803573288)
77	90,0.0432379217166	(77, 0.049282467803573288)
77	136,0.0457352656118	(77, 0.049282467803573288)
77	147,0.0471352124121	(77, 0.049282467803573288)
77	11,0.0481500771314	(77, 0.049282467803573288)
77	63,0.0483657103275	(77, 0.049282467803573288)
77	77,0.0492824678036	(77, 0.049282467803573288)
77	3,0.0540211126191	(77, 0.049282467803573288)
77	74,0.0590443514241	(77, 0.049282467803573288)
77	137,0.0601363984249	(77, 0.049282467803573288)
78	151,0.0347595272187	(78, 0.060848772565907802)
78	76,0.0406502253122	(78, 0.060848772565907802)
78	132,0.0414011435382	(78, 0.060848772565907802)
78	63,0.0419407686038	(78, 0.060848772565907802)
78	22,0.0458543239532	(78, 0.060848772565907802)
78	18,0.0474677986876	(78, 0.060848772565907802)
78	121,0.0484265379226	(78, 0.060848772565907802)
78	147,0.0491298752984	(78, 0.060848772565907802)
78	78,0.0608487725659	(78, 0.060848772565907802)
78	158,0.0621599770917	(78, 0.060848772565907802)
79	4,0.038454806633	(79, 0.041032656659694612)
79	79,0.0410326566597	(79, 0.041032656659694612)
79	69,0.0415947875693	(79, 0.041032656659694612)
79	40,0.0510101216265	(79, 0.041032656659694612)
79	25,0.0772224775963	(79, 0.041032656659694612)
79	56,0.0887634537996	(79, 0.041032656659694612)
79	148,0.100700043098	(79, 0.041032656659694612)
79	17,0.101885699362	(79, 0.041032656659694612)
79	172,0.108763428923	(79, 0.041032656659694612)
79	34,0.109774738334	(79, 0.041032656659694612)
80	80,0.158456448394	(80, 0.15845644839409997)
80	51,0.184988624963	(80, 0.15845644839409997)
80	167,0.209288034967	(80, 0.15845644839409997)
80	32,0.289629939121	(80, 0.15845644839409997)
80	39,0.370231445736	(80, 0.15845644839409997)
80	27,0.390949123753	(80, 0.15845644839409997)
80	58,0.404633598019	(80, 0.15845644839409997)
80	169,0.408424065583	(80, 0.15845644839409997)
80	165,0.431100347085	(80, 0.15845644839409997)
80	160,0.431287933866	(80, 0.15845644839409997)
81	81,0.0526851011926	(81, 0.052685101192612452)
81	11,0.0579075838955	(81, 0.052685101192612452)
81	117,0.0603305054759	(81, 0.052685101192612452)
81	77,0.0603964065082	(81, 0.052685101192612452)
81	3,0.0633685731958	(81, 0.052685101192612452)
81	76,0.0660081483875	(81, 0.052685101192612452)
81	132,0.0678250163455	(81, 0.052685101192612452)
81	121,0.0695383726869	(81, 0.052685101192612452)
81	22,0.0697726894073	(81, 0.052685101192612452)
81	71,0.0732337185111	(81, 0.052685101192612452)
82	12,0.124690631044	(82, 0.20616563107988306)
82	73,0.126660025536	(82, 0.20616563107988306)
82	105,0.127241626496	(82, 0.20616563107988306)
82	38,0.131444077247	(82, 0.20616563107988306)
82	24,0.132191714992	(82, 0.20616563107988306)
82	27,0.132474815214	(82, 0.20616563107988306)
82	107,0.133474028976	(82, 0.20616563107988306)
82	13,0.13419123386	(82, 0.20616563107988306)
82	61,0.142479310508	(82, 0.20616563107988306)
82	50,0.150873085435	(82, 0.20616563107988306)
83	13,0.053059288467	(83, 0.087876591423646525)
83	155,0.0693459250014	(83, 0.087876591423646525)
83	71,0.0762852654852	(83, 0.087876591423646525)
83	161,0.0778575287277	(83, 0.087876591423646525)
83	65,0.0814209753248	(83, 0.087876591423646525)
83	17,0.0815259964579	(83, 0.087876591423646525)
83	11,0.0834671605401	(83, 0.087876591423646525)
83	136,0.086448652856	(83, 0.087876591423646525)
83	83,0.0878765914236	(83, 0.087876591423646525)
83	3,0.0922410794564	(83, 0.087876591423646525)
84	84,0.204130243001	(84, 0.20413024300104157)
84	67,0.213065892721	(84, 0.20413024300104157)
84	166,0.217443015479	(84, 0.20413024300104157)
84	169,0.234133042063	(84, 0.20413024300104157)
84	140,0.275571802262	(84, 0.20413024300104157)
84	99,0.285498157032	(84, 0.20413024300104157)
84	144,0.300455887749	(84, 0.20413024300104157)
84	156,0.305619158519	(84, 0.20413024300104157)
84	109,0.316149318193	(84, 0.20413024300104157)
84	72,0.332812043212	(84, 0.20413024300104157)
85	67,0.175076952658	(85, 0.26539807894766243)
85	85,0.265398078948	(85, 0.26539807894766243)
85	140,0.273026332758	(85, 0.26539807894766243)
85	149,0.307082956144	(85, 0.26539807894766243)
85	84,0.324155597687	(85, 0.26539807894766243)
85	166,0.324189527943	(85, 0.26539807894766243)
85	169,0.337994248008	(85, 0.26539807894766243)
85	144,0.375600450354	(85, 0.26539807894766243)
85	99,0.38431937907	(85, 0.26539807894766243)
85	93,0.3949299993	(85, 0.26539807894766243)
86	86,0.0417661568241	(86, 0.041766156824083765)
86	137,0.0545332044303	(86, 0.041766156824083765)
86	162,0.0560570217308	(86, 0.041766156824083765)
86	150,0.0570070169951	(86, 0.041766156824083765)
86	18,0.0590711931361	(86, 0.041766156824083765)
86	117,0.0592517604718	(86, 0.041766156824083765)
86	11,0.0593151812489	(86, 0.041766156824083765)
86	76,0.0617336008021	(86, 0.041766156824083765)
86	3,0.0622592969156	(86, 0.041766156824083765)
86	171,0.0624912561194	(86, 0.041766156824083765)
87	1,0.0697153676071	(87, 0.18232926821995943)
87	121,0.0770428628392	(87, 0.18232926821995943)
87	26,0.0809747181553	(87, 0.18232926821995943)
87	71,0.083054979379	(87, 0.18232926821995943)
87	78,0.0868940877224	(87, 0.18232926821995943)
87	23,0.0906668880685	(87, 0.18232926821995943)
87	11,0.0910281450475	(87, 0.18232926821995943)
87	155,0.0940694368228	(87, 0.18232926821995943)
87	41,0.096400479891	(87, 0.18232926821995943)
87	61,0.0965545488757	(87, 0.18232926821995943)
88	147,0.035861412307	(88, 0.044844548861692923)
88	18,0.0396742184094	(88, 0.044844548861692923)
88	76,0.0406238120276	(88, 0.044844548861692923)
88	88,0.0448445488617	(88, 0.044844548861692923)
88	63,0.0465349366355	(88, 0.044844548861692923)
88	46,0.0507316475036	(88, 0.044844548861692923)
88	117,0.0521816826043	(88, 0.044844548861692923)
88	171,0.055827845652	(88, 0.044844548861692923)
88	35,0.0561356888545	(88, 0.044844548861692923)
88	139,0.0575590183099	(88, 0.044844548861692923)
89	124,0.0689022862812	(89, 0.098858435732113906)
89	53,0.0786101117104	(89, 0.098858435732113906)
89	155,0.0849193832218	(89, 0.098858435732113906)
89	73,0.0953978478077	(89, 0.098858435732113906)
89	1,0.095970111643	(89, 0.098858435732113906)
89	89,0.0988584357321	(89, 0.098858435732113906)
89	20,0.118650616146	(89, 0.098858435732113906)
89	28,0.119833582985	(89, 0.098858435732113906)
89	65,0.128107565863	(89, 0.098858435732113906)
89	157,0.128242297952	(89, 0.098858435732113906)
90	90,0.0311328412024	(90, 0.031132841202403498)
90	11,0.0541430349223	(90, 0.031132841202403498)
90	162,0.0589071280357	(90, 0.031132841202403498)
90	81,0.0611877382236	(90, 0.031132841202403498)
90	96,0.0648225337878	(90, 0.031132841202403498)
90	172,0.0651411171342	(90, 0.031132841202403498)
90	137,0.0654025941959	(90, 0.031132841202403498)
90	136,0.0664067460999	(90, 0.031132841202403498)
90	37,0.0672401380224	(90, 0.031132841202403498)
90	17,0.0694469301916	(90, 0.031132841202403498)
91	133,0.116484099376	(91, 0.18344492802788176)
91	91,0.183444928028	(91, 0.18344492802788176)
91	130,0.243988130985	(91, 0.18344492802788176)
91	51,0.304515185223	(91, 0.18344492802788176)
91	103,0.306090129709	(91, 0.18344492802788176)
91	66,0.330854301304	(91, 0.18344492802788176)
91	34,0.343064333528	(91, 0.18344492802788176)
91	102,0.343270680716	(91, 0.18344492802788176)
91	101,0.369004168343	(91, 0.18344492802788176)
91	53,0.376330170886	(91, 0.18344492802788176)
92	78,0.0674505673442	(92, 0.15769896152010998)
92	24,0.0762066336355	(92, 0.15769896152010998)
92	61,0.0823052022719	(92, 0.15769896152010998)
92	128,0.085912623899	(92, 0.15769896152010998)
92	158,0.0936427644582	(92, 0.15769896152010998)
92	12,0.0940302528061	(92, 0.15769896152010998)
92	107,0.108181271807	(92, 0.15769896152010998)
92	26,0.108434377231	(92, 0.15769896152010998)
92	27,0.111721069443	(92, 0.15769896152010998)
92	22,0.11417729898	(92, 0.15769896152010998)
93	22,0.0534240678764	(93, 0.068760340095931571)
93	132,0.0558733835241	(93, 0.068760340095931571)
93	158,0.0633917805191	(93, 0.068760340095931571)
93	128,0.0661774999342	(93, 0.068760340095931571)
93	93,0.0687603400959	(93, 0.068760340095931571)
93	121,0.0758487767017	(93, 0.068760340095931571)
93	78,0.0796011021876	(93, 0.068760340095931571)
93	76,0.0809946200769	(93, 0.068760340095931571)
93	3,0.0812761871118	(93, 0.068760340095931571)
93	12,0.0852527672288	(93, 0.068760340095931571)
94	94,0.0902249010189	(94, 0.090224901018899947)
94	83,0.156197025909	(94, 0.090224901018899947)
94	155,0.185512907902	(94, 0.090224901018899947)
94	59,0.204848779011	(94, 0.090224901018899947)
94	15,0.212647975479	(94, 0.090224901018899947)
94	161,0.233368243454	(94, 0.090224901018899947)
94	120,0.23677722583	(94, 0.090224901018899947)
94	65,0.238855731451	(94, 0.090224901018899947)
94	45,0.243718837091	(94, 0.090224901018899947)
94	98,0.25256499453	(94, 0.090224901018899947)
95	99,0.0869569405553	(95, 0.22449762327465667)
95	107,0.0912807063924	(95, 0.22449762327465667)
95	43,0.111637399339	(95, 0.22449762327465667)
95	128,0.115929997233	(95, 0.22449762327465667)
95	78,0.119958676684	(95, 0.22449762327465667)
95	27,0.123254856078	(95, 0.22449762327465667)
95	138,0.127215629701	(95, 0.22449762327465667)
95	19,0.137869903353	(95, 0.22449762327465667)
95	84,0.139187848611	(95, 0.22449762327465667)
95	156,0.15177165793	(95, 0.22449762327465667)
96	96,0.0400956018965	(96, 0.040095601896464411)
96	162,0.0699576727497	(96, 0.040095601896464411)
96	17,0.072651484634	(96, 0.040095601896464411)
96	11,0.0730789674996	(96, 0.040095601896464411)
96	13,0.0739661268497	(96, 0.040095601896464411)
96	112,0.090051062089	(96, 0.040095601896464411)
96	143,0.090144177953	(96, 0.040095601896464411)
96	161,0.0911372564033	(96, 0.040095601896464411)
96	90,0.0950058111866	(96, 0.040095601896464411)
96	119,0.0985228831637	(96, 0.040095601896464411)
97	172,0.0554333379833	(97, 0.12012972516189561)
97	40,0.0645733717332	(97, 0.12012972516189561)
97	17,0.0694478734113	(97, 0.12012972516189561)
97	120,0.0744241293798	(97, 0.12012972516189561)
97	69,0.0750457788339	(97, 0.12012972516189561)
97	3,0.0895626240403	(97, 0.12012972516189561)
97	37,0.0934842277291	(97, 0.12012972516189561)
97	90,0.0995526992266	(97, 0.12012972516189561)
97	79,0.103347273417	(97, 0.12012972516189561)
97	4,0.1037688069	(97, 0.12012972516189561)
98	98,0.0317785150126	(98, 0.031778515012623104)
98	40,0.0797433090863	(98, 0.031778515012623104)
98	15,0.0834311113313	(98, 0.031778515012623104)
98	25,0.0913810891104	(98, 0.031778515012623104)
98	172,0.0974320024663	(98, 0.031778515012623104)
98	49,0.0984865691817	(98, 0.031778515012623104)
98	154,0.106776144975	(98, 0.031778515012623104)
98	83,0.119556153233	(98, 0.031778515012623104)
98	4,0.129565274944	(98, 0.031778515012623104)
98	174,0.12993806156	(98, 0.031778515012623104)
99	144,0.0844029346391	(99, 0.11418811119752173)
99	93,0.08531793572	(99, 0.11418811119752173)
99	84,0.0873374851166	(99, 0.11418811119752173)
99	159,0.0956710128407	(99, 0.11418811119752173)
99	109,0.0962840698827	(99, 0.11418811119752173)
99	73,0.0964175156497	(99, 0.11418811119752173)
99	128,0.0967048812932	(99, 0.11418811119752173)
99	78,0.0996812008862	(99, 0.11418811119752173)
99	38,0.101524773241	(99, 0.11418811119752173)
99	12,0.101958191524	(99, 0.11418811119752173)
100	100,0.0358841580149	(100, 0.035884158014884177)
100	77,0.0482766121376	(100, 0.035884158014884177)
100	74,0.0491828515989	(100, 0.035884158014884177)
100	37,0.0510197441199	(100, 0.035884158014884177)
100	17,0.0511476021706	(100, 0.035884158014884177)
100	136,0.0521596410815	(100, 0.035884158014884177)
100	127,0.0591167706158	(100, 0.035884158014884177)
100	90,0.0596665121167	(100, 0.035884158014884177)
100	21,0.0617115833413	(100, 0.035884158014884177)
100	143,0.0635698585693	(100, 0.035884158014884177)
101	1,0.0878096166644	(101, 0.097091252671909059)
101	73,0.0886950774842	(101, 0.097091252671909059)
101	101,0.0970912526719	(101, 0.097091252671909059)
101	13,0.100625110647	(101, 0.097091252671909059)
101	124,0.10929543253	(101, 0.097091252671909059)
101	29,0.11210485888	(101, 0.097091252671909059)
101	77,0.114541469769	(101, 0.097091252671909059)
101	71,0.116100413176	(101, 0.097091252671909059)
101	155,0.117807322505	(101, 0.097091252671909059)
101	102,0.118175203815	(101, 0.097091252671909059)
102	91,0.111274411585	(102, 0.13860658368263173)
102	114,0.127679641525	(102, 0.13860658368263173)
102	41,0.130780455502	(102, 0.13860658368263173)
102	155,0.134562176467	(102, 0.13860658368263173)
102	102,0.138606583683	(102, 0.13860658368263173)
102	101,0.145695799946	(102, 0.13860658368263173)
102	110,0.148624711142	(102, 0.13860658368263173)
102	1,0.149653238638	(102, 0.13860658368263173)
102	53,0.155504581315	(102, 0.13860658368263173)
102	103,0.161948718851	(102, 0.13860658368263173)
103	103,0.084616621096	(103, 0.084616621095979547)
103	73,0.123673110648	(103, 0.084616621095979547)
103	101,0.150890411671	(103, 0.084616621095979547)
103	91,0.157080360579	(103, 0.084616621095979547)
103	51,0.168322785615	(103, 0.084616621095979547)
103	93,0.175118877579	(103, 0.084616621095979547)
103	114,0.175574101319	(103, 0.084616621095979547)
103	26,0.178709859995	(103, 0.084616621095979547)
103	39,0.179111236206	(103, 0.084616621095979547)
103	1,0.181106225813	(103, 0.084616621095979547)
104	124,0.0581672933838	(104, 0.12283506857459771)
104	93,0.087673301587	(104, 0.12283506857459771)
104	81,0.0947207663417	(104, 0.12283506857459771)
104	119,0.0972046519652	(104, 0.12283506857459771)
104	73,0.102117293709	(104, 0.12283506857459771)
104	11,0.104024583961	(104, 0.12283506857459771)
104	115,0.106557101601	(104, 0.12283506857459771)
104	104,0.122835068575	(104, 0.12283506857459771)
104	3,0.123055151275	(104, 0.12283506857459771)
104	157,0.12366860337	(104, 0.12283506857459771)
105	27,0.0940820709796	(105, 0.16547848927189121)
105	43,0.106266233959	(105, 0.16547848927189121)
105	24,0.113768524529	(105, 0.16547848927189121)
105	19,0.114525276567	(105, 0.16547848927189121)
105	38,0.123120659179	(105, 0.16547848927189121)
105	107,0.129368067597	(105, 0.16547848927189121)
105	61,0.137224350413	(105, 0.16547848927189121)
105	99,0.143381496697	(105, 0.16547848927189121)
105	50,0.148423824372	(105, 0.16547848927189121)
105	12,0.160698746595	(105, 0.16547848927189121)
106	106,0.0489100235577	(106, 0.048910023557712408)
106	116,0.119731186247	(106, 0.048910023557712408)
106	174,0.13016911511	(106, 0.048910023557712408)
106	157,0.136867137221	(106, 0.048910023557712408)
106	93,0.138136168935	(106, 0.048910023557712408)
106	172,0.139047577978	(106, 0.048910023557712408)
106	156,0.141112092988	(106, 0.048910023557712408)
106	165,0.154668351159	(106, 0.048910023557712408)
106	13,0.156707430661	(106, 0.048910023557712408)
106	54,0.159042876863	(106, 0.048910023557712408)
107	77,0.0756582350043	(107, 0.087787532147746775)
107	22,0.076062145441	(107, 0.087787532147746775)
107	1,0.0775171906885	(107, 0.087787532147746775)
107	26,0.0782027331755	(107, 0.087787532147746775)
107	139,0.0819898685529	(107, 0.087787532147746775)
107	121,0.0834083887554	(107, 0.087787532147746775)
107	107,0.0877875321477	(107, 0.087787532147746775)
107	76,0.0885005855308	(107, 0.087787532147746775)
107	78,0.0934994993369	(107, 0.087787532147746775)
107	3,0.0948259182032	(107, 0.087787532147746775)
108	77,0.0605829415587	(108, 0.16633460881406148)
108	172,0.0832509117192	(108, 0.16633460881406148)
108	174,0.0919007322106	(108, 0.16633460881406148)
108	17,0.0996443430235	(108, 0.16633460881406148)
108	49,0.102030292171	(108, 0.16633460881406148)
108	40,0.104937045381	(108, 0.16633460881406148)
108	4,0.106477260659	(108, 0.16633460881406148)
108	100,0.107785943114	(108, 0.16633460881406148)
108	15,0.109777807553	(108, 0.16633460881406148)
108	37,0.118356566524	(108, 0.16633460881406148)
109	109,0.0562249257704	(109, 0.0562249257703882)
109	159,0.0645299260097	(109, 0.0562249257703882)
109	134,0.0870726276173	(109, 0.0562249257703882)
109	146,0.0937028231634	(109, 0.0562249257703882)
109	12,0.0947790568766	(109, 0.0562249257703882)
109	128,0.09500433169	(109, 0.0562249257703882)
109	152,0.104626040721	(109, 0.0562249257703882)
109	14,0.107409672018	(109, 0.0562249257703882)
109	84,0.107611703761	(109, 0.0562249257703882)
109	38,0.109141053624	(109, 0.0562249257703882)
110	1,0.0553100432108	(110, 0.11785794529387822)
110	11,0.0780222509331	(110, 0.11785794529387822)
110	155,0.083051492192	(110, 0.11785794529387822)
110	121,0.0863448638008	(110, 0.11785794529387822)
110	68,0.0865995631852	(110, 0.11785794529387822)
110	71,0.0976338110622	(110, 0.11785794529387822)
110	73,0.098012826671	(110, 0.11785794529387822)
110	162,0.101359899202	(110, 0.11785794529387822)
110	13,0.102181194788	(110, 0.11785794529387822)
110	26,0.103499630379	(110, 0.11785794529387822)
111	73,0.0686183634097	(111, 0.24305223400625733)
111	93,0.0729369445339	(111, 0.24305223400625733)
111	124,0.0807351628015	(111, 0.24305223400625733)
111	157,0.0891228901668	(111, 0.24305223400625733)
111	101,0.101305414693	(111, 0.24305223400625733)
111	13,0.102293677621	(111, 0.24305223400625733)
111	109,0.118352243042	(111, 0.24305223400625733)
111	128,0.120072320431	(111, 0.24305223400625733)
111	116,0.125520312628	(111, 0.24305223400625733)
111	78,0.128232601399	(111, 0.24305223400625733)
112	11,0.0469646812534	(112, 0.0593939534410819)
112	90,0.0474449239843	(112, 0.0593939534410819)
112	3,0.055059582655	(112, 0.0593939534410819)
112	100,0.0592654267177	(112, 0.0593939534410819)
112	112,0.0593939534411	(112, 0.0593939534410819)
112	162,0.0609501960945	(112, 0.0593939534410819)
112	21,0.0655076319125	(112, 0.0593939534410819)
112	77,0.0670471620717	(112, 0.0593939534410819)
112	17,0.0694543551683	(112, 0.0593939534410819)
112	143,0.0709938672485	(112, 0.0593939534410819)
113	113,0.0669294690712	(113, 0.066929469071179609)
113	65,0.128457651359	(113, 0.066929469071179609)
113	120,0.175720934	(113, 0.066929469071179609)
113	15,0.180997567901	(113, 0.066929469071179609)
113	130,0.182768668812	(113, 0.066929469071179609)
113	44,0.210723545142	(113, 0.066929469071179609)
113	97,0.211219560106	(113, 0.066929469071179609)
113	155,0.211862721548	(113, 0.066929469071179609)
113	161,0.222913099413	(113, 0.066929469071179609)
113	53,0.22546459957	(113, 0.066929469071179609)
114	73,0.0658128687946	(114, 0.071008171092319342)
114	114,0.0710081710923	(114, 0.071008171092319342)
114	53,0.0820511339619	(114, 0.071008171092319342)
114	124,0.0848484826155	(114, 0.071008171092319342)
114	13,0.102750384006	(114, 0.071008171092319342)
114	104,0.114633320247	(114, 0.071008171092319342)
114	93,0.119552851914	(114, 0.071008171092319342)
114	157,0.120105068749	(114, 0.071008171092319342)
114	155,0.124291853881	(114, 0.071008171092319342)
114	140,0.125706019353	(114, 0.071008171092319342)
115	119,0.0698230901378	(115, 0.074905555746375793)
115	11,0.0709282112204	(115, 0.074905555746375793)
115	115,0.0749055557464	(115, 0.074905555746375793)
115	37,0.0823468573285	(115, 0.074905555746375793)
115	96,0.085667633394	(115, 0.074905555746375793)
115	136,0.0940149564742	(115, 0.074905555746375793)
115	81,0.096166590829	(115, 0.074905555746375793)
115	17,0.0963784245282	(115, 0.074905555746375793)
115	90,0.0978306611695	(115, 0.074905555746375793)
115	3,0.10330014303	(115, 0.074905555746375793)
116	116,0.0533606565922	(116, 0.053360656592204167)
116	93,0.0559109274488	(116, 0.053360656592204167)
116	73,0.103595983127	(116, 0.053360656592204167)
116	144,0.107940673091	(116, 0.053360656592204167)
116	109,0.111193688883	(116, 0.053360656592204167)
116	156,0.120332805921	(116, 0.053360656592204167)
116	131,0.127589183308	(116, 0.053360656592204167)
116	128,0.129653618841	(116, 0.053360656592204167)
116	159,0.130130507088	(116, 0.053360656592204167)
116	172,0.132989278464	(116, 0.053360656592204167)
117	117,0.0255211126262	(117, 0.025521112626217802)
117	21,0.0499829208307	(117, 0.025521112626217802)
117	71,0.051879189636	(117, 0.025521112626217802)
117	11,0.0581595172819	(117, 0.025521112626217802)
117	121,0.0652638592925	(117, 0.025521112626217802)
117	162,0.0655480088085	(117, 0.025521112626217802)
117	81,0.0655683974148	(117, 0.025521112626217802)
117	22,0.0667133795665	(117, 0.025521112626217802)
117	76,0.0669884476474	(117, 0.025521112626217802)
117	77,0.0717710962489	(117, 0.025521112626217802)
118	33,0.13262005022	(118, 0.19393777210631263)
118	34,0.133033841554	(118, 0.19393777210631263)
118	69,0.161621402591	(118, 0.19393777210631263)
118	118,0.193937772106	(118, 0.19393777210631263)
118	4,0.200078304926	(118, 0.19393777210631263)
118	2,0.202328824668	(118, 0.19393777210631263)
118	15,0.204364598342	(118, 0.19393777210631263)
118	113,0.209420093745	(118, 0.19393777210631263)
118	25,0.213297560338	(118, 0.19393777210631263)
118	79,0.216115718219	(118, 0.19393777210631263)
119	120,0.0639049152054	(119, 0.10072019788040859)
119	69,0.0884219275875	(119, 0.10072019788040859)
119	40,0.0895117934314	(119, 0.10072019788040859)
119	154,0.0949783652465	(119, 0.10072019788040859)
119	17,0.0969005954688	(119, 0.10072019788040859)
119	119,0.10072019788	(119, 0.10072019788040859)
119	4,0.101157593175	(119, 0.10072019788040859)
119	56,0.105217485248	(119, 0.10072019788040859)
119	172,0.106190323942	(119, 0.10072019788040859)
119	124,0.109032539909	(119, 0.10072019788040859)
120	120,0.0663709124439	(120, 0.066370912443869987)
120	65,0.0681922344473	(120, 0.066370912443869987)
120	155,0.0842315125043	(120, 0.066370912443869987)
120	161,0.0900186170017	(120, 0.066370912443869987)
120	44,0.101089830891	(120, 0.066370912443869987)
120	13,0.113599356651	(120, 0.066370912443869987)
120	53,0.113986627553	(120, 0.066370912443869987)
120	124,0.11897988619	(120, 0.066370912443869987)
120	54,0.119590067081	(120, 0.066370912443869987)
120	83,0.120104528749	(120, 0.066370912443869987)
121	121,0.0557746444957	(121, 0.055774644495676484)
121	22,0.0670591180847	(121, 0.055774644495676484)
121	78,0.0698101305038	(121, 0.055774644495676484)
121	26,0.0730871421758	(121, 0.055774644495676484)
121	1,0.0746331467684	(121, 0.055774644495676484)
121	73,0.0861824628214	(121, 0.055774644495676484)
121	128,0.0894296468057	(121, 0.055774644495676484)
121	23,0.091127575907	(121, 0.055774644495676484)
121	61,0.0922490969363	(121, 0.055774644495676484)
121	158,0.0927241820383	(121, 0.055774644495676484)
122	174,0.0840250485041	(122, 0.093354198130022395)
122	122,0.09335419813	(122, 0.093354198130022395)
122	154,0.109519683087	(122, 0.093354198130022395)
122	69,0.140113901995	(122, 0.093354198130022395)
122	2,0.14363434778	(122, 0.093354198130022395)
122	48,0.156798826572	(122, 0.093354198130022395)
122	172,0.160545223699	(122, 0.093354198130022395)
122	56,0.166070821145	(122, 0.093354198130022395)
122	4,0.168544068804	(122, 0.093354198130022395)
122	15,0.17354837844	(122, 0.093354198130022395)
123	172,0.0611118943767	(123, 0.072690428098476062)
123	123,0.0726904280985	(123, 0.072690428098476062)
123	40,0.0959535639636	(123, 0.072690428098476062)
123	81,0.102282261626	(123, 0.072690428098476062)
123	146,0.103082224868	(123, 0.072690428098476062)
123	119,0.107427094	(123, 0.072690428098476062)
123	90,0.10805140548	(123, 0.072690428098476062)
123	17,0.116144960966	(123, 0.072690428098476062)
123	37,0.118869191602	(123, 0.072690428098476062)
123	137,0.120044529588	(123, 0.072690428098476062)
124	124,0.0880165100875	(124, 0.088016510087528768)
124	101,0.136743597062	(124, 0.088016510087528768)
124	73,0.154307926488	(124, 0.088016510087528768)
124	41,0.159353905412	(124, 0.088016510087528768)
124	157,0.16460664869	(124, 0.088016510087528768)
124	169,0.167509475152	(124, 0.088016510087528768)
124	53,0.171565115596	(124, 0.088016510087528768)
124	155,0.181232657251	(124, 0.088016510087528768)
124	114,0.182890161405	(124, 0.088016510087528768)
124	27,0.184773994945	(124, 0.088016510087528768)
125	13,0.122930363813	(125, 0.1964287849133286)
125	73,0.130694986625	(125, 0.1964287849133286)
125	65,0.152155001213	(125, 0.1964287849133286)
125	155,0.153900021598	(125, 0.1964287849133286)
125	68,0.156313193355	(125, 0.1964287849133286)
125	114,0.161766762059	(125, 0.1964287849133286)
125	161,0.167768699858	(125, 0.1964287849133286)
125	61,0.173652671041	(125, 0.1964287849133286)
125	54,0.175405966876	(125, 0.1964287849133286)
125	162,0.178641387689	(125, 0.1964287849133286)
126	81,0.0657302566912	(126, 0.068850704057089818)
126	126,0.0688507040571	(126, 0.068850704057089818)
126	132,0.076631510951	(126, 0.068850704057089818)
126	11,0.0768750835618	(126, 0.068850704057089818)
126	121,0.0769485010071	(126, 0.068850704057089818)
126	12,0.0807893256209	(126, 0.068850704057089818)
126	3,0.0813657726877	(126, 0.068850704057089818)
126	119,0.0864513037608	(126, 0.068850704057089818)
126	128,0.086607284831	(126, 0.068850704057089818)
126	22,0.0876256936644	(126, 0.068850704057089818)
127	17,0.0436853676947	(127, 0.053950691967759298)
127	74,0.0448093414177	(127, 0.053950691967759298)
127	136,0.0473176317645	(127, 0.053950691967759298)
127	127,0.0539506919678	(127, 0.053950691967759298)
127	100,0.0613867906642	(127, 0.053950691967759298)
127	59,0.0677439718605	(127, 0.053950691967759298)
127	77,0.0680076175091	(127, 0.053950691967759298)
127	37,0.0694838644878	(127, 0.053950691967759298)
127	49,0.0857572865676	(127, 0.053950691967759298)
127	90,0.0995459624112	(127, 0.053950691967759298)
128	128,0.0471543896758	(128, 0.047154389675842109)
128	78,0.0641124204871	(128, 0.047154389675842109)
128	12,0.0664397090289	(128, 0.047154389675842109)
128	158,0.0682109358406	(128, 0.047154389675842109)
128	22,0.0685574400566	(128, 0.047154389675842109)
128	121,0.0686386252851	(128, 0.047154389675842109)
128	159,0.0736515521362	(128, 0.047154389675842109)
128	139,0.074943382927	(128, 0.047154389675842109)
128	132,0.0758486010265	(128, 0.047154389675842109)
128	18,0.076685950881	(128, 0.047154389675842109)
129	49,0.104638064129	(129, 0.1866979707155153)
129	98,0.10802389754	(129, 0.1866979707155153)
129	15,0.143339247682	(129, 0.1866979707155153)
129	59,0.150669749606	(129, 0.1866979707155153)
129	77,0.155729489056	(129, 0.1866979707155153)
129	100,0.156305108026	(129, 0.1866979707155153)
129	94,0.162361266718	(129, 0.1866979707155153)
129	83,0.165655866037	(129, 0.1866979707155153)
129	25,0.16577750921	(129, 0.1866979707155153)
129	129,0.186697970716	(129, 0.1866979707155153)
130	130,0.136358471018	(130, 0.13635847101827742)
130	13,0.156507421647	(130, 0.13635847101827742)
130	34,0.16162440171	(130, 0.13635847101827742)
130	65,0.161924245656	(130, 0.13635847101827742)
130	91,0.168742434699	(130, 0.13635847101827742)
130	53,0.175673995897	(130, 0.13635847101827742)
130	157,0.178919961413	(130, 0.13635847101827742)
130	73,0.179004070541	(130, 0.13635847101827742)
130	155,0.182634598564	(130, 0.13635847101827742)
130	28,0.184921425726	(130, 0.13635847101827742)
131	131,0.114248475883	(131, 0.11424847588251284)
131	166,0.118696759913	(131, 0.11424847588251284)
131	116,0.125903263169	(131, 0.11424847588251284)
131	72,0.131536517247	(131, 0.11424847588251284)
131	144,0.152529557818	(131, 0.11424847588251284)
131	104,0.167912543071	(131, 0.11424847588251284)
131	156,0.168287228141	(131, 0.11424847588251284)
131	84,0.170565425146	(131, 0.11424847588251284)
131	165,0.19924605534	(131, 0.11424847588251284)
131	93,0.199269696133	(131, 0.11424847588251284)
132	132,0.0370909675631	(132, 0.03709096756313638)
132	22,0.0410641412568	(132, 0.03709096756313638)
132	18,0.0411520623586	(132, 0.03709096756313638)
132	139,0.0478597999458	(132, 0.03709096756313638)
132	46,0.0492609361451	(132, 0.03709096756313638)
132	76,0.0501852978485	(132, 0.03709096756313638)
132	147,0.0533649691228	(132, 0.03709096756313638)
132	158,0.0551753161057	(132, 0.03709096756313638)
132	171,0.058308689223	(132, 0.03709096756313638)
132	121,0.0605134901981	(132, 0.03709096756313638)
133	133,0.0553700404532	(133, 0.055370040453223711)
133	34,0.147802596836	(133, 0.055370040453223711)
133	91,0.151204658678	(133, 0.055370040453223711)
133	130,0.168386896851	(133, 0.055370040453223711)
133	102,0.176430268831	(133, 0.055370040453223711)
133	103,0.181746795419	(133, 0.055370040453223711)
133	110,0.184514727068	(133, 0.055370040453223711)
133	153,0.184632360228	(133, 0.055370040453223711)
133	53,0.209050956867	(133, 0.055370040453223711)
133	28,0.214951702778	(133, 0.055370040453223711)
134	121,0.0572323896983	(134, 0.078763135708989129)
134	128,0.0650638246911	(134, 0.078763135708989129)
134	78,0.0675872013639	(134, 0.078763135708989129)
134	134,0.078763135709	(134, 0.078763135708989129)
134	18,0.0837058478174	(134, 0.078763135708989129)
134	73,0.0887615995192	(134, 0.078763135708989129)
134	22,0.0888912115136	(134, 0.078763135708989129)
134	26,0.10014549914	(134, 0.078763135708989129)
134	109,0.10024526837	(134, 0.078763135708989129)
134	12,0.103105855189	(134, 0.078763135708989129)
135	147,0.0365136118843	(135, 0.051078479298014512)
135	137,0.0459762983152	(135, 0.051078479298014512)
135	76,0.0490017884259	(135, 0.051078479298014512)
135	63,0.0498351272166	(135, 0.051078479298014512)
135	135,0.051078479298	(135, 0.051078479298014512)
135	162,0.0515004258213	(135, 0.051078479298014512)
135	77,0.0571300335875	(135, 0.051078479298014512)
135	171,0.0579908800566	(135, 0.051078479298014512)
135	136,0.064943172963	(135, 0.051078479298014512)
135	90,0.0701556615846	(135, 0.051078479298014512)
136	136,0.0759264158041	(136, 0.075926415804117603)
136	121,0.0878064033425	(136, 0.075926415804117603)
136	126,0.0905348675476	(136, 0.075926415804117603)
136	11,0.0912301065156	(136, 0.075926415804117603)
136	54,0.0938627204953	(136, 0.075926415804117603)
136	151,0.1008171833	(136, 0.075926415804117603)
136	78,0.101246801309	(136, 0.075926415804117603)
136	119,0.106980253182	(136, 0.075926415804117603)
136	132,0.107648976234	(136, 0.075926415804117603)
136	162,0.109282542635	(136, 0.075926415804117603)
137	137,0.0248843557722	(137, 0.024884355772243866)
137	63,0.0353012508041	(137, 0.024884355772243866)
137	147,0.0353742339833	(137, 0.024884355772243866)
137	3,0.0475531889155	(137, 0.024884355772243866)
137	171,0.051082469835	(137, 0.024884355772243866)
137	76,0.0541641122275	(137, 0.024884355772243866)
137	36,0.0573553058365	(137, 0.024884355772243866)
137	90,0.0592976125955	(137, 0.024884355772243866)
137	136,0.0650669821633	(137, 0.024884355772243866)
137	77,0.0664284134043	(137, 0.024884355772243866)
138	78,0.0664969196215	(138, 0.085953900518141182)
138	107,0.0717066643291	(138, 0.085953900518141182)
138	128,0.0717865821634	(138, 0.085953900518141182)
138	158,0.0819225793603	(138, 0.085953900518141182)
138	138,0.0859539005181	(138, 0.085953900518141182)
138	73,0.10712684223	(138, 0.085953900518141182)
138	38,0.108074642933	(138, 0.085953900518141182)
138	159,0.108424601333	(138, 0.085953900518141182)
138	99,0.110555591096	(138, 0.085953900518141182)
138	139,0.112175355381	(138, 0.085953900518141182)
139	139,0.0194273786522	(139, 0.01942737865221144)
139	46,0.0457685251925	(139, 0.01942737865221144)
139	18,0.0508847569771	(139, 0.01942737865221144)
139	151,0.05487214235	(139, 0.01942737865221144)
139	76,0.0552138475135	(139, 0.01942737865221144)
139	132,0.0566572489058	(139, 0.01942737865221144)
139	22,0.0581661765994	(139, 0.01942737865221144)
139	121,0.0722578152661	(139, 0.01942737865221144)
139	171,0.0739082472336	(139, 0.01942737865221144)
139	158,0.0758068906839	(139, 0.01942737865221144)
140	69,0.110602655489	(140, 0.11298904354868576)
140	124,0.11166652896	(140, 0.11298904354868576)
140	140,0.112989043549	(140, 0.11298904354868576)
140	93,0.113197875299	(140, 0.11298904354868576)
140	73,0.113529295068	(140, 0.11298904354868576)
140	157,0.120171797585	(140, 0.11298904354868576)
140	116,0.136340807886	(140, 0.11298904354868576)
140	53,0.145321735805	(140, 0.11298904354868576)
140	101,0.146609162465	(140, 0.11298904354868576)
140	28,0.147975393356	(140, 0.11298904354868576)
141	48,0.179514646781	(141, 0.18107203927692231)
141	141,0.181072039277	(141, 0.18107203927692231)
141	124,0.199639248457	(141, 0.18107203927692231)
141	120,0.212635781877	(141, 0.18107203927692231)
141	56,0.215315369135	(141, 0.18107203927692231)
141	4,0.216213270949	(141, 0.18107203927692231)
141	2,0.218934843846	(141, 0.18107203927692231)
141	97,0.219806670559	(141, 0.18107203927692231)
141	33,0.22474822055	(141, 0.18107203927692231)
141	69,0.228767962351	(141, 0.18107203927692231)
142	61,0.102670536462	(142, 0.30241277320492504)
142	23,0.123579081399	(142, 0.30241277320492504)
142	16,0.124464694101	(142, 0.30241277320492504)
142	38,0.127023845189	(142, 0.30241277320492504)
142	12,0.13257736061	(142, 0.30241277320492504)
142	105,0.132987119592	(142, 0.30241277320492504)
142	73,0.139074488008	(142, 0.30241277320492504)
142	55,0.139909432933	(142, 0.30241277320492504)
142	78,0.142537736346	(142, 0.30241277320492504)
142	24,0.146932890737	(142, 0.30241277320492504)
143	143,0.0412861446944	(143, 0.041286144694376456)
143	3,0.0431642640837	(143, 0.041286144694376456)
143	112,0.0458541561092	(143, 0.041286144694376456)
143	162,0.0485639901034	(143, 0.041286144694376456)
143	11,0.0489493154221	(143, 0.041286144694376456)
143	90,0.0504872057469	(143, 0.041286144694376456)
143	137,0.0534525997541	(143, 0.041286144694376456)
143	136,0.0615805864076	(143, 0.041286144694376456)
143	21,0.0627832233017	(143, 0.041286144694376456)
143	63,0.0635766867646	(143, 0.041286144694376456)
144	144,0.0521298155361	(144, 0.052129815536085151)
144	38,0.124670859342	(144, 0.052129815536085151)
144	14,0.127119679365	(144, 0.052129815536085151)
144	12,0.130505297008	(144, 0.052129815536085151)
144	156,0.137805063195	(144, 0.052129815536085151)
144	50,0.144538890134	(144, 0.052129815536085151)
144	116,0.146668064964	(144, 0.052129815536085151)
144	73,0.150695972704	(144, 0.052129815536085151)
144	27,0.154156225872	(144, 0.052129815536085151)
144	13,0.157709142884	(144, 0.052129815536085151)
145	78,0.073642889539	(145, 0.092390878629700718)
145	128,0.0810998155972	(145, 0.092390878629700718)
145	158,0.0812801652232	(145, 0.092390878629700718)
145	38,0.0829849164444	(145, 0.092390878629700718)
145	55,0.0901817322901	(145, 0.092390878629700718)
145	145,0.0923908786297	(145, 0.092390878629700718)
145	24,0.0960782245013	(145, 0.092390878629700718)
145	12,0.105215899283	(145, 0.092390878629700718)
145	61,0.115326895548	(145, 0.092390878629700718)
145	22,0.116268972531	(145, 0.092390878629700718)
146	146,0.0277515983568	(146, 0.027751598356847488)
146	159,0.0684426349244	(146, 0.027751598356847488)
146	12,0.0897492520655	(146, 0.027751598356847488)
146	46,0.102950934666	(146, 0.027751598356847488)
146	137,0.103367682873	(146, 0.027751598356847488)
146	132,0.105251742229	(146, 0.027751598356847488)
146	81,0.10541437475	(146, 0.027751598356847488)
146	18,0.109073315762	(146, 0.027751598356847488)
146	145,0.111815154257	(146, 0.027751598356847488)
146	172,0.115275022167	(146, 0.027751598356847488)
147	63,0.0270552461911	(147, 0.029341272196559218)
147	76,0.0277744156072	(147, 0.029341272196559218)
147	147,0.0293412721966	(147, 0.029341272196559218)
147	132,0.0514235354335	(147, 0.029341272196559218)
147	171,0.0536044250805	(147, 0.029341272196559218)
147	18,0.0536980221772	(147, 0.029341272196559218)
147	151,0.0537296793785	(147, 0.029341272196559218)
147	22,0.0538021858659	(147, 0.029341272196559218)
147	3,0.0552861310272	(147, 0.029341272196559218)
147	126,0.0557377218668	(147, 0.029341272196559218)
148	148,0.0362823835832	(148, 0.036282383583166496)
148	17,0.0518576313782	(148, 0.036282383583166496)
148	143,0.0528696942411	(148, 0.036282383583166496)
148	90,0.0673710098288	(148, 0.036282383583166496)
148	100,0.069778504263	(148, 0.036282383583166496)
148	112,0.0875566740737	(148, 0.036282383583166496)
148	49,0.091443111972	(148, 0.036282383583166496)
148	172,0.0934474899601	(148, 0.036282383583166496)
148	3,0.101495096816	(148, 0.036282383583166496)
148	37,0.102808280997	(148, 0.036282383583166496)
149	149,0.117096833846	(149, 0.11709683384552536)
149	32,0.194090395974	(149, 0.11709683384552536)
149	169,0.239277536049	(149, 0.11709683384552536)
149	33,0.247670332365	(149, 0.11709683384552536)
149	111,0.350881096707	(149, 0.11709683384552536)
149	165,0.353025127416	(149, 0.11709683384552536)
149	27,0.35370552505	(149, 0.11709683384552536)
149	156,0.355856742142	(149, 0.11709683384552536)
149	45,0.374130929027	(149, 0.11709683384552536)
149	91,0.377378335983	(149, 0.11709683384552536)
150	3,0.0312781605796	(150, 0.062435842893352432)
150	11,0.0394343411291	(150, 0.062435842893352432)
150	71,0.0471321726866	(150, 0.062435842893352432)
150	162,0.0514419322421	(150, 0.062435842893352432)
150	121,0.0572479668329	(150, 0.062435842893352432)
150	143,0.0601727642987	(150, 0.062435842893352432)
150	63,0.0619463230096	(150, 0.062435842893352432)
150	86,0.0619598796066	(150, 0.062435842893352432)
150	117,0.0620141883659	(150, 0.062435842893352432)
150	150,0.0624358428934	(150, 0.062435842893352432)
151	121,0.0405565823279	(151, 0.056649812599287377)
151	70,0.053905770698	(151, 0.056649812599287377)
151	132,0.0544405613698	(151, 0.056649812599287377)
151	151,0.0566498125993	(151, 0.056649812599287377)
151	3,0.0607942500166	(151, 0.056649812599287377)
151	63,0.0650224757422	(151, 0.056649812599287377)
151	11,0.0662083570223	(151, 0.056649812599287377)
151	81,0.0672089674032	(151, 0.056649812599287377)
151	22,0.0693951431843	(151, 0.056649812599287377)
151	117,0.0725990245115	(151, 0.056649812599287377)
152	152,0.0541650344361	(152, 0.054165034436131639)
152	121,0.0739065939114	(152, 0.054165034436131639)
152	18,0.0799639710576	(152, 0.054165034436131639)
152	88,0.0858474506862	(152, 0.054165034436131639)
152	12,0.0867075682275	(152, 0.054165034436131639)
152	117,0.0876809343897	(152, 0.054165034436131639)
152	35,0.0895090681191	(152, 0.054165034436131639)
152	139,0.0933199484851	(152, 0.054165034436131639)
152	81,0.0935576533211	(152, 0.054165034436131639)
152	22,0.0963570948095	(152, 0.054165034436131639)
153	133,0.0852863943031	(153, 0.13968658144684165)
153	34,0.129373867817	(153, 0.13968658144684165)
153	153,0.139686581447	(153, 0.13968658144684165)
153	130,0.141561378114	(153, 0.13968658144684165)
153	91,0.144235036135	(153, 0.13968658144684165)
153	102,0.16212412072	(153, 0.13968658144684165)
153	103,0.191702571688	(153, 0.13968658144684165)
153	28,0.196404624349	(153, 0.13968658144684165)
153	1,0.200137242403	(153, 0.13968658144684165)
153	53,0.202798198994	(153, 0.13968658144684165)
154	154,0.0329324624893	(154, 0.032932462489309207)
154	40,0.0724159230219	(154, 0.032932462489309207)
154	172,0.0841336696756	(154, 0.032932462489309207)
154	69,0.100016059395	(154, 0.032932462489309207)
154	174,0.105123623175	(154, 0.032932462489309207)
154	116,0.124748050341	(154, 0.032932462489309207)
154	4,0.126547032535	(154, 0.032932462489309207)
154	123,0.136252625961	(154, 0.032932462489309207)
154	48,0.146477475485	(154, 0.032932462489309207)
154	17,0.153384278505	(154, 0.032932462489309207)
155	11,0.0454689523502	(155, 0.090029537497754428)
155	162,0.058258784306	(155, 0.090029537497754428)
155	71,0.0600162266122	(155, 0.090029537497754428)
155	121,0.0600248080095	(155, 0.090029537497754428)
155	1,0.0745768450072	(155, 0.090029537497754428)
155	3,0.0765234938029	(155, 0.090029537497754428)
155	81,0.0811240645776	(155, 0.090029537497754428)
155	70,0.0848558482221	(155, 0.090029537497754428)
155	117,0.086122339119	(155, 0.090029537497754428)
155	73,0.0876567672013	(155, 0.090029537497754428)
156	73,0.0737739835617	(156, 0.075562077153081844)
156	156,0.0755620771531	(156, 0.075562077153081844)
156	144,0.0889026761447	(156, 0.075562077153081844)
156	109,0.0947066874869	(156, 0.075562077153081844)
156	27,0.120158010178	(156, 0.075562077153081844)
156	107,0.123178296962	(156, 0.075562077153081844)
156	93,0.12442799809	(156, 0.075562077153081844)
156	50,0.124461985221	(156, 0.075562077153081844)
156	38,0.130440023152	(156, 0.075562077153081844)
156	116,0.13482413837	(156, 0.075562077153081844)
157	22,0.0673933374311	(157, 0.092305656990975871)
157	12,0.0731901819207	(157, 0.092305656990975871)
157	73,0.0753386150545	(157, 0.092305656990975871)
157	126,0.0758509404232	(157, 0.092305656990975871)
157	93,0.0785019039757	(157, 0.092305656990975871)
157	3,0.0791613672814	(157, 0.092305656990975871)
157	121,0.0832570641184	(157, 0.092305656990975871)
157	132,0.0839984298576	(157, 0.092305656990975871)
157	128,0.0843430289305	(157, 0.092305656990975871)
157	76,0.0854402268431	(157, 0.092305656990975871)
158	77,0.0412375244773	(158, 0.12903952574505589)
158	3,0.0494541650814	(158, 0.12903952574505589)
158	147,0.0597418673768	(158, 0.12903952574505589)
158	37,0.0598596146063	(158, 0.12903952574505589)
158	171,0.0599505982596	(158, 0.12903952574505589)
158	136,0.0605409847959	(158, 0.12903952574505589)
158	63,0.0619008633545	(158, 0.12903952574505589)
158	137,0.0620984464648	(158, 0.12903952574505589)
158	76,0.0627470534751	(158, 0.12903952574505589)
158	11,0.0679655207242	(158, 0.12903952574505589)
159	146,0.0344518819291	(159, 0.087551239396308989)
159	137,0.0596941632511	(159, 0.087551239396308989)
159	150,0.0629564824798	(159, 0.087551239396308989)
159	18,0.0636992571016	(159, 0.087551239396308989)
159	46,0.0657378008812	(159, 0.087551239396308989)
159	36,0.0675446029975	(159, 0.087551239396308989)
159	147,0.0707408137991	(159, 0.087551239396308989)
159	3,0.0716560118503	(159, 0.087551239396308989)
159	63,0.0737192364564	(159, 0.087551239396308989)
159	81,0.0738612079848	(159, 0.087551239396308989)
160	164,0.131457286042	(160, 0.56179775158681378)
160	73,0.137002011344	(160, 0.56179775158681378)
160	38,0.140557217616	(160, 0.56179775158681378)
160	105,0.146697375211	(160, 0.56179775158681378)
160	27,0.146782080976	(160, 0.56179775158681378)
160	12,0.154445917056	(160, 0.56179775158681378)
160	43,0.161292811832	(160, 0.56179775158681378)
160	109,0.165023479705	(160, 0.56179775158681378)
160	24,0.168570331244	(160, 0.56179775158681378)
160	107,0.169232949067	(160, 0.56179775158681378)
161	161,0.03563280806	(161, 0.035632808059966881)
161	65,0.0752506165189	(161, 0.035632808059966881)
161	17,0.0861864914381	(161, 0.035632808059966881)
161	155,0.0944757451425	(161, 0.035632808059966881)
161	83,0.0969720037609	(161, 0.035632808059966881)
161	44,0.10633383639	(161, 0.035632808059966881)
161	68,0.107537738478	(161, 0.035632808059966881)
161	120,0.112293002487	(161, 0.035632808059966881)
161	100,0.114284321853	(161, 0.035632808059966881)
161	13,0.116409351509	(161, 0.035632808059966881)
162	162,0.0422644370917	(162, 0.042264437091714638)
162	18,0.048503072952	(162, 0.042264437091714638)
162	76,0.0502231537878	(162, 0.042264437091714638)
162	147,0.0523801818533	(162, 0.042264437091714638)
162	117,0.0549179919057	(162, 0.042264437091714638)
162	88,0.0612254293004	(162, 0.042264437091714638)
162	63,0.0639887732786	(162, 0.042264437091714638)
162	150,0.0657217693711	(162, 0.042264437091714638)
162	121,0.0667000037558	(162, 0.042264437091714638)
162	171,0.0696941731487	(162, 0.042264437091714638)
163	17,0.0649143002477	(163, 0.104547991630607)
163	172,0.076948015992	(163, 0.104547991630607)
163	40,0.0802406565399	(163, 0.104547991630607)
163	148,0.0804615287318	(163, 0.104547991630607)
163	3,0.0828651426922	(163, 0.104547991630607)
163	100,0.0840483881964	(163, 0.104547991630607)
163	37,0.0894021429139	(163, 0.104547991630607)
163	143,0.0915082984486	(163, 0.104547991630607)
163	11,0.0946937768352	(163, 0.104547991630607)
163	83,0.0949115796603	(163, 0.104547991630607)
164	156,0.0942263568629	(164, 0.11101257310998418)
164	164,0.11101257311	(164, 0.11101257310998418)
164	27,0.118711281065	(164, 0.11101257310998418)
164	73,0.124692820647	(164, 0.11101257310998418)
164	32,0.133511764461	(164, 0.11101257310998418)
164	144,0.136215030523	(164, 0.11101257310998418)
164	109,0.15475165528	(164, 0.11101257310998418)
164	131,0.159669993891	(164, 0.11101257310998418)
164	107,0.172259256086	(164, 0.11101257310998418)
164	13,0.177556202879	(164, 0.11101257310998418)
165	93,0.0928499627599	(165, 0.12426900622893851)
165	116,0.118462621273	(165, 0.12426900622893851)
165	165,0.124269006229	(165, 0.12426900622893851)
165	157,0.125504971828	(165, 0.12426900622893851)
165	144,0.130869782528	(165, 0.12426900622893851)
165	73,0.13281598487	(165, 0.12426900622893851)
165	131,0.136411781987	(165, 0.12426900622893851)
165	156,0.152868326836	(165, 0.12426900622893851)
165	124,0.159585961587	(165, 0.12426900622893851)
165	13,0.170230794082	(165, 0.12426900622893851)
166	116,0.124736368475	(166, 0.16169443362546063)
166	69,0.144284053841	(166, 0.16169443362546063)
166	124,0.151360717415	(166, 0.16169443362546063)
166	144,0.153402787453	(166, 0.16169443362546063)
166	166,0.161694433625	(166, 0.16169443362546063)
166	104,0.164286858406	(166, 0.16169443362546063)
166	157,0.164537243107	(166, 0.16169443362546063)
166	140,0.166947459006	(166, 0.16169443362546063)
166	13,0.168318736876	(166, 0.16169443362546063)
166	93,0.174165613095	(166, 0.16169443362546063)
167	51,0.108061047815	(167, 0.18219885530250868)
167	32,0.143610679586	(167, 0.18219885530250868)
167	39,0.1473110047	(167, 0.18219885530250868)
167	27,0.163339749328	(167, 0.18219885530250868)
167	167,0.182198855303	(167, 0.18219885530250868)
167	169,0.224842332831	(167, 0.18219885530250868)
167	19,0.225530166187	(167, 0.18219885530250868)
167	156,0.240511701964	(167, 0.18219885530250868)
167	107,0.249523409267	(167, 0.18219885530250868)
167	164,0.254732461068	(167, 0.18219885530250868)
168	12,0.0884381897838	(168, 0.10177776374863265)
168	55,0.0976756886703	(168, 0.10177776374863265)
168	168,0.101777763749	(168, 0.10177776374863265)
168	18,0.101850005313	(168, 0.10177776374863265)
168	152,0.105690565325	(168, 0.10177776374863265)
168	121,0.107141148168	(168, 0.10177776374863265)
168	86,0.116296424289	(168, 0.10177776374863265)
168	151,0.11821808529	(168, 0.10177776374863265)
168	38,0.118425813867	(168, 0.10177776374863265)
168	105,0.128994125141	(168, 0.10177776374863265)
169	169,0.134490843471	(169, 0.13449084347064813)
169	156,0.135612278746	(169, 0.13449084347064813)
169	27,0.145862428952	(169, 0.13449084347064813)
169	73,0.148799150903	(169, 0.13449084347064813)
169	99,0.149376628112	(169, 0.13449084347064813)
169	170,0.154386859738	(169, 0.13449084347064813)
169	144,0.162180681602	(169, 0.13449084347064813)
169	109,0.167650659429	(169, 0.13449084347064813)
169	164,0.171029991243	(169, 0.13449084347064813)
169	19,0.17527289567	(169, 0.13449084347064813)
170	170,0.0922535805799	(170, 0.092253580579900532)
170	27,0.114027521862	(170, 0.092253580579900532)
170	99,0.121209502936	(170, 0.092253580579900532)
170	73,0.130687856732	(170, 0.092253580579900532)
170	144,0.136178963872	(170, 0.092253580579900532)
170	19,0.141286683754	(170, 0.092253580579900532)
170	109,0.162874973355	(170, 0.092253580579900532)
170	114,0.166561308673	(170, 0.092253580579900532)
170	84,0.168201186532	(170, 0.092253580579900532)
170	140,0.170793928884	(170, 0.092253580579900532)
171	156,0.0992957876733	(171, 0.29553176760357447)
171	27,0.107703382381	(171, 0.29553176760357447)
171	73,0.120243412602	(171, 0.29553176760357447)
171	32,0.128733805873	(171, 0.29553176760357447)
171	107,0.137048525071	(171, 0.29553176760357447)
171	164,0.137974786387	(171, 0.29553176760357447)
171	19,0.165174202465	(171, 0.29553176760357447)
171	144,0.173448405204	(171, 0.29553176760357447)
171	102,0.173992406314	(171, 0.29553176760357447)
171	51,0.174543509287	(171, 0.29553176760357447)
172	172,0.0207946631817	(172, 0.020794663181735267)
172	137,0.0497852935674	(172, 0.020794663181735267)
172	3,0.0573590083909	(172, 0.020794663181735267)
172	17,0.0627063334702	(172, 0.020794663181735267)
172	77,0.0690621961979	(172, 0.020794663181735267)
172	90,0.0725289959568	(172, 0.020794663181735267)
172	136,0.0731544721324	(172, 0.020794663181735267)
172	81,0.0785530706071	(172, 0.020794663181735267)
172	37,0.0802621315948	(172, 0.020794663181735267)
172	171,0.0826122663244	(172, 0.020794663181735267)
173	107,0.10010210394	(173, 0.17733823401643573)
173	38,0.105898826136	(173, 0.17733823401643573)
173	158,0.106109063241	(173, 0.17733823401643573)
173	24,0.113159539873	(173, 0.17733823401643573)
173	27,0.114145106863	(173, 0.17733823401643573)
173	78,0.138472013534	(173, 0.17733823401643573)
173	128,0.139198819478	(173, 0.17733823401643573)
173	61,0.141142343157	(173, 0.17733823401643573)
173	156,0.142028031169	(173, 0.17733823401643573)
173	43,0.15192831575	(173, 0.17733823401643573)
174	174,0.0383959162392	(174, 0.038395916239159118)
174	15,0.0614317816323	(174, 0.038395916239159118)
174	56,0.0632025703009	(174, 0.038395916239159118)
174	17,0.0825760411631	(174, 0.038395916239159118)
174	120,0.0838280252929	(174, 0.038395916239159118)
174	69,0.0949841470358	(174, 0.038395916239159118)
174	4,0.0975200203676	(174, 0.038395916239159118)
174	2,0.0985176728012	(174, 0.038395916239159118)
174	172,0.108715661349	(174, 0.038395916239159118)
174	154,0.111585000777	(174, 0.038395916239159118)
