0	0,0.00436423680366	(0, 0.0043642368036575915)
0	99,0.00975427408937	(0, 0.0043642368036575915)
0	84,0.00984265081118	(0, 0.0043642368036575915)
0	38,0.0107831244773	(0, 0.0043642368036575915)
0	109,0.0120048989147	(0, 0.0043642368036575915)
0	170,0.0121612725175	(0, 0.0043642368036575915)
0	144,0.0122534736418	(0, 0.0043642368036575915)
0	173,0.0126690769773	(0, 0.0043642368036575915)
0	138,0.0138082031123	(0, 0.0043642368036575915)
0	14,0.0140103319145	(0, 0.0043642368036575915)
1	1,0.00325597631658	(1, 0.0032559763165800294)
1	103,0.00562649096471	(1, 0.0032559763165800294)
1	102,0.00577191911326	(1, 0.0032559763165800294)
1	28,0.00605272161179	(1, 0.0032559763165800294)
1	91,0.00622004656892	(1, 0.0032559763165800294)
1	155,0.00652533196174	(1, 0.0032559763165800294)
1	153,0.00660496382366	(1, 0.0032559763165800294)
1	114,0.00750799550354	(1, 0.0032559763165800294)
1	65,0.00775767754354	(1, 0.0032559763165800294)
1	83,0.0082452612062	(1, 0.0032559763165800294)
2	154,0.00406277579194	(2, 0.0068617219266951515)
2	4,0.0044530902382	(2, 0.0068617219266951515)
2	69,0.00571133277657	(2, 0.0068617219266951515)
2	174,0.0060058589968	(2, 0.0068617219266951515)
2	40,0.00647775214903	(2, 0.0068617219266951515)
2	2,0.0068617219267	(2, 0.0068617219266951515)
2	172,0.00748240628143	(2, 0.0068617219266951515)
2	25,0.00849304140241	(2, 0.0068617219266951515)
2	15,0.00924607318691	(2, 0.0068617219266951515)
2	56,0.00932676043199	(2, 0.0068617219266951515)
3	3,0.00166369347267	(3, 0.0016636934726734704)
3	63,0.00291247936671	(3, 0.0016636934726734704)
3	162,0.00337896417493	(3, 0.0016636934726734704)
3	11,0.00358835047137	(3, 0.0016636934726734704)
3	121,0.00375033509112	(3, 0.0016636934726734704)
3	81,0.00375222759483	(3, 0.0016636934726734704)
3	150,0.00382701011391	(3, 0.0016636934726734704)
3	132,0.00385678986345	(3, 0.0016636934726734704)
3	151,0.00439108893007	(3, 0.0016636934726734704)
3	112,0.00445563010403	(3, 0.0016636934726734704)
4	172,0.00322706802148	(4, 0.0044890529296991661)
4	37,0.00381877347486	(4, 0.0044890529296991661)
4	13,0.00388248095879	(4, 0.0044890529296991661)
4	17,0.00391755403949	(4, 0.0044890529296991661)
4	40,0.00437049799152	(4, 0.0044890529296991661)
4	4,0.0044890529297	(4, 0.0044890529296991661)
4	69,0.00481646281844	(4, 0.0044890529296991661)
4	11,0.0049210592467	(4, 0.0044890529296991661)
4	3,0.00510417827718	(4, 0.0044890529296991661)
4	120,0.00535848528288	(4, 0.0044890529296991661)
5	73,0.00414305936901	(5, 0.015072525455261988)
5	107,0.00585718165674	(5, 0.015072525455261988)
5	95,0.00713293155238	(5, 0.015072525455261988)
5	78,0.00755005402039	(5, 0.015072525455261988)
5	128,0.0078415253628	(5, 0.015072525455261988)
5	26,0.00785216257037	(5, 0.015072525455261988)
5	93,0.00792803238896	(5, 0.015072525455261988)
5	158,0.00795785039931	(5, 0.015072525455261988)
5	1,0.00830186002709	(5, 0.015072525455261988)
5	22,0.00856127430503	(5, 0.015072525455261988)
6	139,0.00228352256269	(6, 0.0030629923069053263)
6	46,0.00263673152338	(6, 0.0030629923069053263)
6	6,0.00306299230691	(6, 0.0030629923069053263)
6	76,0.0034671178298	(6, 0.0030629923069053263)
6	22,0.0037646898472	(6, 0.0030629923069053263)
6	171,0.00424991462922	(6, 0.0030629923069053263)
6	18,0.00435167418793	(6, 0.0030629923069053263)
6	158,0.00439212518727	(6, 0.0030629923069053263)
6	35,0.00465034164466	(6, 0.0030629923069053263)
6	132,0.0046952236949	(6, 0.0030629923069053263)
7	66,0.0179342347879	(7, 0.028321607093515205)
7	167,0.0187797268908	(7, 0.028321607093515205)
7	80,0.0212177994128	(7, 0.028321607093515205)
7	32,0.0230722883628	(7, 0.028321607093515205)
7	51,0.0237212006631	(7, 0.028321607093515205)
7	169,0.0245973595947	(7, 0.028321607093515205)
7	160,0.024803041377	(7, 0.028321607093515205)
7	7,0.0283216070935	(7, 0.028321607093515205)
7	149,0.0300566713021	(7, 0.028321607093515205)
7	58,0.0306705879275	(7, 0.028321607093515205)
8	11,0.00370117384689	(8, 0.0049185877716162174)
8	162,0.0047565798141	(8, 0.0049185877716162174)
8	121,0.00483347714474	(8, 0.0049185877716162174)
8	8,0.00491858777162	(8, 0.0049185877716162174)
8	73,0.0054905613683	(8, 0.0049185877716162174)
8	71,0.00566154097248	(8, 0.0049185877716162174)
8	3,0.0058152758989	(8, 0.0049185877716162174)
8	86,0.00611472578399	(8, 0.0049185877716162174)
8	18,0.00611801689144	(8, 0.0049185877716162174)
8	70,0.0062083059719	(8, 0.0049185877716162174)
9	9,0.00580692764097	(9, 0.0058069276409674726)
9	155,0.0122929019772	(9, 0.0058069276409674726)
9	114,0.0129007381592	(9, 0.0058069276409674726)
9	53,0.0139746148155	(9, 0.0058069276409674726)
9	91,0.0144571380172	(9, 0.0058069276409674726)
9	124,0.0154389443973	(9, 0.0058069276409674726)
9	41,0.0176134931931	(9, 0.0058069276409674726)
9	28,0.0181298557574	(9, 0.0058069276409674726)
9	65,0.0183445556316	(9, 0.0058069276409674726)
9	1,0.0199673988048	(9, 0.0058069276409674726)
10	10,0.0073291379046	(10, 0.0073291379045985717)
10	47,0.0103380927773	(10, 0.0073291379045985717)
10	99,0.0192283244741	(10, 0.0073291379045985717)
10	173,0.0201581391108	(10, 0.0073291379045985717)
10	167,0.0202660856279	(10, 0.0073291379045985717)
10	84,0.0206054043974	(10, 0.0073291379045985717)
10	27,0.0211091616727	(10, 0.0073291379045985717)
10	14,0.0217816797452	(10, 0.0073291379045985717)
10	166,0.0218974006421	(10, 0.0073291379045985717)
10	138,0.0225753192553	(10, 0.0073291379045985717)
11	11,0.00164122947049	(11, 0.0016412294704916054)
11	119,0.00361415447666	(11, 0.0016412294704916054)
11	81,0.00416811634275	(11, 0.0016412294704916054)
11	3,0.00445007509027	(11, 0.0016412294704916054)
11	96,0.00460700107533	(11, 0.0016412294704916054)
11	115,0.00465902985583	(11, 0.0016412294704916054)
11	37,0.00479121551947	(11, 0.0016412294704916054)
11	112,0.0054359725572	(11, 0.0016412294704916054)
11	71,0.00575572782825	(11, 0.0016412294704916054)
11	13,0.00591599781663	(11, 0.0016412294704916054)
12	22,0.00256680336877	(12, 0.0027425367339438808)
12	12,0.00274253673394	(12, 0.0027425367339438808)
12	121,0.00290669866822	(12, 0.0027425367339438808)
12	76,0.00301767019614	(12, 0.0027425367339438808)
12	126,0.00304740943484	(12, 0.0027425367339438808)
12	151,0.00331038877131	(12, 0.0027425367339438808)
12	18,0.00361501751931	(12, 0.0027425367339438808)
12	132,0.00383469135621	(12, 0.0027425367339438808)
12	86,0.00389186501218	(12, 0.0027425367339438808)
12	78,0.00390085503049	(12, 0.0027425367339438808)
13	11,0.00231313702021	(13, 0.0043372062923642141)
13	3,0.00302171684648	(13, 0.0043372062923642141)
13	172,0.00326059801745	(13, 0.0043372062923642141)
13	37,0.00332664688645	(13, 0.0043372062923642141)
13	162,0.00332971564897	(13, 0.0043372062923642141)
13	81,0.00339140245226	(13, 0.0043372062923642141)
13	90,0.00357523577333	(13, 0.0043372062923642141)
13	17,0.003612146509	(13, 0.0043372062923642141)
13	77,0.00373822855557	(13, 0.0043372062923642141)
13	136,0.0039050049543	(13, 0.0043372062923642141)
14	14,0.0038793510693	(14, 0.0038793510692992938)
14	72,0.00403989311081	(14, 0.0038793510692992938)
14	159,0.00649594148885	(14, 0.0038793510692992938)
14	144,0.00660626006217	(14, 0.0038793510692992938)
14	145,0.00721045900828	(14, 0.0038793510692992938)
14	84,0.00749170607188	(14, 0.0038793510692992938)
14	109,0.00778823587342	(14, 0.0038793510692992938)
14	123,0.00803944708201	(14, 0.0038793510692992938)
14	131,0.0082449571539	(14, 0.0038793510692992938)
14	116,0.00844961953405	(14, 0.0038793510692992938)
15	15,0.00324711249048	(15, 0.0032471124904816565)
15	17,0.00363916920861	(15, 0.0032471124904816565)
15	49,0.00451434358463	(15, 0.0032471124904816565)
15	100,0.00511697715893	(15, 0.0032471124904816565)
15	77,0.00547279114044	(15, 0.0032471124904816565)
15	59,0.00594120777772	(15, 0.0032471124904816565)
15	34,0.00600399441663	(15, 0.0032471124904816565)
15	161,0.00606668303786	(15, 0.0032471124904816565)
15	174,0.00619014695363	(15, 0.0032471124904816565)
15	83,0.00628866680574	(15, 0.0032471124904816565)
16	16,0.0053320475959	(16, 0.0053320475958954713)
16	170,0.00691409286327	(16, 0.0053320475958954713)
16	19,0.00773707616512	(16, 0.0053320475958954713)
16	0,0.00828908655463	(16, 0.0053320475958954713)
16	27,0.00909996395612	(16, 0.0053320475958954713)
16	101,0.00934664924599	(16, 0.0053320475958954713)
16	114,0.00949975550463	(16, 0.0053320475958954713)
16	144,0.0099174845162	(16, 0.0053320475958954713)
16	140,0.0102735266131	(16, 0.0053320475958954713)
16	73,0.0103107776322	(16, 0.0053320475958954713)
17	17,0.00185732224802	(17, 0.0018573222480183476)
17	172,0.00255709109238	(17, 0.0018573222480183476)
17	77,0.00371302522015	(17, 0.0018573222480183476)
17	100,0.00383210563661	(17, 0.0018573222480183476)
17	143,0.0040652222599	(17, 0.0018573222480183476)
17	90,0.00422884800328	(17, 0.0018573222480183476)
17	37,0.00437473971575	(17, 0.0018573222480183476)
17	136,0.00461899033341	(17, 0.0018573222480183476)
17	3,0.00472575692831	(17, 0.0018573222480183476)
17	49,0.00474912127809	(17, 0.0018573222480183476)
18	18,0.00217626856544	(18, 0.0021762685654352146)
18	88,0.00264103511041	(18, 0.0021762685654352146)
18	121,0.00287578043111	(18, 0.0021762685654352146)
18	22,0.0029643487983	(18, 0.0021762685654352146)
18	61,0.00299034874091	(18, 0.0021762685654352146)
18	76,0.00319093622378	(18, 0.0021762685654352146)
18	35,0.00324577174312	(18, 0.0021762685654352146)
18	139,0.00331882965044	(18, 0.0021762685654352146)
18	132,0.00376674661997	(18, 0.0021762685654352146)
18	23,0.0039285022338	(18, 0.0021762685654352146)
19	19,0.00621639440949	(19, 0.0062163944094855402)
19	27,0.00679634621376	(19, 0.0062163944094855402)
19	43,0.00772035027724	(19, 0.0062163944094855402)
19	99,0.0087051526268	(19, 0.0062163944094855402)
19	32,0.0104681689737	(19, 0.0062163944094855402)
19	107,0.0114614636528	(19, 0.0062163944094855402)
19	164,0.0123083899958	(19, 0.0062163944094855402)
19	58,0.0126067459256	(19, 0.0062163944094855402)
19	84,0.0126492734645	(19, 0.0062163944094855402)
19	39,0.0128395309263	(19, 0.0062163944094855402)
20	73,0.0046065274266	(20, 0.005308805932276602)
20	20,0.00530880593228	(20, 0.005308805932276602)
20	124,0.00533198796654	(20, 0.005308805932276602)
20	93,0.00647617671442	(20, 0.005308805932276602)
20	1,0.00654082998957	(20, 0.005308805932276602)
20	157,0.00661378729991	(20, 0.005308805932276602)
20	89,0.00689277785197	(20, 0.005308805932276602)
20	109,0.00727443740309	(20, 0.005308805932276602)
20	128,0.00752675220463	(20, 0.005308805932276602)
20	155,0.00796920070776	(20, 0.005308805932276602)
21	121,0.00251266852178	(21, 0.0046601420246357213)
21	71,0.00266937019221	(21, 0.0046601420246357213)
21	11,0.00288690647589	(21, 0.0046601420246357213)
21	117,0.00297966184495	(21, 0.0046601420246357213)
21	162,0.00314706393146	(21, 0.0046601420246357213)
21	22,0.00375949729139	(21, 0.0046601420246357213)
21	23,0.00392361833811	(21, 0.0046601420246357213)
21	76,0.00401677575557	(21, 0.0046601420246357213)
21	86,0.00431790302405	(21, 0.0046601420246357213)
21	63,0.00435142739831	(21, 0.0046601420246357213)
22	22,0.00214188362896	(22, 0.0021418836289623594)
22	117,0.00244729423766	(22, 0.0021418836289623594)
22	76,0.00268377881563	(22, 0.0021418836289623594)
22	139,0.00286834783704	(22, 0.0021418836289623594)
22	132,0.00323712325103	(22, 0.0021418836289623594)
22	46,0.00339038783382	(22, 0.0021418836289623594)
22	121,0.00364274573618	(22, 0.0021418836289623594)
22	3,0.00370602012765	(22, 0.0021418836289623594)
22	18,0.00378413311237	(22, 0.0021418836289623594)
22	63,0.00386762529596	(22, 0.0021418836289623594)
23	23,0.00172453862858	(23, 0.0017245386285782438)
23	61,0.00214779724888	(23, 0.0017245386285782438)
23	26,0.00481314773446	(23, 0.0017245386285782438)
23	121,0.00561233760624	(23, 0.0017245386285782438)
23	78,0.00594975282356	(23, 0.0017245386285782438)
23	63,0.00609323606607	(23, 0.0017245386285782438)
23	162,0.00639580963258	(23, 0.0017245386285782438)
23	76,0.00659653728841	(23, 0.0017245386285782438)
23	147,0.00678799257222	(23, 0.0017245386285782438)
23	70,0.00723345598533	(23, 0.0017245386285782438)
24	24,0.00266298357361	(24, 0.0026629835736124872)
24	27,0.0064107607189	(24, 0.0026629835736124872)
24	107,0.00651526042008	(24, 0.0026629835736124872)
24	61,0.00791443779993	(24, 0.0026629835736124872)
24	158,0.00803344945565	(24, 0.0026629835736124872)
24	135,0.0080435595844	(24, 0.0026629835736124872)
24	73,0.00808767648298	(24, 0.0026629835736124872)
24	50,0.008439061606	(24, 0.0026629835736124872)
24	22,0.00866535671468	(24, 0.0026629835736124872)
24	12,0.0088461083322	(24, 0.0026629835736124872)
25	69,0.00293932785993	(25, 0.0035418405923402963)
25	40,0.00343088353365	(25, 0.0035418405923402963)
25	25,0.00354184059234	(25, 0.0035418405923402963)
25	148,0.00419980335924	(25, 0.0035418405923402963)
25	4,0.00434528486904	(25, 0.0035418405923402963)
25	15,0.00517186534748	(25, 0.0035418405923402963)
25	79,0.00603353508144	(25, 0.0035418405923402963)
25	17,0.00653091949424	(25, 0.0035418405923402963)
25	172,0.00661717089498	(25, 0.0035418405923402963)
25	83,0.007040784523	(25, 0.0035418405923402963)
26	121,0.00198125886456	(26, 0.0048516966418207848)
26	11,0.00248739606578	(26, 0.0048516966418207848)
26	18,0.00265012436139	(26, 0.0048516966418207848)
26	63,0.00279966745066	(26, 0.0048516966418207848)
26	132,0.00297896589531	(26, 0.0048516966418207848)
26	162,0.0030992772015	(26, 0.0048516966418207848)
26	76,0.00310528276415	(26, 0.0048516966418207848)
26	22,0.00315219423827	(26, 0.0048516966418207848)
26	147,0.00336610337616	(26, 0.0048516966418207848)
26	151,0.00339613634355	(26, 0.0048516966418207848)
27	78,0.00477657093102	(27, 0.0076253135010851212)
27	170,0.00565250588226	(27, 0.0076253135010851212)
27	121,0.00580538221156	(27, 0.0076253135010851212)
27	61,0.00603770029027	(27, 0.0076253135010851212)
27	26,0.00611106025421	(27, 0.0076253135010851212)
27	73,0.00647139697011	(27, 0.0076253135010851212)
27	107,0.00691558148482	(27, 0.0076253135010851212)
27	128,0.00693205697402	(27, 0.0076253135010851212)
27	23,0.00709204574106	(27, 0.0076253135010851212)
27	101,0.00720413555856	(27, 0.0076253135010851212)
28	1,0.00428847598643	(28, 0.0057604468045487833)
28	13,0.00495311696996	(28, 0.0057604468045487833)
28	28,0.00576044680455	(28, 0.0057604468045487833)
28	3,0.00587448827807	(28, 0.0057604468045487833)
28	73,0.00616629836583	(28, 0.0057604468045487833)
28	155,0.00662660448277	(28, 0.0057604468045487833)
28	83,0.00665300878001	(28, 0.0057604468045487833)
28	65,0.00668002149893	(28, 0.0057604468045487833)
28	53,0.00688280979968	(28, 0.0057604468045487833)
28	114,0.00742327900224	(28, 0.0057604468045487833)
29	29,0.00265754348565	(29, 0.0026575434856526896)
29	77,0.00329390939716	(29, 0.0026575434856526896)
29	71,0.00429202597552	(29, 0.0026575434856526896)
29	135,0.00460774567104	(29, 0.0026575434856526896)
29	11,0.00513387431528	(29, 0.0026575434856526896)
29	13,0.00518182071929	(29, 0.0026575434856526896)
29	76,0.00530350589747	(29, 0.0026575434856526896)
29	73,0.00535385467619	(29, 0.0026575434856526896)
29	3,0.00544593722503	(29, 0.0026575434856526896)
29	172,0.00546312610978	(29, 0.0026575434856526896)
30	30,0.0064999042006	(30, 0.006499904200596306)
30	153,0.00891283817746	(30, 0.006499904200596306)
30	28,0.00942121838796	(30, 0.006499904200596306)
30	103,0.0100339333669	(30, 0.006499904200596306)
30	1,0.0103992034617	(30, 0.006499904200596306)
30	110,0.0105480574422	(30, 0.006499904200596306)
30	102,0.0107115614896	(30, 0.006499904200596306)
30	91,0.0111519886942	(30, 0.006499904200596306)
30	53,0.0115593472452	(30, 0.006499904200596306)
30	95,0.0126734499098	(30, 0.006499904200596306)
31	166,0.00662972832414	(31, 0.0089864955258163372)
31	31,0.00898649552582	(31, 0.0089864955258163372)
31	116,0.0105126545708	(31, 0.0089864955258163372)
31	72,0.0111928319165	(31, 0.0089864955258163372)
31	124,0.0116224835158	(31, 0.0089864955258163372)
31	144,0.0118318012014	(31, 0.0089864955258163372)
31	104,0.012512006634	(31, 0.0089864955258163372)
31	69,0.0126691897818	(31, 0.0089864955258163372)
31	131,0.0127401532548	(31, 0.0089864955258163372)
31	123,0.0135927007589	(31, 0.0089864955258163372)
32	156,0.00574223659275	(32, 0.0061908153886535196)
32	32,0.00619081538865	(32, 0.0061908153886535196)
32	27,0.00659121085016	(32, 0.0061908153886535196)
32	107,0.00916909938563	(32, 0.0061908153886535196)
32	50,0.00951434189777	(32, 0.0061908153886535196)
32	73,0.00967045020472	(32, 0.0061908153886535196)
32	164,0.0101462368621	(32, 0.0061908153886535196)
32	131,0.0104285182952	(32, 0.0061908153886535196)
32	24,0.0119708723653	(32, 0.0061908153886535196)
32	106,0.012142254964	(32, 0.0061908153886535196)
33	33,0.00448176972422	(33, 0.0044817697242198109)
33	4,0.00816976169727	(33, 0.0044817697242198109)
33	69,0.00866519150868	(33, 0.0044817697242198109)
33	106,0.00897684436736	(33, 0.0044817697242198109)
33	116,0.00948410956764	(33, 0.0044817697242198109)
33	40,0.0104143052548	(33, 0.0044817697242198109)
33	28,0.0107503373027	(33, 0.0044817697242198109)
33	156,0.0110950892315	(33, 0.0044817697242198109)
33	93,0.0112609146967	(33, 0.0044817697242198109)
33	73,0.0112747112967	(33, 0.0044817697242198109)
34	15,0.0032637375469	(34, 0.009159852833537931)
34	17,0.0035986283439	(34, 0.009159852833537931)
34	69,0.0037776382652	(34, 0.009159852833537931)
34	40,0.00400830440045	(34, 0.009159852833537931)
34	172,0.00409837048402	(34, 0.009159852833537931)
34	148,0.00464501207879	(34, 0.009159852833537931)
34	120,0.00478692123227	(34, 0.009159852833537931)
34	174,0.00522947177006	(34, 0.009159852833537931)
34	4,0.00536169956485	(34, 0.009159852833537931)
34	56,0.00572440025143	(34, 0.009159852833537931)
35	35,0.00203762869093	(35, 0.0020376286909329039)
35	88,0.00310829455522	(35, 0.0020376286909329039)
35	18,0.00344623377051	(35, 0.0020376286909329039)
35	22,0.00502278757629	(35, 0.0020376286909329039)
35	12,0.00508506936143	(35, 0.0020376286909329039)
35	139,0.00544768153357	(35, 0.0020376286909329039)
35	121,0.00556943348937	(35, 0.0020376286909329039)
35	61,0.00569146484955	(35, 0.0020376286909329039)
35	38,0.0058180224303	(35, 0.0020376286909329039)
35	158,0.00583999797333	(35, 0.0020376286909329039)
36	76,0.0018166264435	(36, 0.0024972197043148271)
36	147,0.00187207684708	(36, 0.0024972197043148271)
36	18,0.00221232492067	(36, 0.0024972197043148271)
36	46,0.00234678686235	(36, 0.0024972197043148271)
36	36,0.00249721970431	(36, 0.0024972197043148271)
36	63,0.00264925323819	(36, 0.0024972197043148271)
36	171,0.00311453837807	(36, 0.0024972197043148271)
36	88,0.00358784084606	(36, 0.0024972197043148271)
36	150,0.00373394613639	(36, 0.0024972197043148271)
36	22,0.00376350396523	(36, 0.0024972197043148271)
37	37,0.00259150853397	(37, 0.0025915085339699813)
37	3,0.00282050032858	(37, 0.0025915085339699813)
37	11,0.00289512853049	(37, 0.0025915085339699813)
37	100,0.00324333212856	(37, 0.0025915085339699813)
37	77,0.0034332426573	(37, 0.0025915085339699813)
37	90,0.00420217124294	(37, 0.0025915085339699813)
37	136,0.00429325344671	(37, 0.0025915085339699813)
37	21,0.0044603246772	(37, 0.0025915085339699813)
37	17,0.0044724457922	(37, 0.0025915085339699813)
37	63,0.00450269650035	(37, 0.0025915085339699813)
38	38,0.00195178483886	(38, 0.0019517848388562291)
38	12,0.00463169678192	(38, 0.0019517848388562291)
38	14,0.00512189121746	(38, 0.0019517848388562291)
38	55,0.00543206371896	(38, 0.0019517848388562291)
38	50,0.00757152653864	(38, 0.0019517848388562291)
38	128,0.00762154790681	(38, 0.0019517848388562291)
38	24,0.00772309964699	(38, 0.0019517848388562291)
38	43,0.00775736873604	(38, 0.0019517848388562291)
38	105,0.007795029237	(38, 0.0019517848388562291)
38	159,0.00797006748122	(38, 0.0019517848388562291)
39	39,0.00429532384869	(39, 0.0042953238486936589)
39	51,0.00954786684272	(39, 0.0042953238486936589)
39	156,0.00973317584419	(39, 0.0042953238486936589)
39	27,0.00989409674463	(39, 0.0042953238486936589)
39	107,0.0105728863755	(39, 0.0042953238486936589)
39	101,0.0112297751841	(39, 0.0042953238486936589)
39	169,0.0113461062888	(39, 0.0042953238486936589)
39	99,0.0115289181608	(39, 0.0042953238486936589)
39	84,0.01156949949	(39, 0.0042953238486936589)
39	73,0.0119245749058	(39, 0.0042953238486936589)
40	40,0.00309330501666	(40, 0.0030933050166613591)
40	15,0.00392142595905	(40, 0.0030933050166613591)
40	148,0.00417631382438	(40, 0.0030933050166613591)
40	25,0.00419035582296	(40, 0.0030933050166613591)
40	79,0.00420127355304	(40, 0.0030933050166613591)
40	100,0.00429288575749	(40, 0.0030933050166613591)
40	17,0.00439339708042	(40, 0.0030933050166613591)
40	69,0.00474050207542	(40, 0.0030933050166613591)
40	172,0.00497887805699	(40, 0.0030933050166613591)
40	49,0.00501397220992	(40, 0.0030933050166613591)
41	41,0.00303724153928	(41, 0.0030372415392827582)
41	155,0.00565032419557	(41, 0.0030372415392827582)
41	1,0.00745218676436	(41, 0.0030372415392827582)
41	20,0.00814360049668	(41, 0.0030372415392827582)
41	91,0.00901249473879	(41, 0.0030372415392827582)
41	124,0.00921507760508	(41, 0.0030372415392827582)
41	114,0.00980704529231	(41, 0.0030372415392827582)
41	102,0.00999918578805	(41, 0.0030372415392827582)
41	101,0.0102251231058	(41, 0.0030372415392827582)
41	53,0.0107453514537	(41, 0.0030372415392827582)
42	163,0.00842643718031	(42, 0.017442320888833959)
42	69,0.0117571962813	(42, 0.017442320888833959)
42	97,0.0118781056278	(42, 0.017442320888833959)
42	53,0.0119946743531	(42, 0.017442320888833959)
42	28,0.0121439138422	(42, 0.017442320888833959)
42	44,0.0133009584651	(42, 0.017442320888833959)
42	34,0.0133263233824	(42, 0.017442320888833959)
42	65,0.0134975600105	(42, 0.017442320888833959)
42	118,0.0140634067095	(42, 0.017442320888833959)
42	140,0.0142272631323	(42, 0.017442320888833959)
43	22,0.00347130724087	(43, 0.0061767662658820258)
43	128,0.00379066116184	(43, 0.0061767662658820258)
43	12,0.00382181168794	(43, 0.0061767662658820258)
43	121,0.00406871148887	(43, 0.0061767662658820258)
43	158,0.00413226178323	(43, 0.0061767662658820258)
43	78,0.00413330260877	(43, 0.0061767662658820258)
43	61,0.0042974127902	(43, 0.0061767662658820258)
43	50,0.00442872245574	(43, 0.0061767662658820258)
43	18,0.00468954739168	(43, 0.0061767662658820258)
43	55,0.00471175814997	(43, 0.0061767662658820258)
44	116,0.00471174419288	(44, 0.021331990962983834)
44	109,0.00533048496224	(44, 0.021331990962983834)
44	93,0.00543798779724	(44, 0.021331990962983834)
44	144,0.00640070092791	(44, 0.021331990962983834)
44	124,0.00651331872638	(44, 0.021331990962983834)
44	84,0.00679397854998	(44, 0.021331990962983834)
44	73,0.00718576265487	(44, 0.021331990962983834)
44	159,0.00723829953648	(44, 0.021331990962983834)
44	12,0.00756682313309	(44, 0.021331990962983834)
44	123,0.00767587998058	(44, 0.021331990962983834)
45	45,0.00733173669232	(45, 0.0073317366923160579)
45	130,0.0109919157691	(45, 0.0073317366923160579)
45	94,0.0113898056807	(45, 0.0073317366923160579)
45	133,0.0128644484513	(45, 0.0073317366923160579)
45	34,0.013877906943	(45, 0.0073317366923160579)
45	129,0.0156348390134	(45, 0.0073317366923160579)
45	15,0.0159744119217	(45, 0.0073317366923160579)
45	118,0.0160134686007	(45, 0.0073317366923160579)
45	91,0.0160312282208	(45, 0.0073317366923160579)
45	113,0.0161624166187	(45, 0.0073317366923160579)
46	46,0.00130814873365	(46, 0.0013081487336471455)
46	36,0.00213043195693	(46, 0.0013081487336471455)
46	137,0.00227959945635	(46, 0.0013081487336471455)
46	171,0.0025400105199	(46, 0.0013081487336471455)
46	76,0.00281075520773	(46, 0.0013081487336471455)
46	147,0.00352831313629	(46, 0.0013081487336471455)
46	63,0.00378827892123	(46, 0.0013081487336471455)
46	139,0.00401038876019	(46, 0.0013081487336471455)
46	6,0.00413447625904	(46, 0.0013081487336471455)
46	117,0.00433022678747	(46, 0.0013081487336471455)
47	47,0.00922745979152	(47, 0.0092274597915154404)
47	10,0.00996892229433	(47, 0.0092274597915154404)
47	99,0.0108697759063	(47, 0.0092274597915154404)
47	27,0.0117551687004	(47, 0.0092274597915154404)
47	19,0.0118609427845	(47, 0.0092274597915154404)
47	138,0.0136413128935	(47, 0.0092274597915154404)
47	43,0.0140123673697	(47, 0.0092274597915154404)
47	173,0.0143489282854	(47, 0.0092274597915154404)
47	84,0.0143830794533	(47, 0.0092274597915154404)
47	58,0.0153845717095	(47, 0.0092274597915154404)
48	48,0.00446723221369	(48, 0.004467232213694639)
48	56,0.00461697184115	(48, 0.004467232213694639)
48	120,0.00524906560504	(48, 0.004467232213694639)
48	69,0.00529864084715	(48, 0.004467232213694639)
48	4,0.00694552594019	(48, 0.004467232213694639)
48	174,0.00702001689887	(48, 0.004467232213694639)
48	124,0.00705469857444	(48, 0.004467232213694639)
48	40,0.007333214342	(48, 0.004467232213694639)
48	97,0.00771842805145	(48, 0.004467232213694639)
48	2,0.00856798541793	(48, 0.004467232213694639)
49	49,0.00317479287627	(49, 0.0031747928762726504)
49	77,0.00416655603934	(49, 0.0031747928762726504)
49	59,0.00423597497521	(49, 0.0031747928762726504)
49	15,0.00468726833373	(49, 0.0031747928762726504)
49	172,0.004888593804	(49, 0.0031747928762726504)
49	100,0.00495950507243	(49, 0.0031747928762726504)
49	17,0.00508005641023	(49, 0.0031747928762726504)
49	98,0.00546560097554	(49, 0.0031747928762726504)
49	83,0.00644491184713	(49, 0.0031747928762726504)
49	174,0.0066123651914	(49, 0.0031747928762726504)
50	50,0.00210262197241	(50, 0.0021026219724115912)
50	12,0.00542291606186	(50, 0.0021026219724115912)
50	107,0.00594911960636	(50, 0.0021026219724115912)
50	171,0.00678052908182	(50, 0.0021026219724115912)
50	158,0.00698518670209	(50, 0.0021026219724115912)
50	38,0.00726852100013	(50, 0.0021026219724115912)
50	128,0.00736817658536	(50, 0.0021026219724115912)
50	76,0.00752558505708	(50, 0.0021026219724115912)
50	22,0.00774833772491	(50, 0.0021026219724115912)
50	156,0.00821980172967	(50, 0.0021026219724115912)
51	124,0.00263564121047	(51, 0.014693042364222237)
51	155,0.00518452612699	(51, 0.014693042364222237)
51	73,0.00539799304747	(51, 0.014693042364222237)
51	53,0.00590584453532	(51, 0.014693042364222237)
51	157,0.00608696744435	(51, 0.014693042364222237)
51	20,0.006955466134	(51, 0.014693042364222237)
51	41,0.0074125367902	(51, 0.014693042364222237)
51	1,0.00795431602374	(51, 0.014693042364222237)
51	28,0.00829684082172	(51, 0.014693042364222237)
51	93,0.00858544978258	(51, 0.014693042364222237)
52	53,0.00430171852364	(52, 0.020124774134817468)
52	44,0.00552472192691	(52, 0.020124774134817468)
52	124,0.00656296894402	(52, 0.020124774134817468)
52	155,0.00730768425582	(52, 0.020124774134817468)
52	163,0.00759299612045	(52, 0.020124774134817468)
52	13,0.00816953697037	(52, 0.020124774134817468)
52	114,0.00831383377674	(52, 0.020124774134817468)
52	65,0.00863698509573	(52, 0.020124774134817468)
52	4,0.00867658394032	(52, 0.020124774134817468)
52	161,0.00871507383451	(52, 0.020124774134817468)
53	65,0.00377499465315	(53, 0.0054321436892782529)
53	53,0.00543214368928	(53, 0.0054321436892782529)
53	155,0.0056550547341	(53, 0.0054321436892782529)
53	44,0.00624128864253	(53, 0.0054321436892782529)
53	161,0.00635992527551	(53, 0.0054321436892782529)
53	120,0.00660297231813	(53, 0.0054321436892782529)
53	163,0.00754650267678	(53, 0.0054321436892782529)
53	34,0.00787659300897	(53, 0.0054321436892782529)
53	114,0.00801954023776	(53, 0.0054321436892782529)
53	13,0.0080462425012	(53, 0.0054321436892782529)
54	136,0.0021661620663	(54, 0.0037573449875324865)
54	54,0.00375734498753	(54, 0.0037573449875324865)
54	3,0.00381108653577	(54, 0.0037573449875324865)
54	162,0.00427833838763	(54, 0.0037573449875324865)
54	137,0.00434723024398	(54, 0.0037573449875324865)
54	11,0.00439835328482	(54, 0.0037573449875324865)
54	17,0.00449196130878	(54, 0.0037573449875324865)
54	37,0.00463552202409	(54, 0.0037573449875324865)
54	63,0.00475537077669	(54, 0.0037573449875324865)
54	71,0.00489814213777	(54, 0.0037573449875324865)
55	12,0.00354275868399	(55, 0.0037811597524683074)
55	55,0.00378115975247	(55, 0.0037811597524683074)
55	159,0.00428795921099	(55, 0.0037811597524683074)
55	38,0.00448019442743	(55, 0.0037811597524683074)
55	18,0.00511632344416	(55, 0.0037811597524683074)
55	121,0.00514714724685	(55, 0.0037811597524683074)
55	152,0.00529948390101	(55, 0.0037811597524683074)
55	128,0.00535326882598	(55, 0.0037811597524683074)
55	134,0.00551429185779	(55, 0.0037811597524683074)
55	151,0.0056471530457	(55, 0.0037811597524683074)
56	56,0.00420523357166	(56, 0.0042052335716579511)
56	15,0.00499214908212	(56, 0.0042052335716579511)
56	120,0.00511540358742	(56, 0.0042052335716579511)
56	174,0.00726747393295	(56, 0.0042052335716579511)
56	113,0.00759271648128	(56, 0.0042052335716579511)
56	2,0.00785077807103	(56, 0.0042052335716579511)
56	34,0.00827967079042	(56, 0.0042052335716579511)
56	69,0.00876321970725	(56, 0.0042052335716579511)
56	44,0.00885115562485	(56, 0.0042052335716579511)
56	4,0.0091048409306	(56, 0.0042052335716579511)
57	57,0.00598827914556	(57, 0.0059882791455554973)
57	122,0.0109610359595	(57, 0.0059882791455554973)
57	15,0.015030954173	(57, 0.0059882791455554973)
57	174,0.0152278678904	(57, 0.0059882791455554973)
57	56,0.015985928861	(57, 0.0059882791455554973)
57	113,0.0168790408646	(57, 0.0059882791455554973)
57	2,0.0170804618684	(57, 0.0059882791455554973)
57	120,0.0182087956097	(57, 0.0059882791455554973)
57	108,0.0189312191711	(57, 0.0059882791455554973)
57	59,0.0198632066816	(57, 0.0059882791455554973)
58	24,0.0044326972366	(58, 0.017466274756479307)
58	107,0.00535836770021	(58, 0.017466274756479307)
58	27,0.00611709258032	(58, 0.017466274756479307)
58	50,0.00625694676024	(58, 0.017466274756479307)
58	61,0.00725864185351	(58, 0.017466274756479307)
58	43,0.00762583479301	(58, 0.017466274756479307)
58	158,0.00792566457071	(58, 0.017466274756479307)
58	38,0.00835395027899	(58, 0.017466274756479307)
58	105,0.00862909087743	(58, 0.017466274756479307)
58	78,0.00875896516386	(58, 0.017466274756479307)
59	15,0.00950578088054	(59, 0.012256483344747408)
59	83,0.00993074118657	(59, 0.012256483344747408)
59	113,0.0101303376231	(59, 0.012256483344747408)
59	94,0.0102509895262	(59, 0.012256483344747408)
59	65,0.010817742749	(59, 0.012256483344747408)
59	130,0.0116373299785	(59, 0.012256483344747408)
59	120,0.0121970294625	(59, 0.012256483344747408)
59	44,0.0122039788217	(59, 0.012256483344747408)
59	59,0.0122564833447	(59, 0.012256483344747408)
59	34,0.0123915929565	(59, 0.012256483344747408)
60	60,0.00376096399996	(60, 0.003760963999964043)
60	69,0.00392877759019	(60, 0.003760963999964043)
60	79,0.00442470006246	(60, 0.003760963999964043)
60	40,0.00469302765292	(60, 0.003760963999964043)
60	4,0.00540394323322	(60, 0.003760963999964043)
60	34,0.00545167612492	(60, 0.003760963999964043)
60	25,0.00606374061651	(60, 0.003760963999964043)
60	15,0.00667195065999	(60, 0.003760963999964043)
60	172,0.00741514784698	(60, 0.003760963999964043)
60	77,0.00749924145824	(60, 0.003760963999964043)
61	61,0.00223440617313	(61, 0.0022344061731262165)
61	23,0.00269400365471	(61, 0.0022344061731262165)
61	26,0.00363327660965	(61, 0.0022344061731262165)
61	121,0.00373306452142	(61, 0.0022344061731262165)
61	162,0.00373763444929	(61, 0.0022344061731262165)
61	63,0.00375332183157	(61, 0.0022344061731262165)
61	78,0.00412689252065	(61, 0.0022344061731262165)
61	76,0.0043097144535	(61, 0.0022344061731262165)
61	147,0.00438522930457	(61, 0.0022344061731262165)
61	3,0.00441509703988	(61, 0.0022344061731262165)
62	78,0.00458177681055	(62, 0.0059052151030249246)
62	26,0.00466992170894	(62, 0.0059052151030249246)
62	73,0.00494485729174	(62, 0.0059052151030249246)
62	107,0.00513330684216	(62, 0.0059052151030249246)
62	61,0.00549941904986	(62, 0.0059052151030249246)
62	62,0.00590521510302	(62, 0.0059052151030249246)
62	158,0.0059810868913	(62, 0.0059052151030249246)
62	128,0.00661891647519	(62, 0.0059052151030249246)
62	22,0.00664440946619	(62, 0.0059052151030249246)
62	139,0.00666960797352	(62, 0.0059052151030249246)
63	3,0.00188329465338	(63, 0.002797235066070099)
63	11,0.00267716405732	(63, 0.002797235066070099)
63	63,0.00279723506607	(63, 0.002797235066070099)
63	162,0.00281468952569	(63, 0.002797235066070099)
63	121,0.00358886343027	(63, 0.002797235066070099)
63	77,0.00382263821372	(63, 0.002797235066070099)
63	150,0.00397876486207	(63, 0.002797235066070099)
63	81,0.0040504368623	(63, 0.002797235066070099)
63	71,0.0041156679785	(63, 0.002797235066070099)
63	132,0.00412023258619	(63, 0.002797235066070099)
64	64,0.0113209548208	(64, 0.011320954820770139)
64	118,0.0192989029443	(64, 0.011320954820770139)
64	45,0.0202861018986	(64, 0.011320954820770139)
64	130,0.0214217233532	(64, 0.011320954820770139)
64	33,0.0245545517936	(64, 0.011320954820770139)
64	133,0.0247936874555	(64, 0.011320954820770139)
64	34,0.0277848126702	(64, 0.011320954820770139)
64	113,0.0281319359547	(64, 0.011320954820770139)
64	94,0.0303323148006	(64, 0.011320954820770139)
64	15,0.0320153353011	(64, 0.011320954820770139)
65	161,0.0034367243728	(65, 0.0036074714234595731)
65	65,0.00360747142346	(65, 0.0036074714234595731)
65	83,0.00400504945283	(65, 0.0036074714234595731)
65	68,0.00470076549214	(65, 0.0036074714234595731)
65	59,0.00582421877181	(65, 0.0036074714234595731)
65	155,0.00608031180787	(65, 0.0036074714234595731)
65	100,0.00620121166767	(65, 0.0036074714234595731)
65	17,0.00661569448655	(65, 0.0036074714234595731)
65	1,0.00669698725331	(65, 0.0036074714234595731)
65	44,0.00671968458787	(65, 0.0036074714234595731)
66	66,0.0109090629452	(66, 0.01090906294524923)
66	130,0.0235545707789	(66, 0.01090906294524923)
66	133,0.0254661693284	(66, 0.01090906294524923)
66	140,0.027549348505	(66, 0.01090906294524923)
66	118,0.0277142383039	(66, 0.01090906294524923)
66	33,0.0296346287952	(66, 0.01090906294524923)
66	91,0.0297717992532	(66, 0.01090906294524923)
66	141,0.0313521243461	(66, 0.01090906294524923)
66	169,0.0327304088213	(66, 0.01090906294524923)
66	149,0.0350331897807	(66, 0.01090906294524923)
67	67,0.00902316337249	(67, 0.0090231633724941526)
67	169,0.00975961604668	(67, 0.0090231633724941526)
67	84,0.0106554877889	(67, 0.0090231633724941526)
67	93,0.0112173736314	(67, 0.0090231633724941526)
67	149,0.0113553385256	(67, 0.0090231633724941526)
67	28,0.0115672036406	(67, 0.0090231633724941526)
67	140,0.0117019830293	(67, 0.0090231633724941526)
67	116,0.0120566879513	(67, 0.0090231633724941526)
67	30,0.0125265584288	(67, 0.0090231633724941526)
67	124,0.0126175223617	(67, 0.0090231633724941526)
68	68,0.00305185540084	(68, 0.0030518554008379471)
68	23,0.00538270696249	(68, 0.0030518554008379471)
68	61,0.00577823391505	(68, 0.0030518554008379471)
68	70,0.00599142658717	(68, 0.0030518554008379471)
68	63,0.00654891202574	(68, 0.0030518554008379471)
68	77,0.00704043147829	(68, 0.0030518554008379471)
68	147,0.00711319219821	(68, 0.0030518554008379471)
68	162,0.00726002829018	(68, 0.0030518554008379471)
68	26,0.00731368192491	(68, 0.0030518554008379471)
68	135,0.00740226523255	(68, 0.0030518554008379471)
69	15,0.0111060597679	(69, 0.012850053976446818)
69	174,0.01208586476	(69, 0.012850053976446818)
69	56,0.0121723911945	(69, 0.012850053976446818)
69	69,0.0128500539764	(69, 0.012850053976446818)
69	122,0.0128740018414	(69, 0.012850053976446818)
69	48,0.0133014014303	(69, 0.012850053976446818)
69	154,0.0135553721829	(69, 0.012850053976446818)
69	4,0.0139368274529	(69, 0.012850053976446818)
69	25,0.013991712941	(69, 0.012850053976446818)
69	2,0.0149158385268	(69, 0.012850053976446818)
70	121,0.00341152501116	(70, 0.0042531741678798803)
70	3,0.00381048120997	(70, 0.0042531741678798803)
70	11,0.00394763824221	(70, 0.0042531741678798803)
70	117,0.00400469756109	(70, 0.0042531741678798803)
70	70,0.00425317416788	(70, 0.0042531741678798803)
70	77,0.00426014143341	(70, 0.0042531741678798803)
70	21,0.00473231031672	(70, 0.0042531741678798803)
70	71,0.00475304129579	(70, 0.0042531741678798803)
70	132,0.00487525785789	(70, 0.0042531741678798803)
70	162,0.00489301504873	(70, 0.0042531741678798803)
71	133,0.00857589626061	(71, 0.020118206812265515)
71	91,0.00882244230943	(71, 0.020118206812265515)
71	101,0.0103179188793	(71, 0.020118206812265515)
71	102,0.0109431881888	(71, 0.020118206812265515)
71	41,0.0109682889617	(71, 0.020118206812265515)
71	28,0.0124749440902	(71, 0.020118206812265515)
71	95,0.0124959073726	(71, 0.020118206812265515)
71	155,0.013000625916	(71, 0.020118206812265515)
71	1,0.0130843585414	(71, 0.020118206812265515)
71	32,0.0133145248113	(71, 0.020118206812265515)
72	174,0.00550224886243	(72, 0.033112350187446238)
72	17,0.00583074613722	(72, 0.033112350187446238)
72	172,0.00635382621995	(72, 0.033112350187446238)
72	148,0.00651245549262	(72, 0.033112350187446238)
72	143,0.00661331859119	(72, 0.033112350187446238)
72	100,0.00816476591207	(72, 0.033112350187446238)
72	77,0.00822052535955	(72, 0.033112350187446238)
72	49,0.00846179701895	(72, 0.033112350187446238)
72	4,0.00848566426554	(72, 0.033112350187446238)
72	40,0.00861815215783	(72, 0.033112350187446238)
73	73,0.00293036579476	(73, 0.0029303657947567004)
73	13,0.00474025033968	(73, 0.0029303657947567004)
73	124,0.00500993955383	(73, 0.0029303657947567004)
73	157,0.00601712133525	(73, 0.0029303657947567004)
73	53,0.00664236438403	(73, 0.0029303657947567004)
73	93,0.00695303504592	(73, 0.0029303657947567004)
73	109,0.00804359400327	(73, 0.0029303657947567004)
73	27,0.00810794482113	(73, 0.0029303657947567004)
73	116,0.00815305400477	(73, 0.0029303657947567004)
73	114,0.00830591960905	(73, 0.0029303657947567004)
74	17,0.00207975021292	(74, 0.0025791022125212235)
74	74,0.00257910221252	(74, 0.0025791022125212235)
74	136,0.00282907020285	(74, 0.0025791022125212235)
74	100,0.00336125574145	(74, 0.0025791022125212235)
74	77,0.00369772119115	(74, 0.0025791022125212235)
74	90,0.00378590805752	(74, 0.0025791022125212235)
74	37,0.00393646641063	(74, 0.0025791022125212235)
74	127,0.00395381664327	(74, 0.0025791022125212235)
74	49,0.00490959577193	(74, 0.0025791022125212235)
74	11,0.00525875629355	(74, 0.0025791022125212235)
75	75,0.0182012552806	(75, 0.018201255280618427)
75	167,0.019713438457	(75, 0.018201255280618427)
75	47,0.0275448938922	(75, 0.018201255280618427)
75	80,0.0283065988135	(75, 0.018201255280618427)
75	10,0.0302739753871	(75, 0.018201255280618427)
75	99,0.0327981546078	(75, 0.018201255280618427)
75	58,0.0343342843531	(75, 0.018201255280618427)
75	166,0.0351052106702	(75, 0.018201255280618427)
75	67,0.0354205060076	(75, 0.018201255280618427)
75	169,0.0356642092259	(75, 0.018201255280618427)
76	76,0.00149178556697	(76, 0.0014917855669741088)
76	147,0.00186389749648	(76, 0.0014917855669741088)
76	63,0.00221607993749	(76, 0.0014917855669741088)
76	137,0.00234895535373	(76, 0.0014917855669741088)
76	171,0.00267940020844	(76, 0.0014917855669741088)
76	22,0.00305441986779	(76, 0.0014917855669741088)
76	3,0.00328678191732	(76, 0.0014917855669741088)
76	126,0.00350434041034	(76, 0.0014917855669741088)
76	18,0.00351094459382	(76, 0.0014917855669741088)
76	46,0.00354103828145	(76, 0.0014917855669741088)
77	147,0.00224474258018	(77, 0.0030556118614402314)
77	162,0.00237843079547	(77, 0.0030556118614402314)
77	63,0.00241334632486	(77, 0.0030556118614402314)
77	11,0.00290422326858	(77, 0.0030556118614402314)
77	136,0.00296990601068	(77, 0.0030556118614402314)
77	90,0.00300310180934	(77, 0.0030556118614402314)
77	77,0.00305561186144	(77, 0.0030556118614402314)
77	3,0.00307600000742	(77, 0.0030556118614402314)
77	137,0.00309581822809	(77, 0.0030556118614402314)
77	76,0.00355953031651	(77, 0.0030556118614402314)
78	151,0.00213913717083	(78, 0.0040501827237362032)
78	63,0.00215453138839	(78, 0.0040501827237362032)
78	76,0.00220014380871	(78, 0.0040501827237362032)
78	132,0.00280174762659	(78, 0.0040501827237362032)
78	147,0.00293163568878	(78, 0.0040501827237362032)
78	22,0.00297374142661	(78, 0.0040501827237362032)
78	18,0.00302270415949	(78, 0.0040501827237362032)
78	121,0.00317054608586	(78, 0.0040501827237362032)
78	23,0.00375623360601	(78, 0.0040501827237362032)
78	61,0.00380512037804	(78, 0.0040501827237362032)
79	79,0.00250832035525	(79, 0.002508320355245796)
79	4,0.00275484106582	(79, 0.002508320355245796)
79	69,0.00294026602006	(79, 0.002508320355245796)
79	40,0.00305480334866	(79, 0.002508320355245796)
79	25,0.00414202399557	(79, 0.002508320355245796)
79	56,0.00432361975659	(79, 0.002508320355245796)
79	15,0.00505554326276	(79, 0.002508320355245796)
79	34,0.00542543452261	(79, 0.002508320355245796)
79	148,0.00616220298748	(79, 0.002508320355245796)
79	17,0.00651957641796	(79, 0.002508320355245796)
80	80,0.00937067292793	(80, 0.0093706729279316777)
80	51,0.0105532131341	(80, 0.0093706729279316777)
80	167,0.0157528514932	(80, 0.0093706729279316777)
80	32,0.0183595077478	(80, 0.0093706729279316777)
80	169,0.0247771920828	(80, 0.0093706729279316777)
80	160,0.0252660506218	(80, 0.0093706729279316777)
80	39,0.0253866308497	(80, 0.0093706729279316777)
80	27,0.0257083980077	(80, 0.0093706729279316777)
80	58,0.0266650577934	(80, 0.0093706729279316777)
80	165,0.0267830679865	(80, 0.0093706729279316777)
81	81,0.0022326178755	(81, 0.0022326178755002458)
81	3,0.00353082667605	(81, 0.0022326178755002458)
81	11,0.00383190197792	(81, 0.0022326178755002458)
81	132,0.00404141003159	(81, 0.0022326178755002458)
81	121,0.0041466834655	(81, 0.0022326178755002458)
81	117,0.00441134253066	(81, 0.0022326178755002458)
81	22,0.00460756237041	(81, 0.0022326178755002458)
81	77,0.0046365817021	(81, 0.0022326178755002458)
81	151,0.00477038554262	(81, 0.0022326178755002458)
81	12,0.00498800879502	(81, 0.0022326178755002458)
82	27,0.00791173428671	(82, 0.010642942269713032)
82	24,0.00802292282236	(82, 0.010642942269713032)
82	38,0.00896295204848	(82, 0.010642942269713032)
82	105,0.00918130153394	(82, 0.010642942269713032)
82	12,0.00934823401062	(82, 0.010642942269713032)
82	50,0.00967457298791	(82, 0.010642942269713032)
82	107,0.00976010058328	(82, 0.010642942269713032)
82	73,0.00992957541863	(82, 0.010642942269713032)
82	82,0.0106429422697	(82, 0.010642942269713032)
82	164,0.0107350622263	(82, 0.010642942269713032)
83	13,0.00369445143521	(83, 0.0045986132305171918)
83	65,0.00405871818377	(83, 0.0045986132305171918)
83	155,0.00410472571068	(83, 0.0045986132305171918)
83	161,0.00418496990484	(83, 0.0045986132305171918)
83	71,0.00459507079676	(83, 0.0045986132305171918)
83	83,0.00459861323052	(83, 0.0045986132305171918)
83	17,0.00503839422339	(83, 0.0045986132305171918)
83	11,0.00514298597022	(83, 0.0045986132305171918)
83	136,0.00529251982263	(83, 0.0045986132305171918)
83	120,0.00580934205061	(83, 0.0045986132305171918)
84	67,0.0121341405584	(84, 0.01230988767788708)
84	84,0.0123098876779	(84, 0.01230988767788708)
84	166,0.0133069994161	(84, 0.01230988767788708)
84	169,0.0145142911876	(84, 0.01230988767788708)
84	140,0.0159032439134	(84, 0.01230988767788708)
84	99,0.0172312075961	(84, 0.01230988767788708)
84	109,0.0187520699958	(84, 0.01230988767788708)
84	144,0.0189926406465	(84, 0.01230988767788708)
84	149,0.0195135227758	(84, 0.01230988767788708)
84	72,0.0200441732805	(84, 0.01230988767788708)
85	67,0.00941065202652	(85, 0.015054126952229067)
85	85,0.0150541269522	(85, 0.015054126952229067)
85	166,0.0186449290934	(85, 0.015054126952229067)
85	140,0.0190076285184	(85, 0.015054126952229067)
85	84,0.0203674452529	(85, 0.015054126952229067)
85	149,0.0206151161481	(85, 0.015054126952229067)
85	144,0.023507784624	(85, 0.015054126952229067)
85	169,0.0235110178695	(85, 0.015054126952229067)
85	99,0.0250737877551	(85, 0.015054126952229067)
85	93,0.0250847388008	(85, 0.015054126952229067)
86	86,0.00256848428875	(86, 0.002568484288753641)
86	137,0.00297429769867	(86, 0.002568484288753641)
86	76,0.00341057543706	(86, 0.002568484288753641)
86	171,0.00354745637788	(86, 0.002568484288753641)
86	11,0.00354813583466	(86, 0.002568484288753641)
86	162,0.00356194731125	(86, 0.002568484288753641)
86	18,0.00360737355214	(86, 0.002568484288753641)
86	117,0.0037032838644	(86, 0.002568484288753641)
86	3,0.00377292880019	(86, 0.002568484288753641)
86	12,0.00377613589918	(86, 0.002568484288753641)
87	1,0.00402231068822	(87, 0.010933279898312564)
87	121,0.00405379477327	(87, 0.010933279898312564)
87	26,0.00425262651157	(87, 0.010933279898312564)
87	78,0.00456887393468	(87, 0.010933279898312564)
87	11,0.00502319254171	(87, 0.010933279898312564)
87	71,0.00532831951733	(87, 0.010933279898312564)
87	61,0.00534787726338	(87, 0.010933279898312564)
87	89,0.00559725808275	(87, 0.010933279898312564)
87	23,0.00572159734092	(87, 0.010933279898312564)
87	20,0.00579882337037	(87, 0.010933279898312564)
88	147,0.00241622224151	(88, 0.002417565745791014)
88	88,0.00241756574579	(88, 0.002417565745791014)
88	18,0.0025185675434	(88, 0.002417565745791014)
88	76,0.00256946101733	(88, 0.002417565745791014)
88	63,0.00312761369533	(88, 0.002417565745791014)
88	35,0.00314214986349	(88, 0.002417565745791014)
88	46,0.00324881346319	(88, 0.002417565745791014)
88	117,0.00333553210147	(88, 0.002417565745791014)
88	139,0.00344786643409	(88, 0.002417565745791014)
88	171,0.00354170438651	(88, 0.002417565745791014)
89	124,0.00284547947204	(89, 0.0058481300221551258)
89	53,0.00448142086109	(89, 0.0058481300221551258)
89	155,0.00507376226156	(89, 0.0058481300221551258)
89	73,0.00569129957063	(89, 0.0058481300221551258)
89	89,0.00584813002216	(89, 0.0058481300221551258)
89	157,0.0063068096119	(89, 0.0058481300221551258)
89	1,0.00644652356733	(89, 0.0058481300221551258)
89	20,0.00664952884376	(89, 0.0058481300221551258)
89	120,0.00705395088334	(89, 0.0058481300221551258)
89	13,0.00728725981748	(89, 0.0058481300221551258)
90	90,0.00174496624001	(90, 0.0017449662400070016)
90	11,0.0035801843572	(90, 0.0017449662400070016)
90	162,0.00364914432518	(90, 0.0017449662400070016)
90	137,0.00388958113368	(90, 0.0017449662400070016)
90	81,0.00389454789139	(90, 0.0017449662400070016)
90	172,0.00399852648278	(90, 0.0017449662400070016)
90	96,0.00404249904948	(90, 0.0017449662400070016)
90	136,0.00423400053697	(90, 0.0017449662400070016)
90	37,0.0042525899165	(90, 0.0017449662400070016)
90	17,0.00440197193472	(90, 0.0017449662400070016)
91	133,0.0070478226257	(91, 0.0097206640920624553)
91	91,0.00972066409206	(91, 0.0097206640920624553)
91	130,0.0143732353857	(91, 0.0097206640920624553)
91	103,0.0176320105099	(91, 0.0097206640920624553)
91	34,0.0197616982256	(91, 0.0097206640920624553)
91	102,0.0201375983221	(91, 0.0097206640920624553)
91	51,0.0208975530395	(91, 0.0097206640920624553)
91	53,0.0211921742914	(91, 0.0097206640920624553)
91	155,0.0218538712925	(91, 0.0097206640920624553)
91	114,0.022004594478	(91, 0.0097206640920624553)
92	78,0.00366287836157	(92, 0.0089382061635911569)
92	128,0.00503983204472	(92, 0.0089382061635911569)
92	61,0.00515510963478	(92, 0.0089382061635911569)
92	24,0.00542703177008	(92, 0.0089382061635911569)
92	158,0.00566398840625	(92, 0.0089382061635911569)
92	26,0.00588654227364	(92, 0.0089382061635911569)
92	12,0.00592435614553	(92, 0.0089382061635911569)
92	27,0.00636157026375	(92, 0.0089382061635911569)
92	107,0.0065270747621	(92, 0.0089382061635911569)
92	99,0.00669095675779	(92, 0.0089382061635911569)
93	22,0.00361869521513	(93, 0.0040176512859974849)
93	132,0.00376053067416	(93, 0.0040176512859974849)
93	93,0.004017651286	(93, 0.0040176512859974849)
93	158,0.00436939584366	(93, 0.0040176512859974849)
93	128,0.00439420788405	(93, 0.0040176512859974849)
93	3,0.00443595051926	(93, 0.0040176512859974849)
93	76,0.00457669504094	(93, 0.0040176512859974849)
93	171,0.00472488321784	(93, 0.0040176512859974849)
93	121,0.00491268308164	(93, 0.0040176512859974849)
93	12,0.00506720763784	(93, 0.0040176512859974849)
94	94,0.00449253336107	(94, 0.0044925333610727723)
94	83,0.00936203833131	(94, 0.0044925333610727723)
94	155,0.0108647993478	(94, 0.0044925333610727723)
94	15,0.0115074806996	(94, 0.0044925333610727723)
94	45,0.0123644280267	(94, 0.0044925333610727723)
94	59,0.0125191108122	(94, 0.0044925333610727723)
94	120,0.0131158459739	(94, 0.0044925333610727723)
94	161,0.0139753392641	(94, 0.0044925333610727723)
94	65,0.0142275586704	(94, 0.0044925333610727723)
94	98,0.0142543404155	(94, 0.0044925333610727723)
95	99,0.00498162257543	(95, 0.01305295373489972)
95	107,0.00507101349145	(95, 0.01305295373489972)
95	27,0.00670790837639	(95, 0.01305295373489972)
95	128,0.00697339159834	(95, 0.01305295373489972)
95	43,0.00697521574667	(95, 0.01305295373489972)
95	19,0.00709159493518	(95, 0.01305295373489972)
95	78,0.00724774961802	(95, 0.01305295373489972)
95	138,0.00795654849661	(95, 0.01305295373489972)
95	50,0.00799214632359	(95, 0.01305295373489972)
95	84,0.00832597192462	(95, 0.01305295373489972)
96	96,0.0027847013642	(96, 0.0027847013642032887)
96	13,0.00394218886257	(96, 0.0027847013642032887)
96	17,0.00433753998165	(96, 0.0027847013642032887)
96	162,0.00467526386221	(96, 0.0027847013642032887)
96	11,0.00499636182927	(96, 0.0027847013642032887)
96	161,0.00550277232691	(96, 0.0027847013642032887)
96	119,0.00552647926306	(96, 0.0027847013642032887)
96	143,0.00600232098063	(96, 0.0027847013642032887)
96	4,0.00606926077115	(96, 0.0027847013642032887)
96	172,0.00624256963888	(96, 0.0027847013642032887)
97	172,0.00336244443334	(97, 0.0075739447471423627)
97	40,0.00374553991728	(97, 0.0075739447471423627)
97	17,0.00388032749089	(97, 0.0075739447471423627)
97	69,0.00399761634011	(97, 0.0075739447471423627)
97	120,0.00457906155623	(97, 0.0075739447471423627)
97	4,0.00517311917798	(97, 0.0075739447471423627)
97	79,0.00540419502004	(97, 0.0075739447471423627)
97	3,0.00561815012729	(97, 0.0075739447471423627)
97	37,0.00572045209348	(97, 0.0075739447471423627)
97	90,0.00600346584016	(97, 0.0075739447471423627)
98	98,0.00264921416565	(98, 0.0026492141656528742)
98	40,0.00405395872654	(98, 0.0026492141656528742)
98	15,0.00479708433931	(98, 0.0026492141656528742)
98	25,0.00541412632226	(98, 0.0026492141656528742)
98	172,0.00545283417937	(98, 0.0026492141656528742)
98	154,0.00584714836248	(98, 0.0026492141656528742)
98	4,0.00664843623277	(98, 0.0026492141656528742)
98	49,0.00670630756248	(98, 0.0026492141656528742)
98	69,0.00678873352777	(98, 0.0026492141656528742)
98	174,0.00688161097569	(98, 0.0026492141656528742)
99	84,0.00513865952091	(99, 0.0069265138802118258)
99	93,0.00516251944433	(99, 0.0069265138802118258)
99	144,0.00524617656117	(99, 0.0069265138802118258)
99	156,0.00538434891285	(99, 0.0069265138802118258)
99	116,0.00562625322003	(99, 0.0069265138802118258)
99	109,0.00578768303819	(99, 0.0069265138802118258)
99	73,0.00584280913367	(99, 0.0069265138802118258)
99	128,0.00635852348457	(99, 0.0069265138802118258)
99	159,0.00673084786926	(99, 0.0069265138802118258)
99	99,0.00692651388021	(99, 0.0069265138802118258)
100	100,0.00215924836641	(100, 0.0021592483664085033)
100	21,0.00312252130688	(100, 0.0021592483664085033)
100	77,0.00314189327905	(100, 0.0021592483664085033)
100	11,0.00343264535879	(100, 0.0021592483664085033)
100	90,0.00362012807828	(100, 0.0021592483664085033)
100	37,0.00363039096274	(100, 0.0021592483664085033)
100	74,0.00375682024922	(100, 0.0021592483664085033)
100	3,0.00381385922165	(100, 0.0021592483664085033)
100	63,0.00391671959981	(100, 0.0021592483664085033)
100	143,0.00395670646258	(100, 0.0021592483664085033)
101	101,0.00589958271063	(101, 0.0058995827106275781)
101	1,0.00608134779633	(101, 0.0058995827106275781)
101	60,0.00621992918517	(101, 0.0058995827106275781)
101	73,0.00624551501496	(101, 0.0058995827106275781)
101	13,0.00697198932073	(101, 0.0058995827106275781)
101	29,0.00708959413778	(101, 0.0058995827106275781)
101	102,0.00724300245699	(101, 0.0058995827106275781)
101	124,0.00745910893229	(101, 0.0058995827106275781)
101	69,0.00765922063921	(101, 0.0058995827106275781)
101	110,0.00780034321111	(101, 0.0058995827106275781)
102	91,0.00686972279278	(102, 0.0079966749328734717)
102	114,0.00694998113472	(102, 0.0079966749328734717)
102	41,0.00743019087071	(102, 0.0079966749328734717)
102	101,0.00761240600271	(102, 0.0079966749328734717)
102	102,0.00799667493287	(102, 0.0079966749328734717)
102	155,0.00819746361537	(102, 0.0079966749328734717)
102	53,0.00877294472964	(102, 0.0079966749328734717)
102	1,0.00879531440385	(102, 0.0079966749328734717)
102	110,0.00910018255038	(102, 0.0079966749328734717)
102	140,0.00954261620322	(102, 0.0079966749328734717)
103	103,0.00630864790562	(103, 0.0063086479056246514)
103	73,0.00961436153687	(103, 0.0063086479056246514)
103	51,0.0100685410667	(103, 0.0063086479056246514)
103	101,0.0109780552669	(103, 0.0063086479056246514)
103	39,0.0113278454907	(103, 0.0063086479056246514)
103	91,0.0114630270013	(103, 0.0063086479056246514)
103	93,0.0116901534992	(103, 0.0063086479056246514)
103	30,0.011945232222	(103, 0.0063086479056246514)
103	114,0.0123223125417	(103, 0.0063086479056246514)
103	26,0.0125328908553	(103, 0.0063086479056246514)
104	124,0.00359822081191	(104, 0.0070511829950764236)
104	93,0.00527925588992	(104, 0.0070511829950764236)
104	119,0.00563995178126	(104, 0.0070511829950764236)
104	81,0.00570868640568	(104, 0.0070511829950764236)
104	73,0.00618864828106	(104, 0.0070511829950764236)
104	11,0.00621854477021	(104, 0.0070511829950764236)
104	115,0.00627621439648	(104, 0.0070511829950764236)
104	3,0.00702860047346	(104, 0.0070511829950764236)
104	104,0.00705118299508	(104, 0.0070511829950764236)
104	40,0.00737872466127	(104, 0.0070511829950764236)
105	24,0.00655181673775	(105, 0.0079638354256339194)
105	27,0.00677867916632	(105, 0.0079638354256339194)
105	38,0.00697435723531	(105, 0.0079638354256339194)
105	43,0.00700257620467	(105, 0.0079638354256339194)
105	107,0.0073028100622	(105, 0.0079638354256339194)
105	19,0.00761714607061	(105, 0.0079638354256339194)
105	105,0.00796383542563	(105, 0.0079638354256339194)
105	61,0.00823729163296	(105, 0.0079638354256339194)
105	12,0.00849239074925	(105, 0.0079638354256339194)
105	73,0.00858758933661	(105, 0.0079638354256339194)
106	106,0.00256613384341	(106, 0.0025661338434125936)
106	174,0.00677319498139	(106, 0.0025661338434125936)
106	54,0.00729197291926	(106, 0.0025661338434125936)
106	157,0.00731966031036	(106, 0.0025661338434125936)
106	13,0.00786467524481	(106, 0.0025661338434125936)
106	172,0.00825380166307	(106, 0.0025661338434125936)
106	77,0.00861458837924	(106, 0.0025661338434125936)
106	116,0.00865679994338	(106, 0.0025661338434125936)
106	136,0.00895191141186	(106, 0.0025661338434125936)
106	171,0.00918427990807	(106, 0.0025661338434125936)
107	107,0.00389939047404	(107, 0.0038993904740405073)
107	26,0.00425432463836	(107, 0.0038993904740405073)
107	22,0.00450338011227	(107, 0.0038993904740405073)
107	78,0.00467673875756	(107, 0.0038993904740405073)
107	139,0.00468295668048	(107, 0.0038993904740405073)
107	158,0.00468953178557	(107, 0.0038993904740405073)
107	61,0.00482054290562	(107, 0.0038993904740405073)
107	128,0.00529099350914	(107, 0.0038993904740405073)
107	76,0.00534415077123	(107, 0.0038993904740405073)
107	121,0.00566518083647	(107, 0.0038993904740405073)
108	77,0.00310956937148	(108, 0.009829970022341615)
108	172,0.00477927448078	(108, 0.009829970022341615)
108	174,0.00578805802564	(108, 0.009829970022341615)
108	49,0.0060551269948	(108, 0.009829970022341615)
108	100,0.00620023390802	(108, 0.009829970022341615)
108	171,0.00637312725963	(108, 0.009829970022341615)
108	40,0.00643580172128	(108, 0.009829970022341615)
108	17,0.00654959938577	(108, 0.009829970022341615)
108	4,0.00663271256871	(108, 0.009829970022341615)
108	37,0.00695050813152	(108, 0.009829970022341615)
109	109,0.00361011828968	(109, 0.0036101182896785531)
109	159,0.00370517916678	(109, 0.0036101182896785531)
109	134,0.00523605382047	(109, 0.0036101182896785531)
109	146,0.00529872102481	(109, 0.0036101182896785531)
109	12,0.00599147722332	(109, 0.0036101182896785531)
109	128,0.00611698164468	(109, 0.0036101182896785531)
109	14,0.00637402912763	(109, 0.0036101182896785531)
109	84,0.00639106847014	(109, 0.0036101182896785531)
109	152,0.00651051617935	(109, 0.0036101182896785531)
109	38,0.00708994823188	(109, 0.0036101182896785531)
110	1,0.00366838824784	(110, 0.0062923640969340588)
110	11,0.00406165431074	(110, 0.0062923640969340588)
110	121,0.00450812677404	(110, 0.0062923640969340588)
110	155,0.00503981966668	(110, 0.0062923640969340588)
110	162,0.00550108559369	(110, 0.0062923640969340588)
110	3,0.00563928637137	(110, 0.0062923640969340588)
110	71,0.00572483369162	(110, 0.0062923640969340588)
110	68,0.00585454847477	(110, 0.0062923640969340588)
110	13,0.00611572928691	(110, 0.0062923640969340588)
110	110,0.00629236409693	(110, 0.0062923640969340588)
111	73,0.0041869709246	(111, 0.014648786907373408)
111	124,0.00466280057662	(111, 0.014648786907373408)
111	101,0.00560150709094	(111, 0.014648786907373408)
111	13,0.00563325628304	(111, 0.014648786907373408)
111	157,0.00588727568079	(111, 0.014648786907373408)
111	41,0.00624146825227	(111, 0.014648786907373408)
111	1,0.00630632183512	(111, 0.014648786907373408)
111	93,0.00644022474577	(111, 0.014648786907373408)
111	20,0.00690489195224	(111, 0.014648786907373408)
111	114,0.00691229246497	(111, 0.014648786907373408)
112	11,0.00271119311886	(112, 0.0036972792616888133)
112	90,0.00278282350666	(112, 0.0036972792616888133)
112	3,0.00348800033913	(112, 0.0036972792616888133)
112	100,0.00350734669466	(112, 0.0036972792616888133)
112	162,0.00362948956385	(112, 0.0036972792616888133)
112	112,0.00369727926169	(112, 0.0036972792616888133)
112	21,0.00383811103163	(112, 0.0036972792616888133)
112	71,0.00394983244244	(112, 0.0036972792616888133)
112	77,0.0044365787809	(112, 0.0036972792616888133)
112	143,0.00450377897993	(112, 0.0036972792616888133)
113	113,0.00369112244705	(113, 0.0036911224470515609)
113	65,0.0067718234946	(113, 0.0036911224470515609)
113	130,0.00917133843209	(113, 0.0036911224470515609)
113	44,0.0112414697083	(113, 0.0036911224470515609)
113	120,0.011885220898	(113, 0.0036911224470515609)
113	53,0.0121910125783	(113, 0.0036911224470515609)
113	97,0.0122621605832	(113, 0.0036911224470515609)
113	155,0.0123187062941	(113, 0.0036911224470515609)
113	161,0.0126391783665	(113, 0.0036911224470515609)
113	15,0.0136314490995	(113, 0.0036911224470515609)
114	73,0.00466748401247	(114, 0.0051753021144017005)
114	114,0.0051753021144	(114, 0.0051753021144017005)
114	124,0.00523106635471	(114, 0.0051753021144017005)
114	53,0.00605670019194	(114, 0.0051753021144017005)
114	93,0.00619671330868	(114, 0.0051753021144017005)
114	144,0.00678057725246	(114, 0.0051753021144017005)
114	140,0.00686659879517	(114, 0.0051753021144017005)
114	109,0.00696801117507	(114, 0.0051753021144017005)
114	157,0.006974123697	(114, 0.0051753021144017005)
114	13,0.00703681696674	(114, 0.0051753021144017005)
115	11,0.0040588953967	(115, 0.0041959655365810698)
115	115,0.00419596553658	(115, 0.0041959655365810698)
115	119,0.00422305767635	(115, 0.0041959655365810698)
115	37,0.00472875806773	(115, 0.0041959655365810698)
115	96,0.00528449176304	(115, 0.0041959655365810698)
115	136,0.00545211695001	(115, 0.0041959655365810698)
115	17,0.0054678999392	(115, 0.0041959655365810698)
115	90,0.00584472900259	(115, 0.0041959655365810698)
115	81,0.00608115722311	(115, 0.0041959655365810698)
115	3,0.00611827138737	(115, 0.0041959655365810698)
116	116,0.00287065721565	(116, 0.0028706572156531264)
116	93,0.00336596448467	(116, 0.0028706572156531264)
116	73,0.00632074027977	(116, 0.0028706572156531264)
116	109,0.00690412307846	(116, 0.0028706572156531264)
116	172,0.00721731433322	(116, 0.0028706572156531264)
116	144,0.0072482234012	(116, 0.0028706572156531264)
116	124,0.00737947912339	(116, 0.0028706572156531264)
116	3,0.00749422585516	(116, 0.0028706572156531264)
116	128,0.00762183773448	(116, 0.0028706572156531264)
116	156,0.00764570036442	(116, 0.0028706572156531264)
117	117,0.00131153855246	(117, 0.0013115385524560645)
117	71,0.00285759389012	(117, 0.0013115385524560645)
117	21,0.00299410998998	(117, 0.0013115385524560645)
117	77,0.00382947252565	(117, 0.0013115385524560645)
117	81,0.00388243654094	(117, 0.0013115385524560645)
117	11,0.00395387723302	(117, 0.0013115385524560645)
117	76,0.00404120769966	(117, 0.0013115385524560645)
117	162,0.00413478098176	(117, 0.0013115385524560645)
117	3,0.0043495459134	(117, 0.0013115385524560645)
117	22,0.00436249983673	(117, 0.0013115385524560645)
118	33,0.00703799721446	(118, 0.009776701875560654)
118	34,0.00901284388738	(118, 0.009776701875560654)
118	118,0.00977670187556	(118, 0.009776701875560654)
118	69,0.0101466314544	(118, 0.009776701875560654)
118	4,0.012697059926	(118, 0.009776701875560654)
118	2,0.0133290109684	(118, 0.009776701875560654)
118	25,0.0133872851749	(118, 0.009776701875560654)
118	15,0.0134981228435	(118, 0.009776701875560654)
118	113,0.0146850616373	(118, 0.009776701875560654)
118	79,0.0147420109622	(118, 0.009776701875560654)
119	120,0.00438582609497	(119, 0.0053806324044517618)
119	69,0.00534204556082	(119, 0.0053806324044517618)
119	119,0.00538063240445	(119, 0.0053806324044517618)
119	40,0.00538731785645	(119, 0.0053806324044517618)
119	17,0.00553165056263	(119, 0.0053806324044517618)
119	4,0.00561497335427	(119, 0.0053806324044517618)
119	154,0.00627893898525	(119, 0.0053806324044517618)
119	172,0.00664882305981	(119, 0.0053806324044517618)
119	97,0.00667997365344	(119, 0.0053806324044517618)
119	56,0.00676893735426	(119, 0.0053806324044517618)
120	120,0.00340217323396	(120, 0.0034021732339644568)
120	65,0.00472946366226	(120, 0.0034021732339644568)
120	161,0.00567860906959	(120, 0.0034021732339644568)
120	44,0.00624137486124	(120, 0.0034021732339644568)
120	155,0.00644040071449	(120, 0.0034021732339644568)
120	97,0.00691683393386	(120, 0.0034021732339644568)
120	54,0.0071404889476	(120, 0.0034021732339644568)
120	17,0.00725207895403	(120, 0.0034021732339644568)
120	13,0.00734198138325	(120, 0.0034021732339644568)
120	124,0.00747626469377	(120, 0.0034021732339644568)
121	121,0.00326522848607	(121, 0.0032652284860707026)
121	26,0.00375044547796	(121, 0.0032652284860707026)
121	78,0.00386663110806	(121, 0.0032652284860707026)
121	1,0.00421955157488	(121, 0.0032652284860707026)
121	22,0.00440268326316	(121, 0.0032652284860707026)
121	61,0.00467113502647	(121, 0.0032652284860707026)
121	73,0.00504018402677	(121, 0.0032652284860707026)
121	23,0.00515876260725	(121, 0.0032652284860707026)
121	128,0.00578874538923	(121, 0.0032652284860707026)
121	158,0.00585149806032	(121, 0.0032652284860707026)
122	122,0.00465789070624	(122, 0.0046578907062380572)
122	174,0.00533159105839	(122, 0.0046578907062380572)
122	154,0.00690661311628	(122, 0.0046578907062380572)
122	2,0.00767129218295	(122, 0.0046578907062380572)
122	69,0.00926250817679	(122, 0.0046578907062380572)
122	48,0.0096959094267	(122, 0.0046578907062380572)
122	56,0.00973104641998	(122, 0.0046578907062380572)
122	4,0.0105556576124	(122, 0.0046578907062380572)
122	15,0.0110310843886	(122, 0.0046578907062380572)
122	120,0.0110336078087	(122, 0.0046578907062380572)
123	123,0.00381016711001	(123, 0.0038101671100135509)
123	172,0.00404341649793	(123, 0.0038101671100135509)
123	81,0.0053825203096	(123, 0.0038101671100135509)
123	146,0.00566206140181	(123, 0.0038101671100135509)
123	119,0.00609112929602	(123, 0.0038101671100135509)
123	40,0.0062629969011	(123, 0.0038101671100135509)
123	90,0.00632362627748	(123, 0.0038101671100135509)
123	115,0.00661577115934	(123, 0.0038101671100135509)
123	137,0.00683137661285	(123, 0.0038101671100135509)
123	37,0.00690176272333	(123, 0.0038101671100135509)
124	124,0.00568140320175	(124, 0.0056814032017459392)
124	101,0.00818910964637	(124, 0.0056814032017459392)
124	169,0.00958587795163	(124, 0.0056814032017459392)
124	41,0.00970296817863	(124, 0.0056814032017459392)
124	140,0.0102106743774	(124, 0.0056814032017459392)
124	73,0.0102842442298	(124, 0.0056814032017459392)
124	53,0.0107989279998	(124, 0.0056814032017459392)
124	157,0.0108001101947	(124, 0.0056814032017459392)
124	155,0.0111274418947	(124, 0.0056814032017459392)
124	144,0.0113699983015	(124, 0.0056814032017459392)
125	13,0.00744701456574	(125, 0.0099890353116262529)
125	65,0.0086471548233	(125, 0.0099890353116262529)
125	155,0.00911788970831	(125, 0.0099890353116262529)
125	125,0.00998903531163	(125, 0.0099890353116262529)
125	73,0.0100364706955	(125, 0.0099890353116262529)
125	161,0.0102411652381	(125, 0.0099890353116262529)
125	41,0.0103507712034	(125, 0.0099890353116262529)
125	68,0.0103555878696	(125, 0.0099890353116262529)
125	29,0.0107060709103	(125, 0.0099890353116262529)
125	114,0.0109502717757	(125, 0.0099890353116262529)
126	126,0.00402813472908	(126, 0.0040281347290848585)
126	121,0.00411540291229	(126, 0.0040281347290848585)
126	81,0.00413666240074	(126, 0.0040281347290848585)
126	11,0.00450699452684	(126, 0.0040281347290848585)
126	132,0.00454628124799	(126, 0.0040281347290848585)
126	3,0.00467164091683	(126, 0.0040281347290848585)
126	128,0.00467708603346	(126, 0.0040281347290848585)
126	151,0.00492576430306	(126, 0.0040281347290848585)
126	119,0.00496058415193	(126, 0.0040281347290848585)
126	78,0.00510346145852	(126, 0.0040281347290848585)
127	17,0.00257051791577	(127, 0.0035440264485014556)
127	136,0.0029012718638	(127, 0.0035440264485014556)
127	74,0.00307773080535	(127, 0.0035440264485014556)
127	127,0.0035440264485	(127, 0.0035440264485014556)
127	100,0.00388300146156	(127, 0.0035440264485014556)
127	59,0.00391314136952	(127, 0.0035440264485014556)
127	77,0.004166735164	(127, 0.0035440264485014556)
127	37,0.00431103782926	(127, 0.0035440264485014556)
127	49,0.00505194687127	(127, 0.0035440264485014556)
127	172,0.00625031650505	(127, 0.0035440264485014556)
128	128,0.00258646424658	(128, 0.0025864642465831993)
128	12,0.00384277049876	(128, 0.0025864642465831993)
128	78,0.00393953125636	(128, 0.0025864642465831993)
128	158,0.00394762185223	(128, 0.0025864642465831993)
128	121,0.004047852165	(128, 0.0025864642465831993)
128	22,0.0041444326934	(128, 0.0025864642465831993)
128	159,0.00417051339068	(128, 0.0025864642465831993)
128	18,0.00421638462397	(128, 0.0025864642465831993)
128	132,0.00454199589393	(128, 0.0025864642465831993)
128	139,0.00459550725858	(128, 0.0025864642465831993)
129	49,0.0056438473984	(129, 0.010266662102114023)
129	98,0.00644653968478	(129, 0.010266662102114023)
129	100,0.00766415631799	(129, 0.010266662102114023)
129	77,0.00778672443196	(129, 0.010266662102114023)
129	59,0.0079836990127	(129, 0.010266662102114023)
129	15,0.00864659921854	(129, 0.010266662102114023)
129	83,0.00870503435749	(129, 0.010266662102114023)
129	94,0.00946188846188	(129, 0.010266662102114023)
129	25,0.00993380611135	(129, 0.010266662102114023)
129	129,0.0102666621021	(129, 0.010266662102114023)
130	130,0.00805811711875	(130, 0.0080581171187476316)
130	13,0.00949904785104	(130, 0.0080581171187476316)
130	65,0.00950791806426	(130, 0.0080581171187476316)
130	34,0.0101521017987	(130, 0.0080581171187476316)
130	91,0.0103392532124	(130, 0.0080581171187476316)
130	53,0.0108308655442	(130, 0.0080581171187476316)
130	73,0.0108849994807	(130, 0.0080581171187476316)
130	157,0.0109001424346	(130, 0.0080581171187476316)
130	28,0.0109189471866	(130, 0.0080581171187476316)
130	155,0.0112466865032	(130, 0.0080581171187476316)
131	116,0.00649644103774	(131, 0.007695889858620567)
131	166,0.00756773021827	(131, 0.007695889858620567)
131	131,0.00769588985862	(131, 0.007695889858620567)
131	144,0.00824582569378	(131, 0.007695889858620567)
131	104,0.00871243362645	(131, 0.007695889858620567)
131	72,0.00893314941435	(131, 0.007695889858620567)
131	84,0.0097439698925	(131, 0.007695889858620567)
131	93,0.0106136793065	(131, 0.007695889858620567)
131	156,0.0107247380117	(131, 0.007695889858620567)
131	124,0.0111255129746	(131, 0.007695889858620567)
132	132,0.00236422287492	(132, 0.0023642228749179636)
132	22,0.00277458458734	(132, 0.0023642228749179636)
132	18,0.00286636475519	(132, 0.0023642228749179636)
132	139,0.00297381711854	(132, 0.0023642228749179636)
132	46,0.0030980926179	(132, 0.0023642228749179636)
132	158,0.00332406013916	(132, 0.0023642228749179636)
132	76,0.0034360724837	(132, 0.0023642228749179636)
132	146,0.00345358918802	(132, 0.0023642228749179636)
132	171,0.00383750455217	(132, 0.0023642228749179636)
132	147,0.00384638975436	(132, 0.0023642228749179636)
133	133,0.00367258936508	(133, 0.0036725893650750561)
133	91,0.00810388294667	(133, 0.0036725893650750561)
133	34,0.00814519204066	(133, 0.0036725893650750561)
133	102,0.00934942700488	(133, 0.0036725893650750561)
133	110,0.00970370172857	(133, 0.0036725893650750561)
133	130,0.010290638445	(133, 0.0036725893650750561)
133	153,0.0102979650123	(133, 0.0036725893650750561)
133	103,0.0107010402953	(133, 0.0036725893650750561)
133	114,0.0111940458842	(133, 0.0036725893650750561)
133	53,0.0112341665823	(133, 0.0036725893650750561)
134	121,0.00366083474538	(134, 0.0044099696510624857)
134	128,0.00371028609384	(134, 0.0044099696510624857)
134	78,0.00408851662313	(134, 0.0044099696510624857)
134	134,0.00440996965106	(134, 0.0044099696510624857)
134	22,0.00545476233218	(134, 0.0044099696510624857)
134	73,0.00550535265787	(134, 0.0044099696510624857)
134	18,0.00565683036446	(134, 0.0044099696510624857)
134	109,0.00576340729504	(134, 0.0044099696510624857)
134	26,0.00626339847384	(134, 0.0044099696510624857)
134	107,0.00637928526257	(134, 0.0044099696510624857)
135	147,0.00199274498661	(135, 0.003175725169599527)
135	137,0.00246617868669	(135, 0.003175725169599527)
135	63,0.0027144659997	(135, 0.003175725169599527)
135	76,0.00280338613031	(135, 0.003175725169599527)
135	162,0.0029928881609	(135, 0.003175725169599527)
135	135,0.0031757251696	(135, 0.003175725169599527)
135	171,0.00358866509376	(135, 0.003175725169599527)
135	77,0.00387963801941	(135, 0.003175725169599527)
135	3,0.0039392895882	(135, 0.003175725169599527)
135	117,0.00400160149846	(135, 0.003175725169599527)
136	136,0.00502600802801	(136, 0.0050260080280145189)
136	54,0.00537528024945	(136, 0.0050260080280145189)
136	121,0.00538510376642	(136, 0.0050260080280145189)
136	78,0.0057153065733	(136, 0.0050260080280145189)
136	126,0.00585124587016	(136, 0.0050260080280145189)
136	11,0.00598713144994	(136, 0.0050260080280145189)
136	151,0.00653754828187	(136, 0.0050260080280145189)
136	132,0.00659550958946	(136, 0.0050260080280145189)
136	162,0.00675946179115	(136, 0.0050260080280145189)
136	13,0.00681871723806	(136, 0.0050260080280145189)
137	137,0.00137595600707	(137, 0.001375956007074134)
137	63,0.00230962706174	(137, 0.001375956007074134)
137	147,0.0023114295532	(137, 0.001375956007074134)
137	3,0.00283148392885	(137, 0.001375956007074134)
137	90,0.00324107403623	(137, 0.001375956007074134)
137	171,0.00338781118186	(137, 0.001375956007074134)
137	76,0.00354928051722	(137, 0.001375956007074134)
137	36,0.00392514221853	(137, 0.001375956007074134)
137	117,0.00395250332937	(137, 0.001375956007074134)
137	136,0.00425430960748	(137, 0.001375956007074134)
138	138,0.00480072426424	(138, 0.0048007242642357367)
138	128,0.00486693579341	(138, 0.0048007242642357367)
138	78,0.00502941374273	(138, 0.0048007242642357367)
138	107,0.00530544593315	(138, 0.0048007242642357367)
138	158,0.00566327259252	(138, 0.0048007242642357367)
138	159,0.00660943857479	(138, 0.0048007242642357367)
138	99,0.0069645377179	(138, 0.0048007242642357367)
138	55,0.00717218886904	(138, 0.0048007242642357367)
138	84,0.00731121256181	(138, 0.0048007242642357367)
138	38,0.00731455840445	(138, 0.0048007242642357367)
139	139,0.0014302843525	(139, 0.0014302843525036096)
139	46,0.0024926939043	(139, 0.0014302843525036096)
139	151,0.00342379018991	(139, 0.0014302843525036096)
139	76,0.0034276354813	(139, 0.0014302843525036096)
139	18,0.00360204802148	(139, 0.0014302843525036096)
139	22,0.00386672680941	(139, 0.0014302843525036096)
139	132,0.00397915135516	(139, 0.0014302843525036096)
139	146,0.00418006130379	(139, 0.0014302843525036096)
139	171,0.00447293966026	(139, 0.0014302843525036096)
139	12,0.00464459558164	(139, 0.0014302843525036096)
140	140,0.00517080456831	(140, 0.0051708045683071246)
140	124,0.00550415617543	(140, 0.0051708045683071246)
140	73,0.00596959097434	(140, 0.0051708045683071246)
140	93,0.00609986842517	(140, 0.0051708045683071246)
140	157,0.00666016194474	(140, 0.0051708045683071246)
140	116,0.00694140840851	(140, 0.0051708045683071246)
140	104,0.00729651919744	(140, 0.0051708045683071246)
140	69,0.00778448300579	(140, 0.0051708045683071246)
140	101,0.00785166647966	(140, 0.0051708045683071246)
140	13,0.00799199845383	(140, 0.0051708045683071246)
141	141,0.00866813739935	(141, 0.0086681373993472179)
141	48,0.0126974329374	(141, 0.0086681373993472179)
141	124,0.0144547885265	(141, 0.0086681373993472179)
141	33,0.015003889008	(141, 0.0086681373993472179)
141	2,0.0161380986205	(141, 0.0086681373993472179)
141	56,0.0161987721788	(141, 0.0086681373993472179)
141	97,0.0164156043223	(141, 0.0086681373993472179)
141	120,0.0164342020192	(141, 0.0086681373993472179)
141	4,0.0165755917597	(141, 0.0086681373993472179)
141	69,0.0169686437889	(141, 0.0086681373993472179)
142	61,0.00652712325057	(142, 0.018748674639528715)
142	38,0.00717089920582	(142, 0.018748674639528715)
142	16,0.0072936862003	(142, 0.018748674639528715)
142	12,0.00754344592188	(142, 0.018748674639528715)
142	73,0.00803444346074	(142, 0.018748674639528715)
142	23,0.0080880445205	(142, 0.018748674639528715)
142	55,0.0082903091218	(142, 0.018748674639528715)
142	78,0.00863130926669	(142, 0.018748674639528715)
142	105,0.00875298814086	(142, 0.018748674639528715)
142	170,0.00892306409031	(142, 0.018748674639528715)
143	143,0.00224645984821	(143, 0.0022464598482075117)
143	3,0.00270666127258	(143, 0.0022464598482075117)
143	137,0.003097749019	(143, 0.0022464598482075117)
143	11,0.00311846972549	(143, 0.0022464598482075117)
143	90,0.00326341035037	(143, 0.0022464598482075117)
143	162,0.00328096676471	(143, 0.0022464598482075117)
143	112,0.00331836717954	(143, 0.0022464598482075117)
143	21,0.00357198286978	(143, 0.0022464598482075117)
143	63,0.00358426330058	(143, 0.0022464598482075117)
143	136,0.00374573923349	(143, 0.0022464598482075117)
144	144,0.00292874785305	(144, 0.0029287478530502526)
144	38,0.00721546742485	(144, 0.0029287478530502526)
144	12,0.00773491634272	(144, 0.0029287478530502526)
144	14,0.00784727319954	(144, 0.0029287478530502526)
144	116,0.00849046291953	(144, 0.0029287478530502526)
144	156,0.00867243202279	(144, 0.0029287478530502526)
144	50,0.00867596800119	(144, 0.0029287478530502526)
144	159,0.00889543043689	(144, 0.0029287478530502526)
144	109,0.00889953814172	(144, 0.0029287478530502526)
144	73,0.00894677337104	(144, 0.0029287478530502526)
145	158,0.00449658719626	(145, 0.0049210900338047944)
145	38,0.00450061568611	(145, 0.0049210900338047944)
145	145,0.0049210900338	(145, 0.0049210900338047944)
145	128,0.00495203754186	(145, 0.0049210900338047944)
145	78,0.00496716124588	(145, 0.0049210900338047944)
145	55,0.005294313716	(145, 0.0049210900338047944)
145	24,0.00536061384432	(145, 0.0049210900338047944)
145	12,0.00618818141155	(145, 0.0049210900338047944)
145	22,0.00690769620082	(145, 0.0049210900338047944)
145	14,0.00691601001854	(145, 0.0049210900338047944)
146	146,0.00176728208975	(146, 0.0017672820897468209)
146	159,0.00338081430262	(146, 0.0017672820897468209)
146	12,0.00567975207445	(146, 0.0017672820897468209)
146	81,0.00620499743177	(146, 0.0017672820897468209)
146	132,0.00638685958556	(146, 0.0017672820897468209)
146	46,0.0064425697074	(146, 0.0017672820897468209)
146	18,0.00647989440683	(146, 0.0017672820897468209)
146	137,0.00654583722664	(146, 0.0017672820897468209)
146	123,0.00674180697867	(146, 0.0017672820897468209)
146	3,0.00683561858054	(146, 0.0017672820897468209)
147	63,0.00192515361903	(147, 0.0019672083436507279)
147	147,0.00196720834365	(147, 0.0019672083436507279)
147	76,0.00198197032284	(147, 0.0019672083436507279)
147	18,0.00283334659564	(147, 0.0019672083436507279)
147	151,0.00287014628391	(147, 0.0019672083436507279)
147	137,0.0031621352495	(147, 0.0019672083436507279)
147	126,0.0033106417894	(147, 0.0019672083436507279)
147	132,0.00333931121914	(147, 0.0019672083436507279)
147	22,0.00337095685621	(147, 0.0019672083436507279)
147	121,0.00376309549908	(147, 0.0019672083436507279)
148	148,0.0021593772232	(148, 0.0021593772232036787)
148	17,0.00287874266092	(148, 0.0021593772232036787)
148	143,0.00327947259351	(148, 0.0021593772232036787)
148	100,0.00405569124972	(148, 0.0021593772232036787)
148	90,0.00409524479155	(148, 0.0021593772232036787)
148	172,0.00518650373783	(148, 0.0021593772232036787)
148	49,0.00545937904282	(148, 0.0021593772232036787)
148	112,0.00557718666111	(148, 0.0021593772232036787)
148	37,0.00585403720549	(148, 0.0021593772232036787)
148	3,0.00592712850288	(148, 0.0021593772232036787)
149	149,0.00674207992581	(149, 0.00674207992580608)
149	32,0.0104480957054	(149, 0.00674207992580608)
149	169,0.0129817409602	(149, 0.00674207992580608)
149	33,0.0143377432769	(149, 0.00674207992580608)
149	27,0.0195866823848	(149, 0.00674207992580608)
149	156,0.0203934214231	(149, 0.00674207992580608)
149	51,0.0212779144933	(149, 0.00674207992580608)
149	165,0.0214334012253	(149, 0.00674207992580608)
149	111,0.0215677575852	(149, 0.00674207992580608)
149	131,0.0220252426529	(149, 0.00674207992580608)
150	3,0.00199341397839	(150, 0.0035813323761177381)
150	11,0.00230204154795	(150, 0.0035813323761177381)
150	71,0.00264814669521	(150, 0.0035813323761177381)
150	162,0.00286523655238	(150, 0.0035813323761177381)
150	121,0.0031484679723	(150, 0.0035813323761177381)
150	150,0.00358133237612	(150, 0.0035813323761177381)
150	117,0.00360546777984	(150, 0.0035813323761177381)
150	86,0.00365047819187	(150, 0.0035813323761177381)
150	143,0.00377392469732	(150, 0.0035813323761177381)
150	63,0.00383402342702	(150, 0.0035813323761177381)
151	121,0.00189151767869	(151, 0.003200080846610972)
151	151,0.00320008084661	(151, 0.003200080846610972)
151	78,0.00340863278317	(151, 0.003200080846610972)
151	132,0.00366688461587	(151, 0.003200080846610972)
151	61,0.00399662013718	(151, 0.003200080846610972)
151	22,0.0040121782691	(151, 0.003200080846610972)
151	26,0.00425687536748	(151, 0.003200080846610972)
151	70,0.0042872695395	(151, 0.003200080846610972)
151	18,0.00448026833868	(151, 0.003200080846610972)
151	23,0.00463690667858	(151, 0.003200080846610972)
152	152,0.0032521654901	(152, 0.0032521654901034708)
152	121,0.00389382124966	(152, 0.0032521654901034708)
152	18,0.00434430095597	(152, 0.0032521654901034708)
152	88,0.00477990157119	(152, 0.0032521654901034708)
152	35,0.00497410610497	(152, 0.0032521654901034708)
152	117,0.0050978899957	(152, 0.0032521654901034708)
152	139,0.00536194333602	(152, 0.0032521654901034708)
152	12,0.00539483273825	(152, 0.0032521654901034708)
152	22,0.00555889274197	(152, 0.0032521654901034708)
152	81,0.00590434561177	(152, 0.0032521654901034708)
153	133,0.00478697573434	(153, 0.0080810161088130331)
153	153,0.00808101610881	(153, 0.0080810161088130331)
153	91,0.00911519980595	(153, 0.0080810161088130331)
153	102,0.00943075190131	(153, 0.0080810161088130331)
153	34,0.00979732478317	(153, 0.0080810161088130331)
153	130,0.0101000620131	(153, 0.0080810161088130331)
153	103,0.0110826293541	(153, 0.0080810161088130331)
153	1,0.0122075129348	(153, 0.0080810161088130331)
153	95,0.0126350564787	(153, 0.0080810161088130331)
153	53,0.0132480309188	(153, 0.0080810161088130331)
154	154,0.00230057867933	(154, 0.0023005786793279439)
154	40,0.00431106246254	(154, 0.0023005786793279439)
154	174,0.00458357981775	(154, 0.0023005786793279439)
154	4,0.00522913482173	(154, 0.0023005786793279439)
154	172,0.00536220548633	(154, 0.0023005786793279439)
154	69,0.00563634710281	(154, 0.0023005786793279439)
154	116,0.00729574823063	(154, 0.0023005786793279439)
154	56,0.00747804425298	(154, 0.0023005786793279439)
154	2,0.00787819739109	(154, 0.0023005786793279439)
154	17,0.00804267732615	(154, 0.0023005786793279439)
155	71,0.00292802882715	(155, 0.0034179326700945647)
155	155,0.00341793267009	(155, 0.0034179326700945647)
155	11,0.00354092808986	(155, 0.0034179326700945647)
155	1,0.00369408762244	(155, 0.0034179326700945647)
155	162,0.00445644426646	(155, 0.0034179326700945647)
155	77,0.0051993443796	(155, 0.0034179326700945647)
155	121,0.00557435105299	(155, 0.0034179326700945647)
155	161,0.00596289332776	(155, 0.0034179326700945647)
155	3,0.0059790607272	(155, 0.0034179326700945647)
155	117,0.00612365599754	(155, 0.0034179326700945647)
156	156,0.00464933992306	(156, 0.0046493399230643339)
156	73,0.00497195219966	(156, 0.0046493399230643339)
156	144,0.00608502534522	(156, 0.0046493399230643339)
156	109,0.00612087574498	(156, 0.0046493399230643339)
156	27,0.00668854712322	(156, 0.0046493399230643339)
156	107,0.00759957744203	(156, 0.0046493399230643339)
156	38,0.00770106687713	(156, 0.0046493399230643339)
156	128,0.00773202011232	(156, 0.0046493399230643339)
156	50,0.00780108182522	(156, 0.0046493399230643339)
156	84,0.00798330453335	(156, 0.0046493399230643339)
157	22,0.003739995668	(157, 0.0061707393612779231)
157	12,0.00403930895273	(157, 0.0061707393612779231)
157	128,0.00416620553245	(157, 0.0061707393612779231)
157	73,0.00434732104862	(157, 0.0061707393612779231)
157	121,0.00467210548359	(157, 0.0061707393612779231)
157	126,0.00477569552722	(157, 0.0061707393612779231)
157	78,0.00477755717261	(157, 0.0061707393612779231)
157	93,0.00487743236088	(157, 0.0061707393612779231)
157	158,0.00492509480755	(157, 0.0061707393612779231)
157	132,0.00508855906827	(157, 0.0061707393612779231)
158	77,0.00223312521347	(158, 0.0077438345299644254)
158	3,0.00305009635935	(158, 0.0077438345299644254)
158	37,0.00339634328211	(158, 0.0077438345299644254)
158	136,0.00357824489393	(158, 0.0077438345299644254)
158	171,0.00384783879105	(158, 0.0077438345299644254)
158	63,0.0038562914574	(158, 0.0077438345299644254)
158	11,0.0038987090062	(158, 0.0077438345299644254)
158	147,0.00394592482275	(158, 0.0077438345299644254)
158	76,0.00399875037526	(158, 0.0077438345299644254)
158	137,0.00401049616835	(158, 0.0077438345299644254)
159	146,0.00203358800319	(159, 0.0055011422427395946)
159	137,0.00360800777263	(159, 0.0055011422427395946)
159	150,0.00426150302848	(159, 0.0055011422427395946)
159	36,0.00426522674729	(159, 0.0055011422427395946)
159	46,0.00437564209795	(159, 0.0055011422427395946)
159	18,0.00447917455166	(159, 0.0055011422427395946)
159	3,0.00459234144435	(159, 0.0055011422427395946)
159	147,0.0046673272293	(159, 0.0055011422427395946)
159	81,0.00468963884003	(159, 0.0055011422427395946)
159	151,0.00474012412359	(159, 0.0055011422427395946)
160	164,0.00704354122757	(160, 0.032262687244491307)
160	27,0.00841992926988	(160, 0.032262687244491307)
160	73,0.00867396577636	(160, 0.032262687244491307)
160	32,0.00962572957077	(160, 0.032262687244491307)
160	105,0.00995336580637	(160, 0.032262687244491307)
160	109,0.0101904428288	(160, 0.032262687244491307)
160	107,0.0104650527144	(160, 0.032262687244491307)
160	43,0.0104915884697	(160, 0.032262687244491307)
160	38,0.0105307444825	(160, 0.032262687244491307)
160	41,0.0108903622426	(160, 0.032262687244491307)
161	161,0.0017726941591	(161, 0.0017726941590978148)
161	65,0.0043486146873	(161, 0.0017726941590978148)
161	44,0.00491205805465	(161, 0.0017726941590978148)
161	155,0.00540292516969	(161, 0.0017726941590978148)
161	68,0.00594792645168	(161, 0.0017726941590978148)
161	83,0.00625188683795	(161, 0.0017726941590978148)
161	17,0.00635355071702	(161, 0.0017726941590978148)
161	1,0.00694818454209	(161, 0.0017726941590978148)
161	13,0.00718892524047	(161, 0.0017726941590978148)
161	120,0.00748322785143	(161, 0.0017726941590978148)
162	162,0.00230421317437	(162, 0.0023042131743652361)
162	117,0.00299891958777	(162, 0.0023042131743652361)
162	76,0.00361258904572	(162, 0.0023042131743652361)
162	18,0.00368543490229	(162, 0.0023042131743652361)
162	90,0.00369333428958	(162, 0.0023042131743652361)
162	147,0.00376614351677	(162, 0.0023042131743652361)
162	11,0.00383647593502	(162, 0.0023042131743652361)
162	81,0.00399376223407	(162, 0.0023042131743652361)
162	3,0.00405091227735	(162, 0.0023042131743652361)
162	137,0.0041098147477	(162, 0.0023042131743652361)
163	17,0.00422302105572	(163, 0.0059020630408269676)
163	172,0.00442489517501	(163, 0.0059020630408269676)
163	3,0.004678477384	(163, 0.0059020630408269676)
163	37,0.00487967644178	(163, 0.0059020630408269676)
163	100,0.00492850690894	(163, 0.0059020630408269676)
163	11,0.00513687238161	(163, 0.0059020630408269676)
163	40,0.0052192398057	(163, 0.0059020630408269676)
163	90,0.00549785951864	(163, 0.0059020630408269676)
163	143,0.00559123105959	(163, 0.0059020630408269676)
163	148,0.00562724112835	(163, 0.0059020630408269676)
164	156,0.00536568874277	(164, 0.0068035070082210231)
164	27,0.00552107586269	(164, 0.0068035070082210231)
164	164,0.00680350700822	(164, 0.0068035070082210231)
164	73,0.00767546322957	(164, 0.0068035070082210231)
164	144,0.00791410308994	(164, 0.0068035070082210231)
164	32,0.0081189184964	(164, 0.0068035070082210231)
164	109,0.00919465570843	(164, 0.0068035070082210231)
164	107,0.00928055840271	(164, 0.0068035070082210231)
164	131,0.0093060724463	(164, 0.0068035070082210231)
164	50,0.00944869176342	(164, 0.0068035070082210231)
165	93,0.00461889860914	(165, 0.0083044522583495695)
165	116,0.00587833957368	(165, 0.0083044522583495695)
165	144,0.00694036570583	(165, 0.0083044522583495695)
165	157,0.00716729447215	(165, 0.0083044522583495695)
165	73,0.00806211150892	(165, 0.0083044522583495695)
165	131,0.00817001447013	(165, 0.0083044522583495695)
165	165,0.00830445225835	(165, 0.0083044522583495695)
165	124,0.00904601079467	(165, 0.0083044522583495695)
165	156,0.00912427049092	(165, 0.0083044522583495695)
165	172,0.00972200959868	(165, 0.0083044522583495695)
166	116,0.00708630836859	(166, 0.0087185549002445125)
166	144,0.0080145215847	(166, 0.0087185549002445125)
166	124,0.00843316331089	(166, 0.0087185549002445125)
166	166,0.00871855490024	(166, 0.0087185549002445125)
166	69,0.0088151581021	(166, 0.0087185549002445125)
166	140,0.010290726163	(166, 0.0087185549002445125)
166	13,0.0103081486016	(166, 0.0087185549002445125)
166	123,0.0105086053377	(166, 0.0087185549002445125)
166	104,0.0106710069384	(166, 0.0087185549002445125)
166	157,0.0107155115826	(166, 0.0087185549002445125)
167	51,0.00849512427227	(167, 0.0098871559746080608)
167	39,0.00985248281208	(167, 0.0098871559746080608)
167	167,0.00988715597461	(167, 0.0098871559746080608)
167	27,0.0128721114471	(167, 0.0098871559746080608)
167	32,0.0139817312855	(167, 0.0098871559746080608)
167	19,0.0145642796928	(167, 0.0098871559746080608)
167	169,0.0150777875917	(167, 0.0098871559746080608)
167	138,0.0161159105455	(167, 0.0098871559746080608)
167	84,0.0171123353296	(167, 0.0098871559746080608)
167	164,0.0175165901363	(167, 0.0098871559746080608)
168	55,0.00539046476546	(168, 0.006269500265412062)
168	121,0.00547548017095	(168, 0.006269500265412062)
168	18,0.00549278150124	(168, 0.006269500265412062)
168	12,0.00563425107323	(168, 0.006269500265412062)
168	152,0.00626512476657	(168, 0.006269500265412062)
168	168,0.00626950026541	(168, 0.006269500265412062)
168	151,0.00630721938427	(168, 0.006269500265412062)
168	86,0.00654034899592	(168, 0.006269500265412062)
168	38,0.00685144046482	(168, 0.006269500265412062)
168	61,0.00696770561706	(168, 0.006269500265412062)
169	156,0.00731722128508	(169, 0.0076616859451526)
169	169,0.00766168594515	(169, 0.0076616859451526)
169	73,0.00825791346439	(169, 0.0076616859451526)
169	99,0.00914567530198	(169, 0.0076616859451526)
169	144,0.00920770407241	(169, 0.0076616859451526)
169	27,0.00942789589137	(169, 0.0076616859451526)
169	109,0.0094321905707	(169, 0.0076616859451526)
169	170,0.010045568057	(169, 0.0076616859451526)
169	124,0.0103059716962	(169, 0.0076616859451526)
169	41,0.0104164610844	(169, 0.0076616859451526)
170	170,0.00498353269368	(170, 0.0049835326936770452)
170	27,0.00625128532307	(170, 0.0049835326936770452)
170	99,0.00696950754207	(170, 0.0049835326936770452)
170	19,0.00797318888785	(170, 0.0049835326936770452)
170	144,0.00864303820219	(170, 0.0049835326936770452)
170	73,0.0090368882507	(170, 0.0049835326936770452)
170	0,0.0100852681932	(170, 0.0049835326936770452)
170	114,0.0107264509443	(170, 0.0049835326936770452)
170	101,0.0108557700808	(170, 0.0049835326936770452)
170	84,0.0109777485638	(170, 0.0049835326936770452)
171	27,0.00567641282467	(171, 0.018337487297378535)
171	156,0.00584661964936	(171, 0.018337487297378535)
171	32,0.00717330355391	(171, 0.018337487297378535)
171	73,0.00750297467159	(171, 0.018337487297378535)
171	164,0.0081778956673	(171, 0.018337487297378535)
171	107,0.00853201672319	(171, 0.018337487297378535)
171	19,0.00965409606964	(171, 0.018337487297378535)
171	144,0.00984124308241	(171, 0.018337487297378535)
171	169,0.00993239012344	(171, 0.018337487297378535)
171	51,0.00998472091028	(171, 0.018337487297378535)
172	172,0.00143936885306	(172, 0.0014393688530640306)
172	137,0.00289322406856	(172, 0.0014393688530640306)
172	3,0.0030109545341	(172, 0.0014393688530640306)
172	17,0.00350164512145	(172, 0.0014393688530640306)
172	90,0.00374196639595	(172, 0.0014393688530640306)
172	81,0.00375416366505	(172, 0.0014393688530640306)
172	77,0.0037899122239	(172, 0.0014393688530640306)
172	37,0.00423420535519	(172, 0.0014393688530640306)
172	136,0.0043524730065	(172, 0.0014393688530640306)
172	171,0.0047621559533	(172, 0.0014393688530640306)
173	107,0.00613605324658	(173, 0.010162794869493405)
173	158,0.00629169648706	(173, 0.010162794869493405)
173	38,0.00673692859106	(173, 0.010162794869493405)
173	24,0.0068556931564	(173, 0.010162794869493405)
173	27,0.00714282590451	(173, 0.010162794869493405)
173	61,0.00836365960943	(173, 0.010162794869493405)
173	156,0.00840117092991	(173, 0.010162794869493405)
173	128,0.00844720379784	(173, 0.010162794869493405)
173	78,0.00849212109182	(173, 0.010162794869493405)
173	87,0.00885206493229	(173, 0.010162794869493405)
174	174,0.00217020315635	(174, 0.0021702031563542537)
174	56,0.00377706232576	(174, 0.0021702031563542537)
174	15,0.00421099252516	(174, 0.0021702031563542537)
174	120,0.00537846140453	(174, 0.0021702031563542537)
174	69,0.00577456745316	(174, 0.0021702031563542537)
174	17,0.00617380995478	(174, 0.0021702031563542537)
174	4,0.00628587748614	(174, 0.0021702031563542537)
174	2,0.00652441170622	(174, 0.0021702031563542537)
174	154,0.00713970689831	(174, 0.0021702031563542537)
174	48,0.00736896205745	(174, 0.0021702031563542537)
