0	0,0.000168699618022	(0, 0.00016869961802247249)
0	170,0.000395567893326	(0, 0.00016869961802247249)
0	99,0.000439833313356	(0, 0.00016869961802247249)
0	38,0.000484812909463	(0, 0.00016869961802247249)
0	84,0.00050783686546	(0, 0.00016869961802247249)
0	138,0.000522126438352	(0, 0.00016869961802247249)
0	109,0.000534958604252	(0, 0.00016869961802247249)
0	128,0.000550784111609	(0, 0.00016869961802247249)
0	55,0.000555443953842	(0, 0.00016869961802247249)
0	78,0.000628701919188	(0, 0.00016869961802247249)
1	1,0.000166637972961	(1, 0.00016663797296104246)
1	41,0.000213541110608	(1, 0.00016663797296104246)
1	103,0.000227930953967	(1, 0.00016663797296104246)
1	102,0.00023091029441	(1, 0.00016663797296104246)
1	28,0.000248928930601	(1, 0.00016663797296104246)
1	155,0.000281065436005	(1, 0.00016663797296104246)
1	91,0.000333197470622	(1, 0.00016663797296104246)
1	153,0.000353605179038	(1, 0.00016663797296104246)
1	95,0.000356756219657	(1, 0.00016663797296104246)
1	101,0.000412838845442	(1, 0.00016663797296104246)
2	154,9.24898557719e-05	(2, 0.00035226476254870655)
2	40,0.000190801967298	(2, 0.00035226476254870655)
2	174,0.000203549814967	(2, 0.00035226476254870655)
2	69,0.000214374015812	(2, 0.00035226476254870655)
2	172,0.000252809556667	(2, 0.00035226476254870655)
2	4,0.000261057157053	(2, 0.00035226476254870655)
2	2,0.000352264762549	(2, 0.00035226476254870655)
2	25,0.000369217991988	(2, 0.00035226476254870655)
2	116,0.000393040547988	(2, 0.00035226476254870655)
2	56,0.000405019418252	(2, 0.00035226476254870655)
3	3,9.20644330223e-05	(3, 9.2064433022308282e-05)
3	63,0.000108181671238	(3, 9.2064433022308282e-05)
3	132,0.000118052929409	(3, 9.2064433022308282e-05)
3	147,0.000155947871915	(3, 9.2064433022308282e-05)
3	121,0.000156063653822	(3, 9.2064433022308282e-05)
3	70,0.000159328984806	(3, 9.2064433022308282e-05)
3	11,0.000159704180611	(3, 9.2064433022308282e-05)
3	76,0.000175039016392	(3, 9.2064433022308282e-05)
3	22,0.000188092736912	(3, 9.2064433022308282e-05)
3	18,0.000189016326506	(3, 9.2064433022308282e-05)
4	172,0.000136074706823	(4, 0.00028385698672662448)
4	40,0.000189449566227	(4, 0.00028385698672662448)
4	17,0.000202208085391	(4, 0.00028385698672662448)
4	13,0.000204246588871	(4, 0.00028385698672662448)
4	120,0.000215239238989	(4, 0.00028385698672662448)
4	161,0.000224614621932	(4, 0.00028385698672662448)
4	69,0.000226388189167	(4, 0.00028385698672662448)
4	37,0.000230157949304	(4, 0.00028385698672662448)
4	174,0.000232269351148	(4, 0.00028385698672662448)
4	3,0.000242985495503	(4, 0.00028385698672662448)
5	73,0.000169280755655	(5, 0.00077340912778608485)
5	93,0.000200759239102	(5, 0.00077340912778608485)
5	128,0.000247716308566	(5, 0.00077340912778608485)
5	124,0.00026480961134	(5, 0.00077340912778608485)
5	157,0.000331412352068	(5, 0.00077340912778608485)
5	101,0.000338425585924	(5, 0.00077340912778608485)
5	28,0.000352518053604	(5, 0.00077340912778608485)
5	109,0.000356426100916	(5, 0.00077340912778608485)
5	156,0.000360181021373	(5, 0.00077340912778608485)
5	26,0.000373543971002	(5, 0.00077340912778608485)
6	139,9.74941253779e-05	(6, 0.00015942734671159511)
6	46,0.000101004701099	(6, 0.00015942734671159511)
6	76,0.000144427201638	(6, 0.00015942734671159511)
6	22,0.000155389629875	(6, 0.00015942734671159511)
6	171,0.000157568670808	(6, 0.00015942734671159511)
6	6,0.000159427346712	(6, 0.00015942734671159511)
6	132,0.000182410251303	(6, 0.00015942734671159511)
6	18,0.000188152937486	(6, 0.00015942734671159511)
6	158,0.000198805186533	(6, 0.00015942734671159511)
6	35,0.000229832732299	(6, 0.00015942734671159511)
7	66,0.000592815416177	(7, 0.0011983946980789588)
7	167,0.00105159310929	(7, 0.0011983946980789588)
7	169,0.00109221172796	(7, 0.0011983946980789588)
7	7,0.00119839469808	(7, 0.0011983946980789588)
7	149,0.00138115743266	(7, 0.0011983946980789588)
7	32,0.00141082605454	(7, 0.0011983946980789588)
7	51,0.00146668612795	(7, 0.0011983946980789588)
7	160,0.00149434807456	(7, 0.0011983946980789588)
7	133,0.00150000799025	(7, 0.0011983946980789588)
7	80,0.00152699689363	(7, 0.0011983946980789588)
8	121,0.000167115864825	(8, 0.00027380445294535608)
8	73,0.000188660789256	(8, 0.00027380445294535608)
8	11,0.000195145163185	(8, 0.00027380445294535608)
8	3,0.000198723115817	(8, 0.00027380445294535608)
8	132,0.000238731609171	(8, 0.00027380445294535608)
8	162,0.000251780293596	(8, 0.00027380445294535608)
8	18,0.000269060011477	(8, 0.00027380445294535608)
8	22,0.000272699898668	(8, 0.00027380445294535608)
8	8,0.000273804452945	(8, 0.00027380445294535608)
8	78,0.000274760417183	(8, 0.00027380445294535608)
9	9,0.000312404505498	(9, 0.00031240450549844162)
9	155,0.000533005417632	(9, 0.00031240450549844162)
9	114,0.000542847565154	(9, 0.00031240450549844162)
9	91,0.000591091859183	(9, 0.00031240450549844162)
9	124,0.000681204137947	(9, 0.00031240450549844162)
9	53,0.000705249615678	(9, 0.00031240450549844162)
9	28,0.000764270662133	(9, 0.00031240450549844162)
9	41,0.000774060593962	(9, 0.00031240450549844162)
9	65,0.000785849141772	(9, 0.00031240450549844162)
9	130,0.000913127977426	(9, 0.00031240450549844162)
10	10,0.000419880044543	(10, 0.00041988004454325903)
10	167,0.000623941455972	(10, 0.00041988004454325903)
10	47,0.000689926558421	(10, 0.00041988004454325903)
10	166,0.000887139079878	(10, 0.00041988004454325903)
10	84,0.000914012253242	(10, 0.00041988004454325903)
10	72,0.00094425277053	(10, 0.00041988004454325903)
10	173,0.000974549062561	(10, 0.00041988004454325903)
10	99,0.00102574536667	(10, 0.00041988004454325903)
10	67,0.00107898997069	(10, 0.00041988004454325903)
10	14,0.00110453471113	(10, 0.00041988004454325903)
11	11,0.000129041760604	(11, 0.00012904176060384522)
11	81,0.000130234896173	(11, 0.00012904176060384522)
11	3,0.000194760782889	(11, 0.00012904176060384522)
11	115,0.000202885087065	(11, 0.00012904176060384522)
11	119,0.000227802958805	(11, 0.00012904176060384522)
11	124,0.000265397530896	(11, 0.00012904176060384522)
11	96,0.000283590374056	(11, 0.00012904176060384522)
11	37,0.00028490594409	(11, 0.00012904176060384522)
11	86,0.000296858675017	(11, 0.00012904176060384522)
11	112,0.000302082376243	(11, 0.00012904176060384522)
12	22,9.99116275077e-05	(12, 0.00016678819188391155)
12	121,0.000116539683968	(12, 0.00016678819188391155)
12	18,0.000119179254102	(12, 0.00016678819188391155)
12	132,0.000123524497158	(12, 0.00016678819188391155)
12	126,0.000133853741422	(12, 0.00016678819188391155)
12	151,0.000135428354218	(12, 0.00016678819188391155)
12	76,0.000157354476848	(12, 0.00016678819188391155)
12	158,0.000162139778209	(12, 0.00016678819188391155)
12	12,0.000166788191884	(12, 0.00016678819188391155)
12	78,0.000170993098345	(12, 0.00016678819188391155)
13	11,0.000117016329601	(13, 0.00024559822077208651)
13	37,0.000156758510824	(13, 0.00024559822077208651)
13	162,0.000158618980377	(13, 0.00024559822077208651)
13	3,0.000159444843176	(13, 0.00024559822077208651)
13	172,0.000172826763392	(13, 0.00024559822077208651)
13	90,0.00017284308953	(13, 0.00024559822077208651)
13	17,0.000175784663741	(13, 0.00024559822077208651)
13	136,0.000185821833357	(13, 0.00024559822077208651)
13	71,0.00019956545404	(13, 0.00024559822077208651)
13	77,0.000201718090048	(13, 0.00024559822077208651)
14	14,0.000175408453297	(14, 0.0001754084532972649)
14	159,0.000227675700896	(14, 0.0001754084532972649)
14	72,0.000261086392504	(14, 0.0001754084532972649)
14	38,0.000273901555684	(14, 0.0001754084532972649)
14	145,0.000301847394778	(14, 0.0001754084532972649)
14	144,0.00031086534974	(14, 0.0001754084532972649)
14	109,0.000325007423242	(14, 0.0001754084532972649)
14	84,0.000335757016148	(14, 0.0001754084532972649)
14	12,0.000342172589857	(14, 0.0001754084532972649)
14	116,0.000389023482159	(14, 0.0001754084532972649)
15	17,0.000162551811379	(15, 0.00018256499771632557)
15	77,0.000164052912982	(15, 0.00018256499771632557)
15	172,0.000164097709551	(15, 0.00018256499771632557)
15	15,0.000182564997716	(15, 0.00018256499771632557)
15	49,0.000186775246053	(15, 0.00018256499771632557)
15	161,0.000220620398099	(15, 0.00018256499771632557)
15	174,0.000235824730562	(15, 0.00018256499771632557)
15	120,0.00024300894538	(15, 0.00018256499771632557)
15	100,0.000264366548085	(15, 0.00018256499771632557)
15	56,0.000269861571001	(15, 0.00018256499771632557)
16	170,0.000199678931199	(16, 0.00026584419484536358)
16	16,0.000265844194845	(16, 0.00026584419484536358)
16	109,0.000344987028283	(16, 0.00026584419484536358)
16	114,0.000364420281346	(16, 0.00026584419484536358)
16	73,0.00037836187924	(16, 0.00026584419484536358)
16	99,0.000392194847336	(16, 0.00026584419484536358)
16	101,0.000401192114343	(16, 0.00026584419484536358)
16	27,0.000406817141212	(16, 0.00026584419484536358)
16	164,0.000408265797176	(16, 0.00026584419484536358)
16	134,0.000409586596262	(16, 0.00026584419484536358)
17	17,8.82999549511e-05	(17, 8.8299954951053634e-05)
17	172,8.86491473433e-05	(17, 8.8299954951053634e-05)
17	49,0.000159085312155	(17, 8.8299954951053634e-05)
17	77,0.000177368432654	(17, 8.8299954951053634e-05)
17	143,0.000202975983863	(17, 8.8299954951053634e-05)
17	37,0.000204826267547	(17, 8.8299954951053634e-05)
17	136,0.000224665318287	(17, 8.8299954951053634e-05)
17	3,0.000227120734812	(17, 8.8299954951053634e-05)
17	100,0.000230036529873	(17, 8.8299954951053634e-05)
17	137,0.000231120470019	(17, 8.8299954951053634e-05)
18	18,9.14930315248e-05	(18, 9.1493031524758837e-05)
18	22,9.19972667201e-05	(18, 9.1493031524758837e-05)
18	121,9.28189291769e-05	(18, 9.1493031524758837e-05)
18	132,0.000127182868582	(18, 9.1493031524758837e-05)
18	61,0.000136436782329	(18, 9.1493031524758837e-05)
18	88,0.000152960436866	(18, 9.1493031524758837e-05)
18	76,0.000156069343444	(18, 9.1493031524758837e-05)
18	78,0.000164720822674	(18, 9.1493031524758837e-05)
18	139,0.000165091835925	(18, 9.1493031524758837e-05)
18	35,0.000174368727147	(18, 9.1493031524758837e-05)
19	32,0.000393160808732	(19, 0.00054816959925887683)
19	27,0.000453967878495	(19, 0.00054816959925887683)
19	169,0.000462153938528	(19, 0.00054816959925887683)
19	164,0.000509479138039	(19, 0.00054816959925887683)
19	43,0.000527914022809	(19, 0.00054816959925887683)
19	99,0.000532152776552	(19, 0.00054816959925887683)
19	19,0.000548169599259	(19, 0.00054816959925887683)
19	167,0.000569522446074	(19, 0.00054816959925887683)
19	84,0.000607936548564	(19, 0.00054816959925887683)
19	39,0.000672666478405	(19, 0.00054816959925887683)
20	73,0.00020693574041	(20, 0.00041787184389456718)
20	101,0.000228743755665	(20, 0.00041787184389456718)
20	28,0.000266380069807	(20, 0.00041787184389456718)
20	124,0.000272305923127	(20, 0.00041787184389456718)
20	128,0.00029209658385	(20, 0.00041787184389456718)
20	1,0.000309162204467	(20, 0.00041787184389456718)
20	41,0.000309336827457	(20, 0.00041787184389456718)
20	93,0.000316088036972	(20, 0.00041787184389456718)
20	26,0.000321410537527	(20, 0.00041787184389456718)
20	103,0.000369977951775	(20, 0.00041787184389456718)
21	71,0.000108970180002	(21, 0.00023291115937131178)
21	11,0.000145109436311	(21, 0.00023291115937131178)
21	121,0.000162696555205	(21, 0.00023291115937131178)
21	162,0.00016377667645	(21, 0.00023291115937131178)
21	117,0.000176309724053	(21, 0.00023291115937131178)
21	23,0.000196056339169	(21, 0.00023291115937131178)
21	1,0.000220107066013	(21, 0.00023291115937131178)
21	76,0.000220122625012	(21, 0.00023291115937131178)
21	22,0.000222522463569	(21, 0.00023291115937131178)
21	3,0.000227234464424	(21, 0.00023291115937131178)
22	132,0.000107645216885	(22, 0.00014567660236233565)
22	46,0.000107689589997	(22, 0.00014567660236233565)
22	18,0.000108180090216	(22, 0.00014567660236233565)
22	139,0.000119722905832	(22, 0.00014567660236233565)
22	117,0.000134549260369	(22, 0.00014567660236233565)
22	76,0.000134816210985	(22, 0.00014567660236233565)
22	22,0.000145676602362	(22, 0.00014567660236233565)
22	3,0.000152529803912	(22, 0.00014567660236233565)
22	150,0.000162973541736	(22, 0.00014567660236233565)
22	63,0.000163754933285	(22, 0.00014567660236233565)
23	23,0.000134476135396	(23, 0.00013447613539616007)
23	61,0.000168795760946	(23, 0.00013447613539616007)
23	135,0.000208650471687	(23, 0.00013447613539616007)
23	71,0.000229848198055	(23, 0.00013447613539616007)
23	76,0.000235515198028	(23, 0.00013447613539616007)
23	162,0.000251749186707	(23, 0.00013447613539616007)
23	136,0.000259066701906	(23, 0.00013447613539616007)
23	121,0.000261817993859	(23, 0.00013447613539616007)
23	22,0.000267267861296	(23, 0.00013447613539616007)
23	147,0.000267912095748	(23, 0.00013447613539616007)
24	24,0.000157207914936	(24, 0.00015720791493553519)
24	107,0.000209663121802	(24, 0.00015720791493553519)
24	12,0.000291445526187	(24, 0.00015720791493553519)
24	27,0.000291466458667	(24, 0.00015720791493553519)
24	135,0.000296228418641	(24, 0.00015720791493553519)
24	158,0.000297823620032	(24, 0.00015720791493553519)
24	29,0.000318480992653	(24, 0.00015720791493553519)
24	61,0.000320259988831	(24, 0.00015720791493553519)
24	73,0.000324123010472	(24, 0.00015720791493553519)
24	22,0.000341937028045	(24, 0.00015720791493553519)
25	25,0.000137887721276	(25, 0.00013788772127607744)
25	15,0.000161103968112	(25, 0.00013788772127607744)
25	40,0.000205155142871	(25, 0.00013788772127607744)
25	69,0.000206495919503	(25, 0.00013788772127607744)
25	148,0.000214567818567	(25, 0.00013788772127607744)
25	4,0.000262151160369	(25, 0.00013788772127607744)
25	56,0.000279750479009	(25, 0.00013788772127607744)
25	79,0.000284845462773	(25, 0.00013788772127607744)
25	174,0.000308588905315	(25, 0.00013788772127607744)
25	154,0.000315383065852	(25, 0.00013788772127607744)
26	3,0.000103232146177	(26, 0.0003200352632339697)
26	63,0.000113472852998	(26, 0.0003200352632339697)
26	132,0.000127248643145	(26, 0.0003200352632339697)
26	76,0.000128109781622	(26, 0.0003200352632339697)
26	18,0.00012912493311	(26, 0.0003200352632339697)
26	11,0.000129822552556	(26, 0.0003200352632339697)
26	121,0.000142685992723	(26, 0.0003200352632339697)
26	117,0.000144394538015	(26, 0.0003200352632339697)
26	147,0.000146150226285	(26, 0.0003200352632339697)
26	22,0.000154108982422	(26, 0.0003200352632339697)
27	41,0.000210212050303	(27, 0.00032970037115289004)
27	101,0.000255419251277	(27, 0.00032970037115289004)
27	170,0.000267136591549	(27, 0.00032970037115289004)
27	73,0.000276450723066	(27, 0.00032970037115289004)
27	13,0.000298894841325	(27, 0.00032970037115289004)
27	78,0.000316026014	(27, 0.00032970037115289004)
27	26,0.000320533513209	(27, 0.00032970037115289004)
27	114,0.000327049587192	(27, 0.00032970037115289004)
27	27,0.000329700371153	(27, 0.00032970037115289004)
27	128,0.000335434760532	(27, 0.00032970037115289004)
28	13,0.000173383496994	(28, 0.00022347296133348483)
28	28,0.000223472961333	(28, 0.00022347296133348483)
28	1,0.000226227083893	(28, 0.00022347296133348483)
28	124,0.000239651632888	(28, 0.00022347296133348483)
28	73,0.000249004897249	(28, 0.00022347296133348483)
28	41,0.000270675192615	(28, 0.00022347296133348483)
28	101,0.000281133139563	(28, 0.00022347296133348483)
28	157,0.000283188037566	(28, 0.00022347296133348483)
28	53,0.000294677715787	(28, 0.00022347296133348483)
28	3,0.000334371962163	(28, 0.00022347296133348483)
29	29,0.000170487851428	(29, 0.00017048785142832464)
29	77,0.000204376290532	(29, 0.00017048785142832464)
29	13,0.000206752228339	(29, 0.00017048785142832464)
29	135,0.000220810244082	(29, 0.00017048785142832464)
29	71,0.000239152925937	(29, 0.00017048785142832464)
29	12,0.00024626843132	(29, 0.00017048785142832464)
29	3,0.000258762619601	(29, 0.00017048785142832464)
29	126,0.00025954552502	(29, 0.00017048785142832464)
29	171,0.000266474926389	(29, 0.00017048785142832464)
29	73,0.000272829646598	(29, 0.00017048785142832464)
30	28,0.000298864068465	(30, 0.00035335679729567987)
30	103,0.000348919635513	(30, 0.00035335679729567987)
30	30,0.000353356797296	(30, 0.00035335679729567987)
30	91,0.000407169619887	(30, 0.00035335679729567987)
30	51,0.000454425686964	(30, 0.00035335679729567987)
30	102,0.000474116043093	(30, 0.00035335679729567987)
30	114,0.000515663732601	(30, 0.00035335679729567987)
30	153,0.000530810703387	(30, 0.00035335679729567987)
30	53,0.000531115125747	(30, 0.00035335679729567987)
30	101,0.000533214756374	(30, 0.00035335679729567987)
31	166,0.000204935094869	(31, 0.0005333400171183974)
31	116,0.000397624654503	(31, 0.0005333400171183974)
31	72,0.000433824866423	(31, 0.0005333400171183974)
31	144,0.000446810549935	(31, 0.0005333400171183974)
31	104,0.000531038130823	(31, 0.0005333400171183974)
31	31,0.000533340017118	(31, 0.0005333400171183974)
31	131,0.000559513011436	(31, 0.0005333400171183974)
31	124,0.000562952424295	(31, 0.0005333400171183974)
31	84,0.00058523084408	(31, 0.0005333400171183974)
31	109,0.000594324631909	(31, 0.0005333400171183974)
32	156,0.000291133998915	(32, 0.00036879883442949722)
32	107,0.000335014493693	(32, 0.00036879883442949722)
32	164,0.000356459864533	(32, 0.00036879883442949722)
32	73,0.000360026073784	(32, 0.00036879883442949722)
32	32,0.000368798834429	(32, 0.00036879883442949722)
32	27,0.000399644912978	(32, 0.00036879883442949722)
32	50,0.000452721292476	(32, 0.00036879883442949722)
32	13,0.000501476262205	(32, 0.00036879883442949722)
32	12,0.000514734080744	(32, 0.00036879883442949722)
32	102,0.000527120232103	(32, 0.00036879883442949722)
33	28,0.000276774728862	(33, 0.00035952976550471022)
33	69,0.000329625477883	(33, 0.00035952976550471022)
33	73,0.000339531294217	(33, 0.00035952976550471022)
33	33,0.000359529765505	(33, 0.00035952976550471022)
33	93,0.000375496323814	(33, 0.00035952976550471022)
33	124,0.000380563049943	(33, 0.00035952976550471022)
33	116,0.000385940579235	(33, 0.00035952976550471022)
33	156,0.000419970282927	(33, 0.00035952976550471022)
33	40,0.000421795669681	(33, 0.00035952976550471022)
33	30,0.000423352464638	(33, 0.00035952976550471022)
34	161,0.000173774914244	(34, 0.00043864660338061923)
34	17,0.000180686219052	(34, 0.00043864660338061923)
34	120,0.000204509198922	(34, 0.00043864660338061923)
34	15,0.000212457801958	(34, 0.00043864660338061923)
34	172,0.000214927818933	(34, 0.00043864660338061923)
34	83,0.000232205918882	(34, 0.00043864660338061923)
34	37,0.000237749698147	(34, 0.00043864660338061923)
34	3,0.000250140736569	(34, 0.00043864660338061923)
34	40,0.000258876615188	(34, 0.00043864660338061923)
34	174,0.000272069506258	(34, 0.00043864660338061923)
35	35,0.000147840809971	(35, 0.00014784080997057558)
35	107,0.000201188310449	(35, 0.00014784080997057558)
35	38,0.000207371279184	(35, 0.00014784080997057558)
35	128,0.000211901626253	(35, 0.00014784080997057558)
35	12,0.000213413753896	(35, 0.00014784080997057558)
35	22,0.000223161776832	(35, 0.00014784080997057558)
35	18,0.000226643852724	(35, 0.00014784080997057558)
35	152,0.000240580450384	(35, 0.00014784080997057558)
35	88,0.000241507259219	(35, 0.00014784080997057558)
35	50,0.00024172248798	(35, 0.00014784080997057558)
36	76,7.01689646305e-05	(36, 8.8018178513451671e-05)
36	36,8.80181785135e-05	(36, 8.8018178513451671e-05)
36	46,8.89923995653e-05	(36, 8.8018178513451671e-05)
36	18,9.93742700262e-05	(36, 8.8018178513451671e-05)
36	147,0.000104952496531	(36, 8.8018178513451671e-05)
36	171,0.000110713157621	(36, 8.8018178513451671e-05)
36	63,0.000117508485731	(36, 8.8018178513451671e-05)
36	150,0.000147829997424	(36, 8.8018178513451671e-05)
36	137,0.000156034268827	(36, 8.8018178513451671e-05)
36	132,0.000170158294556	(36, 8.8018178513451671e-05)
37	3,0.000107461659432	(37, 0.00017592251004956369)
37	11,0.000152428475274	(37, 0.00017592251004956369)
37	37,0.00017592251005	(37, 0.00017592251004956369)
37	77,0.000188265764672	(37, 0.00017592251004956369)
37	17,0.000191724270535	(37, 0.00017592251004956369)
37	143,0.000195474092037	(37, 0.00017592251004956369)
37	21,0.000208437568297	(37, 0.00017592251004956369)
37	100,0.00021386322384	(37, 0.00017592251004956369)
37	71,0.00021916334551	(37, 0.00017592251004956369)
37	136,0.00023385976785	(37, 0.00017592251004956369)
38	38,8.88688410391e-05	(38, 8.8868841039147536e-05)
38	55,0.000125283083208	(38, 8.8868841039147536e-05)
38	12,0.000214791218124	(38, 8.8868841039147536e-05)
38	14,0.000277617357032	(38, 8.8868841039147536e-05)
38	128,0.000287531549619	(38, 8.8868841039147536e-05)
38	43,0.000336147508937	(38, 8.8868841039147536e-05)
38	159,0.000336149843845	(38, 8.8868841039147536e-05)
38	152,0.000352425552414	(38, 8.8868841039147536e-05)
38	0,0.000370551378649	(38, 8.8868841039147536e-05)
38	50,0.000377979415379	(38, 8.8868841039147536e-05)
39	84,0.000214509338805	(39, 0.00050577462384225754)
39	156,0.000417179128222	(39, 0.00050577462384225754)
39	169,0.000426312385244	(39, 0.00050577462384225754)
39	109,0.000451252425605	(39, 0.00050577462384225754)
39	138,0.00046787808232	(39, 0.00050577462384225754)
39	93,0.0004800358145	(39, 0.00050577462384225754)
39	67,0.000494307850642	(39, 0.00050577462384225754)
39	73,0.000505330600277	(39, 0.00050577462384225754)
39	39,0.000505774623842	(39, 0.00050577462384225754)
39	131,0.000509825224008	(39, 0.00050577462384225754)
40	40,9.18418109385e-05	(40, 9.1841810938453436e-05)
40	69,0.000137735343545	(40, 9.1841810938453436e-05)
40	172,0.000145112613578	(40, 9.1841810938453436e-05)
40	79,0.000167701634806	(40, 9.1841810938453436e-05)
40	148,0.000190092342433	(40, 9.1841810938453436e-05)
40	4,0.00020570489492	(40, 9.1841810938453436e-05)
40	15,0.000207101431642	(40, 9.1841810938453436e-05)
40	17,0.00022141078067	(40, 9.1841810938453436e-05)
40	25,0.000229501258821	(40, 9.1841810938453436e-05)
40	56,0.00024760466248	(40, 9.1841810938453436e-05)
41	41,0.000203027005501	(41, 0.00020302700550079157)
41	1,0.000340716288058	(41, 0.00020302700550079157)
41	103,0.00034995179607	(41, 0.00020302700550079157)
41	125,0.000453612280244	(41, 0.00020302700550079157)
41	155,0.000459530094385	(41, 0.00020302700550079157)
41	20,0.000480735881049	(41, 0.00020302700550079157)
41	102,0.000481714906156	(41, 0.00020302700550079157)
41	29,0.000508991735161	(41, 0.00020302700550079157)
41	101,0.000511475978111	(41, 0.00020302700550079157)
41	26,0.000512445028345	(41, 0.00020302700550079157)
42	28,0.000370054368518	(42, 0.00093279647037143002)
42	69,0.000411577168227	(42, 0.00093279647037143002)
42	118,0.000455347353405	(42, 0.00093279647037143002)
42	33,0.00046448148579	(42, 0.00093279647037143002)
42	53,0.000468853113916	(42, 0.00093279647037143002)
42	34,0.000478208742081	(42, 0.00093279647037143002)
42	130,0.00052637315019	(42, 0.00093279647037143002)
42	91,0.000536829253073	(42, 0.00093279647037143002)
42	163,0.000551641917131	(42, 0.00093279647037143002)
42	44,0.000551841639499	(42, 0.00093279647037143002)
43	55,0.000152756414707	(43, 0.00030990261321520851)
43	12,0.000170945194741	(43, 0.00030990261321520851)
43	128,0.000180695632914	(43, 0.00030990261321520851)
43	61,0.0001818795739	(43, 0.00030990261321520851)
43	22,0.000184054287866	(43, 0.00030990261321520851)
43	38,0.000192870541135	(43, 0.00030990261321520851)
43	107,0.00019329722183	(43, 0.00030990261321520851)
43	121,0.000205220206454	(43, 0.00030990261321520851)
43	158,0.000216139775898	(43, 0.00030990261321520851)
43	78,0.000221827285772	(43, 0.00030990261321520851)
44	116,0.000207168722782	(44, 0.00084903618088300438)
44	93,0.00021341720108	(44, 0.00084903618088300438)
44	124,0.000216569478969	(44, 0.00084903618088300438)
44	73,0.00022320626394	(44, 0.00084903618088300438)
44	109,0.000265769393063	(44, 0.00084903618088300438)
44	144,0.000272017536413	(44, 0.00084903618088300438)
44	157,0.000330757356785	(44, 0.00084903618088300438)
44	128,0.000337836267814	(44, 0.00084903618088300438)
44	84,0.000342204329595	(44, 0.00084903618088300438)
44	156,0.000391401130196	(44, 0.00084903618088300438)
45	130,0.00041336063326	(45, 0.00050959336118378885)
45	34,0.000426997170768	(45, 0.00050959336118378885)
45	94,0.000436342770294	(45, 0.00050959336118378885)
45	15,0.000465444131961	(45, 0.00050959336118378885)
45	28,0.000469888336929	(45, 0.00050959336118378885)
45	91,0.000485351936845	(45, 0.00050959336118378885)
45	83,0.000508555793723	(45, 0.00050959336118378885)
45	45,0.000509593361184	(45, 0.00050959336118378885)
45	65,0.000516693911918	(45, 0.00050959336118378885)
45	113,0.000578939275206	(45, 0.00050959336118378885)
46	46,6.27593397398e-05	(46, 6.2759339739780294e-05)
46	171,9.38138115618e-05	(46, 6.2759339739780294e-05)
46	137,0.000100553838235	(46, 6.2759339739780294e-05)
46	36,0.000104662533663	(46, 6.2759339739780294e-05)
46	76,0.000125756915428	(46, 6.2759339739780294e-05)
46	147,0.000160099227431	(46, 6.2759339739780294e-05)
46	63,0.000164629101898	(46, 6.2759339739780294e-05)
46	18,0.000174978367777	(46, 6.2759339739780294e-05)
46	3,0.00018217258268	(46, 6.2759339739780294e-05)
46	146,0.000182627446478	(46, 6.2759339739780294e-05)
47	167,0.000468997064432	(47, 0.00066439699798958554)
47	27,0.000477531537792	(47, 0.00066439699798958554)
47	99,0.00049360576235	(47, 0.00066439699798958554)
47	10,0.000583602440547	(47, 0.00066439699798958554)
47	43,0.000596758931445	(47, 0.00066439699798958554)
47	32,0.000617418627732	(47, 0.00066439699798958554)
47	84,0.000619377724908	(47, 0.00066439699798958554)
47	19,0.000639533990391	(47, 0.00066439699798958554)
47	47,0.00066439699799	(47, 0.00066439699798958554)
47	138,0.000685859050854	(47, 0.00066439699798958554)
48	120,0.000170042765353	(48, 0.00027386115611919605)
48	56,0.000226633690806	(48, 0.00027386115611919605)
48	69,0.000257954903128	(48, 0.00027386115611919605)
48	174,0.000263958969137	(48, 0.00027386115611919605)
48	48,0.000273861156119	(48, 0.00027386115611919605)
48	97,0.00028012730712	(48, 0.00027386115611919605)
48	154,0.00031863639341	(48, 0.00027386115611919605)
48	40,0.000320510494079	(48, 0.00027386115611919605)
48	15,0.000333696246117	(48, 0.00027386115611919605)
48	124,0.000351355250043	(48, 0.00027386115611919605)
49	49,0.000129615086135	(49, 0.0001296150861354509)
49	59,0.000206351777406	(49, 0.0001296150861354509)
49	77,0.000272331101356	(49, 0.0001296150861354509)
49	15,0.000272495051997	(49, 0.0001296150861354509)
49	100,0.000288004191988	(49, 0.0001296150861354509)
49	98,0.000290324146327	(49, 0.0001296150861354509)
49	172,0.000318131150625	(49, 0.0001296150861354509)
49	17,0.000326203247392	(49, 0.0001296150861354509)
49	174,0.000337224175226	(49, 0.0001296150861354509)
49	161,0.000379482496935	(49, 0.0001296150861354509)
50	50,0.000170180755838	(50, 0.00017018075583769652)
50	12,0.000207093000609	(50, 0.00017018075583769652)
50	107,0.000232361638757	(50, 0.00017018075583769652)
50	128,0.000292564189353	(50, 0.00017018075583769652)
50	38,0.000296191938885	(50, 0.00017018075583769652)
50	22,0.000298823554538	(50, 0.00017018075583769652)
50	152,0.000301176219655	(50, 0.00017018075583769652)
50	159,0.000308349571766	(50, 0.00017018075583769652)
50	35,0.000340538391869	(50, 0.00017018075583769652)
50	18,0.000348853755187	(50, 0.00017018075583769652)
51	28,0.000169904356479	(51, 0.00082251327934357256)
51	124,0.000194080204453	(51, 0.00082251327934357256)
51	93,0.000283565923384	(51, 0.00082251327934357256)
51	157,0.00029007704054	(51, 0.00082251327934357256)
51	73,0.000306051565988	(51, 0.00082251327934357256)
51	53,0.000319826553365	(51, 0.00082251327934357256)
51	1,0.00032635175754	(51, 0.00082251327934357256)
51	155,0.000353817191599	(51, 0.00082251327934357256)
51	13,0.000374176914367	(51, 0.00082251327934357256)
51	101,0.000381058571812	(51, 0.00082251327934357256)
52	124,0.000371086458192	(52, 0.00090259409447147367)
52	53,0.000387491939372	(52, 0.00090259409447147367)
52	44,0.00042340323935	(52, 0.00090259409447147367)
52	13,0.000469098395826	(52, 0.00090259409447147367)
52	28,0.000495080781987	(52, 0.00090259409447147367)
52	119,0.000504571516408	(52, 0.00090259409447147367)
52	120,0.000514549419868	(52, 0.00090259409447147367)
52	155,0.000515361966269	(52, 0.00090259409447147367)
52	163,0.000529202356965	(52, 0.00090259409447147367)
52	114,0.000541096898674	(52, 0.00090259409447147367)
53	65,0.000130476771088	(53, 0.00021526483423549858)
53	44,0.000183624510361	(53, 0.00021526483423549858)
53	161,0.000195299205911	(53, 0.00021526483423549858)
53	53,0.000215264834235	(53, 0.00021526483423549858)
53	155,0.00025262671059	(53, 0.00021526483423549858)
53	28,0.000300540254119	(53, 0.00021526483423549858)
53	120,0.000301463186751	(53, 0.00021526483423549858)
53	13,0.00031204697634	(53, 0.00021526483423549858)
53	124,0.000326707376784	(53, 0.00021526483423549858)
53	163,0.000339106732862	(53, 0.00021526483423549858)
54	136,0.000133561400992	(54, 0.0003008601582746098)
54	11,0.000143811626349	(54, 0.0003008601582746098)
54	162,0.000159709643465	(54, 0.0003008601582746098)
54	3,0.000213933420966	(54, 0.0003008601582746098)
54	147,0.000219542926092	(54, 0.0003008601582746098)
54	63,0.000228117962616	(54, 0.0003008601582746098)
54	37,0.000229797279825	(54, 0.0003008601582746098)
54	71,0.000231960877263	(54, 0.0003008601582746098)
54	126,0.000232193677094	(54, 0.0003008601582746098)
54	137,0.000234270188048	(54, 0.0003008601582746098)
55	12,0.000132126273334	(55, 0.00020980370873980911)
55	128,0.000151074576971	(55, 0.00020980370873980911)
55	121,0.000154028640457	(55, 0.00020980370873980911)
55	18,0.000181121978927	(55, 0.00020980370873980911)
55	22,0.000200325096296	(55, 0.00020980370873980911)
55	78,0.000205014856372	(55, 0.00020980370873980911)
55	55,0.00020980370874	(55, 0.00020980370873980911)
55	152,0.000210876461993	(55, 0.00020980370873980911)
55	38,0.000211396949586	(55, 0.00020980370873980911)
55	159,0.000231586097213	(55, 0.00020980370873980911)
56	56,0.000146638757865	(56, 0.00014663875786471102)
56	120,0.000172286333939	(56, 0.00014663875786471102)
56	15,0.000197379961291	(56, 0.00014663875786471102)
56	69,0.000306331956842	(56, 0.00014663875786471102)
56	174,0.00031594700966	(56, 0.00014663875786471102)
56	44,0.000330565313339	(56, 0.00014663875786471102)
56	97,0.00033265132639	(56, 0.00014663875786471102)
56	113,0.000342748589219	(56, 0.00014663875786471102)
56	154,0.000355683588723	(56, 0.00014663875786471102)
56	40,0.000362645494957	(56, 0.00014663875786471102)
57	15,0.00047963777278	(57, 0.00049764629891657576)
57	57,0.000497646298917	(57, 0.00049764629891657576)
57	56,0.000525901666963	(57, 0.00049764629891657576)
57	174,0.000569643035983	(57, 0.00049764629891657576)
57	122,0.000577902760495	(57, 0.00049764629891657576)
57	120,0.000610719777592	(57, 0.00049764629891657576)
57	113,0.000613641350187	(57, 0.00049764629891657576)
57	94,0.000629077696608	(57, 0.00049764629891657576)
57	154,0.000675677577956	(57, 0.00049764629891657576)
57	108,0.00068216126812	(57, 0.00049764629891657576)
58	107,0.000184136850875	(58, 0.0009221363244888228)
58	27,0.000230559539601	(58, 0.0009221363244888228)
58	24,0.000256087024544	(58, 0.0009221363244888228)
58	158,0.000327015269324	(58, 0.0009221363244888228)
58	50,0.00034345980745	(58, 0.0009221363244888228)
58	61,0.000358033568805	(58, 0.0009221363244888228)
58	128,0.00037067857992	(58, 0.0009221363244888228)
58	12,0.000397038301378	(58, 0.0009221363244888228)
58	78,0.000397999901918	(58, 0.0009221363244888228)
58	43,0.000401786321541	(58, 0.0009221363244888228)
59	65,0.000429996045096	(59, 0.00052347281145825419)
59	15,0.000441930588122	(59, 0.00052347281145825419)
59	83,0.000490305508696	(59, 0.00052347281145825419)
59	94,0.000512470897788	(59, 0.00052347281145825419)
59	59,0.000523472811458	(59, 0.00052347281145825419)
59	161,0.000539442186567	(59, 0.00052347281145825419)
59	113,0.000548125102247	(59, 0.00052347281145825419)
59	44,0.000591079138071	(59, 0.00052347281145825419)
59	34,0.000608150913118	(59, 0.00052347281145825419)
59	120,0.000629372463046	(59, 0.00052347281145825419)
60	69,0.00019789302021	(60, 0.00024902606326580927)
60	79,0.00020030077907	(60, 0.00024902606326580927)
60	15,0.000224412869453	(60, 0.00024902606326580927)
60	40,0.000232867785281	(60, 0.00024902606326580927)
60	34,0.000239360501009	(60, 0.00024902606326580927)
60	60,0.000249026063266	(60, 0.00024902606326580927)
60	25,0.00026850118031	(60, 0.00024902606326580927)
60	77,0.000283879706128	(60, 0.00024902606326580927)
60	172,0.000287685053211	(60, 0.00024902606326580927)
60	4,0.000295684301793	(60, 0.00024902606326580927)
61	61,0.000156831400776	(61, 0.00015683140077550508)
61	23,0.000161873213189	(61, 0.00015683140077550508)
61	76,0.000180550646983	(61, 0.00015683140077550508)
61	22,0.000183941734389	(61, 0.00015683140077550508)
61	71,0.000189799689193	(61, 0.00015683140077550508)
61	135,0.000196280206573	(61, 0.00015683140077550508)
61	77,0.000197807608159	(61, 0.00015683140077550508)
61	121,0.000201251090447	(61, 0.00015683140077550508)
61	3,0.000213607275201	(61, 0.00015683140077550508)
61	162,0.000215179316804	(61, 0.00015683140077550508)
62	26,0.000193098655271	(62, 0.00029412738424486172)
62	78,0.000216305090677	(62, 0.00029412738424486172)
62	158,0.00025101560625	(62, 0.00029412738424486172)
62	107,0.000255584538676	(62, 0.00029412738424486172)
62	22,0.000263630121858	(62, 0.00029412738424486172)
62	61,0.000282870192329	(62, 0.00029412738424486172)
62	73,0.000283729350843	(62, 0.00029412738424486172)
62	62,0.000294127384245	(62, 0.00029412738424486172)
62	128,0.000297143337549	(62, 0.00029412738424486172)
62	41,0.000323453723927	(62, 0.00029412738424486172)
63	3,6.95106646421e-05	(63, 0.00015795164265287889)
63	11,0.000128389335987	(63, 0.00015795164265287889)
63	77,0.00014266229276	(63, 0.00015795164265287889)
63	63,0.000157951642653	(63, 0.00015795164265287889)
63	37,0.00016245786808	(63, 0.00015795164265287889)
63	162,0.000169247740578	(63, 0.00015795164265287889)
63	136,0.000173632055122	(63, 0.00015795164265287889)
63	132,0.000181578194109	(63, 0.00015795164265287889)
63	71,0.000182914801258	(63, 0.00015795164265287889)
63	147,0.00018886226738	(63, 0.00015795164265287889)
64	64,0.000560462360181	(64, 0.00056046236018149603)
64	118,0.000837805364044	(64, 0.00056046236018149603)
64	45,0.000890756975071	(64, 0.00056046236018149603)
64	130,0.00113507210039	(64, 0.00056046236018149603)
64	133,0.00124596672179	(64, 0.00056046236018149603)
64	94,0.00133042757109	(64, 0.00056046236018149603)
64	33,0.00133625157636	(64, 0.00056046236018149603)
64	141,0.0015388987717	(64, 0.00056046236018149603)
64	34,0.00156300837266	(64, 0.00056046236018149603)
64	113,0.00159213684665	(64, 0.00056046236018149603)
65	161,0.000120207804673	(65, 0.00018936456233780764)
65	65,0.000189364562338	(65, 0.00018936456233780764)
65	68,0.000228188919647	(65, 0.00018936456233780764)
65	83,0.000238109620669	(65, 0.00018936456233780764)
65	59,0.000265532583907	(65, 0.00018936456233780764)
65	44,0.000284175126305	(65, 0.00018936456233780764)
65	120,0.000305360128306	(65, 0.00018936456233780764)
65	1,0.000312099632965	(65, 0.00018936456233780764)
65	77,0.000316418214053	(65, 0.00018936456233780764)
65	155,0.000318788580899	(65, 0.00018936456233780764)
66	66,0.000640113387337	(66, 0.00064011338733711582)
66	130,0.00102054447134	(66, 0.00064011338733711582)
66	118,0.00104596245298	(66, 0.00064011338733711582)
66	133,0.00108965718946	(66, 0.00064011338733711582)
66	91,0.00127621141581	(66, 0.00064011338733711582)
66	140,0.0012966021478	(66, 0.00064011338733711582)
66	33,0.00135817871799	(66, 0.00064011338733711582)
66	169,0.00139446543995	(66, 0.00064011338733711582)
66	141,0.00142327263144	(66, 0.00064011338733711582)
66	9,0.00150993080948	(66, 0.00064011338733711582)
67	169,0.000292752832128	(67, 0.00060241079409833521)
67	84,0.000385946356977	(67, 0.00060241079409833521)
67	28,0.000418112019307	(67, 0.00060241079409833521)
67	93,0.000446361139403	(67, 0.00060241079409833521)
67	101,0.000449508106276	(67, 0.00060241079409833521)
67	156,0.000487171319527	(67, 0.00060241079409833521)
67	30,0.000492738768618	(67, 0.00060241079409833521)
67	124,0.000519302663224	(67, 0.00060241079409833521)
67	51,0.000535458274431	(67, 0.00060241079409833521)
67	140,0.00054604444396	(67, 0.00060241079409833521)
68	71,0.000210694994683	(68, 0.00021651141908873536)
68	68,0.000216511419089	(68, 0.00021651141908873536)
68	136,0.000223671096728	(68, 0.00021651141908873536)
68	135,0.000226269704384	(68, 0.00021651141908873536)
68	77,0.000228084407563	(68, 0.00021651141908873536)
68	23,0.000229205700636	(68, 0.00021651141908873536)
68	162,0.000239453599112	(68, 0.00021651141908873536)
68	70,0.000246879010505	(68, 0.00021651141908873536)
68	61,0.000249132585389	(68, 0.00021651141908873536)
68	63,0.000250128647391	(68, 0.00021651141908873536)
69	15,0.000592164178287	(69, 0.00062250004523953597)
69	33,0.000598123227867	(69, 0.00062250004523953597)
69	25,0.000604940011581	(69, 0.00062250004523953597)
69	45,0.000605755274013	(69, 0.00062250004523953597)
69	69,0.00062250004524	(69, 0.00062250004523953597)
69	154,0.000624329099784	(69, 0.00062250004523953597)
69	56,0.000662077294714	(69, 0.00062250004523953597)
69	174,0.000676549019129	(69, 0.00062250004523953597)
69	40,0.000699493553471	(69, 0.00062250004523953597)
69	122,0.000716973275289	(69, 0.00062250004523953597)
70	121,0.000126192869015	(70, 0.0001978435505369793)
70	3,0.000143245128545	(70, 0.0001978435505369793)
70	132,0.000148145180502	(70, 0.0001978435505369793)
70	22,0.0001510017617	(70, 0.0001978435505369793)
70	139,0.000192770557218	(70, 0.0001978435505369793)
70	117,0.0001969189905	(70, 0.0001978435505369793)
70	70,0.000197843550537	(70, 0.0001978435505369793)
70	26,0.000206385586829	(70, 0.0001978435505369793)
70	88,0.000207947144684	(70, 0.0001978435505369793)
70	18,0.000213371558262	(70, 0.0001978435505369793)
71	133,0.00031238900034	(71, 0.0011954434781130004)
71	91,0.000350014514334	(71, 0.0011954434781130004)
71	103,0.000523657525208	(71, 0.0011954434781130004)
71	101,0.000543005862365	(71, 0.0011954434781130004)
71	41,0.000548303985829	(71, 0.0011954434781130004)
71	102,0.000571748740566	(71, 0.0011954434781130004)
71	32,0.00061879107505	(71, 0.0011954434781130004)
71	169,0.000626042705713	(71, 0.0011954434781130004)
71	95,0.00067270948518	(71, 0.0011954434781130004)
71	51,0.000679980476046	(71, 0.0011954434781130004)
72	172,0.000157673025697	(72, 0.0017361797917852812)
72	148,0.000224657786483	(72, 0.0017361797917852812)
72	40,0.000226372607186	(72, 0.0017361797917852812)
72	17,0.000235068737233	(72, 0.0017361797917852812)
72	49,0.000269517878752	(72, 0.0017361797917852812)
72	143,0.000296597901182	(72, 0.0017361797917852812)
72	174,0.00030393717073	(72, 0.0017361797917852812)
72	3,0.000321806277822	(72, 0.0017361797917852812)
72	154,0.000330931511252	(72, 0.0017361797917852812)
72	77,0.000334978292805	(72, 0.0017361797917852812)
73	73,0.000204131986049	(73, 0.00020413198604935989)
73	13,0.00022404465234	(73, 0.00020413198604935989)
73	124,0.000274724610536	(73, 0.00020413198604935989)
73	41,0.000277874555478	(73, 0.00020413198604935989)
73	157,0.0003639952297	(73, 0.00020413198604935989)
73	155,0.000378573110839	(73, 0.00020413198604935989)
73	106,0.000384559526485	(73, 0.00020413198604935989)
73	156,0.00038890899385	(73, 0.00020413198604935989)
73	27,0.000409255554671	(73, 0.00020413198604935989)
73	1,0.000427812471838	(73, 0.00020413198604935989)
74	17,9.1051510562e-05	(74, 0.00012909604800842253)
74	74,0.000129096048008	(74, 0.00012909604800842253)
74	136,0.000145326912618	(74, 0.00012909604800842253)
74	77,0.00015392344957	(74, 0.00012909604800842253)
74	100,0.000179579527164	(74, 0.00012909604800842253)
74	37,0.000190217970889	(74, 0.00012909604800842253)
74	90,0.000194005753348	(74, 0.00012909604800842253)
74	127,0.000197160531145	(74, 0.00012909604800842253)
74	49,0.000197551931898	(74, 0.00012909604800842253)
74	71,0.000200713156399	(74, 0.00012909604800842253)
75	167,0.000560958153772	(75, 0.00086012283705565152)
75	75,0.000860122837056	(75, 0.00086012283705565152)
75	47,0.00128615802252	(75, 0.00086012283705565152)
75	80,0.00146858966317	(75, 0.00086012283705565152)
75	10,0.00148130663671	(75, 0.00086012283705565152)
75	169,0.00149041784403	(75, 0.00086012283705565152)
75	85,0.00156451361406	(75, 0.00086012283705565152)
75	84,0.00162238802555	(75, 0.00086012283705565152)
75	58,0.00165505153195	(75, 0.00086012283705565152)
75	67,0.00166241595795	(75, 0.00086012283705565152)
76	171,7.75509476345e-05	(76, 9.5167414251326511e-05)
76	137,9.50054998206e-05	(76, 9.5167414251326511e-05)
76	76,9.51674142513e-05	(76, 9.5167414251326511e-05)
76	147,0.000106659713199	(76, 9.5167414251326511e-05)
76	63,0.000115570506718	(76, 9.5167414251326511e-05)
76	3,0.000120155417076	(76, 9.5167414251326511e-05)
76	126,0.000142370295689	(76, 9.5167414251326511e-05)
76	46,0.000155694132236	(76, 9.5167414251326511e-05)
76	132,0.000167197317207	(76, 9.5167414251326511e-05)
76	36,0.000171534509778	(76, 9.5167414251326511e-05)
77	3,0.000110371685925	(77, 0.00014319202166288228)
77	137,0.00011659063097	(77, 0.00014319202166288228)
77	162,0.000128253311364	(77, 0.00014319202166288228)
77	147,0.000137368537765	(77, 0.00014319202166288228)
77	63,0.000139489856795	(77, 0.00014319202166288228)
77	11,0.00013980154656	(77, 0.00014319202166288228)
77	136,0.000141022578173	(77, 0.00014319202166288228)
77	77,0.000143192021663	(77, 0.00014319202166288228)
77	171,0.000150459873493	(77, 0.00014319202166288228)
77	37,0.000174563405897	(77, 0.00014319202166288228)
78	132,8.97718166069e-05	(78, 0.00023299228789559157)
78	18,9.13160137352e-05	(78, 0.00023299228789559157)
78	151,0.000106432425645	(78, 0.00023299228789559157)
78	22,0.000118658376856	(78, 0.00023299228789559157)
78	121,0.00012531717822	(78, 0.00023299228789559157)
78	76,0.000129222343156	(78, 0.00023299228789559157)
78	3,0.000132817965654	(78, 0.00023299228789559157)
78	126,0.000139352846095	(78, 0.00023299228789559157)
78	63,0.000145922660077	(78, 0.00023299228789559157)
78	146,0.00015290728864	(78, 0.00023299228789559157)
79	69,6.36175677236e-05	(79, 0.00018532031605685977)
79	40,6.46364241763e-05	(79, 0.00018532031605685977)
79	79,0.000185320316057	(79, 0.00018532031605685977)
79	4,0.000195487808848	(79, 0.00018532031605685977)
79	172,0.000217426125719	(79, 0.00018532031605685977)
79	154,0.000233423199944	(79, 0.00018532031605685977)
79	25,0.000257423457888	(79, 0.00018532031605685977)
79	56,0.000271278292927	(79, 0.00018532031605685977)
79	15,0.000292942764685	(79, 0.00018532031605685977)
79	60,0.000300255916407	(79, 0.00018532031605685977)
80	80,0.00065212068197	(80, 0.00065212068197021658)
80	167,0.000668932678198	(80, 0.00065212068197021658)
80	51,0.000939990925616	(80, 0.00065212068197021658)
80	32,0.00099563829257	(80, 0.00065212068197021658)
80	149,0.00111660051937	(80, 0.00065212068197021658)
80	169,0.00119321141163	(80, 0.00065212068197021658)
80	66,0.00140602874302	(80, 0.00065212068197021658)
80	58,0.00140691241206	(80, 0.00065212068197021658)
80	39,0.0015080198148	(80, 0.00065212068197021658)
80	160,0.00157081996369	(80, 0.00065212068197021658)
81	81,0.000106069949898	(81, 0.00010606994989789766)
81	3,0.000128508868308	(81, 0.00010606994989789766)
81	132,0.000171135352521	(81, 0.00010606994989789766)
81	11,0.000215036143989	(81, 0.00010606994989789766)
81	77,0.000222146728218	(81, 0.00010606994989789766)
81	22,0.000227145865722	(81, 0.00010606994989789766)
81	117,0.000228026191168	(81, 0.00010606994989789766)
81	121,0.000245524600822	(81, 0.00010606994989789766)
81	137,0.000246859359986	(81, 0.00010606994989789766)
81	172,0.000247923306532	(81, 0.00010606994989789766)
82	27,0.000268414887611	(82, 0.00072439203079663469)
82	24,0.000271749996148	(82, 0.00072439203079663469)
82	61,0.000288659063202	(82, 0.00072439203079663469)
82	73,0.000290959819646	(82, 0.00072439203079663469)
82	38,0.000337157689157	(82, 0.00072439203079663469)
82	12,0.000363530480698	(82, 0.00072439203079663469)
82	170,0.000365132532787	(82, 0.00072439203079663469)
82	107,0.000373676362842	(82, 0.00072439203079663469)
82	13,0.0003739556677	(82, 0.00072439203079663469)
82	78,0.000383086035338	(82, 0.00072439203079663469)
83	161,0.000128956250043	(83, 0.00025536738297633554)
83	13,0.000132696312998	(83, 0.00025536738297633554)
83	11,0.000205540281968	(83, 0.00025536738297633554)
83	155,0.000229116975274	(83, 0.00025536738297633554)
83	37,0.000231017152899	(83, 0.00025536738297633554)
83	71,0.000234460032091	(83, 0.00025536738297633554)
83	124,0.000238097539574	(83, 0.00025536738297633554)
83	1,0.000241711604631	(83, 0.00025536738297633554)
83	3,0.000249957115088	(83, 0.00025536738297633554)
83	83,0.000255367382976	(83, 0.00025536738297633554)
84	169,0.000361473192544	(84, 0.0006951202706153264)
84	167,0.000576818506656	(84, 0.0006951202706153264)
84	99,0.000593775921026	(84, 0.0006951202706153264)
84	27,0.00065100543034	(84, 0.0006951202706153264)
84	51,0.000663973733627	(84, 0.0006951202706153264)
84	39,0.000664864987342	(84, 0.0006951202706153264)
84	84,0.000695120270615	(84, 0.0006951202706153264)
84	156,0.000744148531649	(84, 0.0006951202706153264)
84	32,0.000761241408025	(84, 0.0006951202706153264)
84	19,0.000783086553359	(84, 0.0006951202706153264)
85	67,0.00054865295358	(85, 0.0012954149463697202)
85	169,0.000552525416283	(85, 0.0012954149463697202)
85	149,0.000598586997985	(85, 0.0012954149463697202)
85	140,0.000732894476378	(85, 0.0012954149463697202)
85	84,0.000874455544605	(85, 0.0012954149463697202)
85	33,0.00092402774696	(85, 0.0012954149463697202)
85	166,0.000941786009706	(85, 0.0012954149463697202)
85	167,0.000970876649661	(85, 0.0012954149463697202)
85	30,0.00099610923787	(85, 0.0012954149463697202)
85	144,0.000997589480475	(85, 0.0012954149463697202)
86	18,0.000120236436375	(86, 0.00012940041004486327)
86	126,0.000120441501394	(86, 0.00012940041004486327)
86	3,0.000124930108193	(86, 0.00012940041004486327)
86	86,0.000129400410045	(86, 0.00012940041004486327)
86	137,0.000130221443708	(86, 0.00012940041004486327)
86	150,0.000135521193912	(86, 0.00012940041004486327)
86	11,0.000145566383085	(86, 0.00012940041004486327)
86	162,0.000149788442245	(86, 0.00012940041004486327)
86	76,0.000149798182482	(86, 0.00012940041004486327)
86	117,0.000154346834438	(86, 0.00012940041004486327)
87	1,0.000189198833301	(87, 0.00052863715962776965)
87	41,0.000206236967005	(87, 0.00052863715962776965)
87	121,0.000214981037253	(87, 0.00052863715962776965)
87	11,0.000222077208649	(87, 0.00052863715962776965)
87	71,0.000226679604031	(87, 0.00052863715962776965)
87	26,0.000237031215356	(87, 0.00052863715962776965)
87	20,0.00024103876734	(87, 0.00052863715962776965)
87	155,0.000263962020369	(87, 0.00052863715962776965)
87	61,0.000264017825387	(87, 0.00052863715962776965)
87	23,0.000274203947695	(87, 0.00052863715962776965)
88	18,9.0810628312e-05	(88, 0.00015315877281691916)
88	76,0.000102784722597	(88, 0.00015315877281691916)
88	147,0.000116255898816	(88, 0.00015315877281691916)
88	63,0.000123896385243	(88, 0.00015315877281691916)
88	22,0.000148954186674	(88, 0.00015315877281691916)
88	132,0.000153027754147	(88, 0.00015315877281691916)
88	88,0.000153158772817	(88, 0.00015315877281691916)
88	117,0.000158225211984	(88, 0.00015315877281691916)
88	121,0.000161965144231	(88, 0.00015315877281691916)
88	46,0.000168742576477	(88, 0.00015315877281691916)
89	155,0.000184992205409	(89, 0.0003323199576150538)
89	124,0.00019454931056	(89, 0.0003323199576150538)
89	1,0.000261251263878	(89, 0.0003323199576150538)
89	73,0.000265875792796	(89, 0.0003323199576150538)
89	11,0.000284098549573	(89, 0.0003323199576150538)
89	53,0.000293266260868	(89, 0.0003323199576150538)
89	161,0.000296450061437	(89, 0.0003323199576150538)
89	28,0.000324225627849	(89, 0.0003323199576150538)
89	71,0.000328790256518	(89, 0.0003323199576150538)
89	89,0.000332319957615	(89, 0.0003323199576150538)
90	90,0.000129523631338	(90, 0.00012952363133815801)
90	11,0.00014053458462	(90, 0.00012952363133815801)
90	137,0.000154216863871	(90, 0.00012952363133815801)
90	3,0.000157844772471	(90, 0.00012952363133815801)
90	162,0.000170474119805	(90, 0.00012952363133815801)
90	81,0.000183285620167	(90, 0.00012952363133815801)
90	96,0.000186798315068	(90, 0.00012952363133815801)
90	172,0.000202111956224	(90, 0.00012952363133815801)
90	37,0.000212237205179	(90, 0.00012952363133815801)
90	146,0.000219743407419	(90, 0.00012952363133815801)
91	133,0.000272852304964	(91, 0.00052959302948919328)
91	91,0.000529593029489	(91, 0.00052959302948919328)
91	130,0.00071599964621	(91, 0.00052959302948919328)
91	102,0.000964480349088	(91, 0.00052959302948919328)
91	103,0.000985791888461	(91, 0.00052959302948919328)
91	51,0.00103345218475	(91, 0.00052959302948919328)
91	34,0.001043346761	(91, 0.00052959302948919328)
91	28,0.00108282440188	(91, 0.00052959302948919328)
91	66,0.00109005837635	(91, 0.00052959302948919328)
91	169,0.00110340973116	(91, 0.00052959302948919328)
92	78,0.000161070415884	(92, 0.00054014091302282102)
92	128,0.000175445370517	(92, 0.00054014091302282102)
92	158,0.000175908020361	(92, 0.00054014091302282102)
92	24,0.000203906024479	(92, 0.00054014091302282102)
92	107,0.000212906344653	(92, 0.00054014091302282102)
92	61,0.000215651161597	(92, 0.00054014091302282102)
92	22,0.0002255344466	(92, 0.00054014091302282102)
92	12,0.000229607268496	(92, 0.00054014091302282102)
92	26,0.000273480641148	(92, 0.00054014091302282102)
92	121,0.000300481441817	(92, 0.00054014091302282102)
93	22,0.000149086399928	(93, 0.00026817109620767734)
93	128,0.000170164905259	(93, 0.00026817109620767734)
93	12,0.000183847023819	(93, 0.00026817109620767734)
93	132,0.000191119823789	(93, 0.00026817109620767734)
93	158,0.000199017869495	(93, 0.00026817109620767734)
93	73,0.000208877542076	(93, 0.00026817109620767734)
93	3,0.00020905789156	(93, 0.00026817109620767734)
93	126,0.000211132061454	(93, 0.00026817109620767734)
93	78,0.000217275325348	(93, 0.00026817109620767734)
93	121,0.000219729459788	(93, 0.00026817109620767734)
94	83,0.00027344490395	(94, 0.0005059684448190287)
94	65,0.000336862916606	(94, 0.0005059684448190287)
94	155,0.00040828398576	(94, 0.0005059684448190287)
94	1,0.000426234554664	(94, 0.0005059684448190287)
94	161,0.000432459400965	(94, 0.0005059684448190287)
94	59,0.000468583343856	(94, 0.0005059684448190287)
94	15,0.000490758469917	(94, 0.0005059684448190287)
94	94,0.000505968444819	(94, 0.0005059684448190287)
94	91,0.000526681242021	(94, 0.0005059684448190287)
94	41,0.000534574883363	(94, 0.0005059684448190287)
95	107,0.000190637920131	(95, 0.00064314425860872732)
95	27,0.000284326045968	(95, 0.00064314425860872732)
95	43,0.000317610810319	(95, 0.00064314425860872732)
95	39,0.000328488393721	(95, 0.00064314425860872732)
95	128,0.000354974330816	(95, 0.00064314425860872732)
95	99,0.000387807352293	(95, 0.00064314425860872732)
95	158,0.000391628048112	(95, 0.00064314425860872732)
95	26,0.000407944658671	(95, 0.00064314425860872732)
95	78,0.000409313151449	(95, 0.00064314425860872732)
95	19,0.000430597707548	(95, 0.00064314425860872732)
96	96,0.00010678358627	(96, 0.0001067835862701779)
96	11,0.000202161165418	(96, 0.0001067835862701779)
96	162,0.000225040796797	(96, 0.0001067835862701779)
96	119,0.000233139210668	(96, 0.0001067835862701779)
96	13,0.000258267521457	(96, 0.0001067835862701779)
96	86,0.00026965178307	(96, 0.0001067835862701779)
96	112,0.000301559652524	(96, 0.0001067835862701779)
96	17,0.000319620468371	(96, 0.0001067835862701779)
96	90,0.000329299321792	(96, 0.0001067835862701779)
96	3,0.000330004963712	(96, 0.0001067835862701779)
97	40,0.000140987504778	(97, 0.00032744455427774136)
97	69,0.00016362835727	(97, 0.00032744455427774136)
97	172,0.000165277812119	(97, 0.00032744455427774136)
97	120,0.000178816409157	(97, 0.00032744455427774136)
97	17,0.000228611728396	(97, 0.00032744455427774136)
97	79,0.000240221979773	(97, 0.00032744455427774136)
97	154,0.000253462151446	(97, 0.00032744455427774136)
97	4,0.000258782255399	(97, 0.00032744455427774136)
97	56,0.000259923858736	(97, 0.00032744455427774136)
97	15,0.000268321358572	(97, 0.00032744455427774136)
98	15,0.000161458752778	(98, 0.00026318403399033108)
98	174,0.000161765706509	(98, 0.00026318403399033108)
98	154,0.000210255962972	(98, 0.00026318403399033108)
98	40,0.000213264962368	(98, 0.00026318403399033108)
98	25,0.000220855976711	(98, 0.00026318403399033108)
98	172,0.00022810995373	(98, 0.00026318403399033108)
98	98,0.00026318403399	(98, 0.00026318403399033108)
98	49,0.000265035719557	(98, 0.00026318403399033108)
98	4,0.000284045822528	(98, 0.00026318403399033108)
98	56,0.000290644000376	(98, 0.00026318403399033108)
99	144,0.000193399908218	(99, 0.00033066423027880941)
99	84,0.000229254299845	(99, 0.00033066423027880941)
99	156,0.000242060420005	(99, 0.00033066423027880941)
99	128,0.000254339028655	(99, 0.00033066423027880941)
99	73,0.000260929878294	(99, 0.00033066423027880941)
99	109,0.000290827570448	(99, 0.00033066423027880941)
99	93,0.000301419088248	(99, 0.00033066423027880941)
99	116,0.000311130258818	(99, 0.00033066423027880941)
99	38,0.000322946509798	(99, 0.00033066423027880941)
99	99,0.000330664230279	(99, 0.00033066423027880941)
100	74,0.000126932109953	(100, 0.00016530101236883921)
100	77,0.000147387855067	(100, 0.00016530101236883921)
100	21,0.000149781946848	(100, 0.00016530101236883921)
100	71,0.000155798218945	(100, 0.00016530101236883921)
100	90,0.000160842010521	(100, 0.00016530101236883921)
100	11,0.000164178444002	(100, 0.00016530101236883921)
100	100,0.000165301012369	(100, 0.00016530101236883921)
100	136,0.000172331723051	(100, 0.00016530101236883921)
100	3,0.000178381453933	(100, 0.00016530101236883921)
100	17,0.000185122283476	(100, 0.00016530101236883921)
101	101,0.000203592999381	(101, 0.00020359299938126676)
101	73,0.000222791130463	(101, 0.00020359299938126676)
101	1,0.000230454504024	(101, 0.00020359299938126676)
101	13,0.000249565037478	(101, 0.00020359299938126676)
101	124,0.000276488966705	(101, 0.00020359299938126676)
101	29,0.000285564576608	(101, 0.00020359299938126676)
101	81,0.000318164575865	(101, 0.00020359299938126676)
101	41,0.000326659958064	(101, 0.00020359299938126676)
101	77,0.000336481839155	(101, 0.00020359299938126676)
101	26,0.000348152600629	(101, 0.00020359299938126676)
102	41,0.000300550402951	(102, 0.0003730907251262406)
102	114,0.000316072249816	(102, 0.0003730907251262406)
102	103,0.000336044613306	(102, 0.0003730907251262406)
102	101,0.000372928167457	(102, 0.0003730907251262406)
102	102,0.000373090725126	(102, 0.0003730907251262406)
102	91,0.000403059184479	(102, 0.0003730907251262406)
102	110,0.000441682127855	(102, 0.0003730907251262406)
102	1,0.000443187065522	(102, 0.0003730907251262406)
102	16,0.00047407863457	(102, 0.0003730907251262406)
102	155,0.000486387920835	(102, 0.0003730907251262406)
103	103,0.000303255100957	(103, 0.00030325510095723568)
103	169,0.000366362474861	(103, 0.00030325510095723568)
103	51,0.000368818792165	(103, 0.00030325510095723568)
103	28,0.000371970638353	(103, 0.00030325510095723568)
103	91,0.000405362269206	(103, 0.00030325510095723568)
103	39,0.000424990580832	(103, 0.00030325510095723568)
103	101,0.000441178491226	(103, 0.00030325510095723568)
103	41,0.000517162440812	(103, 0.00030325510095723568)
103	95,0.000522489013561	(103, 0.00030325510095723568)
103	102,0.000525416607608	(103, 0.00030325510095723568)
104	124,0.00015007115245	(104, 0.00041935190295329649)
104	81,0.000234066107578	(104, 0.00041935190295329649)
104	11,0.00025845147201	(104, 0.00041935190295329649)
104	3,0.0002707130413	(104, 0.00041935190295329649)
104	119,0.000302200361222	(104, 0.00041935190295329649)
104	93,0.00030300474537	(104, 0.00041935190295329649)
104	37,0.000309015305083	(104, 0.00041935190295329649)
104	73,0.000312695908578	(104, 0.00041935190295329649)
104	28,0.000336361959476	(104, 0.00041935190295329649)
104	13,0.000339284579512	(104, 0.00041935190295329649)
105	38,0.000248279695054	(105, 0.00050529832366972064)
105	27,0.000249857303212	(105, 0.00050529832366972064)
105	43,0.000280919035935	(105, 0.00050529832366972064)
105	99,0.00029416544842	(105, 0.00050529832366972064)
105	144,0.000328044597814	(105, 0.00050529832366972064)
105	107,0.00033644698623	(105, 0.00050529832366972064)
105	164,0.000339434095538	(105, 0.00050529832366972064)
105	50,0.000366114678055	(105, 0.00050529832366972064)
105	55,0.000379252027639	(105, 0.00050529832366972064)
105	24,0.000379352266348	(105, 0.00050529832366972064)
106	106,0.000252290371963	(106, 0.0002522903719626772)
106	116,0.000326899843743	(106, 0.0002522903719626772)
106	165,0.000332284959466	(106, 0.0002522903719626772)
106	156,0.000332434052036	(106, 0.0002522903719626772)
106	172,0.000344505921827	(106, 0.0002522903719626772)
106	174,0.000348125427724	(106, 0.0002522903719626772)
106	154,0.000368607610096	(106, 0.0002522903719626772)
106	157,0.000378399955707	(106, 0.0002522903719626772)
106	13,0.00038379060922	(106, 0.0002522903719626772)
106	93,0.000427896331557	(106, 0.0002522903719626772)
107	26,0.000231244482061	(107, 0.00023851450514092402)
107	22,0.000238477338981	(107, 0.00023851450514092402)
107	107,0.000238514505141	(107, 0.00023851450514092402)
107	61,0.000248729341893	(107, 0.00023851450514092402)
107	135,0.000250767017759	(107, 0.00023851450514092402)
107	73,0.000276790407663	(107, 0.00023851450514092402)
107	76,0.000277989720739	(107, 0.00023851450514092402)
107	158,0.000279440476071	(107, 0.00023851450514092402)
107	77,0.00028324035133	(107, 0.00023851450514092402)
107	171,0.000291498022907	(107, 0.00023851450514092402)
108	172,0.000114283797825	(108, 0.00059970528601017189)
108	40,0.000153656333221	(108, 0.00059970528601017189)
108	77,0.000174120078115	(108, 0.00059970528601017189)
108	174,0.000225663516767	(108, 0.00059970528601017189)
108	69,0.000282069999634	(108, 0.00059970528601017189)
108	171,0.000287027335032	(108, 0.00059970528601017189)
108	154,0.000289621340863	(108, 0.00059970528601017189)
108	15,0.000293107473048	(108, 0.00059970528601017189)
108	3,0.000297045262507	(108, 0.00059970528601017189)
108	17,0.000306870397671	(108, 0.00059970528601017189)
109	109,0.000177667250067	(109, 0.00017766725006733211)
109	128,0.000184512720284	(109, 0.00017766725006733211)
109	159,0.000209838550955	(109, 0.00017766725006733211)
109	134,0.000225518379425	(109, 0.00017766725006733211)
109	12,0.000234157769284	(109, 0.00017766725006733211)
109	84,0.000238333832986	(109, 0.00017766725006733211)
109	144,0.000269882795764	(109, 0.00017766725006733211)
109	152,0.00027745885114	(109, 0.00017766725006733211)
109	73,0.000280479134734	(109, 0.00017766725006733211)
109	146,0.000285679362346	(109, 0.00017766725006733211)
110	1,0.000172682753409	(110, 0.00041715388600625428)
110	11,0.00019991682168	(110, 0.00041715388600625428)
110	121,0.000226749282115	(110, 0.00041715388600625428)
110	26,0.000234285953145	(110, 0.00041715388600625428)
110	71,0.000235136969647	(110, 0.00041715388600625428)
110	41,0.000236800948767	(110, 0.00041715388600625428)
110	162,0.000264932077919	(110, 0.00041715388600625428)
110	3,0.000270361325016	(110, 0.00041715388600625428)
110	61,0.000288143756058	(110, 0.00041715388600625428)
110	68,0.000288838491749	(110, 0.00041715388600625428)
111	73,0.000170964992215	(111, 0.0007243381527059586)
111	124,0.000217161154634	(111, 0.0007243381527059586)
111	157,0.000224581454097	(111, 0.0007243381527059586)
111	93,0.00023724975572	(111, 0.0007243381527059586)
111	13,0.000267418425611	(111, 0.0007243381527059586)
111	101,0.000274976722166	(111, 0.0007243381527059586)
111	128,0.000366879396402	(111, 0.0007243381527059586)
111	116,0.000368008629129	(111, 0.0007243381527059586)
111	28,0.00037627346594	(111, 0.0007243381527059586)
111	41,0.000391920280102	(111, 0.0007243381527059586)
112	11,9.76128307513e-05	(112, 0.00020369437105267484)
112	3,0.000127332967641	(112, 0.00020369437105267484)
112	90,0.000171323229023	(112, 0.00020369437105267484)
112	162,0.000171502716581	(112, 0.00020369437105267484)
112	71,0.000183011930356	(112, 0.00020369437105267484)
112	81,0.000186509937985	(112, 0.00020369437105267484)
112	37,0.000189441966867	(112, 0.00020369437105267484)
112	143,0.000191117573633	(112, 0.00020369437105267484)
112	112,0.000203694371053	(112, 0.00020369437105267484)
112	77,0.000211558091299	(112, 0.00020369437105267484)
113	113,0.000157535377442	(113, 0.00015753537744167342)
113	65,0.000292800805533	(113, 0.00015753537744167342)
113	120,0.000366795592278	(113, 0.00015753537744167342)
113	161,0.000450335393398	(113, 0.00015753537744167342)
113	44,0.000476981439719	(113, 0.00015753537744167342)
113	130,0.000501630608711	(113, 0.00015753537744167342)
113	15,0.000513656964306	(113, 0.00015753537744167342)
113	34,0.000594220757489	(113, 0.00015753537744167342)
113	53,0.000612224578487	(113, 0.00015753537744167342)
113	97,0.000624565425249	(113, 0.00015753537744167342)
114	124,0.000176191260767	(114, 0.00025543186396116891)
114	13,0.000209873972585	(114, 0.00025543186396116891)
114	73,0.00021134010707	(114, 0.00025543186396116891)
114	114,0.000255431863961	(114, 0.00025543186396116891)
114	53,0.000290036188304	(114, 0.00025543186396116891)
114	109,0.000314806249648	(114, 0.00025543186396116891)
114	28,0.000320901757098	(114, 0.00025543186396116891)
114	155,0.0003259952876	(114, 0.00025543186396116891)
114	140,0.000344359712899	(114, 0.00025543186396116891)
114	161,0.000385370163197	(114, 0.00025543186396116891)
115	119,0.000191868375773	(115, 0.00026880703193245319)
115	11,0.000229932391662	(115, 0.00026880703193245319)
115	172,0.000266555322129	(115, 0.00026880703193245319)
115	115,0.000268807031932	(115, 0.00026880703193245319)
115	37,0.000275361202596	(115, 0.00026880703193245319)
115	124,0.00027645237403	(115, 0.00026880703193245319)
115	3,0.000276644723617	(115, 0.00026880703193245319)
115	120,0.000278059228008	(115, 0.00026880703193245319)
115	81,0.000281607061653	(115, 0.00026880703193245319)
115	17,0.00029132466637	(115, 0.00026880703193245319)
116	93,0.000177934288398	(116, 0.0001831355054351659)
116	116,0.000183135505435	(116, 0.0001831355054351659)
116	73,0.000207098722529	(116, 0.0001831355054351659)
116	124,0.000278486157591	(116, 0.0001831355054351659)
116	156,0.000296808848894	(116, 0.0001831355054351659)
116	109,0.000315579692941	(116, 0.0001831355054351659)
116	128,0.000317813122542	(116, 0.0001831355054351659)
116	144,0.000337544699587	(116, 0.0001831355054351659)
116	3,0.000339768826034	(116, 0.0001831355054351659)
116	172,0.000347721108026	(116, 0.0001831355054351659)
117	117,0.000127317885712	(117, 0.00012731788571158822)
117	71,0.000160430478482	(117, 0.00012731788571158822)
117	77,0.000162695581523	(117, 0.00012731788571158822)
117	21,0.000164730176749	(117, 0.00012731788571158822)
117	63,0.00018898926997	(117, 0.00012731788571158822)
117	76,0.000191621275288	(117, 0.00012731788571158822)
117	162,0.000191871633941	(117, 0.00012731788571158822)
117	3,0.000205969171437	(117, 0.00012731788571158822)
117	11,0.000210512596132	(117, 0.00012731788571158822)
117	70,0.000214677315712	(117, 0.00012731788571158822)
118	34,0.000291539590304	(118, 0.00040359492719568423)
118	130,0.000311636588293	(118, 0.00040359492719568423)
118	33,0.000370756180284	(118, 0.00040359492719568423)
118	118,0.000403594927196	(118, 0.00040359492719568423)
118	69,0.000470517219461	(118, 0.00040359492719568423)
118	113,0.000525279358706	(118, 0.00040359492719568423)
118	28,0.000565500222454	(118, 0.00040359492719568423)
118	53,0.000574318984483	(118, 0.00040359492719568423)
118	79,0.00058712213529	(118, 0.00040359492719568423)
118	44,0.000587645707782	(118, 0.00040359492719568423)
119	120,0.000246088994218	(119, 0.00029560747678603749)
119	13,0.000289268718743	(119, 0.00029560747678603749)
119	119,0.000295607476786	(119, 0.00029560747678603749)
119	154,0.000301441716113	(119, 0.00029560747678603749)
119	97,0.000334638413168	(119, 0.00029560747678603749)
119	17,0.000350417538402	(119, 0.00029560747678603749)
119	172,0.000354631080893	(119, 0.00029560747678603749)
119	161,0.000355168427309	(119, 0.00029560747678603749)
119	123,0.000356285870628	(119, 0.00029560747678603749)
119	40,0.000357990646723	(119, 0.00029560747678603749)
120	120,0.000130451579336	(120, 0.00013045157933559077)
120	161,0.000160600106132	(120, 0.00013045157933559077)
120	65,0.00021208591046	(120, 0.00013045157933559077)
120	44,0.000227308628278	(120, 0.00013045157933559077)
120	13,0.000312028307097	(120, 0.00013045157933559077)
120	97,0.000344781957281	(120, 0.00013045157933559077)
120	17,0.000357667262318	(120, 0.00013045157933559077)
120	124,0.000359706949481	(120, 0.00013045157933559077)
120	155,0.000364132708922	(120, 0.00013045157933559077)
120	15,0.000373514645817	(120, 0.00013045157933559077)
121	1,0.00016810813791	(121, 0.00018771248196964994)
121	121,0.00018771248197	(121, 0.00018771248196964994)
121	26,0.000199923235948	(121, 0.00018771248196964994)
121	22,0.000207962386327	(121, 0.00018771248196964994)
121	78,0.000211318290493	(121, 0.00018771248196964994)
121	41,0.000211706181542	(121, 0.00018771248196964994)
121	73,0.000222242180072	(121, 0.00018771248196964994)
121	128,0.000224672670992	(121, 0.00018771248196964994)
121	3,0.000242957361046	(121, 0.00018771248196964994)
121	71,0.000268895982347	(121, 0.00018771248196964994)
122	154,0.000213727833048	(122, 0.00049823696417091107)
122	116,0.000245809770088	(122, 0.00049823696417091107)
122	174,0.000269054829259	(122, 0.00049823696417091107)
122	172,0.000314978168211	(122, 0.00049823696417091107)
122	69,0.000348148645305	(122, 0.00049823696417091107)
122	40,0.000371278798855	(122, 0.00049823696417091107)
122	165,0.000418217874782	(122, 0.00049823696417091107)
122	2,0.000427974929338	(122, 0.00049823696417091107)
122	120,0.000434484330346	(122, 0.00049823696417091107)
122	54,0.000476624181883	(122, 0.00049823696417091107)
123	172,0.000225855452071	(123, 0.0002516809235246315)
123	123,0.000251680923525	(123, 0.0002516809235246315)
123	115,0.000272861918215	(123, 0.0002516809235246315)
123	119,0.000276966194684	(123, 0.0002516809235246315)
123	146,0.000281514891231	(123, 0.0002516809235246315)
123	81,0.000296957243659	(123, 0.0002516809235246315)
123	40,0.000314005053495	(123, 0.0002516809235246315)
123	96,0.000317587379941	(123, 0.0002516809235246315)
123	137,0.00036055746415	(123, 0.0002516809235246315)
123	3,0.000361948625951	(123, 0.0002516809235246315)
124	101,0.000229759424302	(124, 0.00034950090290159728)
124	27,0.000325646087366	(124, 0.00034950090290159728)
124	124,0.000349500902902	(124, 0.00034950090290159728)
124	41,0.000379481249912	(124, 0.00034950090290159728)
124	169,0.000380281809995	(124, 0.00034950090290159728)
124	73,0.0003862387868	(124, 0.00034950090290159728)
124	114,0.000462360343665	(124, 0.00034950090290159728)
124	140,0.000466629269824	(124, 0.00034950090290159728)
124	157,0.000475878875795	(124, 0.00034950090290159728)
124	13,0.000485023184414	(124, 0.00034950090290159728)
125	13,0.000375109076343	(125, 0.00043106790040138912)
125	65,0.00039096571713	(125, 0.00043106790040138912)
125	161,0.00039862265618	(125, 0.00043106790040138912)
125	41,0.000406506945712	(125, 0.00043106790040138912)
125	125,0.000431067900401	(125, 0.00043106790040138912)
125	155,0.000434257859306	(125, 0.00043106790040138912)
125	68,0.000441205974991	(125, 0.00043106790040138912)
125	73,0.00044522725317	(125, 0.00043106790040138912)
125	114,0.000453325754986	(125, 0.00043106790040138912)
125	20,0.00053696116118	(125, 0.00043106790040138912)
126	3,0.000141898122187	(126, 0.00017391066015778507)
126	11,0.00015988350228	(126, 0.00017391066015778507)
126	132,0.000168576964039	(126, 0.00017391066015778507)
126	126,0.000173910660158	(126, 0.00017391066015778507)
126	121,0.000180630252809	(126, 0.00017391066015778507)
126	22,0.000189883068473	(126, 0.00017391066015778507)
126	81,0.000192110670435	(126, 0.00017391066015778507)
126	162,0.000217609320839	(126, 0.00017391066015778507)
126	13,0.000227696864324	(126, 0.00017391066015778507)
126	151,0.00024282281186	(126, 0.00017391066015778507)
127	17,9.4172144558e-05	(127, 0.00018678247261255676)
127	74,0.000153040746911	(127, 0.00018678247261255676)
127	49,0.000155568492261	(127, 0.00018678247261255676)
127	77,0.000170168501455	(127, 0.00018678247261255676)
127	136,0.000178436934346	(127, 0.00018678247261255676)
127	127,0.000186782472613	(127, 0.00018678247261255676)
127	100,0.000187119934741	(127, 0.00018678247261255676)
127	59,0.000205862820715	(127, 0.00018678247261255676)
127	172,0.000215918911807	(127, 0.00018678247261255676)
127	37,0.000220968489067	(127, 0.00018678247261255676)
128	128,0.000160309894586	(128, 0.00016030989458595775)
128	159,0.000191436404603	(128, 0.00016030989458595775)
128	12,0.000200620844962	(128, 0.00016030989458595775)
128	55,0.000226333013831	(128, 0.00016030989458595775)
128	78,0.000230774658659	(128, 0.00016030989458595775)
128	121,0.000233471751252	(128, 0.00016030989458595775)
128	152,0.000233563307505	(128, 0.00016030989458595775)
128	22,0.000236961630428	(128, 0.00016030989458595775)
128	35,0.000259201142101	(128, 0.00016030989458595775)
128	38,0.000261344689556	(128, 0.00016030989458595775)
129	49,0.000333689339257	(129, 0.00079424680348602421)
129	94,0.00034799666559	(129, 0.00079424680348602421)
129	98,0.000421090377038	(129, 0.00079424680348602421)
129	15,0.000437324123617	(129, 0.00079424680348602421)
129	25,0.000467845466272	(129, 0.00079424680348602421)
129	100,0.000499506364533	(129, 0.00079424680348602421)
129	59,0.000504358168122	(129, 0.00079424680348602421)
129	77,0.000528695001074	(129, 0.00079424680348602421)
129	83,0.000554421725673	(129, 0.00079424680348602421)
129	34,0.000579230868801	(129, 0.00079424680348602421)
130	28,0.000265346548781	(130, 0.00036908846349557623)
130	13,0.00029354538546	(130, 0.00036908846349557623)
130	65,0.000320954033757	(130, 0.00036908846349557623)
130	124,0.000326250986339	(130, 0.00036908846349557623)
130	53,0.000334575560699	(130, 0.00036908846349557623)
130	34,0.000338875277029	(130, 0.00036908846349557623)
130	69,0.00034419876682	(130, 0.00036908846349557623)
130	161,0.000351671335706	(130, 0.00036908846349557623)
130	15,0.000351700692666	(130, 0.00036908846349557623)
130	113,0.000357386581545	(130, 0.00036908846349557623)
131	166,0.000223401593368	(131, 0.00043835689490057903)
131	116,0.000265693921208	(131, 0.00043835689490057903)
131	72,0.000352248425402	(131, 0.00043835689490057903)
131	144,0.000399071808405	(131, 0.00043835689490057903)
131	84,0.000409877598491	(131, 0.00043835689490057903)
131	131,0.000438356894901	(131, 0.00043835689490057903)
131	104,0.000461600413655	(131, 0.00043835689490057903)
131	109,0.000487857895858	(131, 0.00043835689490057903)
131	93,0.000495492001473	(131, 0.00043835689490057903)
131	156,0.000547356722344	(131, 0.00043835689490057903)
132	18,8.95211011497e-05	(132, 0.00010245740687521669)
132	22,9.87788274805e-05	(132, 0.00010245740687521669)
132	132,0.000102457406875	(132, 0.00010245740687521669)
132	76,0.000136685638943	(132, 0.00010245740687521669)
132	46,0.000139039482445	(132, 0.00010245740687521669)
132	146,0.000150634706526	(132, 0.00010245740687521669)
132	171,0.000156280688077	(132, 0.00010245740687521669)
132	147,0.000160250287928	(132, 0.00010245740687521669)
132	121,0.000167515580483	(132, 0.00010245740687521669)
132	158,0.000170749704942	(132, 0.00010245740687521669)
133	133,0.0002274453951	(133, 0.00022744539509986851)
133	91,0.000251182224447	(133, 0.00022744539509986851)
133	130,0.000412777748878	(133, 0.00022744539509986851)
133	34,0.000418230601148	(133, 0.00022744539509986851)
133	28,0.000435192751033	(133, 0.00022744539509986851)
133	102,0.000461975975181	(133, 0.00022744539509986851)
133	103,0.000501574835483	(133, 0.00022744539509986851)
133	41,0.000569051563861	(133, 0.00022744539509986851)
133	53,0.000574613287861	(133, 0.00022744539509986851)
133	155,0.000585083414439	(133, 0.00022744539509986851)
134	121,0.00014326961587	(134, 0.00026948668014446542)
134	128,0.000147995962584	(134, 0.00026948668014446542)
134	22,0.000200779866442	(134, 0.00026948668014446542)
134	78,0.000204808395664	(134, 0.00026948668014446542)
134	12,0.000220133089135	(134, 0.00026948668014446542)
134	18,0.000225803015061	(134, 0.00026948668014446542)
134	61,0.000249015317322	(134, 0.00026948668014446542)
134	152,0.000250603319473	(134, 0.00026948668014446542)
134	107,0.000252668822353	(134, 0.00026948668014446542)
134	73,0.000253132186412	(134, 0.00026948668014446542)
135	147,0.000113269544477	(135, 0.00019913311249767499)
135	162,0.000113592292773	(135, 0.00019913311249767499)
135	137,0.000131520726461	(135, 0.00019913311249767499)
135	63,0.000135610531311	(135, 0.00019913311249767499)
135	76,0.000136490503812	(135, 0.00019913311249767499)
135	171,0.000171333757248	(135, 0.00019913311249767499)
135	11,0.000174606050443	(135, 0.00019913311249767499)
135	117,0.000175369029103	(135, 0.00019913311249767499)
135	71,0.000177398600304	(135, 0.00019913311249767499)
135	18,0.000179606047494	(135, 0.00019913311249767499)
136	119,0.000281757223621	(136, 0.00029199587126415845)
136	11,0.00029128462463	(136, 0.00029199587126415845)
136	136,0.000291995871264	(136, 0.00029199587126415845)
136	126,0.000300945951833	(136, 0.00029199587126415845)
136	3,0.000301393490071	(136, 0.00029199587126415845)
136	151,0.000321001688555	(136, 0.00029199587126415845)
136	121,0.000332636196604	(136, 0.00029199587126415845)
136	146,0.000346636829579	(136, 0.00029199587126415845)
136	162,0.000347559766042	(136, 0.00029199587126415845)
136	54,0.000355517685733	(136, 0.00029199587126415845)
137	63,7.82000662775e-05	(137, 8.6943341626865412e-05)
137	137,8.69433416269e-05	(137, 8.6943341626865412e-05)
137	147,0.000100389508473	(137, 8.6943341626865412e-05)
137	171,0.000113689461747	(137, 8.6943341626865412e-05)
137	3,0.000137314491534	(137, 8.6943341626865412e-05)
137	36,0.00014775402719	(137, 8.6943341626865412e-05)
137	76,0.000150966498843	(137, 8.6943341626865412e-05)
137	136,0.000167993859281	(137, 8.6943341626865412e-05)
137	126,0.000181680637905	(137, 8.6943341626865412e-05)
137	132,0.000196828135776	(137, 8.6943341626865412e-05)
138	128,0.000208294250987	(138, 0.00023416061307866877)
138	107,0.000228567641706	(138, 0.00023416061307866877)
138	138,0.000234160613079	(138, 0.00023416061307866877)
138	78,0.000238812999824	(138, 0.00023416061307866877)
138	158,0.000250756629595	(138, 0.00023416061307866877)
138	84,0.000294521732614	(138, 0.00023416061307866877)
138	38,0.000313778977811	(138, 0.00023416061307866877)
138	55,0.000317216942794	(138, 0.00023416061307866877)
138	99,0.000321542942127	(138, 0.00023416061307866877)
138	156,0.000325828974277	(138, 0.00023416061307866877)
139	139,4.2968715763e-05	(139, 4.2968715763010933e-05)
139	22,0.000110761138915	(139, 4.2968715763010933e-05)
139	46,0.000129369129228	(139, 4.2968715763010933e-05)
139	132,0.000133054442908	(139, 4.2968715763010933e-05)
139	18,0.000151479036572	(139, 4.2968715763010933e-05)
139	76,0.000152553111771	(139, 4.2968715763010933e-05)
139	35,0.000172097910599	(139, 4.2968715763010933e-05)
139	88,0.000192102803172	(139, 4.2968715763010933e-05)
139	158,0.000195745394475	(139, 4.2968715763010933e-05)
139	121,0.000203658685868	(139, 4.2968715763010933e-05)
140	69,0.000240358682008	(140, 0.0003491946295383881)
140	33,0.000339954151057	(140, 0.0003491946295383881)
140	124,0.000348681046674	(140, 0.0003491946295383881)
140	140,0.000349194629538	(140, 0.0003491946295383881)
140	116,0.000365833044344	(140, 0.0003491946295383881)
140	93,0.000378123698224	(140, 0.0003491946295383881)
140	28,0.000388566327395	(140, 0.0003491946295383881)
140	73,0.00041799606826	(140, 0.0003491946295383881)
140	40,0.000441753613218	(140, 0.0003491946295383881)
140	13,0.000444790406316	(140, 0.0003491946295383881)
141	124,0.000330545024362	(141, 0.00090865431020042248)
141	69,0.00036883641731	(141, 0.00090865431020042248)
141	97,0.000371026260464	(141, 0.00090865431020042248)
141	28,0.000398075872559	(141, 0.00090865431020042248)
141	120,0.000420241971198	(141, 0.00090865431020042248)
141	104,0.000434385096542	(141, 0.00090865431020042248)
141	53,0.000444655950782	(141, 0.00090865431020042248)
141	48,0.000474820177988	(141, 0.00090865431020042248)
141	33,0.000482759964388	(141, 0.00090865431020042248)
141	4,0.000486066035213	(141, 0.00090865431020042248)
142	38,0.000273779009313	(142, 0.0011592533370240949)
142	16,0.000290149339473	(142, 0.0011592533370240949)
142	12,0.000313085371255	(142, 0.0011592533370240949)
142	109,0.000341784349628	(142, 0.0011592533370240949)
142	170,0.000349692680556	(142, 0.0011592533370240949)
142	55,0.000364357328248	(142, 0.0011592533370240949)
142	8,0.000371742819217	(142, 0.0011592533370240949)
142	73,0.000393158479505	(142, 0.0011592533370240949)
142	162,0.000415815781505	(142, 0.0011592533370240949)
142	121,0.000416472306138	(142, 0.0011592533370240949)
143	63,0.000129760256797	(143, 0.00018912828531575878)
143	90,0.000130397280615	(143, 0.00018912828531575878)
143	3,0.000136443714439	(143, 0.00018912828531575878)
143	137,0.000143868389405	(143, 0.00018912828531575878)
143	11,0.000145882629596	(143, 0.00018912828531575878)
143	162,0.00016609122628	(143, 0.00018912828531575878)
143	147,0.000170612489851	(143, 0.00018912828531575878)
143	143,0.000189128285316	(143, 0.00018912828531575878)
143	150,0.000190798296152	(143, 0.00018912828531575878)
143	112,0.000191434921912	(143, 0.00018912828531575878)
144	144,0.000148099543322	(144, 0.00014809954332213731)
144	109,0.000289938834687	(144, 0.00014809954332213731)
144	38,0.000339611918174	(144, 0.00014809954332213731)
144	14,0.000340263504849	(144, 0.00014809954332213731)
144	84,0.000354643387887	(144, 0.00014809954332213731)
144	12,0.000357186243179	(144, 0.00014809954332213731)
144	73,0.000366180183335	(144, 0.00014809954332213731)
144	116,0.000366453433747	(144, 0.00014809954332213731)
144	99,0.000380917941225	(144, 0.00014809954332213731)
144	159,0.000382129064208	(144, 0.00014809954332213731)
145	158,0.000161280341806	(145, 0.00032751782213167647)
145	38,0.000186197900994	(145, 0.00032751782213167647)
145	78,0.000187123440719	(145, 0.00032751782213167647)
145	128,0.000190220137022	(145, 0.00032751782213167647)
145	55,0.000202187618432	(145, 0.00032751782213167647)
145	12,0.000237563155145	(145, 0.00032751782213167647)
145	24,0.000257990963815	(145, 0.00032751782213167647)
145	22,0.0002619718117	(145, 0.00032751782213167647)
145	61,0.000277789214941	(145, 0.00032751782213167647)
145	107,0.000294390511839	(145, 0.00032751782213167647)
146	146,9.13553530731e-05	(146, 9.135535307314812e-05)
146	159,0.000223926979451	(146, 9.135535307314812e-05)
146	12,0.000234271409949	(146, 9.135535307314812e-05)
146	126,0.000234839912461	(146, 9.135535307314812e-05)
146	18,0.000239558654003	(146, 9.135535307314812e-05)
146	132,0.000260535290825	(146, 9.135535307314812e-05)
146	137,0.000262999177852	(146, 9.135535307314812e-05)
146	46,0.000275686541795	(146, 9.135535307314812e-05)
146	171,0.000285908864266	(146, 9.135535307314812e-05)
146	3,0.000303655543597	(146, 9.135535307314812e-05)
147	63,9.78692550868e-05	(147, 0.00010150890827270916)
147	147,0.000101508908273	(147, 0.00010150890827270916)
147	18,0.00010552097778	(147, 0.00010150890827270916)
147	76,0.000109521457973	(147, 0.00010150890827270916)
147	121,0.000136551961468	(147, 0.00010150890827270916)
147	132,0.000141783302985	(147, 0.00010150890827270916)
147	126,0.000154355885399	(147, 0.00010150890827270916)
147	22,0.000154799915809	(147, 0.00010150890827270916)
147	162,0.000156162181832	(147, 0.00010150890827270916)
147	23,0.000156694096271	(147, 0.00010150890827270916)
148	148,0.000122170797983	(148, 0.00012217079798295348)
148	17,0.000129870169035	(148, 0.00012217079798295348)
148	143,0.000171079880896	(148, 0.00012217079798295348)
148	49,0.000203839239961	(148, 0.00012217079798295348)
148	100,0.000205349493406	(148, 0.00012217079798295348)
148	172,0.000214526575224	(148, 0.00012217079798295348)
148	90,0.000242270595754	(148, 0.00012217079798295348)
148	3,0.000259176677912	(148, 0.00012217079798295348)
148	37,0.000260114935967	(148, 0.00012217079798295348)
148	11,0.000269783106832	(148, 0.00012217079798295348)
149	149,0.000416127647019	(149, 0.00041612764701941165)
149	33,0.000465450092288	(149, 0.00041612764701941165)
149	32,0.000472307352921	(149, 0.00041612764701941165)
149	169,0.000543496974642	(149, 0.00041612764701941165)
149	133,0.000842990653273	(149, 0.00041612764701941165)
149	156,0.000929454958605	(149, 0.00041612764701941165)
149	165,0.000945147792358	(149, 0.00041612764701941165)
149	91,0.000955835510193	(149, 0.00041612764701941165)
149	130,0.000971755411705	(149, 0.00041612764701941165)
149	27,0.000980885847231	(149, 0.00041612764701941165)
150	11,0.000112333434715	(150, 0.00016123425422693546)
150	3,0.00012373617982	(150, 0.00016123425422693546)
150	71,0.000137758563121	(150, 0.00016123425422693546)
150	63,0.000154051933001	(150, 0.00016123425422693546)
150	121,0.000156541418744	(150, 0.00016123425422693546)
150	150,0.000161234254227	(150, 0.00016123425422693546)
150	162,0.000166366704585	(150, 0.00016123425422693546)
150	117,0.000167134381925	(150, 0.00016123425422693546)
150	21,0.000172265488233	(150, 0.00016123425422693546)
150	18,0.000175651780576	(150, 0.00016123425422693546)
151	121,8.47781174138e-05	(151, 0.00015562278176295337)
151	11,0.000132996222334	(151, 0.00015562278176295337)
151	22,0.00013784886045	(151, 0.00015562278176295337)
151	3,0.000142715428916	(151, 0.00015562278176295337)
151	132,0.000143443197769	(151, 0.00015562278176295337)
151	151,0.000155622781763	(151, 0.00015562278176295337)
151	18,0.000168784280247	(151, 0.00015562278176295337)
151	78,0.000184398861734	(151, 0.00015562278176295337)
151	126,0.000198676578841	(151, 0.00015562278176295337)
151	162,0.000204265128301	(151, 0.00015562278176295337)
152	152,0.000153664819658	(152, 0.00015366481965769886)
152	128,0.000173451166756	(152, 0.00015366481965769886)
152	35,0.000195489944353	(152, 0.00015366481965769886)
152	121,0.000206504552617	(152, 0.00015366481965769886)
152	22,0.000214831182195	(152, 0.00015366481965769886)
152	139,0.000225604342102	(152, 0.00015366481965769886)
152	88,0.000229383024177	(152, 0.00015366481965769886)
152	18,0.000239486297205	(152, 0.00015366481965769886)
152	132,0.000248570236988	(152, 0.00015366481965769886)
152	78,0.000280030819474	(152, 0.00015366481965769886)
153	91,0.000312697560442	(153, 0.0005307512872593567)
153	103,0.000315334689609	(153, 0.0005307512872593567)
153	28,0.00033821782162	(153, 0.0005307512872593567)
153	133,0.00036795628789	(153, 0.0005307512872593567)
153	102,0.000419682903627	(153, 0.0005307512872593567)
153	130,0.000423483001265	(153, 0.0005307512872593567)
153	1,0.000443170180323	(153, 0.0005307512872593567)
153	34,0.000473805623867	(153, 0.0005307512872593567)
153	51,0.000475039548389	(153, 0.0005307512872593567)
153	53,0.000480435958902	(153, 0.0005307512872593567)
154	154,9.87916263749e-05	(154, 9.8791626374927549e-05)
154	174,0.000174482226916	(154, 9.8791626374927549e-05)
154	40,0.000232586851259	(154, 9.8791626374927549e-05)
154	172,0.000245159833353	(154, 9.8791626374927549e-05)
154	69,0.000286593409523	(154, 9.8791626374927549e-05)
154	116,0.000316204291155	(154, 9.8791626374927549e-05)
154	56,0.000384625774612	(154, 9.8791626374927549e-05)
154	4,0.000397314099645	(154, 9.8791626374927549e-05)
154	2,0.000398627549488	(154, 9.8791626374927549e-05)
154	120,0.000424391039552	(154, 9.8791626374927549e-05)
155	71,0.000138322241776	(155, 0.0003177897469730159)
155	162,0.000144761645552	(155, 0.0003177897469730159)
155	11,0.000148511129021	(155, 0.0003177897469730159)
155	1,0.000193413513019	(155, 0.0003177897469730159)
155	121,0.000196662715579	(155, 0.0003177897469730159)
155	3,0.000215769224476	(155, 0.0003177897469730159)
155	77,0.000232891568919	(155, 0.0003177897469730159)
155	117,0.0002467901772	(155, 0.0003177897469730159)
155	73,0.000265805858405	(155, 0.0003177897469730159)
155	13,0.000272008523093	(155, 0.0003177897469730159)
156	156,0.000162219394805	(156, 0.00016221939480548397)
156	144,0.000241990832711	(156, 0.00016221939480548397)
156	73,0.000243902642712	(156, 0.00016221939480548397)
156	27,0.000277479860748	(156, 0.00016221939480548397)
156	116,0.000317009896497	(156, 0.00016221939480548397)
156	84,0.000334319858665	(156, 0.00016221939480548397)
156	109,0.00033812099517	(156, 0.00016221939480548397)
156	131,0.000368015686441	(156, 0.00016221939480548397)
156	99,0.000369302216294	(156, 0.00016221939480548397)
156	107,0.000371127552123	(156, 0.00016221939480548397)
157	73,0.00017410460104	(157, 0.00035964062625137589)
157	12,0.000190991611908	(157, 0.00035964062625137589)
157	128,0.00020699501916	(157, 0.00035964062625137589)
157	22,0.000212928489132	(157, 0.00035964062625137589)
157	121,0.000225510557238	(157, 0.00035964062625137589)
157	126,0.000227897386389	(157, 0.00035964062625137589)
157	3,0.000237190577821	(157, 0.00035964062625137589)
157	132,0.000241633993384	(157, 0.00035964062625137589)
157	81,0.000247164687748	(157, 0.00035964062625137589)
157	124,0.000253315396089	(157, 0.00035964062625137589)
158	3,0.000102239616638	(158, 0.00043105235957799218)
158	77,0.000125246399416	(158, 0.00043105235957799218)
158	137,0.000129340047704	(158, 0.00043105235957799218)
158	171,0.000144913589888	(158, 0.00043105235957799218)
158	63,0.000170418891954	(158, 0.00043105235957799218)
158	81,0.000173565056518	(158, 0.00043105235957799218)
158	117,0.000173575638502	(158, 0.00043105235957799218)
158	11,0.00017762554048	(158, 0.00043105235957799218)
158	76,0.000183206539072	(158, 0.00043105235957799218)
158	71,0.000198541242761	(158, 0.00043105235957799218)
159	146,9.27902495965e-05	(159, 0.00031258988401963809)
159	18,0.000136838074152	(159, 0.00031258988401963809)
159	137,0.000153920012211	(159, 0.00031258988401963809)
159	150,0.0001709183553	(159, 0.00031258988401963809)
159	3,0.000171748186744	(159, 0.00031258988401963809)
159	46,0.000175682149741	(159, 0.00031258988401963809)
159	36,0.00018286633494	(159, 0.00031258988401963809)
159	132,0.000193077374391	(159, 0.00031258988401963809)
159	151,0.000197479473281	(159, 0.00031258988401963809)
159	63,0.000199691009294	(159, 0.00031258988401963809)
160	27,0.000253577696387	(160, 0.0015011750777500562)
160	164,0.000253859833029	(160, 0.0015011750777500562)
160	107,0.000332113231916	(160, 0.0015011750777500562)
160	43,0.000370637009665	(160, 0.0015011750777500562)
160	32,0.000401151493326	(160, 0.0015011750777500562)
160	38,0.000408087520527	(160, 0.0015011750777500562)
160	73,0.000441809591639	(160, 0.0015011750777500562)
160	24,0.000476904317154	(160, 0.0015011750777500562)
160	105,0.000480445602941	(160, 0.0015011750777500562)
160	50,0.000482140489035	(160, 0.0015011750777500562)
161	161,8.31060615825e-05	(161, 8.3106061582474011e-05)
161	44,0.000212383832105	(161, 8.3106061582474011e-05)
161	65,0.000245670703072	(161, 8.3106061582474011e-05)
161	77,0.000252255726486	(161, 8.3106061582474011e-05)
161	17,0.000252824386588	(161, 8.3106061582474011e-05)
161	68,0.000258390693768	(161, 8.3106061582474011e-05)
161	120,0.000264811187595	(161, 8.3106061582474011e-05)
161	71,0.000267207207973	(161, 8.3106061582474011e-05)
161	155,0.000282319443237	(161, 8.3106061582474011e-05)
161	13,0.000287256429875	(161, 8.3106061582474011e-05)
162	137,0.000142886882306	(162, 0.00015553811176615947)
162	76,0.000144918729256	(162, 0.00015553811176615947)
162	171,0.000154268691797	(162, 0.00015553811176615947)
162	162,0.000155538111766	(162, 0.00015553811176615947)
162	3,0.000156483027866	(162, 0.00015553811176615947)
162	18,0.000159314646323	(162, 0.00015553811176615947)
162	147,0.00016249333476	(162, 0.00015553811176615947)
162	126,0.000172917372754	(162, 0.00015553811176615947)
162	117,0.000176687331752	(162, 0.00015553811176615947)
162	86,0.000184648202856	(162, 0.00015553811176615947)
163	148,0.000128284279587	(163, 0.00034576780271218966)
163	17,0.000158928523247	(163, 0.00034576780271218966)
163	143,0.000215526385465	(163, 0.00034576780271218966)
163	172,0.000221826719118	(163, 0.00034576780271218966)
163	40,0.00024945156274	(163, 0.00034576780271218966)
163	100,0.00025117751392	(163, 0.00034576780271218966)
163	3,0.000264964943613	(163, 0.00034576780271218966)
163	11,0.000265291308304	(163, 0.00034576780271218966)
163	37,0.000272155229948	(163, 0.00034576780271218966)
163	49,0.000277317002438	(163, 0.00034576780271218966)
164	73,0.000221467832992	(164, 0.00034015016965726881)
164	156,0.000260259622587	(164, 0.00034015016965726881)
164	27,0.000276609057659	(164, 0.00034015016965726881)
164	164,0.000340150169657	(164, 0.00034015016965726881)
164	107,0.000359106379335	(164, 0.00034015016965726881)
164	32,0.000384179347829	(164, 0.00034015016965726881)
164	13,0.000395809432842	(164, 0.00034015016965726881)
164	109,0.000406089714972	(164, 0.00034015016965726881)
164	101,0.000431165749213	(164, 0.00034015016965726881)
164	144,0.000445115966318	(164, 0.00034015016965726881)
165	93,0.000254300270034	(165, 0.00035049490571788103)
165	156,0.000263807888535	(165, 0.00035049490571788103)
165	116,0.000296516676821	(165, 0.00035049490571788103)
165	131,0.000297776579993	(165, 0.00035049490571788103)
165	73,0.000304150652216	(165, 0.00035049490571788103)
165	144,0.000350021250965	(165, 0.00035049490571788103)
165	165,0.000350494905718	(165, 0.00035049490571788103)
165	157,0.000382373727043	(165, 0.00035049490571788103)
165	124,0.000417711492562	(165, 0.00035049490571788103)
165	101,0.000459218652619	(165, 0.00035049490571788103)
166	144,0.000273979555466	(166, 0.00047959081346141564)
166	13,0.000274125448949	(166, 0.00047959081346141564)
166	116,0.000285137075268	(166, 0.00047959081346141564)
166	124,0.000296192309011	(166, 0.00047959081346141564)
166	73,0.000375010161633	(166, 0.00047959081346141564)
166	140,0.00039492183236	(166, 0.00047959081346141564)
166	93,0.000416588047972	(166, 0.00047959081346141564)
166	157,0.00043780928297	(166, 0.00047959081346141564)
166	69,0.000449467626174	(166, 0.00047959081346141564)
166	104,0.000449727732985	(166, 0.00047959081346141564)
167	167,0.000448830149396	(167, 0.00044883014939571612)
167	51,0.000471497819789	(167, 0.00044883014939571612)
167	169,0.000522947316822	(167, 0.00044883014939571612)
167	39,0.000543414246466	(167, 0.00044883014939571612)
167	32,0.000545704955618	(167, 0.00044883014939571612)
167	27,0.000571275022222	(167, 0.00044883014939571612)
167	138,0.000596340579456	(167, 0.00044883014939571612)
167	84,0.000675977545797	(167, 0.00044883014939571612)
167	19,0.000723706610385	(167, 0.00044883014939571612)
167	164,0.000788523073032	(167, 0.00044883014939571612)
168	55,0.000186676954373	(168, 0.00031623593080817077)
168	121,0.000198407226132	(168, 0.00031623593080817077)
168	18,0.000222770917227	(168, 0.00031623593080817077)
168	12,0.000239077162947	(168, 0.00031623593080817077)
168	38,0.000246299116267	(168, 0.00031623593080817077)
168	61,0.00026178411802	(168, 0.00031623593080817077)
168	22,0.000303536064583	(168, 0.00031623593080817077)
168	35,0.00030395614601	(168, 0.00031623593080817077)
168	78,0.000304640037593	(168, 0.00031623593080817077)
168	128,0.000305005113399	(168, 0.00031623593080817077)
169	169,0.000248529815349	(169, 0.00024852981534917657)
169	84,0.000319502531307	(169, 0.00024852981534917657)
169	156,0.000340466863282	(169, 0.00024852981534917657)
169	73,0.000359517604717	(169, 0.00024852981534917657)
169	109,0.000376883389377	(169, 0.00024852981534917657)
169	144,0.000384908875705	(169, 0.00024852981534917657)
169	99,0.000395459908157	(169, 0.00024852981534917657)
169	27,0.000399320106805	(169, 0.00024852981534917657)
169	140,0.000425515507789	(169, 0.00024852981534917657)
169	116,0.000433258310865	(169, 0.00024852981534917657)
170	170,0.00024842527241	(170, 0.00024842527241049903)
170	109,0.00031660981704	(170, 0.00024842527241049903)
170	84,0.000323591830601	(170, 0.00024842527241049903)
170	99,0.000347071857792	(170, 0.00024842527241049903)
170	144,0.000365157085044	(170, 0.00024842527241049903)
170	27,0.000407207259514	(170, 0.00024842527241049903)
170	73,0.000415630217621	(170, 0.00024842527241049903)
170	164,0.000446754004801	(170, 0.00024842527241049903)
170	169,0.000448066982411	(170, 0.00024842527241049903)
170	0,0.000463218718717	(170, 0.00024842527241049903)
171	27,0.000249741285274	(171, 0.00099312676701498385)
171	169,0.000286347161218	(171, 0.00099312676701498385)
171	156,0.000295325104859	(171, 0.00099312676701498385)
171	73,0.000298014693654	(171, 0.00099312676701498385)
171	101,0.000355974625456	(171, 0.00099312676701498385)
171	164,0.000371302292274	(171, 0.00099312676701498385)
171	32,0.000371465176233	(171, 0.00099312676701498385)
171	144,0.000392155743028	(171, 0.00099312676701498385)
171	84,0.000400168751728	(171, 0.00099312676701498385)
171	107,0.000404511465706	(171, 0.00099312676701498385)
172	172,0.000103004069508	(172, 0.00010300406950844359)
172	137,0.000133634631951	(172, 0.00010300406950844359)
172	3,0.000136436382451	(172, 0.00010300406950844359)
172	37,0.000147985454523	(172, 0.00010300406950844359)
172	17,0.000174763640397	(172, 0.00010300406950844359)
172	90,0.000181947578774	(172, 0.00010300406950844359)
172	77,0.000190769181926	(172, 0.00010300406950844359)
172	171,0.000190902471709	(172, 0.00010300406950844359)
172	11,0.000201758289132	(172, 0.00010300406950844359)
172	136,0.000203056514871	(172, 0.00010300406950844359)
173	107,0.000223006020079	(173, 0.00063744840243564252)
173	156,0.000283037081167	(173, 0.00063744840243564252)
173	27,0.000299649459961	(173, 0.00063744840243564252)
173	158,0.000317895740727	(173, 0.00063744840243564252)
173	128,0.000322098741013	(173, 0.00063744840243564252)
173	24,0.000357800758192	(173, 0.00063744840243564252)
173	99,0.000382366115936	(173, 0.00063744840243564252)
173	38,0.000386269097722	(173, 0.00063744840243564252)
173	138,0.000386332847152	(173, 0.00063744840243564252)
173	84,0.000415505554626	(173, 0.00063744840243564252)
174	174,0.000125960176972	(174, 0.00012596017697216093)
174	56,0.000159483818186	(174, 0.00012596017697216093)
174	154,0.000160290183815	(174, 0.00012596017697216093)
174	120,0.000166174113973	(174, 0.00012596017697216093)
174	15,0.000167373643506	(174, 0.00012596017697216093)
174	172,0.000236823998888	(174, 0.00012596017697216093)
174	40,0.00024097604183	(174, 0.00012596017697216093)
174	69,0.000246571804229	(174, 0.00012596017697216093)
174	17,0.000258044536167	(174, 0.00012596017697216093)
174	2,0.000296092646441	(174, 0.00012596017697216093)
