0	0,0.00740241014008	(0, 0.0074024101400846148)
0	84,0.0167020936865	(0, 0.0074024101400846148)
0	99,0.0172436103352	(0, 0.0074024101400846148)
0	38,0.0187182001507	(0, 0.0074024101400846148)
0	170,0.0188150263184	(0, 0.0074024101400846148)
0	109,0.0188534484909	(0, 0.0074024101400846148)
0	144,0.020780527284	(0, 0.0074024101400846148)
0	138,0.0223026925907	(0, 0.0074024101400846148)
0	78,0.0226435794043	(0, 0.0074024101400846148)
0	173,0.0237609105178	(0, 0.0074024101400846148)
1	1,0.00631729221174	(1, 0.0063172922117366876)
1	102,0.0102452891105	(1, 0.0063172922117366876)
1	103,0.0105781719464	(1, 0.0063172922117366876)
1	155,0.0114438388789	(1, 0.0063172922117366876)
1	91,0.0121264438119	(1, 0.0063172922117366876)
1	153,0.012557013741	(1, 0.0063172922117366876)
1	28,0.0130907055142	(1, 0.0063172922117366876)
1	41,0.0139237989943	(1, 0.0063172922117366876)
1	114,0.0140037083734	(1, 0.0063172922117366876)
1	53,0.0144675754828	(1, 0.0063172922117366876)
2	4,0.00794119097723	(2, 0.015767594705304266)
2	154,0.00794644890177	(2, 0.015767594705304266)
2	69,0.0108283061102	(2, 0.015767594705304266)
2	40,0.0112344403129	(2, 0.015767594705304266)
2	172,0.0122518724776	(2, 0.015767594705304266)
2	174,0.0123782727141	(2, 0.015767594705304266)
2	2,0.0157675947053	(2, 0.015767594705304266)
2	25,0.0158817263772	(2, 0.015767594705304266)
2	148,0.0164099179103	(2, 0.015767594705304266)
2	17,0.0177940187184	(2, 0.015767594705304266)
3	3,0.00325461333047	(3, 0.0032546133304660182)
3	63,0.00477528086947	(3, 0.0032546133304660182)
3	132,0.00660259079663	(3, 0.0032546133304660182)
3	162,0.00668578506038	(3, 0.0032546133304660182)
3	81,0.00703358614456	(3, 0.0032546133304660182)
3	121,0.00729796550201	(3, 0.0032546133304660182)
3	11,0.00731075273412	(3, 0.0032546133304660182)
3	147,0.00757034703243	(3, 0.0032546133304660182)
3	150,0.00796228250737	(3, 0.0032546133304660182)
3	151,0.00840606120984	(3, 0.0032546133304660182)
4	172,0.00584149667737	(4, 0.0091687818780435467)
4	13,0.00732129099889	(4, 0.0091687818780435467)
4	17,0.00812674039994	(4, 0.0091687818780435467)
4	37,0.00825262358955	(4, 0.0091687818780435467)
4	40,0.00910810495985	(4, 0.0091687818780435467)
4	4,0.00916878187804	(4, 0.0091687818780435467)
4	77,0.00917804715152	(4, 0.0091687818780435467)
4	69,0.00967855858351	(4, 0.0091687818780435467)
4	3,0.0100840141607	(4, 0.0091687818780435467)
4	120,0.0105447081922	(4, 0.0091687818780435467)
5	73,0.00596475532987	(5, 0.027551159531057995)
5	107,0.0132739266607	(5, 0.027551159531057995)
5	93,0.0134744776308	(5, 0.027551159531057995)
5	78,0.013864454028	(5, 0.027551159531057995)
5	128,0.0140610903891	(5, 0.027551159531057995)
5	158,0.0146107357083	(5, 0.027551159531057995)
5	26,0.0146918283698	(5, 0.027551159531057995)
5	22,0.0157412985881	(5, 0.027551159531057995)
5	121,0.0159761910919	(5, 0.027551159531057995)
5	124,0.0161712571372	(5, 0.027551159531057995)
6	139,0.0045992729149	(6, 0.0064720219033352925)
6	46,0.0052197938968	(6, 0.0064720219033352925)
6	6,0.00647202190334	(6, 0.0064720219033352925)
6	76,0.00688436626348	(6, 0.0064720219033352925)
6	22,0.00696531761882	(6, 0.0064720219033352925)
6	171,0.00782853887714	(6, 0.0064720219033352925)
6	158,0.00790710611498	(6, 0.0064720219033352925)
6	132,0.00826540780763	(6, 0.0064720219033352925)
6	18,0.00847328827691	(6, 0.0064720219033352925)
6	35,0.00936628330323	(6, 0.0064720219033352925)
7	66,0.0307481005493	(7, 0.059443773480852398)
7	51,0.0393155783637	(7, 0.059443773480852398)
7	167,0.0402861221297	(7, 0.059443773480852398)
7	32,0.0414774096447	(7, 0.059443773480852398)
7	80,0.0421536500492	(7, 0.059443773480852398)
7	169,0.043891910941	(7, 0.059443773480852398)
7	160,0.0504242926221	(7, 0.059443773480852398)
7	133,0.0518140071269	(7, 0.059443773480852398)
7	149,0.0531599653561	(7, 0.059443773480852398)
7	142,0.0578431101042	(7, 0.059443773480852398)
8	11,0.00722967298	(8, 0.011630628992421888)
8	121,0.00830343536676	(8, 0.011630628992421888)
8	73,0.00910733675417	(8, 0.011630628992421888)
8	3,0.00930844186746	(8, 0.011630628992421888)
8	162,0.00971999933662	(8, 0.011630628992421888)
8	71,0.0104983981419	(8, 0.011630628992421888)
8	1,0.0106610171066	(8, 0.011630628992421888)
8	78,0.0111550862797	(8, 0.011630628992421888)
8	86,0.0114770389549	(8, 0.011630628992421888)
8	151,0.0115610156695	(8, 0.011630628992421888)
9	9,0.0116884500042	(9, 0.011688450004175)
9	155,0.0224141345471	(9, 0.011688450004175)
9	114,0.023645483075	(9, 0.011688450004175)
9	53,0.0297419409236	(9, 0.011688450004175)
9	91,0.0301226275266	(9, 0.011688450004175)
9	124,0.0317138732084	(9, 0.011688450004175)
9	41,0.0335952449627	(9, 0.011688450004175)
9	65,0.0341337484129	(9, 0.011688450004175)
9	1,0.0377151200452	(9, 0.011688450004175)
9	28,0.0391938447423	(9, 0.011688450004175)
10	10,0.0155803226496	(10, 0.015580322649633632)
10	47,0.0213733812551	(10, 0.015580322649633632)
10	167,0.0350331755437	(10, 0.015580322649633632)
10	173,0.0371761221595	(10, 0.015580322649633632)
10	99,0.0372513485846	(10, 0.015580322649633632)
10	84,0.0391523691069	(10, 0.015580322649633632)
10	27,0.0397038245579	(10, 0.015580322649633632)
10	19,0.0418130489703	(10, 0.015580322649633632)
10	166,0.0418851430012	(10, 0.015580322649633632)
10	14,0.0428687863657	(10, 0.015580322649633632)
11	11,0.0043498617018	(11, 0.0043498617017962244)
11	119,0.00728267365078	(11, 0.0043498617017962244)
11	81,0.00760381193951	(11, 0.0043498617017962244)
11	37,0.00889615118553	(11, 0.0043498617017962244)
11	3,0.00925875264717	(11, 0.0043498617017962244)
11	96,0.00936126087267	(11, 0.0043498617017962244)
11	115,0.0102750428735	(11, 0.0043498617017962244)
11	13,0.0111311809878	(11, 0.0043498617017962244)
11	71,0.0112497930349	(11, 0.0043498617017962244)
11	4,0.011454448261	(11, 0.0043498617017962244)
12	76,0.00465188464648	(12, 0.0061864228761370861)
12	22,0.00468449326173	(12, 0.0061864228761370861)
12	126,0.00543684778523	(12, 0.0061864228761370861)
12	121,0.00553798720072	(12, 0.0061864228761370861)
12	151,0.00585950637668	(12, 0.0061864228761370861)
12	12,0.00618642287614	(12, 0.0061864228761370861)
12	18,0.00635601591379	(12, 0.0061864228761370861)
12	63,0.00654585167099	(12, 0.0061864228761370861)
12	132,0.00659485451273	(12, 0.0061864228761370861)
12	147,0.0073795726384	(12, 0.0061864228761370861)
13	172,0.00541903050632	(13, 0.0088619947796822179)
13	11,0.00581751634184	(13, 0.0088619947796822179)
13	3,0.00606806591471	(13, 0.0088619947796822179)
13	17,0.00634172185173	(13, 0.0088619947796822179)
13	162,0.00640374593795	(13, 0.0088619947796822179)
13	37,0.00653820640602	(13, 0.0088619947796822179)
13	136,0.00682183449951	(13, 0.0088619947796822179)
13	90,0.00708011237485	(13, 0.0088619947796822179)
13	77,0.00712788125928	(13, 0.0088619947796822179)
13	81,0.00722228139895	(13, 0.0088619947796822179)
14	14,0.00742714216582	(14, 0.007427142165823665)
14	72,0.00907045846289	(14, 0.007427142165823665)
14	159,0.0108157738137	(14, 0.007427142165823665)
14	123,0.0129219451913	(14, 0.007427142165823665)
14	144,0.0129271753024	(14, 0.007427142165823665)
14	109,0.0131642342679	(14, 0.007427142165823665)
14	145,0.0132683295697	(14, 0.007427142165823665)
14	84,0.0142763114706	(14, 0.007427142165823665)
14	12,0.0145800395476	(14, 0.007427142165823665)
14	38,0.01535790623	(14, 0.007427142165823665)
15	15,0.00584828295026	(15, 0.0058482829502597743)
15	17,0.00596761696365	(15, 0.0058482829502597743)
15	172,0.00841166188639	(15, 0.0058482829502597743)
15	77,0.00880238766784	(15, 0.0058482829502597743)
15	174,0.00943818306193	(15, 0.0058482829502597743)
15	49,0.00977098601742	(15, 0.0058482829502597743)
15	100,0.00980251651359	(15, 0.0058482829502597743)
15	69,0.0106024238103	(15, 0.0058482829502597743)
15	4,0.0108909039432	(15, 0.0058482829502597743)
15	120,0.0109623798125	(15, 0.0058482829502597743)
16	16,0.011332382806	(16, 0.011332382805987817)
16	170,0.0120177839974	(16, 0.011332382805987817)
16	19,0.0152976396821	(16, 0.011332382805987817)
16	0,0.0164845348085	(16, 0.011332382805987817)
16	144,0.0177530468337	(16, 0.011332382805987817)
16	140,0.0178849854377	(16, 0.011332382805987817)
16	73,0.0179421593267	(16, 0.011332382805987817)
16	114,0.0180064665385	(16, 0.011332382805987817)
16	101,0.0185552717073	(16, 0.011332382805987817)
16	109,0.0196736272465	(16, 0.011332382805987817)
17	17,0.00324206197047	(17, 0.0032420619704656324)
17	172,0.00539349454495	(17, 0.0032420619704656324)
17	77,0.0077501010219	(17, 0.0032420619704656324)
17	100,0.00779496851359	(17, 0.0032420619704656324)
17	143,0.00809865981537	(17, 0.0032420619704656324)
17	90,0.00873021307614	(17, 0.0032420619704656324)
17	49,0.00880555044204	(17, 0.0032420619704656324)
17	136,0.00880696226028	(17, 0.0032420619704656324)
17	37,0.00896385508218	(17, 0.0032420619704656324)
17	148,0.00960823056908	(17, 0.0032420619704656324)
18	18,0.00425115653533	(18, 0.0042511565353312453)
18	88,0.00528504121857	(18, 0.0042511565353312453)
18	121,0.00550677194327	(18, 0.0042511565353312453)
18	22,0.00562727032052	(18, 0.0042511565353312453)
18	139,0.00605456135012	(18, 0.0042511565353312453)
18	76,0.00635542613284	(18, 0.0042511565353312453)
18	132,0.00644094479017	(18, 0.0042511565353312453)
18	35,0.00668826077776	(18, 0.0042511565353312453)
18	61,0.00682364427529	(18, 0.0042511565353312453)
18	151,0.00780933878782	(18, 0.0042511565353312453)
19	19,0.0128174866648	(19, 0.012817486664822552)
19	27,0.0136168495124	(19, 0.012817486664822552)
19	43,0.0164545943373	(19, 0.012817486664822552)
19	32,0.0183218011312	(19, 0.012817486664822552)
19	99,0.0184807581897	(19, 0.012817486664822552)
19	107,0.0219404906229	(19, 0.012817486664822552)
19	39,0.02245031383	(19, 0.012817486664822552)
19	164,0.022842089722	(19, 0.012817486664822552)
19	84,0.0241150416646	(19, 0.012817486664822552)
19	73,0.024994818636	(19, 0.012817486664822552)
20	73,0.00906661179962	(20, 0.010930007579188253)
20	20,0.0109300075792	(20, 0.010930007579188253)
20	124,0.0113074172273	(20, 0.010930007579188253)
20	93,0.0121451372096	(20, 0.010930007579188253)
20	1,0.0128423264512	(20, 0.010930007579188253)
20	128,0.0138341766013	(20, 0.010930007579188253)
20	89,0.0141116005585	(20, 0.010930007579188253)
20	109,0.0147425898443	(20, 0.010930007579188253)
20	101,0.014972228934	(20, 0.010930007579188253)
20	78,0.0152329786807	(20, 0.010930007579188253)
21	71,0.00460859660425	(21, 0.0086047229941411951)
21	11,0.00564022885866	(21, 0.0086047229941411951)
21	162,0.00600624715347	(21, 0.0086047229941411951)
21	117,0.00640534317005	(21, 0.0086047229941411951)
21	121,0.0064571676916	(21, 0.0086047229941411951)
21	23,0.00844863773761	(21, 0.0086047229941411951)
21	21,0.00860472299414	(21, 0.0086047229941411951)
21	22,0.00867817527448	(21, 0.0086047229941411951)
21	76,0.00904343820996	(21, 0.0086047229941411951)
21	1,0.00934974772322	(21, 0.0086047229941411951)
22	117,0.0044502830185	(22, 0.004637547676129619)
22	22,0.00463754767613	(22, 0.004637547676129619)
22	76,0.00593684939429	(22, 0.004637547676129619)
22	139,0.00610988008313	(22, 0.004637547676129619)
22	46,0.00686612521729	(22, 0.004637547676129619)
22	132,0.00692889772868	(22, 0.004637547676129619)
22	18,0.00724023475107	(22, 0.004637547676129619)
22	121,0.00726826999304	(22, 0.004637547676129619)
22	3,0.007323186585	(22, 0.004637547676129619)
22	171,0.007633363061	(22, 0.004637547676129619)
23	23,0.00308100178294	(23, 0.0030810017829426589)
23	61,0.00393650077449	(23, 0.0030810017829426589)
23	26,0.00789170857719	(23, 0.0030810017829426589)
23	63,0.00928392134105	(23, 0.0030810017829426589)
23	121,0.00964969655448	(23, 0.0030810017829426589)
23	78,0.0100255212576	(23, 0.0030810017829426589)
23	76,0.0103503573844	(23, 0.0030810017829426589)
23	162,0.0107315863799	(23, 0.0030810017829426589)
23	147,0.0110334611794	(23, 0.0030810017829426589)
23	22,0.0122739357285	(23, 0.0030810017829426589)
24	24,0.00616152689982	(24, 0.006161526899823213)
24	27,0.0113836302178	(24, 0.006161526899823213)
24	107,0.0115343521953	(24, 0.006161526899823213)
24	61,0.0141103051542	(24, 0.006161526899823213)
24	158,0.0150326775658	(24, 0.006161526899823213)
24	135,0.0152623346584	(24, 0.006161526899823213)
24	73,0.0155294895464	(24, 0.006161526899823213)
24	50,0.0156936904194	(24, 0.006161526899823213)
24	12,0.0164354692482	(24, 0.006161526899823213)
24	128,0.0164946701866	(24, 0.006161526899823213)
25	25,0.00561171905433	(25, 0.0056117190543279703)
25	69,0.00564236365555	(25, 0.0056117190543279703)
25	40,0.0069617129459	(25, 0.0056117190543279703)
25	4,0.00805376283908	(25, 0.0056117190543279703)
25	15,0.00852672031577	(25, 0.0056117190543279703)
25	148,0.00882878022509	(25, 0.0056117190543279703)
25	79,0.0118019822854	(25, 0.0056117190543279703)
25	154,0.0127385065923	(25, 0.0056117190543279703)
25	17,0.0129797523287	(25, 0.0056117190543279703)
25	56,0.0131085241855	(25, 0.0056117190543279703)
26	18,0.00453419347701	(26, 0.010776072577475463)
26	63,0.00454427329512	(26, 0.010776072577475463)
26	121,0.00494476700308	(26, 0.010776072577475463)
26	76,0.0049902137281	(26, 0.010776072577475463)
26	147,0.00556897370148	(26, 0.010776072577475463)
26	22,0.00573846881983	(26, 0.010776072577475463)
26	151,0.00574238547172	(26, 0.010776072577475463)
26	132,0.00600599990841	(26, 0.010776072577475463)
26	3,0.0060352705225	(26, 0.010776072577475463)
26	162,0.00624661902923	(26, 0.010776072577475463)
27	73,0.00935047465238	(27, 0.013578626081002694)
27	78,0.0100437841765	(27, 0.013578626081002694)
27	61,0.0104107515425	(27, 0.013578626081002694)
27	121,0.0106840711715	(27, 0.013578626081002694)
27	26,0.0118479399708	(27, 0.013578626081002694)
27	170,0.012257316658	(27, 0.013578626081002694)
27	128,0.0122782726691	(27, 0.013578626081002694)
27	101,0.0134817757678	(27, 0.013578626081002694)
27	27,0.013578626081	(27, 0.013578626081002694)
27	23,0.0136130749402	(27, 0.013578626081002694)
28	1,0.00889072787728	(28, 0.012071287828987238)
28	13,0.00954143086108	(28, 0.012071287828987238)
28	73,0.0107832485333	(28, 0.012071287828987238)
28	3,0.0108036701354	(28, 0.012071287828987238)
28	28,0.012071287829	(28, 0.012071287828987238)
28	93,0.013323474151	(28, 0.012071287828987238)
28	53,0.0135925303514	(28, 0.012071287828987238)
28	83,0.0136473158957	(28, 0.012071287828987238)
28	155,0.013980810264	(28, 0.012071287828987238)
28	26,0.0143037919248	(28, 0.012071287828987238)
29	29,0.00519998134683	(29, 0.005199981346828632)
29	77,0.00682012216775	(29, 0.005199981346828632)
29	71,0.00854757312035	(29, 0.005199981346828632)
29	135,0.00957888367507	(29, 0.005199981346828632)
29	76,0.0101380381844	(29, 0.005199981346828632)
29	11,0.0103147580325	(29, 0.005199981346828632)
29	73,0.0104579264247	(29, 0.005199981346828632)
29	172,0.0106902390511	(29, 0.005199981346828632)
29	13,0.0108431963167	(29, 0.005199981346828632)
29	3,0.0108588641634	(29, 0.005199981346828632)
30	30,0.0134696647015	(30, 0.013469664701544445)
30	103,0.0168712771459	(30, 0.013469664701544445)
30	91,0.0181679166944	(30, 0.013469664701544445)
30	153,0.019639601029	(30, 0.013469664701544445)
30	1,0.0197445260887	(30, 0.013469664701544445)
30	28,0.0211197867853	(30, 0.013469664701544445)
30	102,0.0221396218033	(30, 0.013469664701544445)
30	95,0.0231220036212	(30, 0.013469664701544445)
30	155,0.0239746833332	(30, 0.013469664701544445)
30	53,0.0240267925283	(30, 0.013469664701544445)
31	166,0.013451444184	(31, 0.016729279457968586)
31	31,0.016729279458	(31, 0.016729279457968586)
31	116,0.0190537440345	(31, 0.016729279457968586)
31	72,0.0194553317094	(31, 0.016729279457968586)
31	69,0.0213046422064	(31, 0.016729279457968586)
31	124,0.0218808768065	(31, 0.016729279457968586)
31	104,0.0224838964365	(31, 0.016729279457968586)
31	131,0.0225099906858	(31, 0.016729279457968586)
31	123,0.0232994444928	(31, 0.016729279457968586)
31	144,0.0233174758287	(31, 0.016729279457968586)
32	156,0.0101894172222	(32, 0.013096416885509063)
32	32,0.0130964168855	(32, 0.013096416885509063)
32	27,0.0139459372067	(32, 0.013096416885509063)
32	50,0.0164896083115	(32, 0.013096416885509063)
32	73,0.0166027872692	(32, 0.013096416885509063)
32	131,0.01792980103	(32, 0.013096416885509063)
32	107,0.0184867461013	(32, 0.013096416885509063)
32	164,0.0185485766179	(32, 0.013096416885509063)
32	144,0.0201135282152	(32, 0.013096416885509063)
32	109,0.0206277878665	(32, 0.013096416885509063)
33	33,0.0108274398016	(33, 0.010827439801566958)
33	4,0.0161598455305	(33, 0.010827439801566958)
33	116,0.016356049129	(33, 0.010827439801566958)
33	69,0.0167465472787	(33, 0.010827439801566958)
33	106,0.0176227751985	(33, 0.010827439801566958)
33	156,0.0185744338669	(33, 0.010827439801566958)
33	40,0.0187410314272	(33, 0.010827439801566958)
33	73,0.0187763733598	(33, 0.010827439801566958)
33	93,0.0188882407708	(33, 0.010827439801566958)
33	28,0.0200731599677	(33, 0.010827439801566958)
34	15,0.00637463382982	(34, 0.016099080434668671)
34	17,0.00653403271284	(34, 0.016099080434668671)
34	69,0.00830063052305	(34, 0.016099080434668671)
34	172,0.0087323599348	(34, 0.016099080434668671)
34	4,0.00882532721037	(34, 0.016099080434668671)
34	40,0.0088496173896	(34, 0.016099080434668671)
34	148,0.00885893589567	(34, 0.016099080434668671)
34	120,0.00907145202366	(34, 0.016099080434668671)
34	83,0.00957835567844	(34, 0.016099080434668671)
34	56,0.0104879633934	(34, 0.016099080434668671)
35	35,0.00434914929917	(35, 0.0043491492991734344)
35	18,0.00739165606971	(35, 0.0043491492991734344)
35	88,0.00750356913713	(35, 0.0043491492991734344)
35	22,0.00956895442502	(35, 0.0043491492991734344)
35	12,0.00966219769097	(35, 0.0043491492991734344)
35	139,0.0105760781376	(35, 0.0043491492991734344)
35	38,0.0109657604063	(35, 0.0043491492991734344)
35	159,0.0109671892828	(35, 0.0043491492991734344)
35	158,0.0109884519071	(35, 0.0043491492991734344)
35	61,0.0111301587848	(35, 0.0043491492991734344)
36	46,0.00336427684994	(36, 0.0038973419878498951)
36	76,0.00345759415922	(36, 0.0038973419878498951)
36	147,0.00367669630163	(36, 0.0038973419878498951)
36	36,0.00389734198785	(36, 0.0038973419878498951)
36	18,0.00507487213297	(36, 0.0038973419878498951)
36	63,0.00520079651014	(36, 0.0038973419878498951)
36	171,0.00527593238596	(36, 0.0038973419878498951)
36	137,0.00749430815672	(36, 0.0038973419878498951)
36	22,0.00752716736387	(36, 0.0038973419878498951)
36	139,0.00757439959239	(36, 0.0038973419878498951)
37	37,0.00550758959441	(37, 0.0055075895944069883)
37	100,0.00607109750079	(37, 0.0055075895944069883)
37	11,0.00625583398893	(37, 0.0055075895944069883)
37	3,0.0070885652348	(37, 0.0055075895944069883)
37	77,0.00728756274	(37, 0.0055075895944069883)
37	21,0.00764699497812	(37, 0.0055075895944069883)
37	90,0.00795757173646	(37, 0.0055075895944069883)
37	17,0.00875474319277	(37, 0.0055075895944069883)
37	71,0.00908075808343	(37, 0.0055075895944069883)
37	136,0.00916226256657	(37, 0.0055075895944069883)
38	38,0.00452586521859	(38, 0.0045258652185885644)
38	55,0.00999200685618	(38, 0.0045258652185885644)
38	12,0.0100343350307	(38, 0.0045258652185885644)
38	14,0.0116973050792	(38, 0.0045258652185885644)
38	43,0.0129798470514	(38, 0.0045258652185885644)
38	128,0.0144939809992	(38, 0.0045258652185885644)
38	107,0.014844666188	(38, 0.0045258652185885644)
38	50,0.0148676840505	(38, 0.0045258652185885644)
38	61,0.0153446445597	(38, 0.0045258652185885644)
38	105,0.0157323769568	(38, 0.0045258652185885644)
39	39,0.0114435277066	(39, 0.011443527706557493)
39	156,0.0192980757908	(39, 0.011443527706557493)
39	84,0.0193481346205	(39, 0.011443527706557493)
39	169,0.0193656953806	(39, 0.011443527706557493)
39	51,0.020093108434	(39, 0.011443527706557493)
39	99,0.0218762267638	(39, 0.011443527706557493)
39	27,0.0222878985453	(39, 0.011443527706557493)
39	101,0.0226726326219	(39, 0.011443527706557493)
39	93,0.0235924856634	(39, 0.011443527706557493)
39	73,0.0237958698833	(39, 0.011443527706557493)
40	40,0.0041257223906	(40, 0.0041257223905990428)
40	69,0.00581104507666	(40, 0.0041257223905990428)
40	25,0.00787910243959	(40, 0.0041257223905990428)
40	79,0.00804736004475	(40, 0.0041257223905990428)
40	15,0.00834860562661	(40, 0.0041257223905990428)
40	172,0.00865123837244	(40, 0.0041257223905990428)
40	4,0.00868563767563	(40, 0.0041257223905990428)
40	148,0.00882597373198	(40, 0.0041257223905990428)
40	17,0.00943724086571	(40, 0.0041257223905990428)
40	56,0.0104518383619	(40, 0.0041257223905990428)
41	41,0.0055319753888	(41, 0.0055319753887956942)
41	155,0.00886602600058	(41, 0.0055319753887956942)
41	1,0.0136857249477	(41, 0.0055319753887956942)
41	20,0.0149405511141	(41, 0.0055319753887956942)
41	91,0.0162538183737	(41, 0.0055319753887956942)
41	102,0.0188997314278	(41, 0.0055319753887956942)
41	114,0.0191142875658	(41, 0.0055319753887956942)
41	124,0.0197353057614	(41, 0.0055319753887956942)
41	101,0.0199957736206	(41, 0.0055319753887956942)
41	53,0.0204924772288	(41, 0.0055319753887956942)
42	163,0.016621208708	(42, 0.034786714121952819)
42	69,0.0205633053687	(42, 0.034786714121952819)
42	53,0.0221778349069	(42, 0.034786714121952819)
42	28,0.0222514827047	(42, 0.034786714121952819)
42	140,0.0236390372824	(42, 0.034786714121952819)
42	97,0.0254736031519	(42, 0.034786714121952819)
42	34,0.0268917261621	(42, 0.034786714121952819)
42	44,0.0269586085109	(42, 0.034786714121952819)
42	118,0.0277203228937	(42, 0.034786714121952819)
42	4,0.0277770039175	(42, 0.034786714121952819)
43	22,0.00619605056445	(43, 0.013225523163871305)
43	12,0.00654787494178	(43, 0.013225523163871305)
43	61,0.00728220798353	(43, 0.013225523163871305)
43	128,0.0072919651034	(43, 0.013225523163871305)
43	121,0.00754249873369	(43, 0.013225523163871305)
43	78,0.00811018295894	(43, 0.013225523163871305)
43	18,0.00814881226941	(43, 0.013225523163871305)
43	158,0.00854529120864	(43, 0.013225523163871305)
43	23,0.00895219909264	(43, 0.013225523163871305)
43	76,0.00910600912743	(43, 0.013225523163871305)
44	124,0.0104817172799	(44, 0.033726828730937471)
44	116,0.0109421705518	(44, 0.033726828730937471)
44	109,0.0110773317405	(44, 0.033726828730937471)
44	73,0.0115741832579	(44, 0.033726828730937471)
44	93,0.0126825874817	(44, 0.033726828730937471)
44	144,0.0134913724873	(44, 0.033726828730937471)
44	12,0.0155771327876	(44, 0.033726828730937471)
44	115,0.0156797301248	(44, 0.033726828730937471)
44	159,0.0157784222174	(44, 0.033726828730937471)
44	123,0.0157811450691	(44, 0.033726828730937471)
45	45,0.0137041146046	(45, 0.013704114604592683)
45	130,0.0162695403505	(45, 0.013704114604592683)
45	94,0.0213907837728	(45, 0.013704114604592683)
45	98,0.0236863045228	(45, 0.013704114604592683)
45	34,0.0239483176635	(45, 0.013704114604592683)
45	53,0.0243715977222	(45, 0.013704114604592683)
45	129,0.025758023807	(45, 0.013704114604592683)
45	133,0.0261635684786	(45, 0.013704114604592683)
45	113,0.0264054575761	(45, 0.013704114604592683)
45	83,0.0268650696172	(45, 0.013704114604592683)
46	46,0.00259405880269	(46, 0.0025940588026922545)
46	36,0.00377343529493	(46, 0.0025940588026922545)
46	171,0.0045292783696	(46, 0.0025940588026922545)
46	76,0.00540215602991	(46, 0.0025940588026922545)
46	137,0.00565690513511	(46, 0.0025940588026922545)
46	147,0.00691515801651	(46, 0.0025940588026922545)
46	63,0.00778441506078	(46, 0.0025940588026922545)
46	139,0.00783116682538	(46, 0.0025940588026922545)
46	146,0.008463054639	(46, 0.0025940588026922545)
46	6,0.00857756834601	(46, 0.0025940588026922545)
47	99,0.0182342979691	(47, 0.021241679853469943)
47	10,0.0192713189176	(47, 0.021241679853469943)
47	27,0.0208889330912	(47, 0.021241679853469943)
47	19,0.0212140479189	(47, 0.021241679853469943)
47	47,0.0212416798535	(47, 0.021241679853469943)
47	43,0.0233726404618	(47, 0.021241679853469943)
47	84,0.0243334439742	(47, 0.021241679853469943)
47	138,0.0247070025023	(47, 0.021241679853469943)
47	0,0.0274981792676	(47, 0.021241679853469943)
47	173,0.0280386204246	(47, 0.021241679853469943)
48	56,0.0088646207141	(48, 0.0096067342091384986)
48	48,0.00960673420914	(48, 0.0096067342091384986)
48	120,0.00965437609665	(48, 0.0096067342091384986)
48	69,0.00990593191387	(48, 0.0096067342091384986)
48	97,0.0117304670833	(48, 0.0096067342091384986)
48	40,0.011855830141	(48, 0.0096067342091384986)
48	174,0.0127383011749	(48, 0.0096067342091384986)
48	4,0.0132647775089	(48, 0.0096067342091384986)
48	154,0.0140850778741	(48, 0.0096067342091384986)
48	15,0.0152679547294	(48, 0.0096067342091384986)
49	49,0.00741486236731	(49, 0.0074148623673128845)
49	59,0.00887335686082	(49, 0.0074148623673128845)
49	77,0.00945535556624	(49, 0.0074148623673128845)
49	98,0.00952868581886	(49, 0.0074148623673128845)
49	15,0.0101060555605	(49, 0.0074148623673128845)
49	172,0.010324381761	(49, 0.0074148623673128845)
49	100,0.0104893006652	(49, 0.0074148623673128845)
49	17,0.0120416960716	(49, 0.0074148623673128845)
49	83,0.0134610136184	(49, 0.0074148623673128845)
49	37,0.0137567454053	(49, 0.0074148623673128845)
50	50,0.00461221504832	(50, 0.004612215048316771)
50	12,0.0100928119838	(50, 0.004612215048316771)
50	107,0.0101262744815	(50, 0.004612215048316771)
50	158,0.011335428024	(50, 0.004612215048316771)
50	38,0.0119106556155	(50, 0.004612215048316771)
50	171,0.0124470101273	(50, 0.004612215048316771)
50	128,0.0125671247264	(50, 0.004612215048316771)
50	22,0.0126998921852	(50, 0.004612215048316771)
50	76,0.0127016314032	(50, 0.004612215048316771)
50	46,0.0143474662729	(50, 0.004612215048316771)
51	124,0.00902584354266	(51, 0.031390774988685685)
51	73,0.0118828712376	(51, 0.031390774988685685)
51	155,0.0120474274539	(51, 0.031390774988685685)
51	53,0.0134139316299	(51, 0.031390774988685685)
51	157,0.0144097617979	(51, 0.031390774988685685)
51	93,0.0149979683874	(51, 0.031390774988685685)
51	116,0.0159547292264	(51, 0.031390774988685685)
51	1,0.016146868179	(51, 0.031390774988685685)
51	28,0.0161599362697	(51, 0.031390774988685685)
51	13,0.0171020984037	(51, 0.031390774988685685)
52	53,0.0103375462714	(52, 0.033762492589106671)
52	155,0.0128911842128	(52, 0.033762492589106671)
52	44,0.0128955696342	(52, 0.033762492589106671)
52	124,0.0132158956767	(52, 0.033762492589106671)
52	13,0.0134132209663	(52, 0.033762492589106671)
52	65,0.0140620990017	(52, 0.033762492589106671)
52	119,0.0155103372155	(52, 0.033762492589106671)
52	4,0.0157652332452	(52, 0.033762492589106671)
52	163,0.0157938704489	(52, 0.033762492589106671)
52	161,0.0158640255107	(52, 0.033762492589106671)
53	65,0.00695284953411	(53, 0.0078024394785730254)
53	53,0.00780243947857	(53, 0.0078024394785730254)
53	155,0.0101937254363	(53, 0.0078024394785730254)
53	44,0.0109145449226	(53, 0.0078024394785730254)
53	120,0.0123497298098	(53, 0.0078024394785730254)
53	161,0.0128609571362	(53, 0.0078024394785730254)
53	163,0.0130677354086	(53, 0.0078024394785730254)
53	114,0.0135300648387	(53, 0.0078024394785730254)
53	124,0.0151292935589	(53, 0.0078024394785730254)
53	13,0.0151866284053	(53, 0.0078024394785730254)
54	136,0.00546337388848	(54, 0.0093984406525625553)
54	162,0.00773521865962	(54, 0.0093984406525625553)
54	11,0.00780025112536	(54, 0.0093984406525625553)
54	3,0.00923889256392	(54, 0.0093984406525625553)
54	54,0.00939844065256	(54, 0.0093984406525625553)
54	71,0.00943515044902	(54, 0.0093984406525625553)
54	63,0.00969125437543	(54, 0.0093984406525625553)
54	137,0.00983648772366	(54, 0.0093984406525625553)
54	90,0.0100429833904	(54, 0.0093984406525625553)
54	147,0.0104558014031	(54, 0.0093984406525625553)
55	12,0.00588508528073	(55, 0.0095815028478314097)
55	159,0.00872870411298	(55, 0.0095815028478314097)
55	18,0.00944303709964	(55, 0.0095815028478314097)
55	128,0.00948069492598	(55, 0.0095815028478314097)
55	55,0.00958150284783	(55, 0.0095815028478314097)
55	121,0.00963719322506	(55, 0.0095815028478314097)
55	38,0.00965220030306	(55, 0.0095815028478314097)
55	86,0.00981276040649	(55, 0.0095815028478314097)
55	134,0.0100923304624	(55, 0.0095815028478314097)
55	152,0.0102031669033	(55, 0.0095815028478314097)
56	56,0.00557705848025	(56, 0.0055770584802547745)
56	120,0.00781697496238	(56, 0.0055770584802547745)
56	15,0.00937098913525	(56, 0.0055770584802547745)
56	174,0.0124310415196	(56, 0.0055770584802547745)
56	69,0.0137132262423	(56, 0.0055770584802547745)
56	2,0.0147330305213	(56, 0.0055770584802547745)
56	48,0.0155251572804	(56, 0.0055770584802547745)
56	44,0.0155451853584	(56, 0.0055770584802547745)
56	17,0.0156735699739	(56, 0.0055770584802547745)
56	4,0.0157704051998	(56, 0.0055770584802547745)
57	57,0.0109503733386	(57, 0.010950373338577573)
57	122,0.0191949837564	(57, 0.010950373338577573)
57	15,0.0235932551635	(57, 0.010950373338577573)
57	174,0.0246663521546	(57, 0.010950373338577573)
57	56,0.027709081521	(57, 0.010950373338577573)
57	113,0.0288766789074	(57, 0.010950373338577573)
57	120,0.0294839498605	(57, 0.010950373338577573)
57	2,0.0326085481131	(57, 0.010950373338577573)
57	59,0.034066500915	(57, 0.010950373338577573)
57	108,0.0350355428507	(57, 0.010950373338577573)
58	24,0.00884709629736	(58, 0.035116603081672582)
58	107,0.00981931673525	(58, 0.035116603081672582)
58	27,0.0107763462284	(58, 0.035116603081672582)
58	50,0.011548495077	(58, 0.035116603081672582)
58	61,0.0131841382843	(58, 0.035116603081672582)
58	43,0.0138514085346	(58, 0.035116603081672582)
58	38,0.0145756712534	(58, 0.035116603081672582)
58	158,0.0148611957232	(58, 0.035116603081672582)
58	12,0.0151496135976	(58, 0.035116603081672582)
58	128,0.0158750764718	(58, 0.035116603081672582)
59	15,0.018495477455	(59, 0.020896153798510047)
59	83,0.01910508737	(59, 0.020896153798510047)
59	113,0.0199991506792	(59, 0.020896153798510047)
59	65,0.0200629704331	(59, 0.020896153798510047)
59	59,0.0208961537985	(59, 0.020896153798510047)
59	94,0.0226424087224	(59, 0.020896153798510047)
59	130,0.0231397580725	(59, 0.020896153798510047)
59	44,0.0233136297199	(59, 0.020896153798510047)
59	120,0.023457051764	(59, 0.020896153798510047)
59	161,0.0236214328638	(59, 0.020896153798510047)
60	40,0.00766333286658	(60, 0.0077115372984642881)
60	60,0.00771153729846	(60, 0.0077115372984642881)
60	69,0.00797122525816	(60, 0.0077115372984642881)
60	79,0.00842715143701	(60, 0.0077115372984642881)
60	25,0.0101875872641	(60, 0.0077115372984642881)
60	4,0.0103492803095	(60, 0.0077115372984642881)
60	15,0.0110645349511	(60, 0.0077115372984642881)
60	34,0.0114677226615	(60, 0.0077115372984642881)
60	77,0.0123590097929	(60, 0.0077115372984642881)
60	172,0.0124271625322	(60, 0.0077115372984642881)
61	61,0.0047365171453	(61, 0.0047365171452982656)
61	23,0.00490504509032	(61, 0.0047365171452982656)
61	121,0.00687291192785	(61, 0.0047365171452982656)
61	162,0.00701161591108	(61, 0.0047365171452982656)
61	26,0.0072804515165	(61, 0.0047365171452982656)
61	63,0.00749191247146	(61, 0.0047365171452982656)
61	76,0.00756249800045	(61, 0.0047365171452982656)
61	78,0.00814274277962	(61, 0.0047365171452982656)
61	3,0.00824844449394	(61, 0.0047365171452982656)
61	22,0.00874210422275	(61, 0.0047365171452982656)
62	26,0.00834541579947	(62, 0.010435884869040042)
62	78,0.00863252474331	(62, 0.010435884869040042)
62	61,0.0104093515596	(62, 0.010435884869040042)
62	62,0.010435884869	(62, 0.010435884869040042)
62	107,0.0105994801583	(62, 0.010435884869040042)
62	73,0.0106821321061	(62, 0.010435884869040042)
62	121,0.0120923559491	(62, 0.010435884869040042)
62	158,0.012376237246	(62, 0.010435884869040042)
62	1,0.0129722424776	(62, 0.010435884869040042)
62	22,0.0130675218926	(62, 0.010435884869040042)
63	3,0.00372731543437	(63, 0.0055558728404231858)
63	77,0.00519384059149	(63, 0.0055558728404231858)
63	63,0.00555587284042	(63, 0.0055558728404231858)
63	171,0.00683603831994	(63, 0.0055558728404231858)
63	136,0.00692072706208	(63, 0.0055558728404231858)
63	11,0.00695671729142	(63, 0.0055558728404231858)
63	162,0.00696993690703	(63, 0.0055558728404231858)
63	37,0.0070958132876	(63, 0.0055558728404231858)
63	76,0.00765541862782	(63, 0.0055558728404231858)
63	81,0.00781252162415	(63, 0.0055558728404231858)
64	64,0.0269109309559	(64, 0.0269109309559366)
64	45,0.0366870985907	(64, 0.0269109309559366)
64	118,0.0368197690453	(64, 0.0269109309559366)
64	130,0.0394430004026	(64, 0.0269109309559366)
64	133,0.0432573479312	(64, 0.0269109309559366)
64	33,0.0468780369283	(64, 0.0269109309559366)
64	34,0.0520346737641	(64, 0.0269109309559366)
64	113,0.0529118774919	(64, 0.0269109309559366)
64	94,0.057456452165	(64, 0.0269109309559366)
64	15,0.0611357985811	(64, 0.0269109309559366)
65	65,0.00627204420495	(65, 0.0062720442049525489)
65	161,0.00807180598582	(65, 0.0062720442049525489)
65	83,0.00868797187508	(65, 0.0062720442049525489)
65	68,0.00989126425087	(65, 0.0062720442049525489)
65	155,0.0105696881213	(65, 0.0062720442049525489)
65	59,0.0118229481513	(65, 0.0062720442049525489)
65	1,0.0124038498997	(65, 0.0062720442049525489)
65	13,0.0128208628011	(65, 0.0062720442049525489)
65	120,0.0129666993507	(65, 0.0062720442049525489)
65	100,0.0129696685728	(65, 0.0062720442049525489)
66	66,0.0226875561725	(66, 0.022687556172504352)
66	130,0.0445775908034	(66, 0.022687556172504352)
66	133,0.0507146787746	(66, 0.022687556172504352)
66	140,0.0513032305705	(66, 0.022687556172504352)
66	118,0.0524077625951	(66, 0.022687556172504352)
66	33,0.056068505171	(66, 0.022687556172504352)
66	91,0.0565764561459	(66, 0.022687556172504352)
66	141,0.0586440594212	(66, 0.022687556172504352)
66	169,0.0626885235253	(66, 0.022687556172504352)
66	53,0.0662898026058	(66, 0.022687556172504352)
67	67,0.0154391154021	(67, 0.015439115402117601)
67	84,0.0184491231423	(67, 0.015439115402117601)
67	169,0.0190723815197	(67, 0.015439115402117601)
67	93,0.0203719518935	(67, 0.015439115402117601)
67	140,0.0213825585421	(67, 0.015439115402117601)
67	28,0.0227123689331	(67, 0.015439115402117601)
67	30,0.0229356784173	(67, 0.015439115402117601)
67	109,0.0236176635712	(67, 0.015439115402117601)
67	116,0.0238655505914	(67, 0.015439115402117601)
67	149,0.02465432548	(67, 0.015439115402117601)
68	68,0.00652157281037	(68, 0.0065215728103661264)
68	70,0.00987889219442	(68, 0.0065215728103661264)
68	23,0.0107011231609	(68, 0.0065215728103661264)
68	63,0.0111623553179	(68, 0.0065215728103661264)
68	61,0.011412522846	(68, 0.0065215728103661264)
68	147,0.0124790666962	(68, 0.0065215728103661264)
68	162,0.0128518043379	(68, 0.0065215728103661264)
68	77,0.01344314791	(68, 0.0065215728103661264)
68	26,0.0135948615712	(68, 0.0065215728103661264)
68	135,0.0142470815719	(68, 0.0065215728103661264)
69	15,0.0197751299551	(69, 0.021234555325324901)
69	69,0.0212345553253	(69, 0.021234555325324901)
69	174,0.0221986411521	(69, 0.021234555325324901)
69	48,0.0223638176468	(69, 0.021234555325324901)
69	122,0.0230663713256	(69, 0.021234555325324901)
69	56,0.023746038121	(69, 0.021234555325324901)
69	4,0.0243346240294	(69, 0.021234555325324901)
69	154,0.024587801594	(69, 0.021234555325324901)
69	33,0.025490257811	(69, 0.021234555325324901)
69	2,0.0257247221234	(69, 0.021234555325324901)
70	121,0.00718969643137	(70, 0.0080645895039294316)
70	3,0.00739069065259	(70, 0.0080645895039294316)
70	70,0.00806458950393	(70, 0.0080645895039294316)
70	77,0.00818693040637	(70, 0.0080645895039294316)
70	117,0.00878986965168	(70, 0.0080645895039294316)
70	132,0.00897016001407	(70, 0.0080645895039294316)
70	11,0.0091567047457	(70, 0.0080645895039294316)
70	88,0.00941858060425	(70, 0.0080645895039294316)
70	63,0.00954694903925	(70, 0.0080645895039294316)
70	21,0.00966565779012	(70, 0.0080645895039294316)
71	91,0.0142745886652	(71, 0.035042641763575175)
71	133,0.0152532027599	(71, 0.035042641763575175)
71	41,0.0197940749548	(71, 0.035042641763575175)
71	155,0.0214874882081	(71, 0.035042641763575175)
71	102,0.0215615004729	(71, 0.035042641763575175)
71	101,0.0218577039298	(71, 0.035042641763575175)
71	1,0.0236945593057	(71, 0.035042641763575175)
71	53,0.0253518922389	(71, 0.035042641763575175)
71	95,0.0253985182567	(71, 0.035042641763575175)
71	103,0.0259520100909	(71, 0.035042641763575175)
72	17,0.0110720086066	(72, 0.06261878609891669)
72	148,0.0111039212738	(72, 0.06261878609891669)
72	174,0.0114076975961	(72, 0.06261878609891669)
72	172,0.0118227624162	(72, 0.06261878609891669)
72	143,0.0119888205368	(72, 0.06261878609891669)
72	100,0.014633913129	(72, 0.06261878609891669)
72	77,0.0150420885982	(72, 0.06261878609891669)
72	4,0.0153473922595	(72, 0.06261878609891669)
72	49,0.0155333901298	(72, 0.06261878609891669)
72	40,0.0158311624473	(72, 0.06261878609891669)
73	73,0.00607493232595	(73, 0.0060749323259468822)
73	13,0.00949636692181	(73, 0.0060749323259468822)
73	124,0.010628054768	(73, 0.0060749323259468822)
73	157,0.0124516851443	(73, 0.0060749323259468822)
73	53,0.0130050834819	(73, 0.0060749323259468822)
73	27,0.0133081921681	(73, 0.0060749323259468822)
73	109,0.0152494710075	(73, 0.0060749323259468822)
73	114,0.0155764009451	(73, 0.0060749323259468822)
73	155,0.0158300830361	(73, 0.0060749323259468822)
73	41,0.0159896985065	(73, 0.0060749323259468822)
74	136,0.00490510478266	(74, 0.0049340120429207587)
74	74,0.00493401204292	(74, 0.0049340120429207587)
74	17,0.00529079344666	(74, 0.0049340120429207587)
74	37,0.00637445413259	(74, 0.0049340120429207587)
74	90,0.00658583447299	(74, 0.0049340120429207587)
74	100,0.00662346026066	(74, 0.0049340120429207587)
74	127,0.00702365312031	(74, 0.0049340120429207587)
74	77,0.00745665452589	(74, 0.0049340120429207587)
74	11,0.0100646479222	(74, 0.0049340120429207587)
74	49,0.0102260414371	(74, 0.0049340120429207587)
75	75,0.0373738250598	(75, 0.0373738250597965)
75	167,0.0389951501492	(75, 0.0373738250597965)
75	47,0.0505926793346	(75, 0.0373738250597965)
75	10,0.0556173066796	(75, 0.0373738250597965)
75	99,0.0586375381524	(75, 0.0373738250597965)
75	80,0.0594062609937	(75, 0.0373738250597965)
75	67,0.061120333984	(75, 0.0373738250597965)
75	84,0.0616659095378	(75, 0.0373738250597965)
75	138,0.0631166460463	(75, 0.0373738250597965)
75	19,0.0642340716922	(75, 0.0373738250597965)
76	76,0.00322822674524	(76, 0.0032282267452387061)
76	147,0.00382928265369	(76, 0.0032282267452387061)
76	137,0.00406315977708	(76, 0.0032282267452387061)
76	63,0.00423816546667	(76, 0.0032282267452387061)
76	171,0.00434112976871	(76, 0.0032282267452387061)
76	3,0.0062263224733	(76, 0.0032282267452387061)
76	46,0.00660541918844	(76, 0.0032282267452387061)
76	36,0.0067740030071	(76, 0.0032282267452387061)
76	162,0.00691666502963	(76, 0.0032282267452387061)
76	117,0.00714478375133	(76, 0.0032282267452387061)
77	162,0.00478166835103	(77, 0.0059162610349942661)
77	90,0.00500989537275	(77, 0.0059162610349942661)
77	147,0.00525177776913	(77, 0.0059162610349942661)
77	11,0.00530223396209	(77, 0.0059162610349942661)
77	63,0.00536525656253	(77, 0.0059162610349942661)
77	136,0.00564649794533	(77, 0.0059162610349942661)
77	3,0.00591543564896	(77, 0.0059162610349942661)
77	77,0.00591626103499	(77, 0.0059162610349942661)
77	137,0.00636620005595	(77, 0.0059162610349942661)
77	37,0.00716040479725	(77, 0.0059162610349942661)
78	151,0.00382605703406	(78, 0.0073258282309077803)
78	63,0.00415674091559	(78, 0.0073258282309077803)
78	76,0.00445842233912	(78, 0.0073258282309077803)
78	132,0.00463293023248	(78, 0.0073258282309077803)
78	22,0.00500908689225	(78, 0.0073258282309077803)
78	121,0.00552165092611	(78, 0.0073258282309077803)
78	147,0.00574800406474	(78, 0.0073258282309077803)
78	18,0.00575443725469	(78, 0.0073258282309077803)
78	23,0.00694048839198	(78, 0.0073258282309077803)
78	139,0.00699688834078	(78, 0.0073258282309077803)
79	4,0.00430741050296	(79, 0.0049508182575397786)
79	69,0.00484043014967	(79, 0.0049508182575397786)
79	79,0.00495081825754	(79, 0.0049508182575397786)
79	40,0.00598043452286	(79, 0.0049508182575397786)
79	25,0.0098030271002	(79, 0.0049508182575397786)
79	56,0.0106097023175	(79, 0.0049508182575397786)
79	172,0.0112912134954	(79, 0.0049508182575397786)
79	17,0.0114432873723	(79, 0.0049508182575397786)
79	148,0.0115896767997	(79, 0.0049508182575397786)
79	34,0.0122290197951	(79, 0.0049508182575397786)
80	80,0.0181682713262	(80, 0.018168271326239476)
80	51,0.0217838237485	(80, 0.018168271326239476)
80	167,0.0289682157159	(80, 0.018168271326239476)
80	32,0.0342198138917	(80, 0.018168271326239476)
80	39,0.0462079437575	(80, 0.018168271326239476)
80	169,0.046349170915	(80, 0.018168271326239476)
80	27,0.0488155972851	(80, 0.018168271326239476)
80	165,0.0504545190391	(80, 0.018168271326239476)
80	58,0.0528651900365	(80, 0.018168271326239476)
80	160,0.0535662435455	(80, 0.018168271326239476)
81	81,0.00567720513043	(81, 0.0056772051304287757)
81	3,0.00574733975717	(81, 0.0056772051304287757)
81	132,0.00614657523465	(81, 0.0056772051304287757)
81	22,0.00638834106652	(81, 0.0056772051304287757)
81	121,0.00668335727871	(81, 0.0056772051304287757)
81	76,0.00744503619989	(81, 0.0056772051304287757)
81	151,0.00745371947657	(81, 0.0056772051304287757)
81	77,0.00775123333332	(81, 0.0056772051304287757)
81	11,0.00784781956144	(81, 0.0056772051304287757)
81	18,0.00819586749545	(81, 0.0056772051304287757)
82	27,0.012409574685	(82, 0.024490810917492348)
82	107,0.0137056925162	(82, 0.024490810917492348)
82	38,0.0142629817859	(82, 0.024490810917492348)
82	24,0.0152583949009	(82, 0.024490810917492348)
82	50,0.015418286642	(82, 0.024490810917492348)
82	73,0.0159072778383	(82, 0.024490810917492348)
82	12,0.0161851807194	(82, 0.024490810917492348)
82	61,0.0168310190986	(82, 0.024490810917492348)
82	105,0.0172664806286	(82, 0.024490810917492348)
82	164,0.0173361171515	(82, 0.024490810917492348)
83	13,0.00667687796252	(83, 0.0084539421642239806)
83	155,0.00828283989125	(83, 0.0084539421642239806)
83	83,0.00845394216422	(83, 0.0084539421642239806)
83	65,0.00882267340548	(83, 0.0084539421642239806)
83	161,0.00908906721548	(83, 0.0084539421642239806)
83	17,0.00909484889212	(83, 0.0084539421642239806)
83	71,0.00957458648641	(83, 0.0084539421642239806)
83	120,0.00980060174545	(83, 0.0084539421642239806)
83	136,0.0106422291886	(83, 0.0084539421642239806)
83	11,0.0109340279065	(83, 0.0084539421642239806)
84	67,0.0259646795686	(84, 0.027204698870502132)
84	84,0.0272046988705	(84, 0.027204698870502132)
84	169,0.0281021729821	(84, 0.027204698870502132)
84	166,0.0302434216587	(84, 0.027204698870502132)
84	99,0.0333959644179	(84, 0.027204698870502132)
84	140,0.0341030633268	(84, 0.027204698870502132)
84	149,0.038639435265	(84, 0.027204698870502132)
84	156,0.0391777366115	(84, 0.027204698870502132)
84	109,0.0395250600686	(84, 0.027204698870502132)
84	144,0.0402456667472	(84, 0.027204698870502132)
85	67,0.0204481760502	(85, 0.033361586683206906)
85	140,0.0302749350933	(85, 0.033361586683206906)
85	85,0.0333615866832	(85, 0.033361586683206906)
85	84,0.0354078421792	(85, 0.033361586683206906)
85	149,0.0367457712504	(85, 0.033361586683206906)
85	166,0.0371903135615	(85, 0.033361586683206906)
85	169,0.0396542449385	(85, 0.033361586683206906)
85	99,0.0436709429936	(85, 0.033361586683206906)
85	144,0.0437258203389	(85, 0.033361586683206906)
85	93,0.0437813040509	(85, 0.033361586683206906)
86	86,0.00538379787777	(86, 0.0053837978777656163)
86	137,0.00583883776104	(86, 0.0053837978777656163)
86	171,0.00659513797136	(86, 0.0053837978777656163)
86	3,0.00707641806414	(86, 0.0053837978777656163)
86	150,0.0071451619133	(86, 0.0053837978777656163)
86	76,0.00723199020269	(86, 0.0053837978777656163)
86	162,0.00729747309158	(86, 0.0053837978777656163)
86	146,0.00750098575107	(86, 0.0053837978777656163)
86	117,0.00762941269618	(86, 0.0053837978777656163)
86	12,0.00792167906744	(86, 0.0053837978777656163)
87	121,0.00820451666315	(87, 0.021177074387071421)
87	1,0.00867718303049	(87, 0.021177074387071421)
87	26,0.00890372399956	(87, 0.021177074387071421)
87	71,0.00961710548931	(87, 0.021177074387071421)
87	11,0.00987280872283	(87, 0.021177074387071421)
87	61,0.010014671803	(87, 0.021177074387071421)
87	78,0.0101092637151	(87, 0.021177074387071421)
87	23,0.0101845342141	(87, 0.021177074387071421)
87	20,0.0107404927272	(87, 0.021177074387071421)
87	89,0.0109551662627	(87, 0.021177074387071421)
88	18,0.00447022749087	(88, 0.0059635902736675734)
88	147,0.0047925619758	(88, 0.0059635902736675734)
88	76,0.00484408026155	(88, 0.0059635902736675734)
88	63,0.00580103467231	(88, 0.0059635902736675734)
88	88,0.00596359027367	(88, 0.0059635902736675734)
88	171,0.00602403212513	(88, 0.0059635902736675734)
88	117,0.00609377116681	(88, 0.0059635902736675734)
88	22,0.00621654294788	(88, 0.0059635902736675734)
88	46,0.00643656216313	(88, 0.0059635902736675734)
88	35,0.00683236720014	(88, 0.0059635902736675734)
89	155,0.00773503510712	(89, 0.01159567186882585)
89	124,0.00833660344561	(89, 0.01159567186882585)
89	53,0.00961108680783	(89, 0.01159567186882585)
89	1,0.0110635436418	(89, 0.01159567186882585)
89	89,0.0115956718688	(89, 0.01159567186882585)
89	73,0.0130213930546	(89, 0.01159567186882585)
89	71,0.0135914180153	(89, 0.01159567186882585)
89	11,0.0141264048889	(89, 0.01159567186882585)
89	20,0.0141513830789	(89, 0.01159567186882585)
89	161,0.0147438910238	(89, 0.01159567186882585)
90	90,0.00342690529908	(90, 0.0034269052990818154)
90	11,0.00591646636547	(90, 0.0034269052990818154)
90	162,0.00678316665401	(90, 0.0034269052990818154)
90	96,0.00683976267295	(90, 0.0034269052990818154)
90	81,0.00726614863277	(90, 0.0034269052990818154)
90	136,0.00740271872327	(90, 0.0034269052990818154)
90	37,0.00764651795544	(90, 0.0034269052990818154)
90	172,0.00767105544833	(90, 0.0034269052990818154)
90	137,0.00786564909268	(90, 0.0034269052990818154)
90	17,0.00797740473412	(90, 0.0034269052990818154)
91	133,0.0132837041481	(91, 0.022854993536921882)
91	91,0.0228549935369	(91, 0.022854993536921882)
91	130,0.0306012446063	(91, 0.022854993536921882)
91	103,0.0371188965247	(91, 0.022854993536921882)
91	51,0.0394083767523	(91, 0.022854993536921882)
91	102,0.0414733605532	(91, 0.022854993536921882)
91	34,0.0423173829616	(91, 0.022854993536921882)
91	66,0.0453588873677	(91, 0.022854993536921882)
91	95,0.045673842171	(91, 0.022854993536921882)
91	101,0.0458612400179	(91, 0.022854993536921882)
92	78,0.00730647438198	(92, 0.020586258769193951)
92	61,0.00815113244679	(92, 0.020586258769193951)
92	24,0.00864678706398	(92, 0.020586258769193951)
92	128,0.00908583041339	(92, 0.020586258769193951)
92	158,0.00914336258706	(92, 0.020586258769193951)
92	26,0.0110034367618	(92, 0.020586258769193951)
92	12,0.0110471853886	(92, 0.020586258769193951)
92	22,0.0114635666956	(92, 0.020586258769193951)
92	23,0.0123675075325	(92, 0.020586258769193951)
92	38,0.0125516782369	(92, 0.020586258769193951)
93	22,0.00546297653338	(93, 0.0095800242328846017)
93	132,0.00589455814999	(93, 0.0095800242328846017)
93	158,0.00730553201662	(93, 0.0095800242328846017)
93	128,0.0076148304503	(93, 0.0095800242328846017)
93	76,0.00767941151359	(93, 0.0095800242328846017)
93	121,0.0080253550359	(93, 0.0095800242328846017)
93	171,0.00898904134426	(93, 0.0095800242328846017)
93	12,0.00931068662128	(93, 0.0095800242328846017)
93	3,0.00931142318534	(93, 0.0095800242328846017)
93	147,0.00937130240325	(93, 0.0095800242328846017)
94	94,0.0103636557541	(94, 0.010363655754062721)
94	83,0.0166305003116	(94, 0.010363655754062721)
94	155,0.0212861999365	(94, 0.010363655754062721)
94	15,0.0232531538523	(94, 0.010363655754062721)
94	59,0.0240830561453	(94, 0.010363655754062721)
94	120,0.0246107783849	(94, 0.010363655754062721)
94	161,0.0254717235175	(94, 0.010363655754062721)
94	65,0.0259573096146	(94, 0.010363655754062721)
94	98,0.0260471273672	(94, 0.010363655754062721)
94	45,0.027046189592	(94, 0.010363655754062721)
95	107,0.00902877443457	(95, 0.023482067940344586)
95	99,0.010779302004	(95, 0.023482067940344586)
95	43,0.0115976288709	(95, 0.023482067940344586)
95	128,0.0126071889279	(95, 0.023482067940344586)
95	78,0.0135328405731	(95, 0.023482067940344586)
95	27,0.014566208471	(95, 0.023482067940344586)
95	19,0.014727952028	(95, 0.023482067940344586)
95	39,0.0159708922934	(95, 0.023482067940344586)
95	138,0.0163577679877	(95, 0.023482067940344586)
95	50,0.0170655774132	(95, 0.023482067940344586)
96	96,0.00489061410742	(96, 0.0048906141074179926)
96	162,0.00880965753021	(96, 0.0048906141074179926)
96	11,0.00944388737335	(96, 0.0048906141074179926)
96	13,0.00945799192525	(96, 0.0048906141074179926)
96	17,0.00950513991211	(96, 0.0048906141074179926)
96	119,0.0109254697053	(96, 0.0048906141074179926)
96	112,0.011119435371	(96, 0.0048906141074179926)
96	161,0.0111510007389	(96, 0.0048906141074179926)
96	143,0.0114936672484	(96, 0.0048906141074179926)
96	90,0.0118194557955	(96, 0.0048906141074179926)
97	40,0.00665258753979	(97, 0.014158745143260392)
97	172,0.00724418885881	(97, 0.014158745143260392)
97	69,0.00749264863744	(97, 0.014158745143260392)
97	17,0.00807918638345	(97, 0.014158745143260392)
97	4,0.0088690663118	(97, 0.014158745143260392)
97	120,0.00892876533435	(97, 0.014158745143260392)
97	79,0.0100046875491	(97, 0.014158745143260392)
97	3,0.011531920071	(97, 0.014158745143260392)
97	37,0.0116485173042	(97, 0.014158745143260392)
97	90,0.0119260507965	(97, 0.014158745143260392)
98	98,0.00471006891219	(98, 0.0047100689121858238)
98	15,0.00822871664302	(98, 0.0047100689121858238)
98	40,0.00968524636501	(98, 0.0047100689121858238)
98	25,0.0100315493983	(98, 0.0047100689121858238)
98	49,0.0109952335144	(98, 0.0047100689121858238)
98	172,0.0110632313081	(98, 0.0047100689121858238)
98	154,0.011791343422	(98, 0.0047100689121858238)
98	174,0.0133952263832	(98, 0.0047100689121858238)
98	4,0.0134514407901	(98, 0.0047100689121858238)
98	83,0.01374507232	(98, 0.0047100689121858238)
99	144,0.00949653541244	(99, 0.011490900378638621)
99	93,0.0100114836453	(99, 0.011490900378638621)
99	73,0.0100817929802	(99, 0.011490900378638621)
99	84,0.0101772686857	(99, 0.011490900378638621)
99	128,0.0102952045567	(99, 0.011490900378638621)
99	109,0.0106343228441	(99, 0.011490900378638621)
99	156,0.011311511988	(99, 0.011490900378638621)
99	99,0.0114909003786	(99, 0.011490900378638621)
99	78,0.0115436066469	(99, 0.011490900378638621)
99	116,0.0117629746318	(99, 0.011490900378638621)
100	100,0.00468121188981	(100, 0.0046812118898078535)
100	74,0.00548745470623	(100, 0.0046812118898078535)
100	90,0.0059292679609	(100, 0.0046812118898078535)
100	21,0.00634310951044	(100, 0.0046812118898078535)
100	77,0.00639393613471	(100, 0.0046812118898078535)
100	136,0.00692001422563	(100, 0.0046812118898078535)
100	37,0.00697462588265	(100, 0.0046812118898078535)
100	11,0.00722718898379	(100, 0.0046812118898078535)
100	17,0.00737521005175	(100, 0.0046812118898078535)
100	127,0.00749462237824	(100, 0.0046812118898078535)
101	73,0.00962204525513	(101, 0.012433613087338213)
101	1,0.0106369119108	(101, 0.012433613087338213)
101	13,0.011105205557	(101, 0.012433613087338213)
101	101,0.0124336130873	(101, 0.012433613087338213)
101	77,0.0124626869592	(101, 0.012433613087338213)
101	124,0.0124978676707	(101, 0.012433613087338213)
101	69,0.0126937057567	(101, 0.012433613087338213)
101	60,0.012712479415	(101, 0.012433613087338213)
101	29,0.0130694893257	(101, 0.012433613087338213)
101	4,0.013355599512	(101, 0.012433613087338213)
102	91,0.0133526579549	(102, 0.017183507142904834)
102	155,0.0155204888758	(102, 0.017183507142904834)
102	114,0.0158990805055	(102, 0.017183507142904834)
102	41,0.0159341543183	(102, 0.017183507142904834)
102	110,0.0165506379905	(102, 0.017183507142904834)
102	102,0.0171835071429	(102, 0.017183507142904834)
102	1,0.0181436996672	(102, 0.017183507142904834)
102	101,0.0186546795983	(102, 0.017183507142904834)
102	103,0.0194835823603	(102, 0.017183507142904834)
102	53,0.0207533008306	(102, 0.017183507142904834)
103	103,0.011086078229	(103, 0.011086078229047353)
103	91,0.0155284500678	(103, 0.011086078229047353)
103	73,0.0177210119207	(103, 0.011086078229047353)
103	101,0.0186773954138	(103, 0.011086078229047353)
103	51,0.0202354996305	(103, 0.011086078229047353)
103	39,0.0202622734149	(103, 0.011086078229047353)
103	93,0.0217345143836	(103, 0.011086078229047353)
103	1,0.0217545938671	(103, 0.011086078229047353)
103	30,0.0220092537322	(103, 0.011086078229047353)
103	95,0.0221553863999	(103, 0.011086078229047353)
104	124,0.00725220967266	(104, 0.014577048188364741)
104	93,0.00955336131176	(104, 0.014577048188364741)
104	73,0.0112083347188	(104, 0.014577048188364741)
104	119,0.0117567278811	(104, 0.014577048188364741)
104	81,0.011768684904	(104, 0.014577048188364741)
104	11,0.0132933674139	(104, 0.014577048188364741)
104	3,0.0134907690131	(104, 0.014577048188364741)
104	115,0.0136019359008	(104, 0.014577048188364741)
104	104,0.0145770481884	(104, 0.014577048188364741)
104	116,0.0149031571824	(104, 0.014577048188364741)
105	27,0.0102256628975	(105, 0.017524571189973259)
105	43,0.0114428908353	(105, 0.017524571189973259)
105	19,0.0138330577297	(105, 0.017524571189973259)
105	24,0.0140241668123	(105, 0.017524571189973259)
105	38,0.0144847496536	(105, 0.017524571189973259)
105	99,0.0149080247679	(105, 0.017524571189973259)
105	107,0.0155202863966	(105, 0.017524571189973259)
105	50,0.016005339422	(105, 0.017524571189973259)
105	105,0.01752457119	(105, 0.017524571189973259)
105	12,0.0175827789738	(105, 0.017524571189973259)
106	106,0.00688592343543	(106, 0.0068859234354251122)
106	172,0.0125237207165	(106, 0.0068859234354251122)
106	157,0.01266099753	(106, 0.0068859234354251122)
106	174,0.0137333929256	(106, 0.0068859234354251122)
106	116,0.0142059068786	(106, 0.0068859234354251122)
106	54,0.0150806155414	(106, 0.0068859234354251122)
106	93,0.0155602011587	(106, 0.0068859234354251122)
106	13,0.0157415025554	(106, 0.0068859234354251122)
106	171,0.0167302597101	(106, 0.0068859234354251122)
106	154,0.0167922754636	(106, 0.0068859234354251122)
107	1,0.00858394543314	(107, 0.010322468800707724)
107	22,0.00912865387544	(107, 0.010322468800707724)
107	77,0.00972586274698	(107, 0.010322468800707724)
107	26,0.00979436874705	(107, 0.010322468800707724)
107	76,0.00997694701468	(107, 0.010322468800707724)
107	107,0.0103224688007	(107, 0.010322468800707724)
107	139,0.0107426914465	(107, 0.010322468800707724)
107	121,0.011039607879	(107, 0.010322468800707724)
107	135,0.0110803824752	(107, 0.010322468800707724)
107	171,0.0113475553479	(107, 0.010322468800707724)
108	77,0.00636470423355	(108, 0.020055854704890047)
108	172,0.00911925634105	(108, 0.020055854704890047)
108	174,0.0115816921282	(108, 0.020055854704890047)
108	40,0.0117773331437	(108, 0.020055854704890047)
108	171,0.0125750267634	(108, 0.020055854704890047)
108	4,0.0126201846954	(108, 0.020055854704890047)
108	17,0.0126514705064	(108, 0.020055854704890047)
108	100,0.0126916910405	(108, 0.020055854704890047)
108	49,0.0132474640233	(108, 0.020055854704890047)
108	37,0.0135024197678	(108, 0.020055854704890047)
109	109,0.00713133477668	(109, 0.0071313347766753981)
109	159,0.0083186547577	(109, 0.0071313347766753981)
109	134,0.00915196731672	(109, 0.0071313347766753981)
109	128,0.00918799926293	(109, 0.0071313347766753981)
109	12,0.0108353157367	(109, 0.0071313347766753981)
109	84,0.0112445185855	(109, 0.0071313347766753981)
109	146,0.0113596278991	(109, 0.0071313347766753981)
109	14,0.0118819987379	(109, 0.0071313347766753981)
109	152,0.012757486718	(109, 0.0071313347766753981)
109	38,0.0131463266019	(109, 0.0071313347766753981)
110	1,0.00791878760057	(110, 0.014645094682174762)
110	121,0.00804772543712	(110, 0.014645094682174762)
110	11,0.00965399769089	(110, 0.014645094682174762)
110	73,0.0102785763245	(110, 0.014645094682174762)
110	162,0.0104549290481	(110, 0.014645094682174762)
110	3,0.0104929689529	(110, 0.014645094682174762)
110	26,0.0105462951001	(110, 0.014645094682174762)
110	68,0.0111088950668	(110, 0.014645094682174762)
110	155,0.0112708870342	(110, 0.014645094682174762)
110	71,0.0119599565484	(110, 0.014645094682174762)
111	73,0.00810692554674	(111, 0.028175448802186018)
111	124,0.00907790255619	(111, 0.028175448802186018)
111	93,0.0107866755301	(111, 0.028175448802186018)
111	101,0.0110006412445	(111, 0.028175448802186018)
111	157,0.0110704540161	(111, 0.028175448802186018)
111	13,0.0123190309114	(111, 0.028175448802186018)
111	128,0.0141182667356	(111, 0.028175448802186018)
111	114,0.0143228597292	(111, 0.028175448802186018)
111	109,0.0144194454416	(111, 0.028175448802186018)
111	27,0.0147520359157	(111, 0.028175448802186018)
112	90,0.00521367825453	(112, 0.0069532059955384707)
112	11,0.0058170648836	(112, 0.0069532059955384707)
112	3,0.00634519550533	(112, 0.0069532059955384707)
112	100,0.00667809154324	(112, 0.0069532059955384707)
112	112,0.00695320599554	(112, 0.0069532059955384707)
112	21,0.00710507045032	(112, 0.0069532059955384707)
112	162,0.00723188776073	(112, 0.0069532059955384707)
112	81,0.00781141109294	(112, 0.0069532059955384707)
112	77,0.0081921247826	(112, 0.0069532059955384707)
112	143,0.00853018164788	(112, 0.0069532059955384707)
113	113,0.00714220508991	(113, 0.0071422050899133905)
113	65,0.0130615805025	(113, 0.0071422050899133905)
113	130,0.0188532875153	(113, 0.0071422050899133905)
113	120,0.0198217379194	(113, 0.0071422050899133905)
113	15,0.021627710863	(113, 0.0071422050899133905)
113	44,0.0217442825965	(113, 0.0071422050899133905)
113	97,0.0220944577259	(113, 0.0071422050899133905)
113	53,0.022280245761	(113, 0.0071422050899133905)
113	155,0.0225759226329	(113, 0.0071422050899133905)
113	161,0.0242594991892	(113, 0.0071422050899133905)
114	114,0.00805509733744	(114, 0.0080550973374395232)
114	53,0.00881639818614	(114, 0.0080550973374395232)
114	73,0.00898501529263	(114, 0.0080550973374395232)
114	124,0.00902043189289	(114, 0.0080550973374395232)
114	13,0.0128478028261	(114, 0.0080550973374395232)
114	104,0.0129829375677	(114, 0.0080550973374395232)
114	155,0.0132957439985	(114, 0.0080550973374395232)
114	157,0.0136496803527	(114, 0.0080550973374395232)
114	140,0.0140463832136	(114, 0.0080550973374395232)
114	93,0.0147306807578	(114, 0.0080550973374395232)
115	119,0.00715961042555	(115, 0.009672247615324538)
115	115,0.00967224761532	(115, 0.009672247615324538)
115	11,0.00973708705096	(115, 0.009672247615324538)
115	37,0.00996751343728	(115, 0.009672247615324538)
115	96,0.010507629224	(115, 0.009672247615324538)
115	17,0.010590749866	(115, 0.009672247615324538)
115	172,0.0108537000087	(115, 0.009672247615324538)
115	136,0.0110882806463	(115, 0.009672247615324538)
115	81,0.0114316075429	(115, 0.009672247615324538)
115	3,0.0115690354891	(115, 0.009672247615324538)
116	116,0.00622857254834	(116, 0.0062285725483408006)
116	93,0.00708653622162	(116, 0.0062285725483408006)
116	73,0.0114799717756	(116, 0.0062285725483408006)
116	109,0.0123918166601	(116, 0.0062285725483408006)
116	172,0.0135198996935	(116, 0.0062285725483408006)
116	144,0.0136458263543	(116, 0.0062285725483408006)
116	159,0.0142577421142	(116, 0.0062285725483408006)
116	156,0.0143669409402	(116, 0.0062285725483408006)
116	128,0.0145064094978	(116, 0.0062285725483408006)
116	124,0.0145701697255	(116, 0.0062285725483408006)
117	117,0.00289814812554	(117, 0.0028981481255434065)
117	21,0.00556989807183	(117, 0.0028981481255434065)
117	71,0.00629181555573	(117, 0.0028981481255434065)
117	11,0.00696487857327	(117, 0.0028981481255434065)
117	76,0.00748683880235	(117, 0.0028981481255434065)
117	162,0.00761749253096	(117, 0.0028981481255434065)
117	77,0.00775262662466	(117, 0.0028981481255434065)
117	22,0.00776399618641	(117, 0.0028981481255434065)
117	81,0.00795046613412	(117, 0.0028981481255434065)
117	3,0.00817277577848	(117, 0.0028981481255434065)
118	33,0.0134963804986	(118, 0.019137796359846838)
118	118,0.0191377963598	(118, 0.019137796359846838)
118	34,0.0196318066504	(118, 0.019137796359846838)
118	69,0.0225363663396	(118, 0.019137796359846838)
118	113,0.022853386128	(118, 0.019137796359846838)
118	130,0.0242319995919	(118, 0.019137796359846838)
118	2,0.0262282189812	(118, 0.019137796359846838)
118	15,0.0274889528831	(118, 0.019137796359846838)
118	4,0.0281444894683	(118, 0.019137796359846838)
118	65,0.0292255845346	(118, 0.019137796359846838)
119	120,0.00847363580571	(119, 0.011062150143948972)
119	40,0.0104359466969	(119, 0.011062150143948972)
119	69,0.0106868194537	(119, 0.011062150143948972)
119	119,0.0110621501439	(119, 0.011062150143948972)
119	17,0.012010482567	(119, 0.011062150143948972)
119	172,0.0123472002556	(119, 0.011062150143948972)
119	4,0.0124807801504	(119, 0.011062150143948972)
119	154,0.0124930174359	(119, 0.011062150143948972)
119	123,0.0126470334985	(119, 0.011062150143948972)
119	97,0.0130446431398	(119, 0.011062150143948972)
120	120,0.00619242743709	(120, 0.0061924274370908829)
120	65,0.00911044830739	(120, 0.0061924274370908829)
120	44,0.0112088688415	(120, 0.0061924274370908829)
120	161,0.0113520046035	(120, 0.0061924274370908829)
120	97,0.0121648518802	(120, 0.0061924274370908829)
120	54,0.0127329550808	(120, 0.0061924274370908829)
120	17,0.012808732462	(120, 0.0061924274370908829)
120	155,0.0130202896976	(120, 0.0061924274370908829)
120	53,0.0135046891642	(120, 0.0061924274370908829)
120	136,0.0142889183312	(120, 0.0061924274370908829)
121	121,0.0061568404208	(121, 0.0061568404207993617)
121	78,0.00764487765576	(121, 0.0061568404207993617)
121	1,0.00781816065544	(121, 0.0061568404207993617)
121	22,0.00787785496964	(121, 0.0061568404207993617)
121	26,0.00827161074776	(121, 0.0061568404207993617)
121	128,0.00949108727755	(121, 0.0061568404207993617)
121	73,0.0103827563647	(121, 0.0061568404207993617)
121	61,0.0105472055027	(121, 0.0061568404207993617)
121	11,0.0107260781794	(121, 0.0061568404207993617)
121	23,0.0107405882144	(121, 0.0061568404207993617)
122	174,0.011119352039	(122, 0.013849870832962729)
122	154,0.0121639844731	(122, 0.013849870832962729)
122	122,0.013849870833	(122, 0.013849870832962729)
122	69,0.0157986399023	(122, 0.013849870832962729)
122	172,0.0169590147865	(122, 0.013849870832962729)
122	116,0.0177892369727	(122, 0.013849870832962729)
122	2,0.0178530228128	(122, 0.013849870832962729)
122	4,0.0186836625652	(122, 0.013849870832962729)
122	48,0.0188157313447	(122, 0.013849870832962729)
122	40,0.0202272639603	(122, 0.013849870832962729)
123	172,0.00682648294837	(123, 0.0086522324063138482)
123	123,0.00865223240631	(123, 0.0086522324063138482)
123	81,0.010740564651	(123, 0.0086522324063138482)
123	119,0.0110486317404	(123, 0.0086522324063138482)
123	90,0.0111029858298	(123, 0.0086522324063138482)
123	146,0.0113487506249	(123, 0.0086522324063138482)
123	40,0.0114104913963	(123, 0.0086522324063138482)
123	96,0.0121474291521	(123, 0.0086522324063138482)
123	37,0.0123982528621	(123, 0.0086522324063138482)
123	17,0.0124597364337	(123, 0.0086522324063138482)
124	124,0.0122385199568	(124, 0.012238519956809401)
124	101,0.014358102915	(124, 0.012238519956809401)
124	41,0.0178851747052	(124, 0.012238519956809401)
124	169,0.0193482040359	(124, 0.012238519956809401)
124	73,0.0194373760969	(124, 0.012238519956809401)
124	27,0.0207066281221	(124, 0.012238519956809401)
124	157,0.0212974102345	(124, 0.012238519956809401)
124	155,0.0214903217662	(124, 0.012238519956809401)
124	140,0.0215794913398	(124, 0.012238519956809401)
124	53,0.0220030385905	(124, 0.012238519956809401)
125	13,0.017730158057	(125, 0.017995501715823356)
125	125,0.0179955017158	(125, 0.017995501715823356)
125	155,0.0187002436763	(125, 0.017995501715823356)
125	73,0.0189369904051	(125, 0.017995501715823356)
125	65,0.0192711621051	(125, 0.017995501715823356)
125	41,0.0196461888567	(125, 0.017995501715823356)
125	68,0.0200695655072	(125, 0.017995501715823356)
125	114,0.0201702380669	(125, 0.017995501715823356)
125	23,0.0215540309244	(125, 0.017995501715823356)
125	61,0.0217895972965	(125, 0.017995501715823356)
126	126,0.00722643135512	(126, 0.0072264313551208192)
126	81,0.00783150967892	(126, 0.0072264313551208192)
126	3,0.00828562025395	(126, 0.0072264313551208192)
126	132,0.00894728179872	(126, 0.0072264313551208192)
126	121,0.00895936667197	(126, 0.0072264313551208192)
126	11,0.00944443693527	(126, 0.0072264313551208192)
126	128,0.00987853526711	(126, 0.0072264313551208192)
126	22,0.00990711121278	(126, 0.0072264313551208192)
126	119,0.00996401918442	(126, 0.0072264313551208192)
126	12,0.0101002677581	(126, 0.0072264313551208192)
127	136,0.00552121188743	(127, 0.0064634247260946321)
127	17,0.00556994563195	(127, 0.0064634247260946321)
127	74,0.0061290404201	(127, 0.0064634247260946321)
127	127,0.00646342472609	(127, 0.0064634247260946321)
127	77,0.00751817927931	(127, 0.0064634247260946321)
127	100,0.00774780951281	(127, 0.0064634247260946321)
127	37,0.00775477800592	(127, 0.0064634247260946321)
127	59,0.00821272699936	(127, 0.0064634247260946321)
127	49,0.0103545699688	(127, 0.0064634247260946321)
127	172,0.0105617909224	(127, 0.0064634247260946321)
128	128,0.00508218969356	(128, 0.0050821896935621721)
128	78,0.00749399872223	(128, 0.0050821896935621721)
128	121,0.00756087928999	(128, 0.0050821896935621721)
128	12,0.00762074819801	(128, 0.0050821896935621721)
128	22,0.00813620559006	(128, 0.0050821896935621721)
128	159,0.00831933789048	(128, 0.0050821896935621721)
128	139,0.0086938857567	(128, 0.0050821896935621721)
128	158,0.00887561171597	(128, 0.0050821896935621721)
128	151,0.00916310404814	(128, 0.0050821896935621721)
128	18,0.00925951603619	(128, 0.0050821896935621721)
129	49,0.01167242889	(129, 0.023262103366057833)
129	98,0.0127590331144	(129, 0.023262103366057833)
129	15,0.0157477125927	(129, 0.023262103366057833)
129	100,0.0163751799422	(129, 0.023262103366057833)
129	59,0.0169221714263	(129, 0.023262103366057833)
129	77,0.0170213287967	(129, 0.023262103366057833)
129	25,0.0180615495401	(129, 0.023262103366057833)
129	83,0.0184221745962	(129, 0.023262103366057833)
129	94,0.0198089565565	(129, 0.023262103366057833)
129	102,0.0209801843757	(129, 0.023262103366057833)
130	130,0.0164421566883	(130, 0.01644215668828769)
130	13,0.0175468059792	(130, 0.01644215668828769)
130	65,0.0192479343375	(130, 0.01644215668828769)
130	34,0.0197039063981	(130, 0.01644215668828769)
130	91,0.0206215491177	(130, 0.01644215668828769)
130	33,0.0206954287866	(130, 0.01644215668828769)
130	155,0.0209785915239	(130, 0.01644215668828769)
130	53,0.0210123415065	(130, 0.01644215668828769)
130	157,0.0213720473263	(130, 0.01644215668828769)
130	69,0.0214962907171	(130, 0.01644215668828769)
131	116,0.0123140779096	(131, 0.013953936699664465)
131	166,0.0130180524494	(131, 0.013953936699664465)
131	131,0.0139539366997	(131, 0.013953936699664465)
131	72,0.0169033537784	(131, 0.013953936699664465)
131	144,0.0175718421738	(131, 0.013953936699664465)
131	156,0.0182051996403	(131, 0.013953936699664465)
131	84,0.0212584350331	(131, 0.013953936699664465)
131	165,0.0218119997868	(131, 0.013953936699664465)
131	104,0.0219648588333	(131, 0.013953936699664465)
131	73,0.0227006773465	(131, 0.013953936699664465)
132	132,0.00463608692446	(132, 0.0046360869244640784)
132	18,0.00482539683214	(132, 0.0046360869244640784)
132	22,0.00484951467103	(132, 0.0046360869244640784)
132	139,0.00583145316246	(132, 0.0046360869244640784)
132	46,0.0058546770058	(132, 0.0046360869244640784)
132	76,0.00602834726889	(132, 0.0046360869244640784)
132	171,0.00613833723342	(132, 0.0046360869244640784)
132	147,0.00658382971623	(132, 0.0046360869244640784)
132	158,0.00663843829789	(132, 0.0046360869244640784)
132	146,0.00717813018649	(132, 0.0046360869244640784)
133	133,0.00586592028093	(133, 0.0058659202809299956)
133	91,0.0166243716708	(133, 0.0058659202809299956)
133	34,0.0186672352354	(133, 0.0058659202809299956)
133	102,0.018832836558	(133, 0.0058659202809299956)
133	130,0.0189267005504	(133, 0.0058659202809299956)
133	103,0.0201210217108	(133, 0.0058659202809299956)
133	53,0.0221752775587	(133, 0.0058659202809299956)
133	114,0.0223058652231	(133, 0.0058659202809299956)
133	153,0.0223393778676	(133, 0.0058659202809299956)
133	110,0.0230414622272	(133, 0.0058659202809299956)
134	121,0.00639616131345	(134, 0.0083154799278175682)
134	128,0.00647404556819	(134, 0.0083154799278175682)
134	78,0.00737103627426	(134, 0.0083154799278175682)
134	134,0.00831547992782	(134, 0.0083154799278175682)
134	22,0.00920695487137	(134, 0.0083154799278175682)
134	18,0.00970180864163	(134, 0.0083154799278175682)
134	73,0.0105837452911	(134, 0.0083154799278175682)
134	151,0.011145081532	(134, 0.0083154799278175682)
134	12,0.0111695261781	(134, 0.0083154799278175682)
134	109,0.0112455387952	(134, 0.0083154799278175682)
135	147,0.00438491665033	(135, 0.0067297680068645963)
135	76,0.00472007929396	(135, 0.0067297680068645963)
135	63,0.00525498905879	(135, 0.0067297680068645963)
135	162,0.00537545435638	(135, 0.0067297680068645963)
135	137,0.00550480737104	(135, 0.0067297680068645963)
135	171,0.00654580920735	(135, 0.0067297680068645963)
135	135,0.00672976800686	(135, 0.0067297680068645963)
135	77,0.00765921729816	(135, 0.0067297680068645963)
135	117,0.00772223162762	(135, 0.0067297680068645963)
135	11,0.0078976867347	(135, 0.0067297680068645963)
136	136,0.00904584800352	(136, 0.0090458480035172477)
136	121,0.0100211066391	(136, 0.0090458480035172477)
136	126,0.0106611085916	(136, 0.0090458480035172477)
136	11,0.0109222532187	(136, 0.0090458480035172477)
136	54,0.0115185834952	(136, 0.0090458480035172477)
136	162,0.0117744501525	(136, 0.0090458480035172477)
136	3,0.012356559205	(136, 0.0090458480035172477)
136	132,0.0123762665076	(136, 0.0090458480035172477)
136	151,0.0123887607086	(136, 0.0090458480035172477)
136	78,0.0126030050829	(136, 0.0090458480035172477)
137	137,0.00312370075692	(137, 0.0031237007569226375)
137	63,0.00378512486844	(137, 0.0031237007569226375)
137	147,0.00412696792022	(137, 0.0031237007569226375)
137	3,0.00560676852468	(137, 0.0031237007569226375)
137	171,0.00564353200327	(137, 0.0031237007569226375)
137	76,0.00602750770869	(137, 0.0031237007569226375)
137	90,0.00662880437097	(137, 0.0031237007569226375)
137	36,0.00718505536266	(137, 0.0031237007569226375)
137	136,0.00720682835603	(137, 0.0031237007569226375)
137	77,0.00771629263742	(137, 0.0031237007569226375)
138	128,0.00870553931138	(138, 0.01041023179381198)
138	78,0.00893982987517	(138, 0.01041023179381198)
138	158,0.00934557604056	(138, 0.01041023179381198)
138	107,0.0102983136738	(138, 0.01041023179381198)
138	138,0.0104102317938	(138, 0.01041023179381198)
138	159,0.0126496709355	(138, 0.01041023179381198)
138	73,0.0126750407971	(138, 0.01041023179381198)
138	55,0.0131606305749	(138, 0.01041023179381198)
138	99,0.0132529235786	(138, 0.01041023179381198)
138	22,0.0134141574752	(138, 0.01041023179381198)
139	139,0.00219537054598	(139, 0.0021953705459753516)
139	46,0.00502689242195	(139, 0.0021953705459753516)
139	22,0.00632361078872	(139, 0.0021953705459753516)
139	132,0.00634861733845	(139, 0.0021953705459753516)
139	151,0.00640681039512	(139, 0.0021953705459753516)
139	18,0.00641181210703	(139, 0.0021953705459753516)
139	76,0.0066486550844	(139, 0.0021953705459753516)
139	35,0.00826474914178	(139, 0.0021953705459753516)
139	121,0.00837783826357	(139, 0.0021953705459753516)
139	171,0.00859595891386	(139, 0.0021953705459753516)
140	93,0.01201521595	(140, 0.013341908905252959)
140	69,0.012210696445	(140, 0.013341908905252959)
140	73,0.012474115138	(140, 0.013341908905252959)
140	124,0.012498281955	(140, 0.013341908905252959)
140	157,0.0125829010083	(140, 0.013341908905252959)
140	140,0.0133419089053	(140, 0.013341908905252959)
140	116,0.014800979187	(140, 0.013341908905252959)
140	53,0.0154337457741	(140, 0.013341908905252959)
140	104,0.015835497481	(140, 0.013341908905252959)
140	101,0.0160600951571	(140, 0.013341908905252959)
141	124,0.0200532322623	(141, 0.023732418531780524)
141	48,0.0208161116787	(141, 0.023732418531780524)
141	141,0.0237324185318	(141, 0.023732418531780524)
141	33,0.0251149531362	(141, 0.023732418531780524)
141	97,0.0257850203515	(141, 0.023732418531780524)
141	120,0.0259760895512	(141, 0.023732418531780524)
141	69,0.0261147177762	(141, 0.023732418531780524)
141	53,0.0265300600239	(141, 0.023732418531780524)
141	4,0.026541338168	(141, 0.023732418531780524)
141	155,0.0268105384076	(141, 0.023732418531780524)
142	61,0.0115621161784	(142, 0.034481069126828238)
142	38,0.0143196472869	(142, 0.034481069126828238)
142	23,0.0145740703715	(142, 0.034481069126828238)
142	12,0.0152479646505	(142, 0.034481069126828238)
142	16,0.0155635403113	(142, 0.034481069126828238)
142	55,0.0159907645562	(142, 0.034481069126828238)
142	73,0.0163214556118	(142, 0.034481069126828238)
142	105,0.0166900710108	(142, 0.034481069126828238)
142	24,0.0169298903227	(142, 0.034481069126828238)
142	78,0.0171980206661	(142, 0.034481069126828238)
143	143,0.00481541637578	(143, 0.0048154163757844629)
143	112,0.00508496164876	(143, 0.0048154163757844629)
143	90,0.00539243088563	(143, 0.0048154163757844629)
143	3,0.00612756953551	(143, 0.0048154163757844629)
143	162,0.00619660074167	(143, 0.0048154163757844629)
143	11,0.00622171786093	(143, 0.0048154163757844629)
143	137,0.00714988176939	(143, 0.0048154163757844629)
143	17,0.00745984562498	(143, 0.0048154163757844629)
143	21,0.00746748365895	(143, 0.0048154163757844629)
143	136,0.00791485924262	(143, 0.0048154163757844629)
144	144,0.00669712298407	(144, 0.0066971229840662319)
144	38,0.0116932483519	(144, 0.0066971229840662319)
144	14,0.0124213400727	(144, 0.0066971229840662319)
144	12,0.0141797897343	(144, 0.0066971229840662319)
144	159,0.0150337895304	(144, 0.0066971229840662319)
144	50,0.015598481141	(144, 0.0066971229840662319)
144	109,0.0169278958197	(144, 0.0066971229840662319)
144	116,0.0171290296811	(144, 0.0066971229840662319)
144	73,0.017325829674	(144, 0.0066971229840662319)
144	156,0.0180412654318	(144, 0.0066971229840662319)
145	145,0.00848304138683	(145, 0.0084830413868340112)
145	128,0.0093255557084	(145, 0.0084830413868340112)
145	38,0.00954551308559	(145, 0.0084830413868340112)
145	78,0.00990769098649	(145, 0.0084830413868340112)
145	158,0.00990950561841	(145, 0.0084830413868340112)
145	55,0.0107329261356	(145, 0.0084830413868340112)
145	24,0.0112273309831	(145, 0.0084830413868340112)
145	12,0.0118209903635	(145, 0.0084830413868340112)
145	14,0.0123361393524	(145, 0.0084830413868340112)
145	99,0.0137669105374	(145, 0.0084830413868340112)
146	146,0.00315349825455	(146, 0.0031534982545531019)
146	159,0.00795972787798	(146, 0.0031534982545531019)
146	12,0.0100346727649	(146, 0.0031534982545531019)
146	137,0.0105149503737	(146, 0.0031534982545531019)
146	132,0.0111947787051	(146, 0.0031534982545531019)
146	46,0.0112696618167	(146, 0.0031534982545531019)
146	18,0.0113841553826	(146, 0.0031534982545531019)
146	81,0.0115133059566	(146, 0.0031534982545531019)
146	172,0.0117145001157	(146, 0.0031534982545531019)
146	3,0.0119770592888	(146, 0.0031534982545531019)
147	63,0.00321910692975	(147, 0.0035060346895308663)
147	147,0.00350603468953	(147, 0.0035060346895308663)
147	76,0.0035213642139	(147, 0.0035060346895308663)
147	22,0.00598947395576	(147, 0.0035060346895308663)
147	18,0.00619790362282	(147, 0.0035060346895308663)
147	151,0.00628583889493	(147, 0.0035060346895308663)
147	132,0.00630844500183	(147, 0.0035060346895308663)
147	171,0.00656948810011	(147, 0.0035060346895308663)
147	23,0.00667871928751	(147, 0.0035060346895308663)
147	126,0.00701935037298	(147, 0.0035060346895308663)
148	148,0.00367609258336	(148, 0.0036760925833641497)
148	17,0.00586793454251	(148, 0.0036760925833641497)
148	143,0.00632118900562	(148, 0.0036760925833641497)
148	100,0.0081663839643	(148, 0.0036760925833641497)
148	90,0.00866259489845	(148, 0.0036760925833641497)
148	49,0.0106569194986	(148, 0.0036760925833641497)
148	112,0.0106890289256	(148, 0.0036760925833641497)
148	172,0.0108665459225	(148, 0.0036760925833641497)
148	4,0.0118814439577	(148, 0.0036760925833641497)
148	3,0.012145050166	(148, 0.0036760925833641497)
149	149,0.0132656025158	(149, 0.013265602515789563)
149	32,0.0222587520609	(149, 0.013265602515789563)
149	169,0.0271807403466	(149, 0.013265602515789563)
149	33,0.0275383278685	(149, 0.013265602515789563)
149	27,0.0405293856466	(149, 0.013265602515789563)
149	111,0.0408044473013	(149, 0.013265602515789563)
149	165,0.0410305339741	(149, 0.013265602515789563)
149	45,0.0417610275567	(149, 0.013265602515789563)
149	156,0.0431894847771	(149, 0.013265602515789563)
149	91,0.04323997378	(149, 0.013265602515789563)
150	3,0.00405487532364	(150, 0.0067348636998295136)
150	11,0.00464763105185	(150, 0.0067348636998295136)
150	162,0.00501138941153	(150, 0.0067348636998295136)
150	71,0.00610582525897	(150, 0.0067348636998295136)
150	121,0.00624726115921	(150, 0.0067348636998295136)
150	63,0.00646579004413	(150, 0.0067348636998295136)
150	150,0.00673486369983	(150, 0.0067348636998295136)
150	143,0.00741652649899	(150, 0.0067348636998295136)
150	21,0.00749919258272	(150, 0.0067348636998295136)
150	76,0.00783365594038	(150, 0.0067348636998295136)
151	121,0.00452524910289	(151, 0.0061184698232105835)
151	151,0.00611846982321	(151, 0.0061184698232105835)
151	132,0.00620491759478	(151, 0.0061184698232105835)
151	3,0.0065855099345	(151, 0.0061184698232105835)
151	81,0.00729062436722	(151, 0.0061184698232105835)
151	63,0.00729071112254	(151, 0.0061184698232105835)
151	22,0.00751009092531	(151, 0.0061184698232105835)
151	70,0.00756580452039	(151, 0.0061184698232105835)
151	11,0.00784754896901	(151, 0.0061184698232105835)
151	162,0.00832756326927	(151, 0.0061184698232105835)
152	152,0.00562792769679	(152, 0.0056279276967855854)
152	121,0.00835525118729	(152, 0.0056279276967855854)
152	35,0.00916371654721	(152, 0.0056279276967855854)
152	18,0.00929357461007	(152, 0.0056279276967855854)
152	139,0.00946918992849	(152, 0.0056279276967855854)
152	88,0.00948150889039	(152, 0.0056279276967855854)
152	22,0.0105591232569	(152, 0.0056279276967855854)
152	128,0.0107928402046	(152, 0.0056279276967855854)
152	117,0.0110305733058	(152, 0.0056279276967855854)
152	12,0.0111552844738	(152, 0.0056279276967855854)
153	133,0.0100282996692	(153, 0.017457989457535759)
153	130,0.0161939403147	(153, 0.017457989457535759)
153	153,0.0174579894575	(153, 0.017457989457535759)
153	34,0.0178623115091	(153, 0.017457989457535759)
153	102,0.0193464974551	(153, 0.017457989457535759)
153	91,0.0194534719526	(153, 0.017457989457535759)
153	103,0.0223276909764	(153, 0.017457989457535759)
153	95,0.024121515226	(153, 0.017457989457535759)
153	28,0.0245981000327	(153, 0.017457989457535759)
153	53,0.025292597443	(153, 0.017457989457535759)
154	154,0.00294790946157	(154, 0.0029479094615734443)
154	40,0.00926673914241	(154, 0.0029479094615734443)
154	174,0.0102084288416	(154, 0.0029479094615734443)
154	172,0.0113688746209	(154, 0.0029479094615734443)
154	69,0.0121373693415	(154, 0.0029479094615734443)
154	4,0.0130067494151	(154, 0.0029479094615734443)
154	56,0.0153423706605	(154, 0.0029479094615734443)
154	15,0.015954198546	(154, 0.0029479094615734443)
154	48,0.0164188491449	(154, 0.0029479094615734443)
154	116,0.0167228573346	(154, 0.0029479094615734443)
155	11,0.00585855105419	(155, 0.0089285742358387338)
155	71,0.00639470669863	(155, 0.0089285742358387338)
155	162,0.00674113459292	(155, 0.0089285742358387338)
155	1,0.00809192962537	(155, 0.0089285742358387338)
155	121,0.00888230778506	(155, 0.0089285742358387338)
155	155,0.00892857423584	(155, 0.0089285742358387338)
155	3,0.008970357545	(155, 0.0089285742358387338)
155	117,0.00974134477911	(155, 0.0089285742358387338)
155	77,0.00977427773337	(155, 0.0089285742358387338)
155	81,0.0101805628894	(155, 0.0089285742358387338)
156	73,0.008193098111	(156, 0.0085848106230732215)
156	156,0.00858481062307	(156, 0.0085848106230732215)
156	144,0.0107268722447	(156, 0.0085848106230732215)
156	109,0.0107447000888	(156, 0.0085848106230732215)
156	107,0.0135398461712	(156, 0.0085848106230732215)
156	27,0.0144305881246	(156, 0.0085848106230732215)
156	50,0.0150718541699	(156, 0.0085848106230732215)
156	93,0.0151634610597	(156, 0.0085848106230732215)
156	128,0.0152309566372	(156, 0.0085848106230732215)
156	131,0.0155152873071	(156, 0.0085848106230732215)
157	22,0.00770174542393	(157, 0.011389314858651575)
157	12,0.00780256431273	(157, 0.011389314858651575)
157	73,0.00865937805133	(157, 0.011389314858651575)
157	128,0.00897368562332	(157, 0.011389314858651575)
157	126,0.00933286233814	(157, 0.011389314858651575)
157	93,0.00946066291817	(157, 0.011389314858651575)
157	76,0.00955657232979	(157, 0.011389314858651575)
157	3,0.00958563933391	(157, 0.011389314858651575)
157	121,0.0099327239956	(157, 0.011389314858651575)
157	81,0.0100105191885	(157, 0.011389314858651575)
158	77,0.00438781109158	(158, 0.015873352761954809)
158	3,0.00603961673735	(158, 0.015873352761954809)
158	171,0.0065727171713	(158, 0.015873352761954809)
158	137,0.00707113306798	(158, 0.015873352761954809)
158	37,0.00710613628775	(158, 0.015873352761954809)
158	136,0.00711245288868	(158, 0.015873352761954809)
158	76,0.00721228944545	(158, 0.015873352761954809)
158	63,0.00739175195799	(158, 0.015873352761954809)
158	147,0.00743081578598	(158, 0.015873352761954809)
158	100,0.00784237309277	(158, 0.015873352761954809)
159	146,0.00479206843192	(159, 0.010408043052092558)
159	137,0.00719417462982	(159, 0.010408043052092558)
159	147,0.00738078785359	(159, 0.010408043052092558)
159	90,0.00739326030352	(159, 0.010408043052092558)
159	36,0.00773782381153	(159, 0.010408043052092558)
159	81,0.00793962923866	(159, 0.010408043052092558)
159	18,0.00814741273461	(159, 0.010408043052092558)
159	46,0.00825771706841	(159, 0.010408043052092558)
159	150,0.00836734795183	(159, 0.010408043052092558)
159	63,0.00837744293056	(159, 0.010408043052092558)
160	27,0.015437980605	(160, 0.062378459060862756)
160	73,0.0162376061703	(160, 0.062378459060862756)
160	38,0.0162835560232	(160, 0.062378459060862756)
160	164,0.0166815262033	(160, 0.062378459060862756)
160	43,0.0181119317244	(160, 0.062378459060862756)
160	105,0.0184235509487	(160, 0.062378459060862756)
160	12,0.0193229415647	(160, 0.062378459060862756)
160	32,0.0194629416891	(160, 0.062378459060862756)
160	109,0.019548045158	(160, 0.062378459060862756)
160	50,0.0202253560329	(160, 0.062378459060862756)
161	161,0.00434920248886	(161, 0.0043492024888644896)
161	65,0.00808861730046	(161, 0.0043492024888644896)
161	155,0.0101920435841	(161, 0.0043492024888644896)
161	68,0.0105102159375	(161, 0.0043492024888644896)
161	44,0.0118305913227	(161, 0.0043492024888644896)
161	17,0.0119510218149	(161, 0.0043492024888644896)
161	83,0.0121405107074	(161, 0.0043492024888644896)
161	1,0.0129272548438	(161, 0.0043492024888644896)
161	71,0.0132777328194	(161, 0.0043492024888644896)
161	100,0.0138317011631	(161, 0.0043492024888644896)
162	162,0.00467978958618	(162, 0.0046797895861807187)
162	117,0.00562518284201	(162, 0.0046797895861807187)
162	76,0.00602501195009	(162, 0.0046797895861807187)
162	147,0.0071095763181	(162, 0.0046797895861807187)
162	18,0.00712838560928	(162, 0.0046797895861807187)
162	90,0.00745181349922	(162, 0.0046797895861807187)
162	12,0.00764199286937	(162, 0.0046797895861807187)
162	137,0.00767104274733	(162, 0.0046797895861807187)
162	171,0.00774329525925	(162, 0.0046797895861807187)
162	86,0.00780623654311	(162, 0.0046797895861807187)
163	17,0.00715907013607	(163, 0.012798176184475128)
163	148,0.008228974679	(163, 0.012798176184475128)
163	100,0.0090052546971	(163, 0.012798176184475128)
163	40,0.00949412037228	(163, 0.012798176184475128)
163	172,0.00950073731481	(163, 0.012798176184475128)
163	143,0.0103271883941	(163, 0.012798176184475128)
163	3,0.0103592494142	(163, 0.012798176184475128)
163	83,0.010637451406	(163, 0.012798176184475128)
163	37,0.0106730743389	(163, 0.012798176184475128)
163	11,0.0110207082211	(163, 0.012798176184475128)
164	156,0.010645677715	(164, 0.014872398317600269)
164	73,0.0122330102227	(164, 0.014872398317600269)
164	27,0.0131152282732	(164, 0.014872398317600269)
164	164,0.0148723983176	(164, 0.014872398317600269)
164	131,0.0158573104166	(164, 0.014872398317600269)
164	32,0.0161784101601	(164, 0.014872398317600269)
164	109,0.0161813004843	(164, 0.014872398317600269)
164	144,0.0162881180475	(164, 0.014872398317600269)
164	107,0.0191515314181	(164, 0.014872398317600269)
164	13,0.0198629543078	(164, 0.014872398317600269)
165	93,0.00999525362476	(165, 0.016631627107040983)
165	116,0.0134528235595	(165, 0.016631627107040983)
165	131,0.0152323970539	(165, 0.016631627107040983)
165	157,0.0158987949884	(165, 0.016631627107040983)
165	73,0.015984375327	(165, 0.016631627107040983)
165	144,0.0163067118216	(165, 0.016631627107040983)
165	165,0.016631627107	(165, 0.016631627107040983)
165	27,0.0183777147621	(165, 0.016631627107040983)
165	145,0.0185605513392	(165, 0.016631627107040983)
165	156,0.0186092423192	(165, 0.016631627107040983)
166	116,0.0121437443169	(166, 0.01715315106599196)
166	69,0.0153923900468	(166, 0.01715315106599196)
166	124,0.0164584360065	(166, 0.01715315106599196)
166	166,0.017153151066	(166, 0.01715315106599196)
166	144,0.0175715531207	(166, 0.01715315106599196)
166	13,0.0179050076955	(166, 0.01715315106599196)
166	140,0.0182959038185	(166, 0.01715315106599196)
166	123,0.0187501146169	(166, 0.01715315106599196)
166	104,0.0187864072182	(166, 0.01715315106599196)
166	93,0.0191457204613	(166, 0.01715315106599196)
167	51,0.0139322169114	(167, 0.020714905737933057)
167	27,0.0176568649493	(167, 0.020714905737933057)
167	39,0.018237149568	(167, 0.020714905737933057)
167	32,0.0202539741816	(167, 0.020714905737933057)
167	167,0.0207149057379	(167, 0.020714905737933057)
167	19,0.0236410563047	(167, 0.020714905737933057)
167	169,0.025473838889	(167, 0.020714905737933057)
167	138,0.0284752220484	(167, 0.020714905737933057)
167	156,0.0286381011615	(167, 0.020714905737933057)
167	99,0.0288929304584	(167, 0.020714905737933057)
168	12,0.00917029461643	(168, 0.010570201198999466)
168	86,0.010342299097	(168, 0.010570201198999466)
168	168,0.010570201199	(168, 0.010570201198999466)
168	18,0.0109844271036	(168, 0.010570201198999466)
168	121,0.0110441044674	(168, 0.010570201198999466)
168	55,0.0116327661584	(168, 0.010570201198999466)
168	152,0.0122406039832	(168, 0.010570201198999466)
168	151,0.0124884554283	(168, 0.010570201198999466)
168	38,0.012894351154	(168, 0.010570201198999466)
168	162,0.0138722649282	(168, 0.010570201198999466)
169	156,0.0118028747983	(169, 0.015497898106414909)
169	144,0.0150737748546	(169, 0.015497898106414909)
169	169,0.0154978981064	(169, 0.015497898106414909)
169	109,0.0157725701798	(169, 0.015497898106414909)
169	73,0.0164491413608	(169, 0.015497898106414909)
169	116,0.0172317682295	(169, 0.015497898106414909)
169	99,0.0172981638463	(169, 0.015497898106414909)
169	84,0.0187810644507	(169, 0.015497898106414909)
169	27,0.0188675222104	(169, 0.015497898106414909)
169	93,0.020339904721	(169, 0.015497898106414909)
170	170,0.0104693762972	(170, 0.010469376297179011)
170	99,0.0129764037014	(170, 0.010469376297179011)
170	27,0.013248546276	(170, 0.010469376297179011)
170	144,0.0151474490722	(170, 0.010469376297179011)
170	19,0.0153853269214	(170, 0.010469376297179011)
170	73,0.0160599158663	(170, 0.010469376297179011)
170	84,0.0176074007648	(170, 0.010469376297179011)
170	0,0.0180016714992	(170, 0.010469376297179011)
170	109,0.018245689259	(170, 0.010469376297179011)
170	114,0.0206992461448	(170, 0.010469376297179011)
171	27,0.0114090152229	(171, 0.035260575378587268)
171	156,0.0127794161306	(171, 0.035260575378587268)
171	32,0.0128939077736	(171, 0.035260575378587268)
171	73,0.0144002665145	(171, 0.035260575378587268)
171	107,0.0146454506999	(171, 0.035260575378587268)
171	164,0.0163563049141	(171, 0.035260575378587268)
171	19,0.0179134397238	(171, 0.035260575378587268)
171	51,0.0195389286285	(171, 0.035260575378587268)
171	144,0.0200271390059	(171, 0.035260575378587268)
171	39,0.0202431681958	(171, 0.035260575378587268)
172	172,0.00275864484331	(172, 0.0027586448433073959)
172	137,0.00566052155925	(172, 0.0027586448433073959)
172	3,0.0058975325074	(172, 0.0027586448433073959)
172	17,0.00600439655869	(172, 0.0027586448433073959)
172	90,0.00632101176104	(172, 0.0027586448433073959)
172	77,0.0072492923261	(172, 0.0027586448433073959)
172	37,0.00750873109429	(172, 0.0027586448433073959)
172	81,0.00765612220328	(172, 0.0027586448433073959)
172	136,0.00788036320932	(172, 0.0027586448433073959)
172	171,0.00890433752828	(172, 0.0027586448433073959)
173	107,0.0117868146883	(173, 0.019624065354361533)
173	158,0.0118335032744	(173, 0.019624065354361533)
173	27,0.0129955091339	(173, 0.019624065354361533)
173	38,0.0138680197256	(173, 0.019624065354361533)
173	24,0.0147054373513	(173, 0.019624065354361533)
173	128,0.015483045669	(173, 0.019624065354361533)
173	156,0.0156383074698	(173, 0.019624065354361533)
173	78,0.016425221968	(173, 0.019624065354361533)
173	61,0.0170504844157	(173, 0.019624065354361533)
173	43,0.0183321068757	(173, 0.019624065354361533)
174	174,0.00457766555377	(174, 0.0045776655537683973)
174	15,0.00704693145115	(174, 0.0045776655537683973)
174	56,0.00882150023769	(174, 0.0045776655537683973)
174	120,0.0105855584539	(174, 0.0045776655537683973)
174	17,0.010872811988	(174, 0.0045776655537683973)
174	69,0.0112446791909	(174, 0.0045776655537683973)
174	4,0.012345902649	(174, 0.0045776655537683973)
174	2,0.0126439775615	(174, 0.0045776655537683973)
174	172,0.01313391854	(174, 0.0045776655537683973)
174	154,0.0134269236373	(174, 0.0045776655537683973)
