0	0,0.0639124476423	(0, 0.063912447642286832)
0	99,0.170125163231	(0, 0.063912447642286832)
0	84,0.171415724269	(0, 0.063912447642286832)
0	38,0.17302203552	(0, 0.063912447642286832)
0	109,0.206568923393	(0, 0.063912447642286832)
0	170,0.209214213133	(0, 0.063912447642286832)
0	55,0.215203073934	(0, 0.063912447642286832)
0	173,0.215707090554	(0, 0.063912447642286832)
0	78,0.216369458657	(0, 0.063912447642286832)
0	138,0.216909422144	(0, 0.063912447642286832)
1	1,0.0495468373716	(1, 0.049546837371614597)
1	102,0.0835040293815	(1, 0.049546837371614597)
1	91,0.0922155940381	(1, 0.049546837371614597)
1	155,0.0949843658323	(1, 0.049546837371614597)
1	103,0.0960336272078	(1, 0.049546837371614597)
1	28,0.101855429888	(1, 0.049546837371614597)
1	153,0.112056832952	(1, 0.049546837371614597)
1	114,0.118996136526	(1, 0.049546837371614597)
1	41,0.120654377084	(1, 0.049546837371614597)
1	53,0.126653559526	(1, 0.049546837371614597)
2	4,0.0702603406545	(2, 0.11967785131341502)
2	154,0.0746105085142	(2, 0.11967785131341502)
2	174,0.0964218494494	(2, 0.11967785131341502)
2	69,0.0985832658981	(2, 0.11967785131341502)
2	40,0.101935070427	(2, 0.11967785131341502)
2	172,0.112182794639	(2, 0.11967785131341502)
2	2,0.119677851313	(2, 0.11967785131341502)
2	25,0.135838220456	(2, 0.11967785131341502)
2	148,0.148381074174	(2, 0.11967785131341502)
2	17,0.15379628992	(2, 0.11967785131341502)
3	3,0.026751796941	(3, 0.026751796940990179)
3	63,0.0538144164184	(3, 0.026751796940990179)
3	81,0.0565420510098	(3, 0.026751796940990179)
3	162,0.0630426921801	(3, 0.026751796940990179)
3	11,0.0649340070902	(3, 0.026751796940990179)
3	132,0.0649615804958	(3, 0.026751796940990179)
3	150,0.0697190693144	(3, 0.026751796940990179)
3	121,0.0697533691269	(3, 0.026751796940990179)
3	151,0.0784385930757	(3, 0.026751796940990179)
3	112,0.0785478630925	(3, 0.026751796940990179)
4	172,0.0531203924018	(4, 0.085308769881664803)
4	13,0.0628850248687	(4, 0.085308769881664803)
4	17,0.0664881622541	(4, 0.085308769881664803)
4	40,0.0717417585877	(4, 0.085308769881664803)
4	37,0.075344316896	(4, 0.085308769881664803)
4	69,0.0806143178541	(4, 0.085308769881664803)
4	120,0.0838219675264	(4, 0.085308769881664803)
4	4,0.0853087698817	(4, 0.085308769881664803)
4	77,0.0912441625307	(4, 0.085308769881664803)
4	11,0.0951229122295	(4, 0.085308769881664803)
5	73,0.060630163942	(5, 0.25681681862017325)
5	107,0.115395389325	(5, 0.25681681862017325)
5	26,0.127799489059	(5, 0.25681681862017325)
5	93,0.131289654084	(5, 0.25681681862017325)
5	78,0.132682635145	(5, 0.25681681862017325)
5	1,0.133488130179	(5, 0.25681681862017325)
5	95,0.134106829075	(5, 0.25681681862017325)
5	158,0.139157649057	(5, 0.25681681862017325)
5	124,0.139560654887	(5, 0.25681681862017325)
5	128,0.140397806531	(5, 0.25681681862017325)
6	139,0.0421336466669	(6, 0.050337071930136854)
6	46,0.0485875099322	(6, 0.050337071930136854)
6	6,0.0503370719301	(6, 0.050337071930136854)
6	76,0.0636454726728	(6, 0.050337071930136854)
6	22,0.0685914913085	(6, 0.050337071930136854)
6	171,0.0728502998227	(6, 0.050337071930136854)
6	158,0.0758853576077	(6, 0.050337071930136854)
6	18,0.0770463346436	(6, 0.050337071930136854)
6	132,0.0844178723883	(6, 0.050337071930136854)
6	35,0.0892550176661	(6, 0.050337071930136854)
7	66,0.281539765886	(7, 0.48119857748829181)
7	167,0.342866366904	(7, 0.48119857748829181)
7	32,0.362967198671	(7, 0.48119857748829181)
7	51,0.370452703857	(7, 0.48119857748829181)
7	80,0.386537577791	(7, 0.48119857748829181)
7	169,0.389502071738	(7, 0.48119857748829181)
7	160,0.408774335941	(7, 0.48119857748829181)
7	133,0.44996849398	(7, 0.48119857748829181)
7	149,0.475259078227	(7, 0.48119857748829181)
7	7,0.481198577488	(7, 0.48119857748829181)
8	11,0.0723781420987	(8, 0.074490558062850293)
8	121,0.0728040205538	(8, 0.074490558062850293)
8	8,0.0744905580629	(8, 0.074490558062850293)
8	73,0.0881886070434	(8, 0.074490558062850293)
8	162,0.0895551057635	(8, 0.074490558062850293)
8	78,0.0983481562541	(8, 0.074490558062850293)
8	18,0.100889381882	(8, 0.074490558062850293)
8	26,0.100969631078	(8, 0.074490558062850293)
8	70,0.101418090533	(8, 0.074490558062850293)
8	3,0.106536669245	(8, 0.074490558062850293)
9	9,0.125004311438	(9, 0.12500431143846855)
9	114,0.190877282813	(9, 0.12500431143846855)
9	155,0.195194546946	(9, 0.12500431143846855)
9	53,0.227359555318	(9, 0.12500431143846855)
9	91,0.231355312503	(9, 0.12500431143846855)
9	124,0.235030089771	(9, 0.12500431143846855)
9	65,0.283459926869	(9, 0.12500431143846855)
9	28,0.283652942326	(9, 0.12500431143846855)
9	41,0.292523543853	(9, 0.12500431143846855)
9	52,0.320959069285	(9, 0.12500431143846855)
10	10,0.143730706227	(10, 0.14373070622705411)
10	47,0.189710434473	(10, 0.14373070622705411)
10	167,0.309635735096	(10, 0.14373070622705411)
10	99,0.334294409892	(10, 0.14373070622705411)
10	173,0.348592343334	(10, 0.14373070622705411)
10	84,0.360678107101	(10, 0.14373070622705411)
10	27,0.368401446171	(10, 0.14373070622705411)
10	166,0.382198125953	(10, 0.14373070622705411)
10	19,0.386134787659	(10, 0.14373070622705411)
10	14,0.392638798615	(10, 0.14373070622705411)
11	11,0.0334292610217	(11, 0.033429261021671867)
11	119,0.0640874149332	(11, 0.033429261021671867)
11	81,0.0673058938346	(11, 0.033429261021671867)
11	37,0.0802422821628	(11, 0.033429261021671867)
11	115,0.0811079081285	(11, 0.033429261021671867)
11	96,0.0813073965758	(11, 0.033429261021671867)
11	3,0.0817495467446	(11, 0.033429261021671867)
11	13,0.0950419107144	(11, 0.033429261021671867)
11	71,0.0985514058487	(11, 0.033429261021671867)
11	86,0.10047969552	(11, 0.033429261021671867)
12	22,0.043341471941	(12, 0.048352602185055334)
12	76,0.0452304524724	(12, 0.048352602185055334)
12	126,0.0469497154154	(12, 0.048352602185055334)
12	121,0.0480563194165	(12, 0.048352602185055334)
12	12,0.0483526021851	(12, 0.048352602185055334)
12	151,0.0538747189583	(12, 0.048352602185055334)
12	132,0.0572186685495	(12, 0.048352602185055334)
12	18,0.0604503676126	(12, 0.048352602185055334)
12	86,0.0619354658697	(12, 0.048352602185055334)
12	63,0.0628905329101	(12, 0.048352602185055334)
13	172,0.0413385612713	(13, 0.072743243541382702)
13	17,0.0483245522193	(13, 0.072743243541382702)
13	11,0.0523298899283	(13, 0.072743243541382702)
13	3,0.0552112109911	(13, 0.072743243541382702)
13	162,0.0590397530708	(13, 0.072743243541382702)
13	136,0.0632425652834	(13, 0.072743243541382702)
13	90,0.0640060144706	(13, 0.072743243541382702)
13	81,0.0641431983956	(13, 0.072743243541382702)
13	77,0.0663673642132	(13, 0.072743243541382702)
13	37,0.0671327576102	(13, 0.072743243541382702)
14	14,0.0555373754987	(14, 0.055537375498738654)
14	72,0.0693728579434	(14, 0.055537375498738654)
14	159,0.0959648386552	(14, 0.055537375498738654)
14	84,0.119080315938	(14, 0.055537375498738654)
14	144,0.120873481855	(14, 0.055537375498738654)
14	145,0.121646577044	(14, 0.055537375498738654)
14	109,0.128469554721	(14, 0.055537375498738654)
14	123,0.136928354064	(14, 0.055537375498738654)
14	131,0.141011073844	(14, 0.055537375498738654)
14	38,0.142313999067	(14, 0.055537375498738654)
15	15,0.038590566153	(15, 0.038590566152955863)
15	17,0.054348182133	(15, 0.038590566152955863)
15	49,0.0733795315316	(15, 0.038590566152955863)
15	174,0.0823510469929	(15, 0.038590566152955863)
15	100,0.0827907948455	(15, 0.038590566152955863)
15	59,0.0846176143983	(15, 0.038590566152955863)
15	77,0.0902751538386	(15, 0.038590566152955863)
15	172,0.0913203449427	(15, 0.038590566152955863)
15	56,0.101357901719	(15, 0.038590566152955863)
15	83,0.1037378811	(15, 0.038590566152955863)
16	16,0.0896455678633	(16, 0.089645567863265302)
16	170,0.111463112812	(16, 0.089645567863265302)
16	19,0.136316716966	(16, 0.089645567863265302)
16	0,0.139767407426	(16, 0.089645567863265302)
16	114,0.145706148666	(16, 0.089645567863265302)
16	73,0.153217847	(16, 0.089645567863265302)
16	144,0.156005879687	(16, 0.089645567863265302)
16	27,0.157797525783	(16, 0.089645567863265302)
16	101,0.163538123958	(16, 0.089645567863265302)
16	140,0.164889275611	(16, 0.089645567863265302)
17	17,0.0322865700705	(17, 0.032286570070502243)
17	172,0.0476897250473	(17, 0.032286570070502243)
17	77,0.063179871857	(17, 0.032286570070502243)
17	143,0.0659508380893	(17, 0.032286570070502243)
17	100,0.0672663366575	(17, 0.032286570070502243)
17	90,0.0673977973396	(17, 0.032286570070502243)
17	136,0.0737690307538	(17, 0.032286570070502243)
17	37,0.0751905417859	(17, 0.032286570070502243)
17	74,0.0794494858858	(17, 0.032286570070502243)
17	3,0.0804776938808	(17, 0.032286570070502243)
18	18,0.036062878369	(18, 0.036062878368977667)
18	88,0.0421457743307	(18, 0.036062878368977667)
18	121,0.0518019504	(18, 0.036062878368977667)
18	22,0.0518459386323	(18, 0.036062878368977667)
18	35,0.0532656654943	(18, 0.036062878368977667)
18	61,0.055233534761	(18, 0.036062878368977667)
18	139,0.0575012841732	(18, 0.036062878368977667)
18	76,0.0582244002207	(18, 0.036062878368977667)
18	132,0.0594562143081	(18, 0.036062878368977667)
18	147,0.0693970820505	(18, 0.036062878368977667)
19	19,0.102215713773	(19, 0.10221571377349815)
19	27,0.108411133967	(19, 0.10221571377349815)
19	43,0.138391344017	(19, 0.10221571377349815)
19	99,0.142118220815	(19, 0.10221571377349815)
19	32,0.173065637981	(19, 0.10221571377349815)
19	164,0.186970880836	(19, 0.10221571377349815)
19	107,0.188053542211	(19, 0.10221571377349815)
19	170,0.205950155904	(19, 0.10221571377349815)
19	73,0.209375781129	(19, 0.10221571377349815)
19	84,0.217008726572	(19, 0.10221571377349815)
20	73,0.0844401617163	(20, 0.089295519855501757)
20	20,0.0892955198555	(20, 0.089295519855501757)
20	124,0.0991437261037	(20, 0.089295519855501757)
20	1,0.114362701027	(20, 0.089295519855501757)
20	93,0.117422107843	(20, 0.089295519855501757)
20	157,0.119879381754	(20, 0.089295519855501757)
20	89,0.12007747665	(20, 0.089295519855501757)
20	128,0.131957400035	(20, 0.089295519855501757)
20	109,0.133694093612	(20, 0.089295519855501757)
20	155,0.135684541822	(20, 0.089295519855501757)
21	71,0.0402692728957	(21, 0.074869195970023089)
21	121,0.0475519829653	(21, 0.074869195970023089)
21	11,0.0475682143122	(21, 0.074869195970023089)
21	117,0.0513412370567	(21, 0.074869195970023089)
21	162,0.0518937329605	(21, 0.074869195970023089)
21	22,0.0722948571622	(21, 0.074869195970023089)
21	21,0.07486919597	(21, 0.074869195970023089)
21	23,0.0755243653074	(21, 0.074869195970023089)
21	86,0.0764268495912	(21, 0.074869195970023089)
21	76,0.0765726767185	(21, 0.074869195970023089)
22	22,0.0395583811292	(22, 0.039558381129218369)
22	117,0.0432667807234	(22, 0.039558381129218369)
22	139,0.0458040344922	(22, 0.039558381129218369)
22	76,0.0491765049196	(22, 0.039558381129218369)
22	132,0.0508458757843	(22, 0.039558381129218369)
22	46,0.0551177927228	(22, 0.039558381129218369)
22	3,0.0604394130058	(22, 0.039558381129218369)
22	18,0.0631060411532	(22, 0.039558381129218369)
22	121,0.0637353166892	(22, 0.039558381129218369)
22	81,0.0646282587703	(22, 0.039558381129218369)
23	23,0.0303490431583	(23, 0.030349043158299185)
23	61,0.0400033674042	(23, 0.030349043158299185)
23	26,0.0787650851999	(23, 0.030349043158299185)
23	121,0.0837841075354	(23, 0.030349043158299185)
23	63,0.0881082896951	(23, 0.030349043158299185)
23	162,0.093172995682	(23, 0.030349043158299185)
23	147,0.097480248947	(23, 0.030349043158299185)
23	78,0.0989796378714	(23, 0.030349043158299185)
23	76,0.0999395290285	(23, 0.030349043158299185)
23	70,0.101872299448	(23, 0.030349043158299185)
24	24,0.0433185369823	(24, 0.043318536982272594)
24	107,0.102313160104	(24, 0.043318536982272594)
24	27,0.1119888675	(24, 0.043318536982272594)
24	61,0.125355655234	(24, 0.043318536982272594)
24	135,0.128426534346	(24, 0.043318536982272594)
24	158,0.12908545709	(24, 0.043318536982272594)
24	50,0.135392430364	(24, 0.043318536982272594)
24	22,0.137574429192	(24, 0.043318536982272594)
24	73,0.137676180928	(24, 0.043318536982272594)
24	12,0.140315419251	(24, 0.043318536982272594)
25	69,0.0318714232174	(25, 0.060225247663349503)
25	40,0.0487066850733	(25, 0.060225247663349503)
25	25,0.0602252476633	(25, 0.060225247663349503)
25	4,0.076465936403	(25, 0.060225247663349503)
25	15,0.0864266464372	(25, 0.060225247663349503)
25	148,0.0978334532149	(25, 0.060225247663349503)
25	154,0.0980442016751	(25, 0.060225247663349503)
25	172,0.104677193199	(25, 0.060225247663349503)
25	79,0.106590238295	(25, 0.060225247663349503)
25	60,0.116947751618	(25, 0.060225247663349503)
26	121,0.0449014073768	(26, 0.096940429982941986)
26	76,0.0462407815653	(26, 0.096940429982941986)
26	63,0.0464655796706	(26, 0.096940429982941986)
26	18,0.0466632421264	(26, 0.096940429982941986)
26	117,0.047921859398	(26, 0.096940429982941986)
26	11,0.0488410323982	(26, 0.096940429982941986)
26	162,0.0509458626039	(26, 0.096940429982941986)
26	3,0.05181253819	(26, 0.096940429982941986)
26	22,0.0541931699479	(26, 0.096940429982941986)
26	147,0.0553377435141	(26, 0.096940429982941986)
27	78,0.0846441284021	(27, 0.11000915645084457)
27	73,0.0897358678469	(27, 0.11000915645084457)
27	61,0.0942368000057	(27, 0.11000915645084457)
27	121,0.0958462668022	(27, 0.11000915645084457)
27	26,0.098293166799	(27, 0.11000915645084457)
27	170,0.10519282184	(27, 0.11000915645084457)
27	27,0.110009156451	(27, 0.11000915645084457)
27	107,0.111619444838	(27, 0.11000915645084457)
27	101,0.115727142137	(27, 0.11000915645084457)
27	128,0.115813113731	(27, 0.11000915645084457)
28	1,0.0781692514313	(28, 0.098699828232572964)
28	13,0.078556343638	(28, 0.098699828232572964)
28	73,0.0922472554571	(28, 0.098699828232572964)
28	3,0.0953771302538	(28, 0.098699828232572964)
28	28,0.0986998282326	(28, 0.098699828232572964)
28	26,0.114507161655	(28, 0.098699828232572964)
28	53,0.115275318208	(28, 0.098699828232572964)
28	93,0.117815284528	(28, 0.098699828232572964)
28	157,0.120226613324	(28, 0.098699828232572964)
28	121,0.121287650556	(28, 0.098699828232572964)
29	29,0.046639501577	(29, 0.046639501577042185)
29	77,0.0535183730818	(29, 0.046639501577042185)
29	71,0.0744877918174	(29, 0.046639501577042185)
29	135,0.0782860701293	(29, 0.046639501577042185)
29	73,0.0871596505973	(29, 0.046639501577042185)
29	76,0.0897056138932	(29, 0.046639501577042185)
29	13,0.0918170169938	(29, 0.046639501577042185)
29	172,0.0931333945178	(29, 0.046639501577042185)
29	3,0.0943488422266	(29, 0.046639501577042185)
29	1,0.0957453392691	(29, 0.046639501577042185)
30	30,0.120056886764	(30, 0.1200568867638379)
30	103,0.135933808586	(30, 0.1200568867638379)
30	28,0.172938242413	(30, 0.1200568867638379)
30	1,0.179585324463	(30, 0.1200568867638379)
30	91,0.193736207891	(30, 0.1200568867638379)
30	114,0.194916371722	(30, 0.1200568867638379)
30	51,0.202623971634	(30, 0.1200568867638379)
30	153,0.205976153718	(30, 0.1200568867638379)
30	53,0.206741455915	(30, 0.1200568867638379)
30	73,0.207408653942	(30, 0.1200568867638379)
31	31,0.121485886676	(31, 0.12148588667598743)
31	166,0.142507755066	(31, 0.12148588667598743)
31	72,0.16671787571	(31, 0.12148588667598743)
31	116,0.20038781994	(31, 0.12148588667598743)
31	69,0.200725037981	(31, 0.12148588667598743)
31	131,0.211915007834	(31, 0.12148588667598743)
31	48,0.214495261326	(31, 0.12148588667598743)
31	123,0.215303030845	(31, 0.12148588667598743)
31	104,0.220556647428	(31, 0.12148588667598743)
31	124,0.221078799334	(31, 0.12148588667598743)
32	156,0.0942007123665	(32, 0.098547966798357561)
32	32,0.0985479667984	(32, 0.098547966798357561)
32	27,0.109949335595	(32, 0.098547966798357561)
32	73,0.142985481231	(32, 0.098547966798357561)
32	131,0.151606547513	(32, 0.098547966798357561)
32	50,0.154325252596	(32, 0.098547966798357561)
32	107,0.159504396318	(32, 0.098547966798357561)
32	164,0.160116360211	(32, 0.098547966798357561)
32	144,0.181907199974	(32, 0.098547966798357561)
32	109,0.183089563339	(32, 0.098547966798357561)
33	33,0.0819005466971	(33, 0.081900546697097731)
33	4,0.134904873091	(33, 0.081900546697097731)
33	106,0.143905581831	(33, 0.081900546697097731)
33	69,0.148801143009	(33, 0.081900546697097731)
33	28,0.167948297362	(33, 0.081900546697097731)
33	116,0.169366254173	(33, 0.081900546697097731)
33	40,0.175792829865	(33, 0.081900546697097731)
33	2,0.176807927363	(33, 0.081900546697097731)
33	73,0.18089410668	(33, 0.081900546697097731)
33	1,0.183431559112	(33, 0.081900546697097731)
34	15,0.0577874752421	(34, 0.1379556742391739)
34	17,0.0594481732343	(34, 0.1379556742391739)
34	69,0.0607249991379	(34, 0.1379556742391739)
34	40,0.0694286049842	(34, 0.1379556742391739)
34	172,0.0709929288756	(34, 0.1379556742391739)
34	120,0.0782063679313	(34, 0.1379556742391739)
34	4,0.0832540059367	(34, 0.1379556742391739)
34	148,0.083532665896	(34, 0.1379556742391739)
34	174,0.0864712946311	(34, 0.1379556742391739)
34	83,0.0944400911036	(34, 0.1379556742391739)
35	35,0.0365661769754	(35, 0.036566176975365267)
35	88,0.060246244591	(35, 0.036566176975365267)
35	18,0.0604476246581	(35, 0.036566176975365267)
35	12,0.088575900599	(35, 0.036566176975365267)
35	22,0.0896960505831	(35, 0.036566176975365267)
35	139,0.0948775222721	(35, 0.036566176975365267)
35	38,0.100148720328	(35, 0.036566176975365267)
35	121,0.100454357746	(35, 0.036566176975365267)
35	61,0.100867717844	(35, 0.036566176975365267)
35	158,0.101461767647	(35, 0.036566176975365267)
36	76,0.0294640919816	(36, 0.035217697394489739)
36	147,0.03275845297	(36, 0.035217697394489739)
36	46,0.034891068299	(36, 0.035217697394489739)
36	36,0.0352176973945	(36, 0.035217697394489739)
36	63,0.0431722836575	(36, 0.035217697394489739)
36	18,0.0435977946291	(36, 0.035217697394489739)
36	171,0.0511245851072	(36, 0.035217697394489739)
36	137,0.0610956388612	(36, 0.035217697394489739)
36	150,0.0618352184547	(36, 0.035217697394489739)
36	168,0.0657263704923	(36, 0.035217697394489739)
37	37,0.0486362086389	(37, 0.048636208638926121)
37	11,0.0522410386109	(37, 0.048636208638926121)
37	3,0.0538277076332	(37, 0.048636208638926121)
37	100,0.0576126861385	(37, 0.048636208638926121)
37	77,0.0615706085671	(37, 0.048636208638926121)
37	21,0.0666471070207	(37, 0.048636208638926121)
37	90,0.0666891359583	(37, 0.048636208638926121)
37	63,0.0762303137327	(37, 0.048636208638926121)
37	71,0.0769340173037	(37, 0.048636208638926121)
37	136,0.0787664964568	(37, 0.048636208638926121)
38	38,0.0337925529586	(38, 0.03379255295860667)
38	12,0.0834380674068	(38, 0.03379255295860667)
38	55,0.084812476488	(38, 0.03379255295860667)
38	14,0.0850335400399	(38, 0.03379255295860667)
38	43,0.124644445879	(38, 0.03379255295860667)
38	159,0.133318589042	(38, 0.03379255295860667)
38	152,0.134064061049	(38, 0.03379255295860667)
38	50,0.134128402476	(38, 0.03379255295860667)
38	128,0.134202615826	(38, 0.03379255295860667)
38	0,0.135870983358	(38, 0.03379255295860667)
39	39,0.0812259860949	(39, 0.081225986094890332)
39	156,0.169750601853	(39, 0.081225986094890332)
39	51,0.175905843223	(39, 0.081225986094890332)
39	169,0.188953138	(39, 0.081225986094890332)
39	84,0.189192664736	(39, 0.081225986094890332)
39	138,0.190742744933	(39, 0.081225986094890332)
39	99,0.192884747805	(39, 0.081225986094890332)
39	107,0.199264019689	(39, 0.081225986094890332)
39	27,0.200570445167	(39, 0.081225986094890332)
39	101,0.210299446414	(39, 0.081225986094890332)
40	40,0.0464704692479	(40, 0.046470469247925569)
40	79,0.072025056408	(40, 0.046470469247925569)
40	69,0.0735593988408	(40, 0.046470469247925569)
40	4,0.0743287443856	(40, 0.046470469247925569)
40	172,0.0745482725896	(40, 0.046470469247925569)
40	148,0.0745964831818	(40, 0.046470469247925569)
40	17,0.0773842179734	(40, 0.046470469247925569)
40	100,0.0865601217578	(40, 0.046470469247925569)
40	15,0.0872063626944	(40, 0.046470469247925569)
40	77,0.0881404046554	(40, 0.046470469247925569)
41	41,0.0486358253741	(41, 0.048635825374053844)
41	155,0.0828230682041	(41, 0.048635825374053844)
41	91,0.135534350703	(41, 0.048635825374053844)
41	1,0.138931705582	(41, 0.048635825374053844)
41	20,0.140927468861	(41, 0.048635825374053844)
41	124,0.159196319385	(41, 0.048635825374053844)
41	101,0.180153549894	(41, 0.048635825374053844)
41	102,0.187807438602	(41, 0.048635825374053844)
41	114,0.190036614243	(41, 0.048635825374053844)
41	53,0.199256047812	(41, 0.048635825374053844)
42	163,0.154675559894	(42, 0.33090821433397238)
42	69,0.170112713466	(42, 0.33090821433397238)
42	53,0.198763185792	(42, 0.33090821433397238)
42	28,0.199522830568	(42, 0.33090821433397238)
42	140,0.206689734413	(42, 0.33090821433397238)
42	34,0.208734214848	(42, 0.33090821433397238)
42	118,0.218399918058	(42, 0.33090821433397238)
42	97,0.22798434316	(42, 0.33090821433397238)
42	44,0.234871323188	(42, 0.33090821433397238)
42	4,0.234915280286	(42, 0.33090821433397238)
43	22,0.0549035605239	(43, 0.10668580085146782)
43	12,0.060878493389	(43, 0.10668580085146782)
43	61,0.0652867412949	(43, 0.10668580085146782)
43	121,0.0659095324795	(43, 0.10668580085146782)
43	78,0.0670067880089	(43, 0.10668580085146782)
43	128,0.0690970213233	(43, 0.10668580085146782)
43	158,0.070937743594	(43, 0.10668580085146782)
43	18,0.0770598167905	(43, 0.10668580085146782)
43	50,0.0771229379308	(43, 0.10668580085146782)
43	76,0.0798009535513	(43, 0.10668580085146782)
44	109,0.0806390875966	(44, 0.28337391719330052)
44	73,0.0900879265949	(44, 0.28337391719330052)
44	124,0.0900912081771	(44, 0.28337391719330052)
44	116,0.0967316031619	(44, 0.28337391719330052)
44	93,0.0998336228672	(44, 0.28337391719330052)
44	144,0.123760505058	(44, 0.28337391719330052)
44	115,0.127522663322	(44, 0.28337391719330052)
44	84,0.128706387297	(44, 0.28337391719330052)
44	159,0.1324382898	(44, 0.28337391719330052)
44	12,0.13301256752	(44, 0.28337391719330052)
45	45,0.137012672498	(45, 0.13701267249823554)
45	130,0.166799942289	(45, 0.13701267249823554)
45	34,0.193412563019	(45, 0.13701267249823554)
45	94,0.199338740233	(45, 0.13701267249823554)
45	133,0.22088325868	(45, 0.13701267249823554)
45	129,0.225175249055	(45, 0.13701267249823554)
45	98,0.225355857469	(45, 0.13701267249823554)
45	53,0.236043399937	(45, 0.13701267249823554)
45	113,0.237549293764	(45, 0.13701267249823554)
45	83,0.242145882533	(45, 0.13701267249823554)
46	46,0.0198041440901	(46, 0.019804144090096013)
46	36,0.0308784084604	(46, 0.019804144090096013)
46	171,0.040723053149	(46, 0.019804144090096013)
46	76,0.0467217183344	(46, 0.019804144090096013)
46	137,0.0482053978558	(46, 0.019804144090096013)
46	6,0.0646144464083	(46, 0.019804144090096013)
46	147,0.0663058431209	(46, 0.019804144090096013)
46	139,0.0682857814251	(46, 0.019804144090096013)
46	63,0.0693177943726	(46, 0.019804144090096013)
46	146,0.0778967852039	(46, 0.019804144090096013)
47	99,0.160495097076	(47, 0.18311716158956431)
47	10,0.169541084872	(47, 0.18311716158956431)
47	47,0.18311716159	(47, 0.18311716158956431)
47	19,0.19622802436	(47, 0.18311716158956431)
47	27,0.202702070719	(47, 0.18311716158956431)
47	138,0.209442527794	(47, 0.18311716158956431)
47	84,0.213529925523	(47, 0.18311716158956431)
47	43,0.221048774375	(47, 0.18311716158956431)
47	0,0.243023817453	(47, 0.18311716158956431)
47	173,0.248193574098	(47, 0.18311716158956431)
48	56,0.0791245017206	(48, 0.09177038524187478)
48	120,0.0850678791185	(48, 0.09177038524187478)
48	48,0.0917703852419	(48, 0.09177038524187478)
48	97,0.100858346797	(48, 0.09177038524187478)
48	69,0.107157451278	(48, 0.09177038524187478)
48	40,0.111622374136	(48, 0.09177038524187478)
48	174,0.118726461546	(48, 0.09177038524187478)
48	154,0.137585504298	(48, 0.09177038524187478)
48	172,0.138550225953	(48, 0.09177038524187478)
48	4,0.139884268491	(48, 0.09177038524187478)
49	49,0.0588561349799	(49, 0.05885613497991736)
49	59,0.068164005199	(49, 0.05885613497991736)
49	15,0.081672826248	(49, 0.05885613497991736)
49	98,0.0825024547443	(49, 0.05885613497991736)
49	77,0.083676074453	(49, 0.05885613497991736)
49	172,0.0869257551428	(49, 0.05885613497991736)
49	100,0.0895794933497	(49, 0.05885613497991736)
49	17,0.093226330626	(49, 0.05885613497991736)
49	83,0.103808804346	(49, 0.05885613497991736)
49	37,0.113213898635	(49, 0.05885613497991736)
50	50,0.0377994920507	(50, 0.03779949205070833)
50	12,0.0893156016599	(50, 0.03779949205070833)
50	107,0.0973043214707	(50, 0.03779949205070833)
50	158,0.106609351829	(50, 0.03779949205070833)
50	171,0.10694781313	(50, 0.03779949205070833)
50	128,0.116574967736	(50, 0.03779949205070833)
50	76,0.118432962987	(50, 0.03779949205070833)
50	22,0.120568565641	(50, 0.03779949205070833)
50	38,0.121801715592	(50, 0.03779949205070833)
50	46,0.129733269374	(50, 0.03779949205070833)
51	124,0.0586970648042	(51, 0.26143008676264634)
51	155,0.0880938044518	(51, 0.26143008676264634)
51	73,0.104122018728	(51, 0.26143008676264634)
51	53,0.10492623278	(51, 0.26143008676264634)
51	157,0.10710015467	(51, 0.26143008676264634)
51	28,0.121508026446	(51, 0.26143008676264634)
51	1,0.122444719538	(51, 0.26143008676264634)
51	93,0.128627290366	(51, 0.26143008676264634)
51	41,0.130885481832	(51, 0.26143008676264634)
51	13,0.137364123821	(51, 0.26143008676264634)
52	53,0.0937847994634	(52, 0.31730970896077482)
52	44,0.102790836248	(52, 0.31730970896077482)
52	13,0.108460153976	(52, 0.31730970896077482)
52	155,0.109009664816	(52, 0.31730970896077482)
52	124,0.113949817494	(52, 0.31730970896077482)
52	65,0.118015437216	(52, 0.31730970896077482)
52	161,0.12305408899	(52, 0.31730970896077482)
52	163,0.124012461802	(52, 0.31730970896077482)
52	119,0.133253273547	(52, 0.31730970896077482)
52	4,0.136657711425	(52, 0.31730970896077482)
53	65,0.0651124746716	(53, 0.076191383581033584)
53	53,0.076191383581	(53, 0.076191383581033584)
53	44,0.0924018074045	(53, 0.076191383581033584)
53	155,0.0937758899471	(53, 0.076191383581033584)
53	120,0.100194295866	(53, 0.076191383581033584)
53	161,0.103365817201	(53, 0.076191383581033584)
53	163,0.11328650787	(53, 0.076191383581033584)
53	34,0.12433037362	(53, 0.076191383581033584)
53	124,0.129709499332	(53, 0.076191383581033584)
53	113,0.136831902161	(53, 0.076191383581033584)
54	136,0.0377692410927	(54, 0.065821086458714734)
54	54,0.0658210864587	(54, 0.065821086458714734)
54	3,0.0660699094163	(54, 0.065821086458714734)
54	162,0.0688194964383	(54, 0.065821086458714734)
54	137,0.0709477462917	(54, 0.065821086458714734)
54	11,0.0757672676742	(54, 0.065821086458714734)
54	71,0.0770235767778	(54, 0.065821086458714734)
54	63,0.0787927166509	(54, 0.065821086458714734)
54	17,0.0788195304244	(54, 0.065821086458714734)
54	147,0.0823982306177	(54, 0.065821086458714734)
55	12,0.0560716943277	(55, 0.075085894924969143)
55	55,0.075085894925	(55, 0.075085894924969143)
55	121,0.0783430356638	(55, 0.075085894924969143)
55	159,0.0828846070569	(55, 0.075085894924969143)
55	18,0.0861165657864	(55, 0.075085894924969143)
55	151,0.0864752510416	(55, 0.075085894924969143)
55	38,0.0877310238316	(55, 0.075085894924969143)
55	134,0.0879819221191	(55, 0.075085894924969143)
55	86,0.0890097468746	(55, 0.075085894924969143)
55	128,0.0892352530714	(55, 0.075085894924969143)
56	56,0.0586889238073	(56, 0.058688923807311034)
56	15,0.0781016087908	(56, 0.058688923807311034)
56	120,0.0849761101062	(56, 0.058688923807311034)
56	174,0.110768824759	(56, 0.058688923807311034)
56	2,0.123581072144	(56, 0.058688923807311034)
56	69,0.134489983822	(56, 0.058688923807311034)
56	4,0.135350746518	(56, 0.058688923807311034)
56	113,0.142827959839	(56, 0.058688923807311034)
56	17,0.144412183034	(56, 0.058688923807311034)
56	34,0.146151841044	(56, 0.058688923807311034)
57	57,0.0880478728125	(57, 0.088047872812506256)
57	122,0.160066013015	(57, 0.088047872812506256)
57	15,0.213651926536	(57, 0.088047872812506256)
57	174,0.215519819124	(57, 0.088047872812506256)
57	56,0.246870422203	(57, 0.088047872812506256)
57	113,0.286114829811	(57, 0.088047872812506256)
57	120,0.288605074385	(57, 0.088047872812506256)
57	2,0.288665221875	(57, 0.088047872812506256)
57	108,0.296946045514	(57, 0.088047872812506256)
57	59,0.299421007096	(57, 0.088047872812506256)
58	24,0.0734507603487	(58, 0.29457688820438666)
58	27,0.0949041337152	(58, 0.29457688820438666)
58	107,0.0997775620943	(58, 0.29457688820438666)
58	50,0.10727413656	(58, 0.29457688820438666)
58	61,0.123529009247	(58, 0.29457688820438666)
58	158,0.133524968548	(58, 0.29457688820438666)
58	38,0.136298995354	(58, 0.29457688820438666)
58	43,0.141340721043	(58, 0.29457688820438666)
58	73,0.141506523125	(58, 0.29457688820438666)
58	12,0.141753383599	(58, 0.29457688820438666)
59	15,0.144404584815	(59, 0.17886811441911338)
59	83,0.149709369011	(59, 0.17886811441911338)
59	113,0.157130121551	(59, 0.17886811441911338)
59	65,0.161929435376	(59, 0.17886811441911338)
59	94,0.171364794149	(59, 0.17886811441911338)
59	59,0.178868114419	(59, 0.17886811441911338)
59	120,0.18992335433	(59, 0.17886811441911338)
59	130,0.190077982349	(59, 0.17886811441911338)
59	161,0.194299243705	(59, 0.17886811441911338)
59	34,0.195639420309	(59, 0.17886811441911338)
60	60,0.0660481009372	(60, 0.066048100937171048)
60	69,0.0728337929133	(60, 0.066048100937171048)
60	40,0.0745375913211	(60, 0.066048100937171048)
60	79,0.0751913194195	(60, 0.066048100937171048)
60	4,0.0866273322689	(60, 0.066048100937171048)
60	34,0.0971089526633	(60, 0.066048100937171048)
60	25,0.102756928161	(60, 0.066048100937171048)
60	172,0.111106331429	(60, 0.066048100937171048)
60	77,0.115296330793	(60, 0.066048100937171048)
60	15,0.115476922504	(60, 0.066048100937171048)
61	23,0.0410055373507	(61, 0.041187367857131417)
61	61,0.0411873678571	(61, 0.041187367857131417)
61	162,0.0556959209775	(61, 0.041187367857131417)
61	121,0.0586109902233	(61, 0.041187367857131417)
61	26,0.0623016508982	(61, 0.041187367857131417)
61	63,0.0725928154499	(61, 0.041187367857131417)
61	78,0.076123318226	(61, 0.041187367857131417)
61	76,0.0775033685336	(61, 0.041187367857131417)
61	147,0.0806348856859	(61, 0.041187367857131417)
61	3,0.0810876583214	(61, 0.041187367857131417)
62	78,0.0687541138223	(62, 0.093509892318627927)
62	26,0.0770019994187	(62, 0.093509892318627927)
62	107,0.0843073004476	(62, 0.093509892318627927)
62	73,0.0869816818718	(62, 0.093509892318627927)
62	61,0.0926002570939	(62, 0.093509892318627927)
62	62,0.0935098923186	(62, 0.093509892318627927)
62	158,0.104982115818	(62, 0.093509892318627927)
62	128,0.108199079337	(62, 0.093509892318627927)
62	121,0.10947202402	(62, 0.093509892318627927)
62	23,0.117150839502	(62, 0.093509892318627927)
63	3,0.0320905876644	(63, 0.054976278682021179)
63	77,0.0469501438236	(63, 0.054976278682021179)
63	63,0.054976278682	(63, 0.054976278682021179)
63	37,0.0555623397356	(63, 0.054976278682021179)
63	11,0.0581215384031	(63, 0.054976278682021179)
63	171,0.0624968229738	(63, 0.054976278682021179)
63	136,0.062930554264	(63, 0.054976278682021179)
63	162,0.0639244536818	(63, 0.054976278682021179)
63	71,0.0691131787705	(63, 0.054976278682021179)
63	147,0.0692832776478	(63, 0.054976278682021179)
64	64,0.224252517708	(64, 0.22425251770787261)
64	45,0.310176027575	(64, 0.22425251770787261)
64	118,0.339562795951	(64, 0.22425251770787261)
64	130,0.352542617101	(64, 0.22425251770787261)
64	133,0.401696877702	(64, 0.22425251770787261)
64	33,0.422210209828	(64, 0.22425251770787261)
64	34,0.458857076219	(64, 0.22425251770787261)
64	113,0.463642381427	(64, 0.22425251770787261)
64	94,0.482884957949	(64, 0.22425251770787261)
64	15,0.528547995644	(64, 0.22425251770787261)
65	65,0.0532915736804	(65, 0.053291573680412707)
65	161,0.0608077167199	(65, 0.053291573680412707)
65	68,0.0695216422381	(65, 0.053291573680412707)
65	83,0.0714352755099	(65, 0.053291573680412707)
65	59,0.104766902714	(65, 0.053291573680412707)
65	155,0.1055067778	(65, 0.053291573680412707)
65	1,0.111513270784	(65, 0.053291573680412707)
65	44,0.112774961309	(65, 0.053291573680412707)
65	13,0.118383359821	(65, 0.053291573680412707)
65	100,0.121074691652	(65, 0.053291573680412707)
66	66,0.195255768758	(66, 0.19525576875842451)
66	130,0.393013363207	(66, 0.19525576875842451)
66	140,0.443050286823	(66, 0.19525576875842451)
66	133,0.456661993642	(66, 0.19525576875842451)
66	118,0.465574839118	(66, 0.19525576875842451)
66	91,0.488580759992	(66, 0.19525576875842451)
66	33,0.503161200647	(66, 0.19525576875842451)
66	141,0.533932633989	(66, 0.19525576875842451)
66	169,0.549683872252	(66, 0.19525576875842451)
66	53,0.579979414986	(66, 0.19525576875842451)
67	67,0.129419024046	(67, 0.12941902404646086)
67	84,0.162012434577	(67, 0.12941902404646086)
67	169,0.168109694573	(67, 0.12941902404646086)
67	93,0.179404860392	(67, 0.12941902404646086)
67	140,0.202227427507	(67, 0.12941902404646086)
67	28,0.204190474294	(67, 0.12941902404646086)
67	149,0.208778463688	(67, 0.12941902404646086)
67	109,0.209000148528	(67, 0.12941902404646086)
67	131,0.211481252258	(67, 0.12941902404646086)
67	116,0.212715928375	(67, 0.12941902404646086)
68	68,0.0575826743835	(68, 0.057582674383486937)
68	23,0.0840797926036	(68, 0.057582674383486937)
68	70,0.0853983367706	(68, 0.057582674383486937)
68	61,0.0895672307929	(68, 0.057582674383486937)
68	63,0.0967452273285	(68, 0.057582674383486937)
68	147,0.107755600227	(68, 0.057582674383486937)
68	162,0.109723937576	(68, 0.057582674383486937)
68	26,0.112096802076	(68, 0.057582674383486937)
68	135,0.113577770987	(68, 0.057582674383486937)
68	77,0.117302506448	(68, 0.057582674383486937)
69	15,0.20523948206	(69, 0.24044225282025924)
69	122,0.218853156881	(69, 0.24044225282025924)
69	174,0.225917619293	(69, 0.24044225282025924)
69	48,0.237303511711	(69, 0.24044225282025924)
69	69,0.24044225282	(69, 0.24044225282025924)
69	56,0.240658139513	(69, 0.24044225282025924)
69	2,0.247006967894	(69, 0.24044225282025924)
69	154,0.24715674179	(69, 0.24044225282025924)
69	33,0.26044519382	(69, 0.24044225282025924)
69	4,0.266131547525	(69, 0.24044225282025924)
70	121,0.0621678238409	(70, 0.062396289534665285)
70	70,0.0623962895347	(70, 0.062396289534665285)
70	3,0.0704757354241	(70, 0.062396289534665285)
70	132,0.0727810837041	(70, 0.062396289534665285)
70	88,0.0756319572703	(70, 0.062396289534665285)
70	77,0.0762701381481	(70, 0.062396289534665285)
70	117,0.0836650097964	(70, 0.062396289534665285)
70	63,0.0849478821609	(70, 0.062396289534665285)
70	139,0.0860643831668	(70, 0.062396289534665285)
70	22,0.0863348590376	(70, 0.062396289534665285)
71	133,0.125473580468	(71, 0.30473810721945443)
71	91,0.129679172178	(71, 0.30473810721945443)
71	41,0.173882161983	(71, 0.30473810721945443)
71	102,0.175285451082	(71, 0.30473810721945443)
71	155,0.186716606909	(71, 0.30473810721945443)
71	101,0.187497324896	(71, 0.30473810721945443)
71	1,0.193454014868	(71, 0.30473810721945443)
71	28,0.20196062967	(71, 0.30473810721945443)
71	95,0.203488055566	(71, 0.30473810721945443)
71	53,0.203658877648	(71, 0.30473810721945443)
72	174,0.0926916975696	(72, 0.55901259926221358)
72	17,0.0956596607818	(72, 0.55901259926221358)
72	148,0.103503322156	(72, 0.55901259926221358)
72	172,0.106111451106	(72, 0.55901259926221358)
72	143,0.10808786453	(72, 0.55901259926221358)
72	100,0.127632336874	(72, 0.55901259926221358)
72	77,0.13442229216	(72, 0.55901259926221358)
72	49,0.136257757959	(72, 0.55901259926221358)
72	40,0.140395497712	(72, 0.55901259926221358)
72	15,0.141351649053	(72, 0.55901259926221358)
73	73,0.0502118307253	(73, 0.050211830725339836)
73	13,0.0803914768837	(73, 0.050211830725339836)
73	157,0.0904962502207	(73, 0.050211830725339836)
73	27,0.0967834661643	(73, 0.050211830725339836)
73	124,0.105957353535	(73, 0.050211830725339836)
73	109,0.121578566235	(73, 0.050211830725339836)
73	93,0.122978813479	(73, 0.050211830725339836)
73	144,0.134370241096	(73, 0.050211830725339836)
73	53,0.136171359992	(73, 0.050211830725339836)
73	114,0.139181846849	(73, 0.050211830725339836)
74	17,0.0364636637884	(74, 0.043088728856106713)
74	74,0.0430887288561	(74, 0.043088728856106713)
74	136,0.0450338666459	(74, 0.043088728856106713)
74	100,0.0496263115883	(74, 0.043088728856106713)
74	127,0.0570114895796	(74, 0.043088728856106713)
74	37,0.0611761663638	(74, 0.043088728856106713)
74	90,0.0641322385155	(74, 0.043088728856106713)
74	77,0.0642151038008	(74, 0.043088728856106713)
74	49,0.0795229111401	(74, 0.043088728856106713)
74	59,0.0850784755406	(74, 0.043088728856106713)
75	167,0.34509828538	(75, 0.37020426889222235)
75	75,0.370204268892	(75, 0.37020426889222235)
75	67,0.502949994505	(75, 0.37020426889222235)
75	10,0.504833045019	(75, 0.37020426889222235)
75	47,0.513962117196	(75, 0.37020426889222235)
75	99,0.514170411376	(75, 0.37020426889222235)
75	80,0.531465445362	(75, 0.37020426889222235)
75	138,0.532224425825	(75, 0.37020426889222235)
75	84,0.540216875579	(75, 0.37020426889222235)
75	166,0.547778007709	(75, 0.37020426889222235)
76	76,0.0275207970982	(76, 0.027520797098183197)
76	147,0.0312556279983	(76, 0.027520797098183197)
76	137,0.0335822074977	(76, 0.027520797098183197)
76	63,0.0359559193348	(76, 0.027520797098183197)
76	171,0.0415735259751	(76, 0.027520797098183197)
76	3,0.0524373334635	(76, 0.027520797098183197)
76	46,0.0558952227384	(76, 0.027520797098183197)
76	22,0.0591653741031	(76, 0.027520797098183197)
76	36,0.059491533749	(76, 0.027520797098183197)
76	18,0.063173084159	(76, 0.027520797098183197)
77	162,0.0391663991255	(77, 0.049866723711889265)
77	136,0.0422451921407	(77, 0.049866723711889265)
77	90,0.0444905727165	(77, 0.049866723711889265)
77	147,0.0466214812595	(77, 0.049866723711889265)
77	63,0.0484141710035	(77, 0.049866723711889265)
77	77,0.0498667237119	(77, 0.049866723711889265)
77	11,0.0504935999501	(77, 0.049866723711889265)
77	3,0.0536839621197	(77, 0.049866723711889265)
77	137,0.0574513607258	(77, 0.049866723711889265)
77	37,0.0579980970611	(77, 0.049866723711889265)
78	151,0.0355585523274	(78, 0.056583898993695141)
78	76,0.0392482131032	(78, 0.056583898993695141)
78	63,0.0395248906333	(78, 0.056583898993695141)
78	132,0.03986417995	(78, 0.056583898993695141)
78	22,0.0442909593596	(78, 0.056583898993695141)
78	121,0.0453909260513	(78, 0.056583898993695141)
78	147,0.0468332133069	(78, 0.056583898993695141)
78	18,0.049191455286	(78, 0.056583898993695141)
78	78,0.0565838989937	(78, 0.056583898993695141)
78	61,0.0568254560676	(78, 0.056583898993695141)
79	4,0.0371005028289	(79, 0.037882197811797746)
79	79,0.0378821978118	(79, 0.037882197811797746)
79	69,0.0439746785903	(79, 0.037882197811797746)
79	40,0.0539980420401	(79, 0.037882197811797746)
79	25,0.0745900188742	(79, 0.037882197811797746)
79	56,0.0930638493438	(79, 0.037882197811797746)
79	148,0.0972214783856	(79, 0.037882197811797746)
79	17,0.101384332952	(79, 0.037882197811797746)
79	60,0.103999215329	(79, 0.037882197811797746)
79	172,0.107595898238	(79, 0.037882197811797746)
80	80,0.153605994091	(80, 0.15360599409057632)
80	51,0.175043761486	(80, 0.15360599409057632)
80	167,0.213926592638	(80, 0.15360599409057632)
80	32,0.302556565116	(80, 0.15360599409057632)
80	39,0.375671973153	(80, 0.15360599409057632)
80	27,0.388624764988	(80, 0.15360599409057632)
80	58,0.400264834694	(80, 0.15360599409057632)
80	169,0.402982238154	(80, 0.15360599409057632)
80	160,0.412481778281	(80, 0.15360599409057632)
80	165,0.434029693147	(80, 0.15360599409057632)
81	81,0.0526420021436	(81, 0.052642002143581945)
81	77,0.0605999636266	(81, 0.052642002143581945)
81	3,0.0620076322234	(81, 0.052642002143581945)
81	117,0.0648994254437	(81, 0.052642002143581945)
81	11,0.0658670566457	(81, 0.052642002143581945)
81	76,0.069713820301	(81, 0.052642002143581945)
81	132,0.0730668917283	(81, 0.052642002143581945)
81	71,0.0761447641238	(81, 0.052642002143581945)
81	22,0.0763517944586	(81, 0.052642002143581945)
81	12,0.0766957998993	(81, 0.052642002143581945)
82	27,0.131754753854	(82, 0.19541630609667276)
82	73,0.133387500017	(82, 0.19541630609667276)
82	12,0.13350592814	(82, 0.19541630609667276)
82	38,0.136672553381	(82, 0.19541630609667276)
82	105,0.137069826436	(82, 0.19541630609667276)
82	13,0.137537238487	(82, 0.19541630609667276)
82	24,0.138383135466	(82, 0.19541630609667276)
82	107,0.14110656026	(82, 0.19541630609667276)
82	164,0.143933890754	(82, 0.19541630609667276)
82	61,0.148436970172	(82, 0.19541630609667276)
83	13,0.0545371880302	(83, 0.084381729825023788)
83	155,0.0665861577275	(83, 0.084381729825023788)
83	71,0.0732393601046	(83, 0.084381729825023788)
83	161,0.0772929402636	(83, 0.084381729825023788)
83	65,0.0794948011542	(83, 0.084381729825023788)
83	83,0.084381729825	(83, 0.084381729825023788)
83	17,0.0847895249262	(83, 0.084381729825023788)
83	136,0.086832168015	(83, 0.084381729825023788)
83	11,0.087695417627	(83, 0.084381729825023788)
83	1,0.0983059791136	(83, 0.084381729825023788)
84	166,0.211574773003	(84, 0.21310013440434752)
84	84,0.213100134404	(84, 0.21310013440434752)
84	67,0.215586514887	(84, 0.21310013440434752)
84	169,0.239453095649	(84, 0.21310013440434752)
84	140,0.27383822892	(84, 0.21310013440434752)
84	99,0.284145307817	(84, 0.21310013440434752)
84	144,0.302080659486	(84, 0.21310013440434752)
84	109,0.320478364614	(84, 0.21310013440434752)
84	156,0.320611385784	(84, 0.21310013440434752)
84	72,0.339168999672	(84, 0.21310013440434752)
85	67,0.17493650133	(85, 0.26451066415153768)
85	85,0.264510664152	(85, 0.26451066415153768)
85	140,0.270875372596	(85, 0.26451066415153768)
85	149,0.315890825147	(85, 0.26451066415153768)
85	166,0.318173562819	(85, 0.26451066415153768)
85	84,0.320603087725	(85, 0.26451066415153768)
85	169,0.3397678895	(85, 0.26451066415153768)
85	144,0.369680781423	(85, 0.26451066415153768)
85	99,0.382131934825	(85, 0.26451066415153768)
85	93,0.394333479224	(85, 0.26451066415153768)
86	86,0.0423993604473	(86, 0.042399360447331287)
86	137,0.0542343647464	(86, 0.042399360447331287)
86	162,0.0571601050272	(86, 0.042399360447331287)
86	150,0.0611574039059	(86, 0.042399360447331287)
86	76,0.0611770002209	(86, 0.042399360447331287)
86	18,0.0614069068956	(86, 0.042399360447331287)
86	117,0.0616991232553	(86, 0.042399360447331287)
86	12,0.0623334879438	(86, 0.042399360447331287)
86	171,0.0630489487115	(86, 0.042399360447331287)
86	11,0.0632171144859	(86, 0.042399360447331287)
87	1,0.0692633875492	(87, 0.18620675748193374)
87	121,0.0776542657876	(87, 0.18620675748193374)
87	26,0.0803526543414	(87, 0.18620675748193374)
87	71,0.081073565377	(87, 0.18620675748193374)
87	78,0.0849842163918	(87, 0.18620675748193374)
87	11,0.0910906568003	(87, 0.18620675748193374)
87	155,0.0928275052018	(87, 0.18620675748193374)
87	20,0.0938097471123	(87, 0.18620675748193374)
87	23,0.0945063077558	(87, 0.18620675748193374)
87	41,0.0946153619135	(87, 0.18620675748193374)
88	147,0.0373522185269	(88, 0.049275148242407925)
88	18,0.0421545067105	(88, 0.049275148242407925)
88	76,0.0426676831099	(88, 0.049275148242407925)
88	63,0.0457529089601	(88, 0.049275148242407925)
88	88,0.0492751482424	(88, 0.049275148242407925)
88	117,0.0563743029646	(88, 0.049275148242407925)
88	171,0.0578838665232	(88, 0.049275148242407925)
88	46,0.0588019498323	(88, 0.049275148242407925)
88	139,0.0607040968156	(88, 0.049275148242407925)
88	22,0.0609717280059	(88, 0.049275148242407925)
89	124,0.0699778369564	(89, 0.099638107851600058)
89	53,0.0742245977406	(89, 0.099638107851600058)
89	155,0.0906554028265	(89, 0.099638107851600058)
89	73,0.0933895458514	(89, 0.099638107851600058)
89	89,0.0996381078516	(89, 0.099638107851600058)
89	1,0.101142399507	(89, 0.099638107851600058)
89	20,0.120285510175	(89, 0.099638107851600058)
89	28,0.125091030376	(89, 0.099638107851600058)
89	109,0.13146267336	(89, 0.099638107851600058)
89	13,0.131540283073	(89, 0.099638107851600058)
90	90,0.0284846906629	(90, 0.028484690662901272)
90	11,0.0529167399872	(90, 0.028484690662901272)
90	162,0.0555096416548	(90, 0.028484690662901272)
90	81,0.0618703184617	(90, 0.028484690662901272)
90	137,0.061904533854	(90, 0.028484690662901272)
90	96,0.0638735084085	(90, 0.028484690662901272)
90	136,0.065124807552	(90, 0.028484690662901272)
90	172,0.0661671174021	(90, 0.028484690662901272)
90	37,0.0663799946825	(90, 0.028484690662901272)
90	17,0.067375528531	(90, 0.028484690662901272)
91	133,0.112600719161	(91, 0.18913632619949705)
91	91,0.189136326199	(91, 0.18913632619949705)
91	130,0.240273284767	(91, 0.18913632619949705)
91	103,0.302016109081	(91, 0.18913632619949705)
91	51,0.311804284275	(91, 0.18913632619949705)
91	102,0.34177552268	(91, 0.18913632619949705)
91	34,0.345873585671	(91, 0.18913632619949705)
91	66,0.353310656273	(91, 0.18913632619949705)
91	95,0.370967622073	(91, 0.18913632619949705)
91	114,0.378728992857	(91, 0.18913632619949705)
92	78,0.0662643429853	(92, 0.15316335150190791)
92	24,0.077141007222	(92, 0.15316335150190791)
92	61,0.0820297574686	(92, 0.15316335150190791)
92	128,0.0862997280902	(92, 0.15316335150190791)
92	158,0.0875547281484	(92, 0.15316335150190791)
92	12,0.0952461174953	(92, 0.15316335150190791)
92	26,0.109459967554	(92, 0.15316335150190791)
92	22,0.112087162981	(92, 0.15316335150190791)
92	27,0.113260312842	(92, 0.15316335150190791)
92	107,0.114440651345	(92, 0.15316335150190791)
93	22,0.0513139110315	(93, 0.070490881094042557)
93	132,0.057132756644	(93, 0.070490881094042557)
93	158,0.06135444153	(93, 0.070490881094042557)
93	128,0.0654857288602	(93, 0.070490881094042557)
93	93,0.070490881094	(93, 0.070490881094042557)
93	121,0.0756366578387	(93, 0.070490881094042557)
93	78,0.0789189001119	(93, 0.070490881094042557)
93	76,0.0801670727006	(93, 0.070490881094042557)
93	3,0.08330894256	(93, 0.070490881094042557)
93	73,0.0862226012609	(93, 0.070490881094042557)
94	94,0.0906617462213	(94, 0.090661746221313247)
94	83,0.155694651617	(94, 0.090661746221313247)
94	155,0.178575314204	(94, 0.090661746221313247)
94	59,0.204098570087	(94, 0.090661746221313247)
94	15,0.220261582564	(94, 0.090661746221313247)
94	161,0.227136078016	(94, 0.090661746221313247)
94	65,0.239939544822	(94, 0.090661746221313247)
94	120,0.241068762738	(94, 0.090661746221313247)
94	45,0.24695203523	(94, 0.090661746221313247)
94	41,0.250977776455	(94, 0.090661746221313247)
95	99,0.0833717072431	(95, 0.21751606347850158)
95	107,0.0873207225929	(95, 0.21751606347850158)
95	43,0.104963556129	(95, 0.21751606347850158)
95	128,0.113297037385	(95, 0.21751606347850158)
95	78,0.114135114979	(95, 0.21751606347850158)
95	27,0.12123419731	(95, 0.21751606347850158)
95	19,0.123761731919	(95, 0.21751606347850158)
95	138,0.128138061888	(95, 0.21751606347850158)
95	50,0.149430236139	(95, 0.21751606347850158)
95	158,0.14953844049	(95, 0.21751606347850158)
96	96,0.0407649482763	(96, 0.040764948276331966)
96	17,0.0706583826362	(96, 0.040764948276331966)
96	162,0.0714740224849	(96, 0.040764948276331966)
96	13,0.0739002742509	(96, 0.040764948276331966)
96	11,0.0747583196501	(96, 0.040764948276331966)
96	161,0.0884770036019	(96, 0.040764948276331966)
96	143,0.0885661071673	(96, 0.040764948276331966)
96	112,0.0916744596827	(96, 0.040764948276331966)
96	119,0.0968464637785	(96, 0.040764948276331966)
96	90,0.0975082031504	(96, 0.040764948276331966)
97	172,0.054896353555	(97, 0.11984737297010724)
97	40,0.0627787758337	(97, 0.11984737297010724)
97	17,0.0665523253762	(97, 0.11984737297010724)
97	120,0.0724925866402	(97, 0.11984737297010724)
97	69,0.072826337085	(97, 0.11984737297010724)
97	3,0.0933318555558	(97, 0.11984737297010724)
97	37,0.0958689572453	(97, 0.11984737297010724)
97	4,0.0997929597294	(97, 0.11984737297010724)
97	90,0.100264156457	(97, 0.11984737297010724)
97	79,0.100696674325	(97, 0.11984737297010724)
98	98,0.0373964234862	(98, 0.037396423486188962)
98	40,0.0746411452305	(98, 0.037396423486188962)
98	15,0.0772143965616	(98, 0.037396423486188962)
98	25,0.0864431277356	(98, 0.037396423486188962)
98	172,0.0926930805223	(98, 0.037396423486188962)
98	49,0.0962401690015	(98, 0.037396423486188962)
98	154,0.101520740347	(98, 0.037396423486188962)
98	83,0.11737511246	(98, 0.037396423486188962)
98	4,0.118918347939	(98, 0.037396423486188962)
98	174,0.119228331015	(98, 0.037396423486188962)
99	84,0.083569242045	(99, 0.1109892401132415)
99	144,0.0839234752898	(99, 0.1109892401132415)
99	93,0.0884129028524	(99, 0.1109892401132415)
99	109,0.0892830385011	(99, 0.1109892401132415)
99	159,0.0916839136152	(99, 0.1109892401132415)
99	73,0.0970691945995	(99, 0.1109892401132415)
99	128,0.0974380475118	(99, 0.1109892401132415)
99	78,0.101846037942	(99, 0.1109892401132415)
99	12,0.104958463737	(99, 0.1109892401132415)
99	38,0.106951697923	(99, 0.1109892401132415)
100	100,0.035684593594	(100, 0.035684593593955205)
100	77,0.0488683495876	(100, 0.035684593593955205)
100	74,0.0511762937568	(100, 0.035684593593955205)
100	37,0.0513490861733	(100, 0.035684593593955205)
100	136,0.0530742621145	(100, 0.035684593593955205)
100	17,0.0560527778506	(100, 0.035684593593955205)
100	21,0.0585804610084	(100, 0.035684593593955205)
100	127,0.0615571249575	(100, 0.035684593593955205)
100	90,0.0617714131627	(100, 0.035684593593955205)
100	143,0.0632282575493	(100, 0.035684593593955205)
101	73,0.0889411440423	(101, 0.10034088888451503)
101	1,0.0902073657522	(101, 0.10034088888451503)
101	13,0.0983946341724	(101, 0.10034088888451503)
101	101,0.100340888885	(101, 0.10034088888451503)
101	124,0.108426943539	(101, 0.10034088888451503)
101	29,0.110568519817	(101, 0.10034088888451503)
101	77,0.117489342253	(101, 0.10034088888451503)
101	69,0.118241456176	(101, 0.10034088888451503)
101	155,0.120056029254	(101, 0.10034088888451503)
101	60,0.120433587739	(101, 0.10034088888451503)
102	91,0.110675998862	(102, 0.13737631142517992)
102	114,0.127171182733	(102, 0.13737631142517992)
102	41,0.131349815808	(102, 0.13737631142517992)
102	155,0.131472844492	(102, 0.13737631142517992)
102	102,0.137376311425	(102, 0.13737631142517992)
102	101,0.146018494548	(102, 0.13737631142517992)
102	110,0.146747639151	(102, 0.13737631142517992)
102	1,0.150351225828	(102, 0.13737631142517992)
102	53,0.155214630644	(102, 0.13737631142517992)
102	103,0.161004452362	(102, 0.13737631142517992)
103	103,0.0903943874305	(103, 0.090394387430458009)
103	73,0.128961453334	(103, 0.090394387430458009)
103	101,0.157923771137	(103, 0.090394387430458009)
103	91,0.167074518569	(103, 0.090394387430458009)
103	93,0.173669239598	(103, 0.090394387430458009)
103	114,0.17620061887	(103, 0.090394387430458009)
103	51,0.177853344527	(103, 0.090394387430458009)
103	26,0.179944210342	(103, 0.090394387430458009)
103	39,0.180244670845	(103, 0.090394387430458009)
103	1,0.187162570338	(103, 0.090394387430458009)
104	124,0.0583935326071	(104, 0.12960843307650829)
104	93,0.0940639767398	(104, 0.12960843307650829)
104	119,0.0959051328202	(104, 0.12960843307650829)
104	81,0.0993360444365	(104, 0.12960843307650829)
104	11,0.104091221499	(104, 0.12960843307650829)
104	115,0.105007963857	(104, 0.12960843307650829)
104	73,0.105040234295	(104, 0.12960843307650829)
104	13,0.119992028985	(104, 0.12960843307650829)
104	3,0.122611703621	(104, 0.12960843307650829)
104	37,0.127276419172	(104, 0.12960843307650829)
105	27,0.0968854595076	(105, 0.15329833854433933)
105	43,0.107440246447	(105, 0.15329833854433933)
105	24,0.108385579973	(105, 0.15329833854433933)
105	38,0.118944661285	(105, 0.15329833854433933)
105	19,0.121273937673	(105, 0.15329833854433933)
105	107,0.127484970758	(105, 0.15329833854433933)
105	61,0.138956251948	(105, 0.15329833854433933)
105	50,0.142249675886	(105, 0.15329833854433933)
105	99,0.146076656599	(105, 0.15329833854433933)
105	12,0.152201035352	(105, 0.15329833854433933)
106	106,0.0480151551253	(106, 0.048015155125289422)
106	116,0.118630021253	(106, 0.048015155125289422)
106	174,0.125001712822	(106, 0.048015155125289422)
106	157,0.125823509095	(106, 0.048015155125289422)
106	93,0.131704862572	(106, 0.048015155125289422)
106	172,0.136729142821	(106, 0.048015155125289422)
106	13,0.136948294808	(106, 0.048015155125289422)
106	156,0.137855329084	(106, 0.048015155125289422)
106	54,0.146124668049	(106, 0.048015155125289422)
106	73,0.159292434711	(106, 0.048015155125289422)
107	26,0.0720254640362	(107, 0.088150886889777236)
107	1,0.0761208241396	(107, 0.088150886889777236)
107	22,0.0771742557739	(107, 0.088150886889777236)
107	77,0.0789426038363	(107, 0.088150886889777236)
107	139,0.0832475101759	(107, 0.088150886889777236)
107	121,0.0835347244195	(107, 0.088150886889777236)
107	107,0.0881508868898	(107, 0.088150886889777236)
107	76,0.0886661370772	(107, 0.088150886889777236)
107	78,0.0905976650922	(107, 0.088150886889777236)
107	61,0.092424225762	(107, 0.088150886889777236)
108	77,0.0583614212719	(108, 0.1674399385839726)
108	172,0.0815023939587	(108, 0.1674399385839726)
108	174,0.0924511304619	(108, 0.1674399385839726)
108	40,0.102227041453	(108, 0.1674399385839726)
108	17,0.103911444556	(108, 0.1674399385839726)
108	4,0.107757878743	(108, 0.1674399385839726)
108	49,0.111247431732	(108, 0.1674399385839726)
108	100,0.111730078052	(108, 0.1674399385839726)
108	15,0.116169038065	(108, 0.1674399385839726)
108	171,0.120166586568	(108, 0.1674399385839726)
109	109,0.0595677599129	(109, 0.059567759912920161)
109	159,0.0618038005108	(109, 0.059567759912920161)
109	134,0.086993400853	(109, 0.059567759912920161)
109	146,0.0884932980224	(109, 0.059567759912920161)
109	12,0.0903599613047	(109, 0.059567759912920161)
109	128,0.0904241131996	(109, 0.059567759912920161)
109	14,0.102201078938	(109, 0.059567759912920161)
109	84,0.103321975835	(109, 0.059567759912920161)
109	152,0.10360583219	(109, 0.059567759912920161)
109	38,0.108492566714	(109, 0.059567759912920161)
110	1,0.056108665877	(110, 0.11650505237148499)
110	11,0.0810612499948	(110, 0.11650505237148499)
110	121,0.0812055893021	(110, 0.11650505237148499)
110	155,0.0878153107981	(110, 0.11650505237148499)
110	68,0.0883824205584	(110, 0.11650505237148499)
110	73,0.0941454059661	(110, 0.11650505237148499)
110	26,0.095975366278	(110, 0.11650505237148499)
110	162,0.0996984885833	(110, 0.11650505237148499)
110	71,0.100287564839	(110, 0.11650505237148499)
110	13,0.104760030259	(110, 0.11650505237148499)
111	93,0.070363063019	(111, 0.25885967556831363)
111	73,0.0728848334536	(111, 0.25885967556831363)
111	124,0.084837948164	(111, 0.25885967556831363)
111	157,0.0931444421409	(111, 0.25885967556831363)
111	13,0.103873348579	(111, 0.25885967556831363)
111	109,0.109496484829	(111, 0.25885967556831363)
111	128,0.111111246303	(111, 0.25885967556831363)
111	101,0.117704457378	(111, 0.25885967556831363)
111	78,0.120071733189	(111, 0.25885967556831363)
111	144,0.12198658862	(111, 0.25885967556831363)
112	11,0.0475627061125	(112, 0.058931222775946174)
112	90,0.0482462475872	(112, 0.058931222775946174)
112	3,0.0559091582523	(112, 0.058931222775946174)
112	162,0.0588979000671	(112, 0.058931222775946174)
112	112,0.0589312227759	(112, 0.058931222775946174)
112	100,0.0618822111716	(112, 0.058931222775946174)
112	21,0.0649437419601	(112, 0.058931222775946174)
112	77,0.0706972000951	(112, 0.058931222775946174)
112	143,0.0712571290892	(112, 0.058931222775946174)
112	17,0.071342338171	(112, 0.058931222775946174)
113	113,0.0607890035264	(113, 0.060789003526389412)
113	65,0.111547177454	(113, 0.060789003526389412)
113	120,0.170636476093	(113, 0.060789003526389412)
113	130,0.171746757942	(113, 0.060789003526389412)
113	15,0.185145994306	(113, 0.060789003526389412)
113	44,0.185673260387	(113, 0.060789003526389412)
113	97,0.195212311812	(113, 0.060789003526389412)
113	53,0.200137000694	(113, 0.060789003526389412)
113	155,0.200154732041	(113, 0.060789003526389412)
113	161,0.202525264046	(113, 0.060789003526389412)
114	114,0.0726811942859	(114, 0.07268119428589366)
114	73,0.0728304136054	(114, 0.07268119428589366)
114	124,0.0865484809541	(114, 0.07268119428589366)
114	53,0.0891745985487	(114, 0.07268119428589366)
114	13,0.100170436896	(114, 0.07268119428589366)
114	140,0.117426951728	(114, 0.07268119428589366)
114	104,0.120618641703	(114, 0.07268119428589366)
114	157,0.125292791101	(114, 0.07268119428589366)
114	93,0.126064067512	(114, 0.07268119428589366)
114	155,0.126750396579	(114, 0.07268119428589366)
115	11,0.0666718694149	(115, 0.073702573344624586)
115	119,0.0716441545963	(115, 0.073702573344624586)
115	115,0.0737025733446	(115, 0.073702573344624586)
115	96,0.0812471465324	(115, 0.073702573344624586)
115	37,0.0817382716955	(115, 0.073702573344624586)
115	136,0.0921944785991	(115, 0.073702573344624586)
115	17,0.0949901284444	(115, 0.073702573344624586)
115	90,0.0995457940046	(115, 0.073702573344624586)
115	81,0.0997149812501	(115, 0.073702573344624586)
115	3,0.104611731962	(115, 0.073702573344624586)
116	116,0.0529587644492	(116, 0.052958764449164177)
116	93,0.0569909202084	(116, 0.052958764449164177)
116	73,0.111775547551	(116, 0.052958764449164177)
116	109,0.112825049349	(116, 0.052958764449164177)
116	144,0.113212750381	(116, 0.052958764449164177)
116	131,0.125139944584	(116, 0.052958764449164177)
116	156,0.128236282387	(116, 0.052958764449164177)
116	159,0.132383978874	(116, 0.052958764449164177)
116	172,0.132723148345	(116, 0.052958764449164177)
116	84,0.135062253053	(116, 0.052958764449164177)
117	117,0.0242579365039	(117, 0.02425793650394243)
117	21,0.0505493632304	(117, 0.02425793650394243)
117	71,0.0517492187065	(117, 0.02425793650394243)
117	11,0.0601946050108	(117, 0.02425793650394243)
117	162,0.0643561783818	(117, 0.02425793650394243)
117	81,0.0654740773594	(117, 0.02425793650394243)
117	76,0.0661468138862	(117, 0.02425793650394243)
117	22,0.0682074105269	(117, 0.02425793650394243)
117	121,0.0684328098021	(117, 0.02425793650394243)
117	77,0.0730909776796	(117, 0.02425793650394243)
118	33,0.130016801785	(118, 0.19438586221818643)
118	34,0.131421035292	(118, 0.19438586221818643)
118	69,0.149390021494	(118, 0.19438586221818643)
118	15,0.181693231918	(118, 0.19438586221818643)
118	113,0.185857515007	(118, 0.19438586221818643)
118	2,0.190046246358	(118, 0.19438586221818643)
118	4,0.192203735756	(118, 0.19438586221818643)
118	118,0.194385862218	(118, 0.19438586221818643)
118	25,0.200994926651	(118, 0.19438586221818643)
118	120,0.208372542641	(118, 0.19438586221818643)
119	120,0.0610734478835	(119, 0.099921798559167843)
119	69,0.0923762139294	(119, 0.099921798559167843)
119	40,0.0925680863206	(119, 0.099921798559167843)
119	17,0.0928106352346	(119, 0.099921798559167843)
119	154,0.0979861401328	(119, 0.099921798559167843)
119	119,0.0999217985592	(119, 0.099921798559167843)
119	4,0.101700561419	(119, 0.099921798559167843)
119	172,0.104447724012	(119, 0.099921798559167843)
119	56,0.106913679588	(119, 0.099921798559167843)
119	124,0.107601151228	(119, 0.099921798559167843)
120	65,0.0687433011908	(120, 0.070894208628363403)
120	120,0.0708942086284	(120, 0.070894208628363403)
120	161,0.0826611682938	(120, 0.070894208628363403)
120	155,0.0847656817911	(120, 0.070894208628363403)
120	44,0.0922933810249	(120, 0.070894208628363403)
120	53,0.110131599154	(120, 0.070894208628363403)
120	13,0.113123749409	(120, 0.070894208628363403)
120	83,0.114028820401	(120, 0.070894208628363403)
120	54,0.11660762954	(120, 0.070894208628363403)
120	136,0.116899095051	(120, 0.070894208628363403)
121	121,0.0587454663943	(121, 0.058745466394264589)
121	22,0.0678896746465	(121, 0.058745466394264589)
121	78,0.0700136356279	(121, 0.058745466394264589)
121	1,0.0706865244342	(121, 0.058745466394264589)
121	26,0.0731158688057	(121, 0.058745466394264589)
121	73,0.0847766517479	(121, 0.058745466394264589)
121	61,0.0910286884116	(121, 0.058745466394264589)
121	23,0.0921862251106	(121, 0.058745466394264589)
121	128,0.0922182053806	(121, 0.058745466394264589)
121	158,0.0941163598397	(121, 0.058745466394264589)
122	174,0.0900926470503	(122, 0.10399018725097352)
122	122,0.103990187251	(122, 0.10399018725097352)
122	154,0.107307093969	(122, 0.10399018725097352)
122	69,0.139232431023	(122, 0.10399018725097352)
122	2,0.145638497138	(122, 0.10399018725097352)
122	172,0.152914227935	(122, 0.10399018725097352)
122	48,0.153067863686	(122, 0.10399018725097352)
122	4,0.158196869379	(122, 0.10399018725097352)
122	56,0.167410329348	(122, 0.10399018725097352)
122	116,0.17587503347	(122, 0.10399018725097352)
123	172,0.0596506981218	(123, 0.074613293138923967)
123	123,0.0746132931389	(123, 0.074613293138923967)
123	40,0.094376863717	(123, 0.074613293138923967)
123	81,0.101997819766	(123, 0.074613293138923967)
123	146,0.103592834926	(123, 0.074613293138923967)
123	90,0.108067635973	(123, 0.074613293138923967)
123	119,0.109487304286	(123, 0.074613293138923967)
123	137,0.113540538064	(123, 0.074613293138923967)
123	17,0.114394509287	(123, 0.074613293138923967)
123	37,0.118107657869	(123, 0.074613293138923967)
124	124,0.091412889467	(124, 0.091412889467033936)
124	101,0.140010720461	(124, 0.091412889467033936)
124	41,0.150384814182	(124, 0.091412889467033936)
124	73,0.159979864479	(124, 0.091412889467033936)
124	169,0.161049919547	(124, 0.091412889467033936)
124	157,0.166342694637	(124, 0.091412889467033936)
124	155,0.172516379279	(124, 0.091412889467033936)
124	53,0.177835460574	(124, 0.091412889467033936)
124	27,0.183577367098	(124, 0.091412889467033936)
124	114,0.184787506632	(124, 0.091412889467033936)
125	13,0.126101426941	(125, 0.17700815926257357)
125	73,0.13300088809	(125, 0.17700815926257357)
125	155,0.150686310173	(125, 0.17700815926257357)
125	65,0.152121765403	(125, 0.17700815926257357)
125	68,0.153453990464	(125, 0.17700815926257357)
125	114,0.157502628068	(125, 0.17700815926257357)
125	161,0.165800990724	(125, 0.17700815926257357)
125	61,0.17344484526	(125, 0.17700815926257357)
125	41,0.175833532523	(125, 0.17700815926257357)
125	125,0.177008159263	(125, 0.17700815926257357)
126	81,0.0648832082557	(126, 0.069094970036908537)
126	126,0.0690949700369	(126, 0.069094970036908537)
126	121,0.0736595551048	(126, 0.069094970036908537)
126	132,0.0752063273971	(126, 0.069094970036908537)
126	11,0.075370206095	(126, 0.069094970036908537)
126	3,0.0773965661478	(126, 0.069094970036908537)
126	119,0.0819864691535	(126, 0.069094970036908537)
126	12,0.0824742741533	(126, 0.069094970036908537)
126	128,0.0848052492655	(126, 0.069094970036908537)
126	22,0.0856658874719	(126, 0.069094970036908537)
127	17,0.0437928943349	(127, 0.053148646780275324)
127	74,0.0446491274721	(127, 0.053148646780275324)
127	136,0.0455593919696	(127, 0.053148646780275324)
127	127,0.0531486467803	(127, 0.053148646780275324)
127	100,0.0625402491155	(127, 0.053148646780275324)
127	77,0.0658761478598	(127, 0.053148646780275324)
127	59,0.0670873332991	(127, 0.053148646780275324)
127	37,0.0707509392104	(127, 0.053148646780275324)
127	49,0.082829759389	(127, 0.053148646780275324)
127	172,0.101426359881	(127, 0.053148646780275324)
128	128,0.0480177619097	(128, 0.048017761909710154)
128	12,0.0568900744196	(128, 0.048017761909710154)
128	159,0.0680302479423	(128, 0.048017761909710154)
128	78,0.0704807869854	(128, 0.048017761909710154)
128	121,0.0735333864824	(128, 0.048017761909710154)
128	22,0.0738093993003	(128, 0.048017761909710154)
128	139,0.0765833789201	(128, 0.048017761909710154)
128	158,0.0796131366615	(128, 0.048017761909710154)
128	18,0.0819028832202	(128, 0.048017761909710154)
128	151,0.0824185279166	(128, 0.048017761909710154)
129	49,0.103400638159	(129, 0.18182949936712597)
129	98,0.109522597394	(129, 0.18182949936712597)
129	15,0.144412693681	(129, 0.18182949936712597)
129	59,0.147944793874	(129, 0.18182949936712597)
129	77,0.150148137459	(129, 0.18182949936712597)
129	100,0.152281902214	(129, 0.18182949936712597)
129	83,0.163332027261	(129, 0.18182949936712597)
129	94,0.166398083566	(129, 0.18182949936712597)
129	25,0.169920397877	(129, 0.18182949936712597)
129	129,0.181829499367	(129, 0.18182949936712597)
130	130,0.136465047273	(130, 0.13646504727290523)
130	13,0.147496459565	(130, 0.13646504727290523)
130	65,0.159034041452	(130, 0.13646504727290523)
130	34,0.162817522566	(130, 0.13646504727290523)
130	91,0.164325422343	(130, 0.13646504727290523)
130	53,0.16807072112	(130, 0.13646504727290523)
130	28,0.172924570775	(130, 0.13646504727290523)
130	155,0.174458809995	(130, 0.13646504727290523)
130	157,0.176115236566	(130, 0.13646504727290523)
130	73,0.176257218314	(130, 0.13646504727290523)
131	131,0.110661813758	(131, 0.11066181375788613)
131	116,0.115551525762	(131, 0.11066181375788613)
131	166,0.119049149071	(131, 0.11066181375788613)
131	72,0.128936286972	(131, 0.11066181375788613)
131	144,0.154428210278	(131, 0.11066181375788613)
131	156,0.162895651694	(131, 0.11066181375788613)
131	104,0.168344180167	(131, 0.11066181375788613)
131	84,0.17588246408	(131, 0.11066181375788613)
131	165,0.181241336392	(131, 0.11066181375788613)
131	93,0.198021801752	(131, 0.11066181375788613)
132	132,0.036986825287	(132, 0.03698682528695145)
132	22,0.0413642136951	(132, 0.03698682528695145)
132	18,0.0432615045393	(132, 0.03698682528695145)
132	76,0.0479811968102	(132, 0.03698682528695145)
132	139,0.0480590486932	(132, 0.03698682528695145)
132	46,0.0494246360069	(132, 0.03698682528695145)
132	147,0.0517340398024	(132, 0.03698682528695145)
132	171,0.0540704808318	(132, 0.03698682528695145)
132	158,0.0550128076171	(132, 0.03698682528695145)
132	121,0.0613116502754	(132, 0.03698682528695145)
133	133,0.051185565072	(133, 0.051185565072013488)
133	130,0.164069736706	(133, 0.051185565072013488)
133	34,0.166676809593	(133, 0.051185565072013488)
133	91,0.170648108637	(133, 0.051185565072013488)
133	103,0.174866156446	(133, 0.051185565072013488)
133	102,0.181380685217	(133, 0.051185565072013488)
133	153,0.195186615026	(133, 0.051185565072013488)
133	110,0.195364453605	(133, 0.051185565072013488)
133	53,0.211573590621	(133, 0.051185565072013488)
133	114,0.216961038925	(133, 0.051185565072013488)
134	121,0.0569601088241	(134, 0.074095219382953728)
134	128,0.0665844068562	(134, 0.074095219382953728)
134	134,0.074095219383	(134, 0.074095219382953728)
134	78,0.0745912401106	(134, 0.074095219382953728)
134	18,0.0855177919727	(134, 0.074095219382953728)
134	22,0.0882112203755	(134, 0.074095219382953728)
134	73,0.0927746811153	(134, 0.074095219382953728)
134	109,0.0969919001481	(134, 0.074095219382953728)
134	152,0.0986483015414	(134, 0.074095219382953728)
134	88,0.101342428049	(134, 0.074095219382953728)
135	147,0.0353265355872	(135, 0.050601099939456648)
135	137,0.0439736753665	(135, 0.050601099939456648)
135	76,0.0476827238273	(135, 0.050601099939456648)
135	63,0.0482795164307	(135, 0.050601099939456648)
135	135,0.0506010999395	(135, 0.050601099939456648)
135	162,0.0554140357985	(135, 0.050601099939456648)
135	171,0.058792034427	(135, 0.050601099939456648)
135	77,0.0605320945756	(135, 0.050601099939456648)
135	136,0.0642977031009	(135, 0.050601099939456648)
135	3,0.0739346512729	(135, 0.050601099939456648)
136	136,0.0771532691457	(136, 0.077153269145668293)
136	121,0.086331210574	(136, 0.077153269145668293)
136	126,0.0911308935411	(136, 0.077153269145668293)
136	54,0.0930900004022	(136, 0.077153269145668293)
136	11,0.0964299227714	(136, 0.077153269145668293)
136	78,0.0987575389558	(136, 0.077153269145668293)
136	151,0.103410450239	(136, 0.077153269145668293)
136	132,0.104758328285	(136, 0.077153269145668293)
136	162,0.110681323727	(136, 0.077153269145668293)
136	3,0.111579454272	(136, 0.077153269145668293)
137	137,0.0244793311301	(137, 0.024479331130130805)
137	63,0.0335324192772	(137, 0.024479331130130805)
137	147,0.0337450251465	(137, 0.024479331130130805)
137	3,0.0482101261188	(137, 0.024479331130130805)
137	171,0.0507146818162	(137, 0.024479331130130805)
137	76,0.0524475786259	(137, 0.024479331130130805)
137	36,0.0579091517434	(137, 0.024479331130130805)
137	90,0.0594004471312	(137, 0.024479331130130805)
137	136,0.0649931609275	(137, 0.024479331130130805)
137	117,0.0671957998638	(137, 0.024479331130130805)
138	78,0.0673546951151	(138, 0.087484029029699664)
138	107,0.0681277450231	(138, 0.087484029029699664)
138	128,0.0705624186619	(138, 0.087484029029699664)
138	158,0.0773402629012	(138, 0.087484029029699664)
138	138,0.0874840290297	(138, 0.087484029029699664)
138	73,0.10272765645	(138, 0.087484029029699664)
138	61,0.108190955125	(138, 0.087484029029699664)
138	99,0.108443039562	(138, 0.087484029029699664)
138	22,0.108734610008	(138, 0.087484029029699664)
138	38,0.110688550095	(138, 0.087484029029699664)
139	139,0.0173854278683	(139, 0.017385427868347406)
139	46,0.0455796289939	(139, 0.017385427868347406)
139	18,0.0519899679637	(139, 0.017385427868347406)
139	76,0.0535552072862	(139, 0.017385427868347406)
139	151,0.0542509180134	(139, 0.017385427868347406)
139	132,0.0563080057873	(139, 0.017385427868347406)
139	22,0.0579133948324	(139, 0.017385427868347406)
139	121,0.0717771396555	(139, 0.017385427868347406)
139	171,0.0744188603399	(139, 0.017385427868347406)
139	63,0.0753307961255	(139, 0.017385427868347406)
140	73,0.106853840965	(140, 0.11656701188780028)
140	124,0.107624136512	(140, 0.11656701188780028)
140	93,0.109505404287	(140, 0.11656701188780028)
140	157,0.112034577643	(140, 0.11656701188780028)
140	140,0.116567011888	(140, 0.11656701188780028)
140	69,0.120297825289	(140, 0.11656701188780028)
140	116,0.134465341532	(140, 0.11656701188780028)
140	13,0.140432101475	(140, 0.11656701188780028)
140	53,0.141128863143	(140, 0.11656701188780028)
140	28,0.146140026339	(140, 0.11656701188780028)
141	48,0.164383537406	(141, 0.18206544345480871)
141	141,0.182065443455	(141, 0.18206544345480871)
141	124,0.209102566783	(141, 0.18206544345480871)
141	97,0.215891549664	(141, 0.18206544345480871)
141	56,0.217187406962	(141, 0.18206544345480871)
141	120,0.221701820013	(141, 0.18206544345480871)
141	4,0.223577877028	(141, 0.18206544345480871)
141	2,0.224014520064	(141, 0.18206544345480871)
141	69,0.227264947346	(141, 0.18206544345480871)
141	33,0.229597728846	(141, 0.18206544345480871)
142	61,0.102509797103	(142, 0.29693973491164921)
142	23,0.12386605664	(142, 0.29693973491164921)
142	105,0.124261449731	(142, 0.29693973491164921)
142	38,0.126193925742	(142, 0.29693973491164921)
142	12,0.129386457646	(142, 0.29693973491164921)
142	16,0.129542332247	(142, 0.29693973491164921)
142	73,0.132903820093	(142, 0.29693973491164921)
142	24,0.139263074618	(142, 0.29693973491164921)
142	78,0.139518454414	(142, 0.29693973491164921)
142	29,0.144752912131	(142, 0.29693973491164921)
143	143,0.0396869970145	(143, 0.039686997014451615)
143	3,0.0435340852283	(143, 0.039686997014451615)
143	112,0.0453153882964	(143, 0.039686997014451615)
143	162,0.0484863573222	(143, 0.039686997014451615)
143	11,0.0490358617953	(143, 0.039686997014451615)
143	90,0.0528403384946	(143, 0.039686997014451615)
143	137,0.056788989498	(143, 0.039686997014451615)
143	21,0.0624452881058	(143, 0.039686997014451615)
143	136,0.0639417153862	(143, 0.039686997014451615)
143	17,0.063986753329	(143, 0.039686997014451615)
144	144,0.0555817270798	(144, 0.055581727079806013)
144	12,0.12584664979	(144, 0.055581727079806013)
144	38,0.128520355629	(144, 0.055581727079806013)
144	14,0.129310767239	(144, 0.055581727079806013)
144	50,0.137533070485	(144, 0.055581727079806013)
144	116,0.139547144911	(144, 0.055581727079806013)
144	156,0.14386760299	(144, 0.055581727079806013)
144	13,0.144341447686	(144, 0.055581727079806013)
144	73,0.148775051028	(144, 0.055581727079806013)
144	109,0.150885248638	(144, 0.055581727079806013)
145	78,0.0743033158561	(145, 0.091696722631444669)
145	128,0.0792387670907	(145, 0.091696722631444669)
145	158,0.0794033964559	(145, 0.091696722631444669)
145	38,0.0866573122324	(145, 0.091696722631444669)
145	55,0.0897511134671	(145, 0.091696722631444669)
145	145,0.0916967226314	(145, 0.091696722631444669)
145	24,0.0954381014579	(145, 0.091696722631444669)
145	12,0.106786461674	(145, 0.091696722631444669)
145	61,0.111676659316	(145, 0.091696722631444669)
145	22,0.112218629266	(145, 0.091696722631444669)
146	146,0.0286203576014	(146, 0.028620357601414997)
146	159,0.0663430984715	(146, 0.028620357601414997)
146	12,0.0886293290648	(146, 0.028620357601414997)
146	137,0.102500837185	(146, 0.028620357601414997)
146	81,0.102654499882	(146, 0.028620357601414997)
146	46,0.105593678015	(146, 0.028620357601414997)
146	132,0.106391115017	(146, 0.028620357601414997)
146	18,0.109715370797	(146, 0.028620357601414997)
146	172,0.111246833211	(146, 0.028620357601414997)
146	3,0.112625779703	(146, 0.028620357601414997)
147	63,0.0282671166785	(147, 0.02932613311043383)
147	147,0.0293261331104	(147, 0.02932613311043383)
147	76,0.0304115889976	(147, 0.02932613311043383)
147	132,0.0461081827659	(147, 0.02932613311043383)
147	151,0.050036595368	(147, 0.02932613311043383)
147	22,0.051887712357	(147, 0.02932613311043383)
147	18,0.053932684274	(147, 0.02932613311043383)
147	171,0.0551382195504	(147, 0.02932613311043383)
147	3,0.0552925858052	(147, 0.02932613311043383)
147	126,0.0555288615742	(147, 0.02932613311043383)
148	148,0.0393479849609	(148, 0.039347984960866472)
148	17,0.0517725257509	(148, 0.039347984960866472)
148	143,0.0530668574075	(148, 0.039347984960866472)
148	90,0.0668564366321	(148, 0.039347984960866472)
148	100,0.0712000303881	(148, 0.039347984960866472)
148	112,0.0852463482027	(148, 0.039347984960866472)
148	49,0.0955368269473	(148, 0.039347984960866472)
148	172,0.0955773210268	(148, 0.039347984960866472)
148	3,0.100496777925	(148, 0.039347984960866472)
148	37,0.103761493479	(148, 0.039347984960866472)
149	149,0.111701378763	(149, 0.11170137876308819)
149	32,0.192677515551	(149, 0.11170137876308819)
149	169,0.232221662418	(149, 0.11170137876308819)
149	33,0.243204553397	(149, 0.11170137876308819)
149	111,0.346087046518	(149, 0.11170137876308819)
149	27,0.352914150984	(149, 0.11170137876308819)
149	165,0.35332227763	(149, 0.11170137876308819)
149	156,0.354270230664	(149, 0.11170137876308819)
149	45,0.366353289893	(149, 0.11170137876308819)
149	51,0.366465311417	(149, 0.11170137876308819)
150	3,0.0310980270949	(150, 0.062484822660588628)
150	11,0.040225887838	(150, 0.062484822660588628)
150	71,0.0475053100145	(150, 0.062484822660588628)
150	162,0.0493081032487	(150, 0.062484822660588628)
150	63,0.0582478254688	(150, 0.062484822660588628)
150	121,0.0583791535961	(150, 0.062484822660588628)
150	143,0.0587528479086	(150, 0.062484822660588628)
150	86,0.0622039081243	(150, 0.062484822660588628)
150	150,0.0624848226606	(150, 0.062484822660588628)
150	117,0.0625990889018	(150, 0.062484822660588628)
151	121,0.0400079007385	(151, 0.055860387880879325)
151	132,0.0530501247919	(151, 0.055860387880879325)
151	151,0.0558603878809	(151, 0.055860387880879325)
151	70,0.0578312913969	(151, 0.055860387880879325)
151	3,0.0607457915321	(151, 0.055860387880879325)
151	63,0.0655479603322	(151, 0.055860387880879325)
151	81,0.0658152900196	(151, 0.055860387880879325)
151	11,0.0660073238634	(151, 0.055860387880879325)
151	22,0.0709808027562	(151, 0.055860387880879325)
151	117,0.0714117426957	(151, 0.055860387880879325)
152	152,0.0562070635352	(152, 0.056207063535245134)
152	121,0.0749706595696	(152, 0.056207063535245134)
152	18,0.0825151246828	(152, 0.056207063535245134)
152	117,0.08884410945	(152, 0.056207063535245134)
152	88,0.0896290009389	(152, 0.056207063535245134)
152	35,0.0909586843793	(152, 0.056207063535245134)
152	12,0.0915671358478	(152, 0.056207063535245134)
152	81,0.0947941659029	(152, 0.056207063535245134)
152	139,0.0949554894609	(152, 0.056207063535245134)
152	22,0.0993165533137	(152, 0.056207063535245134)
153	133,0.0853779848627	(153, 0.1364731389773203)
153	34,0.13644771426	(153, 0.1364731389773203)
153	153,0.136473138977	(153, 0.1364731389773203)
153	130,0.143762204175	(153, 0.1364731389773203)
153	91,0.153521680602	(153, 0.1364731389773203)
153	102,0.161641760137	(153, 0.1364731389773203)
153	103,0.188011218439	(153, 0.1364731389773203)
153	1,0.2011601722	(153, 0.1364731389773203)
153	95,0.202400790059	(153, 0.1364731389773203)
153	28,0.203203288909	(153, 0.1364731389773203)
154	154,0.0349399965976	(154, 0.034939996597563611)
154	40,0.0908763238013	(154, 0.034939996597563611)
154	172,0.103816215075	(154, 0.034939996597563611)
154	69,0.112544657959	(154, 0.034939996597563611)
154	174,0.122546163239	(154, 0.034939996597563611)
154	116,0.136298669586	(154, 0.034939996597563611)
154	4,0.146279210606	(154, 0.034939996597563611)
154	48,0.15113124676	(154, 0.034939996597563611)
154	123,0.153790053214	(154, 0.034939996597563611)
154	17,0.176090927898	(154, 0.034939996597563611)
155	11,0.0546417491954	(155, 0.091609979417369314)
155	162,0.0594904955578	(155, 0.091609979417369314)
155	71,0.0631991878464	(155, 0.091609979417369314)
155	121,0.0641424812684	(155, 0.091609979417369314)
155	1,0.0762935202237	(155, 0.091609979417369314)
155	3,0.0806664568075	(155, 0.091609979417369314)
155	81,0.0809431792232	(155, 0.091609979417369314)
155	117,0.0839917132017	(155, 0.091609979417369314)
155	73,0.0851876974497	(155, 0.091609979417369314)
155	70,0.0890143625579	(155, 0.091609979417369314)
156	73,0.0721224239151	(156, 0.075614614438854325)
156	156,0.0756146144389	(156, 0.075614614438854325)
156	144,0.0840604881843	(156, 0.075614614438854325)
156	109,0.0891586096505	(156, 0.075614614438854325)
156	93,0.108000581337	(156, 0.075614614438854325)
156	27,0.118391070039	(156, 0.075614614438854325)
156	116,0.118691949827	(156, 0.075614614438854325)
156	131,0.125910942154	(156, 0.075614614438854325)
156	84,0.126504210618	(156, 0.075614614438854325)
156	50,0.131521758116	(156, 0.075614614438854325)
157	22,0.0704724757491	(157, 0.091424018555377976)
157	12,0.0720291973592	(157, 0.091424018555377976)
157	73,0.075331331495	(157, 0.091424018555377976)
157	126,0.0776217542413	(157, 0.091424018555377976)
157	93,0.0797676102914	(157, 0.091424018555377976)
157	3,0.0822014919947	(157, 0.091424018555377976)
157	172,0.0858985487351	(157, 0.091424018555377976)
157	128,0.0864896239046	(157, 0.091424018555377976)
157	121,0.0879947004333	(157, 0.091424018555377976)
157	76,0.0879951622345	(157, 0.091424018555377976)
158	77,0.0408112255531	(158, 0.127995789568216)
158	3,0.0490044063807	(158, 0.127995789568216)
158	147,0.059560357509	(158, 0.127995789568216)
158	63,0.0601837774624	(158, 0.127995789568216)
158	37,0.0602634735105	(158, 0.127995789568216)
158	171,0.060663391351	(158, 0.127995789568216)
158	136,0.0610607143472	(158, 0.127995789568216)
158	76,0.0613169037184	(158, 0.127995789568216)
158	137,0.0617337208825	(158, 0.127995789568216)
158	11,0.0664257595503	(158, 0.127995789568216)
159	146,0.0353109921362	(159, 0.079198565308907481)
159	137,0.066099006479	(159, 0.079198565308907481)
159	150,0.0708930313558	(159, 0.079198565308907481)
159	18,0.0724600717436	(159, 0.079198565308907481)
159	46,0.0729633500529	(159, 0.079198565308907481)
159	81,0.0733069403719	(159, 0.079198565308907481)
159	3,0.0760212109128	(159, 0.079198565308907481)
159	36,0.0766816325409	(159, 0.079198565308907481)
159	159,0.0791985653089	(159, 0.079198565308907481)
159	151,0.0820439208934	(159, 0.079198565308907481)
160	164,0.127339754357	(160, 0.56234697773517406)
160	73,0.130526848795	(160, 0.56234697773517406)
160	38,0.13209981785	(160, 0.56234697773517406)
160	27,0.137577104354	(160, 0.56234697773517406)
160	105,0.151502162829	(160, 0.56234697773517406)
160	12,0.153202328968	(160, 0.56234697773517406)
160	109,0.155193865198	(160, 0.56234697773517406)
160	43,0.156709733116	(160, 0.56234697773517406)
160	107,0.16277809449	(160, 0.56234697773517406)
160	24,0.163794761799	(160, 0.56234697773517406)
161	161,0.0323905062153	(161, 0.032390506215346421)
161	65,0.0790343206415	(161, 0.032390506215346421)
161	17,0.0840977194729	(161, 0.032390506215346421)
161	155,0.0956367720243	(161, 0.032390506215346421)
161	83,0.0966404204819	(161, 0.032390506215346421)
161	44,0.0982556140121	(161, 0.032390506215346421)
161	68,0.111046551943	(161, 0.032390506215346421)
161	120,0.112920047366	(161, 0.032390506215346421)
161	100,0.115585103685	(161, 0.032390506215346421)
161	71,0.115827951626	(161, 0.032390506215346421)
162	162,0.0426176961089	(162, 0.042617696108945592)
162	18,0.0488882670623	(162, 0.042617696108945592)
162	76,0.0518225488769	(162, 0.042617696108945592)
162	147,0.0553640989614	(162, 0.042617696108945592)
162	117,0.0569477101564	(162, 0.042617696108945592)
162	88,0.0639799848341	(162, 0.042617696108945592)
162	150,0.0651017415282	(162, 0.042617696108945592)
162	63,0.0678867008013	(162, 0.042617696108945592)
162	121,0.069632798585	(162, 0.042617696108945592)
162	171,0.0721621043745	(162, 0.042617696108945592)
163	17,0.0617592115332	(163, 0.1038942911613692)
163	172,0.0716557343215	(163, 0.1038942911613692)
163	40,0.0768936664843	(163, 0.1038942911613692)
163	3,0.0797791338753	(163, 0.1038942911613692)
163	148,0.0819696515184	(163, 0.1038942911613692)
163	100,0.0849360531473	(163, 0.1038942911613692)
163	143,0.0884606793171	(163, 0.1038942911613692)
163	37,0.0889367109446	(163, 0.1038942911613692)
163	83,0.0933597137257	(163, 0.1038942911613692)
163	11,0.0964904129398	(163, 0.1038942911613692)
164	156,0.0931828717386	(164, 0.11410843921809574)
164	164,0.114108439218	(164, 0.11410843921809574)
164	27,0.114889466817	(164, 0.11410843921809574)
164	73,0.119435353784	(164, 0.11410843921809574)
164	144,0.128066542896	(164, 0.11410843921809574)
164	32,0.136454355079	(164, 0.11410843921809574)
164	109,0.142695231061	(164, 0.11410843921809574)
164	131,0.145879327135	(164, 0.11410843921809574)
164	13,0.167718996435	(164, 0.11410843921809574)
164	107,0.171013027168	(164, 0.11410843921809574)
165	93,0.096248393222	(165, 0.12344421953442387)
165	116,0.122572494229	(165, 0.12344421953442387)
165	165,0.123444219534	(165, 0.12344421953442387)
165	157,0.127027366902	(165, 0.12344421953442387)
165	144,0.128098818817	(165, 0.12344421953442387)
165	131,0.1331084732	(165, 0.12344421953442387)
165	73,0.133982241279	(165, 0.12344421953442387)
165	156,0.148422666006	(165, 0.12344421953442387)
165	124,0.159095449732	(165, 0.12344421953442387)
165	13,0.164125788732	(165, 0.12344421953442387)
166	116,0.138618722512	(166, 0.17593775064474765)
166	69,0.141831078981	(166, 0.17593775064474765)
166	124,0.142646435719	(166, 0.17593775064474765)
166	13,0.158732040763	(166, 0.17593775064474765)
166	140,0.159498985848	(166, 0.17593775064474765)
166	104,0.164070778749	(166, 0.17593775064474765)
166	144,0.166487726483	(166, 0.17593775064474765)
166	157,0.169076578433	(166, 0.17593775064474765)
166	166,0.175937750645	(166, 0.17593775064474765)
166	123,0.185483017818	(166, 0.17593775064474765)
167	51,0.103519705623	(167, 0.20113108316781184)
167	39,0.146469419252	(167, 0.20113108316781184)
167	32,0.148438426553	(167, 0.20113108316781184)
167	27,0.159755233397	(167, 0.20113108316781184)
167	167,0.201131083168	(167, 0.20113108316781184)
167	169,0.210136758616	(167, 0.20113108316781184)
167	19,0.213814784752	(167, 0.20113108316781184)
167	156,0.2319658421	(167, 0.20113108316781184)
167	164,0.237443663578	(167, 0.20113108316781184)
167	107,0.241277758758	(167, 0.20113108316781184)
168	12,0.08872915653	(168, 0.10204849428398384)
168	55,0.101846044303	(168, 0.10204849428398384)
168	168,0.102048494284	(168, 0.10204849428398384)
168	18,0.107460966867	(168, 0.10204849428398384)
168	152,0.111785070351	(168, 0.10204849428398384)
168	121,0.112214978126	(168, 0.10204849428398384)
168	86,0.115258093175	(168, 0.10204849428398384)
168	38,0.117311784265	(168, 0.10204849428398384)
168	105,0.120304148043	(168, 0.10204849428398384)
168	151,0.125484113005	(168, 0.10204849428398384)
169	156,0.142948473811	(169, 0.14300957950362808)
169	169,0.143009579504	(169, 0.14300957950362808)
169	27,0.144643284578	(169, 0.14300957950362808)
169	73,0.162039558876	(169, 0.14300957950362808)
169	164,0.170385523583	(169, 0.14300957950362808)
169	99,0.172652280632	(169, 0.14300957950362808)
169	170,0.172854842477	(169, 0.14300957950362808)
169	109,0.177062579136	(169, 0.14300957950362808)
169	39,0.178466984573	(169, 0.14300957950362808)
169	41,0.185177969993	(169, 0.14300957950362808)
170	170,0.0883597395971	(170, 0.08835973959709377)
170	27,0.107411055466	(170, 0.08835973959709377)
170	99,0.120245321291	(170, 0.08835973959709377)
170	73,0.133635709165	(170, 0.08835973959709377)
170	19,0.135738459413	(170, 0.08835973959709377)
170	144,0.141417632615	(170, 0.08835973959709377)
170	109,0.16487335244	(170, 0.08835973959709377)
170	114,0.166022924825	(170, 0.08835973959709377)
170	0,0.170589259801	(170, 0.08835973959709377)
170	84,0.170692884174	(170, 0.08835973959709377)
171	27,0.102757846209	(171, 0.3018397027139671)
171	156,0.104641576898	(171, 0.3018397027139671)
171	73,0.123129470587	(171, 0.3018397027139671)
171	32,0.125736067377	(171, 0.3018397027139671)
171	107,0.139193462516	(171, 0.3018397027139671)
171	164,0.146477454832	(171, 0.3018397027139671)
171	51,0.160811332663	(171, 0.3018397027139671)
171	19,0.161410954975	(171, 0.3018397027139671)
171	102,0.173715101012	(171, 0.3018397027139671)
171	144,0.176711305159	(171, 0.3018397027139671)
172	172,0.0218779854694	(172, 0.021877985469435139)
172	137,0.0519232169751	(172, 0.021877985469435139)
172	3,0.0570202868415	(172, 0.021877985469435139)
172	17,0.0599255816222	(172, 0.021877985469435139)
172	90,0.0714682463697	(172, 0.021877985469435139)
172	77,0.0722855040835	(172, 0.021877985469435139)
172	136,0.0743779352401	(172, 0.021877985469435139)
172	81,0.0761282849053	(172, 0.021877985469435139)
172	37,0.0824255625427	(172, 0.021877985469435139)
172	40,0.0832011964824	(172, 0.021877985469435139)
173	107,0.101069916826	(173, 0.18094411590434892)
173	158,0.102766286224	(173, 0.18094411590434892)
173	38,0.110960689922	(173, 0.18094411590434892)
173	24,0.112771944794	(173, 0.18094411590434892)
173	27,0.11665178413	(173, 0.18094411590434892)
173	128,0.137882803656	(173, 0.18094411590434892)
173	61,0.138327911963	(173, 0.18094411590434892)
173	78,0.138920744412	(173, 0.18094411590434892)
173	156,0.143694043171	(173, 0.18094411590434892)
173	43,0.15198140943	(173, 0.18094411590434892)
174	174,0.0381214218417	(174, 0.038121421841708317)
174	15,0.0616225526049	(174, 0.038121421841708317)
174	56,0.0628320014689	(174, 0.038121421841708317)
174	17,0.0800408170187	(174, 0.038121421841708317)
174	120,0.0867568461444	(174, 0.038121421841708317)
174	4,0.0926324524445	(174, 0.038121421841708317)
174	69,0.093592552434	(174, 0.038121421841708317)
174	2,0.094194655448	(174, 0.038121421841708317)
174	172,0.107073191072	(174, 0.038121421841708317)
174	154,0.111663463197	(174, 0.038121421841708317)
