0	0,0.0589736411757	(0, 0.058973641175707192)
0	84,0.119232004531	(0, 0.058973641175707192)
0	38,0.127839742254	(0, 0.058973641175707192)
0	99,0.130657851167	(0, 0.058973641175707192)
0	109,0.153032450031	(0, 0.058973641175707192)
0	14,0.156000117624	(0, 0.058973641175707192)
0	144,0.15671691953	(0, 0.058973641175707192)
0	173,0.160745118673	(0, 0.058973641175707192)
0	138,0.168835156775	(0, 0.058973641175707192)
0	55,0.173956585277	(0, 0.058973641175707192)
1	1,0.048090643703	(1, 0.048090643702986824)
1	102,0.0728263224606	(1, 0.048090643702986824)
1	28,0.077488025488	(1, 0.048090643702986824)
1	103,0.0785727784836	(1, 0.048090643702986824)
1	91,0.0877021732261	(1, 0.048090643702986824)
1	114,0.0893223663261	(1, 0.048090643702986824)
1	155,0.0951680496643	(1, 0.048090643702986824)
1	41,0.100354642196	(1, 0.048090643702986824)
1	153,0.1011370327	(1, 0.048090643702986824)
1	53,0.101625690686	(1, 0.048090643702986824)
2	4,0.0530300101954	(2, 0.091913710703653298)
2	154,0.0546994016215	(2, 0.091913710703653298)
2	174,0.0759143195629	(2, 0.091913710703653298)
2	69,0.0779347850676	(2, 0.091913710703653298)
2	40,0.0814447656057	(2, 0.091913710703653298)
2	172,0.0900199942766	(2, 0.091913710703653298)
2	2,0.0919137107037	(2, 0.091913710703653298)
2	25,0.105861359899	(2, 0.091913710703653298)
2	148,0.114152595438	(2, 0.091913710703653298)
2	15,0.114330811523	(2, 0.091913710703653298)
3	3,0.0206675147776	(3, 0.020667514777646317)
3	63,0.0375795825452	(3, 0.020667514777646317)
3	81,0.0471875130325	(3, 0.020667514777646317)
3	162,0.0478888487724	(3, 0.020667514777646317)
3	11,0.0490204734016	(3, 0.020667514777646317)
3	132,0.0522843869755	(3, 0.020667514777646317)
3	150,0.0548650263363	(3, 0.020667514777646317)
3	121,0.0560604361287	(3, 0.020667514777646317)
3	147,0.0580793334661	(3, 0.020667514777646317)
3	137,0.058148102887	(3, 0.020667514777646317)
4	172,0.0465026468714	(4, 0.057076063162615841)
4	13,0.0480773417204	(4, 0.057076063162615841)
4	69,0.0569719407923	(4, 0.057076063162615841)
4	4,0.0570760631626	(4, 0.057076063162615841)
4	17,0.0599037938414	(4, 0.057076063162615841)
4	40,0.0615332690278	(4, 0.057076063162615841)
4	37,0.066684555555	(4, 0.057076063162615841)
4	120,0.0679119793847	(4, 0.057076063162615841)
4	77,0.0699253098339	(4, 0.057076063162615841)
4	3,0.0746162771565	(4, 0.057076063162615841)
5	73,0.0496428357014	(5, 0.20986450332758255)
5	107,0.0934233523921	(5, 0.20986450332758255)
5	95,0.0994050821265	(5, 0.20986450332758255)
5	93,0.101399847098	(5, 0.20986450332758255)
5	26,0.106183771095	(5, 0.20986450332758255)
5	1,0.108212962381	(5, 0.20986450332758255)
5	78,0.111520616886	(5, 0.20986450332758255)
5	128,0.116008819231	(5, 0.20986450332758255)
5	124,0.117077182295	(5, 0.20986450332758255)
5	101,0.120353502103	(5, 0.20986450332758255)
6	139,0.0319753924529	(6, 0.042378443494815843)
6	46,0.0396703863803	(6, 0.042378443494815843)
6	6,0.0423784434948	(6, 0.042378443494815843)
6	76,0.0551600679247	(6, 0.042378443494815843)
6	22,0.0565298447738	(6, 0.042378443494815843)
6	18,0.0605631345697	(6, 0.042378443494815843)
6	171,0.0631342105948	(6, 0.042378443494815843)
6	158,0.0631670588741	(6, 0.042378443494815843)
6	132,0.0661589591712	(6, 0.042378443494815843)
6	35,0.0668880264148	(6, 0.042378443494815843)
7	66,0.232601158145	(7, 0.39787942059188469)
7	51,0.315573437007	(7, 0.39787942059188469)
7	167,0.318696570244	(7, 0.39787942059188469)
7	80,0.327559185367	(7, 0.39787942059188469)
7	32,0.335389716865	(7, 0.39787942059188469)
7	169,0.344622291174	(7, 0.39787942059188469)
7	160,0.34617447645	(7, 0.39787942059188469)
7	133,0.378346115048	(7, 0.39787942059188469)
7	7,0.397879420592	(7, 0.39787942059188469)
7	149,0.411098083132	(7, 0.39787942059188469)
8	11,0.0541130731043	(8, 0.066115642052867421)
8	121,0.0570882461721	(8, 0.066115642052867421)
8	162,0.0656970551149	(8, 0.066115642052867421)
8	8,0.0661156420529	(8, 0.066115642052867421)
8	73,0.0726990232219	(8, 0.066115642052867421)
8	71,0.0729809117875	(8, 0.066115642052867421)
8	3,0.0783268563668	(8, 0.066115642052867421)
8	18,0.079431961029	(8, 0.066115642052867421)
8	1,0.0804455881661	(8, 0.066115642052867421)
8	78,0.0808143557887	(8, 0.066115642052867421)
9	9,0.0936192707419	(9, 0.093619270741948035)
9	155,0.179487045068	(9, 0.093619270741948035)
9	114,0.181919717575	(9, 0.093619270741948035)
9	53,0.195364225869	(9, 0.093619270741948035)
9	91,0.200406198419	(9, 0.093619270741948035)
9	124,0.220291803102	(9, 0.093619270741948035)
9	28,0.255877720756	(9, 0.093619270741948035)
9	41,0.263643830286	(9, 0.093619270741948035)
9	65,0.265997371536	(9, 0.093619270741948035)
9	52,0.281184445272	(9, 0.093619270741948035)
10	10,0.109997596603	(10, 0.10999759660315607)
10	47,0.149988943122	(10, 0.10999759660315607)
10	167,0.284291911726	(10, 0.10999759660315607)
10	99,0.288326305901	(10, 0.10999759660315607)
10	84,0.296423212675	(10, 0.10999759660315607)
10	173,0.303409116458	(10, 0.10999759660315607)
10	166,0.317271335963	(10, 0.10999759660315607)
10	14,0.333507386268	(10, 0.10999759660315607)
10	27,0.334241673473	(10, 0.10999759660315607)
10	72,0.33716669857	(10, 0.10999759660315607)
11	11,0.0247828502844	(11, 0.024782850284413044)
11	119,0.0522318889246	(11, 0.024782850284413044)
11	81,0.0545943942819	(11, 0.024782850284413044)
11	115,0.0628540414398	(11, 0.024782850284413044)
11	3,0.0659074490969	(11, 0.024782850284413044)
11	96,0.0668053896609	(11, 0.024782850284413044)
11	37,0.0750244572189	(11, 0.024782850284413044)
11	112,0.0800799791265	(11, 0.024782850284413044)
11	86,0.0814358629166	(11, 0.024782850284413044)
11	71,0.0822946351825	(11, 0.024782850284413044)
12	22,0.035550117846	(12, 0.039135959586124376)
12	126,0.03622707856	(12, 0.039135959586124376)
12	12,0.0391359595861	(12, 0.039135959586124376)
12	76,0.0396450615915	(12, 0.039135959586124376)
12	121,0.0424113459798	(12, 0.039135959586124376)
12	151,0.042671930613	(12, 0.039135959586124376)
12	3,0.0471872498159	(12, 0.039135959586124376)
12	18,0.0492380768322	(12, 0.039135959586124376)
12	86,0.0500759569391	(12, 0.039135959586124376)
12	137,0.0503350146988	(12, 0.039135959586124376)
13	172,0.0365758621044	(13, 0.058905317649190977)
13	17,0.0379153009075	(13, 0.058905317649190977)
13	11,0.0411191420102	(13, 0.058905317649190977)
13	162,0.0456754199424	(13, 0.058905317649190977)
13	77,0.048659774856	(13, 0.058905317649190977)
13	90,0.0494414266668	(13, 0.058905317649190977)
13	3,0.0507765543921	(13, 0.058905317649190977)
13	136,0.0511641381582	(13, 0.058905317649190977)
13	37,0.0525988071734	(13, 0.058905317649190977)
13	71,0.0537605688977	(13, 0.058905317649190977)
14	14,0.0461239274109	(14, 0.046123927410875405)
14	72,0.0504863226291	(14, 0.046123927410875405)
14	159,0.0775429595505	(14, 0.046123927410875405)
14	84,0.095726474399	(14, 0.046123927410875405)
14	109,0.0967890207953	(14, 0.046123927410875405)
14	144,0.0976976987327	(14, 0.046123927410875405)
14	145,0.104033333123	(14, 0.046123927410875405)
14	131,0.109410231811	(14, 0.046123927410875405)
14	38,0.110413339696	(14, 0.046123927410875405)
14	123,0.115796747085	(14, 0.046123927410875405)
15	15,0.0380420810009	(15, 0.038042081000875375)
15	17,0.0465584283621	(15, 0.038042081000875375)
15	100,0.057471191962	(15, 0.038042081000875375)
15	77,0.0577197873253	(15, 0.038042081000875375)
15	49,0.0578654801414	(15, 0.038042081000875375)
15	59,0.0663687790347	(15, 0.038042081000875375)
15	172,0.06723490967	(15, 0.038042081000875375)
15	174,0.0685687640491	(15, 0.038042081000875375)
15	69,0.0811921232392	(15, 0.038042081000875375)
15	83,0.0816542091353	(15, 0.038042081000875375)
16	16,0.0752564970191	(16, 0.075256497019081381)
16	170,0.091658049651	(16, 0.075256497019081381)
16	19,0.101088750785	(16, 0.075256497019081381)
16	0,0.112146393077	(16, 0.075256497019081381)
16	27,0.124852575	(16, 0.075256497019081381)
16	114,0.128552418217	(16, 0.075256497019081381)
16	144,0.135062003892	(16, 0.075256497019081381)
16	101,0.141317477428	(16, 0.075256497019081381)
16	164,0.143133967619	(16, 0.075256497019081381)
16	73,0.145224897695	(16, 0.075256497019081381)
17	17,0.0256904670666	(17, 0.025690467066564287)
17	172,0.0338728545768	(17, 0.025690467066564287)
17	77,0.0446593182786	(17, 0.025690467066564287)
17	100,0.0513098971245	(17, 0.025690467066564287)
17	90,0.0543492006852	(17, 0.025690467066564287)
17	37,0.0543910698493	(17, 0.025690467066564287)
17	143,0.0549842543434	(17, 0.025690467066564287)
17	136,0.0578441188938	(17, 0.025690467066564287)
17	49,0.0611051652857	(17, 0.025690467066564287)
17	3,0.061943447772	(17, 0.025690467066564287)
18	18,0.0259549401276	(18, 0.025954940127591135)
18	88,0.0363822835869	(18, 0.025954940127591135)
18	22,0.0386987321129	(18, 0.025954940127591135)
18	121,0.0404758463904	(18, 0.025954940127591135)
18	76,0.0425073577731	(18, 0.025954940127591135)
18	35,0.0431560680892	(18, 0.025954940127591135)
18	61,0.0456016660724	(18, 0.025954940127591135)
18	139,0.0460219667374	(18, 0.025954940127591135)
18	132,0.0495673480538	(18, 0.025954940127591135)
18	23,0.0545136405752	(18, 0.025954940127591135)
19	19,0.0872453089807	(19, 0.087245308980730449)
19	27,0.0926127415166	(19, 0.087245308980730449)
19	43,0.107444240002	(19, 0.087245308980730449)
19	99,0.115321626861	(19, 0.087245308980730449)
19	32,0.156529033182	(19, 0.087245308980730449)
19	84,0.158297587592	(19, 0.087245308980730449)
19	164,0.158893676268	(19, 0.087245308980730449)
19	107,0.169792922073	(19, 0.087245308980730449)
19	144,0.175991569371	(19, 0.087245308980730449)
19	0,0.179346955731	(19, 0.087245308980730449)
20	73,0.0692202350312	(20, 0.074814843402010583)
20	20,0.074814843402	(20, 0.074814843402010583)
20	124,0.0752931563444	(20, 0.074814843402010583)
20	93,0.0883329685313	(20, 0.074814843402010583)
20	1,0.0923861427606	(20, 0.074814843402010583)
20	109,0.0971157525779	(20, 0.074814843402010583)
20	89,0.0971651098542	(20, 0.074814843402010583)
20	157,0.100689584519	(20, 0.074814843402010583)
20	101,0.10525604907	(20, 0.074814843402010583)
20	128,0.105972477005	(20, 0.074814843402010583)
21	121,0.0354120484056	(21, 0.063243174419358075)
21	71,0.037174737667	(21, 0.063243174419358075)
21	11,0.0388358172014	(21, 0.063243174419358075)
21	162,0.0454719118468	(21, 0.063243174419358075)
21	117,0.045922400383	(21, 0.063243174419358075)
21	22,0.0561119565386	(21, 0.063243174419358075)
21	23,0.0566512995414	(21, 0.063243174419358075)
21	76,0.0613053902269	(21, 0.063243174419358075)
21	63,0.0625786141521	(21, 0.063243174419358075)
21	21,0.0632431744194	(21, 0.063243174419358075)
22	22,0.0317238062771	(22, 0.031723806277146362)
22	117,0.0331293136507	(22, 0.031723806277146362)
22	76,0.0355298180312	(22, 0.031723806277146362)
22	139,0.0372572599646	(22, 0.031723806277146362)
22	46,0.0429612093574	(22, 0.031723806277146362)
22	132,0.0437722692605	(22, 0.031723806277146362)
22	3,0.0478689162451	(22, 0.031723806277146362)
22	63,0.048831864288	(22, 0.031723806277146362)
22	18,0.0494533519243	(22, 0.031723806277146362)
22	171,0.0513173177398	(22, 0.031723806277146362)
23	23,0.0181395613674	(23, 0.018139561367409171)
23	61,0.0260874340033	(23, 0.018139561367409171)
23	26,0.0613855130988	(23, 0.018139561367409171)
23	121,0.0636900745897	(23, 0.018139561367409171)
23	78,0.072254973939	(23, 0.018139561367409171)
23	63,0.0741108845753	(23, 0.018139561367409171)
23	162,0.0744622761393	(23, 0.018139561367409171)
23	76,0.0802027791775	(23, 0.018139561367409171)
23	147,0.0850542222543	(23, 0.018139561367409171)
23	70,0.087607035981	(23, 0.018139561367409171)
24	24,0.0344532820688	(24, 0.034453282068767861)
24	107,0.0817321660893	(24, 0.034453282068767861)
24	27,0.0882545797918	(24, 0.034453282068767861)
24	158,0.104068107974	(24, 0.034453282068767861)
24	61,0.104411047506	(24, 0.034453282068767861)
24	50,0.111739491761	(24, 0.034453282068767861)
24	135,0.112728892514	(24, 0.034453282068767861)
24	73,0.115312303195	(24, 0.034453282068767861)
24	22,0.115638191022	(24, 0.034453282068767861)
24	12,0.117582104532	(24, 0.034453282068767861)
25	69,0.0328940698013	(25, 0.051551807564650123)
25	40,0.0468807490102	(25, 0.051551807564650123)
25	25,0.0515518075647	(25, 0.051551807564650123)
25	4,0.0569964933721	(25, 0.051551807564650123)
25	15,0.0640654555842	(25, 0.051551807564650123)
25	148,0.0761199547107	(25, 0.051551807564650123)
25	79,0.0801891634591	(25, 0.051551807564650123)
25	154,0.0921141522401	(25, 0.051551807564650123)
25	120,0.0924371933193	(25, 0.051551807564650123)
25	172,0.0944306844294	(25, 0.051551807564650123)
26	18,0.032748056327	(26, 0.075406202397820046)
26	121,0.0350328719268	(26, 0.075406202397820046)
26	76,0.0350852527763	(26, 0.075406202397820046)
26	22,0.0376096124599	(26, 0.075406202397820046)
26	63,0.0385639156947	(26, 0.075406202397820046)
26	147,0.0405994982756	(26, 0.075406202397820046)
26	151,0.0414372912967	(26, 0.075406202397820046)
26	132,0.0419080912862	(26, 0.075406202397820046)
26	117,0.0422048075078	(26, 0.075406202397820046)
26	3,0.0466732566266	(26, 0.075406202397820046)
27	78,0.0774842599381	(27, 0.095773090997645111)
27	170,0.0781645577426	(27, 0.095773090997645111)
27	73,0.081713578379	(27, 0.095773090997645111)
27	121,0.0902350920434	(27, 0.095773090997645111)
27	26,0.0915159212786	(27, 0.095773090997645111)
27	101,0.0919619670418	(27, 0.095773090997645111)
27	61,0.0946168889923	(27, 0.095773090997645111)
27	27,0.0957730909976	(27, 0.095773090997645111)
27	19,0.0989144406892	(27, 0.095773090997645111)
27	107,0.0995656533318	(27, 0.095773090997645111)
28	1,0.0612068481732	(28, 0.072866519725967027)
28	13,0.0630786517699	(28, 0.072866519725967027)
28	28,0.072866519726	(28, 0.072866519725967027)
28	3,0.0733534254605	(28, 0.072866519725967027)
28	73,0.0757940038614	(28, 0.072866519725967027)
28	155,0.0918537629201	(28, 0.072866519725967027)
28	65,0.0922027010522	(28, 0.072866519725967027)
28	53,0.0936786620369	(28, 0.072866519725967027)
28	93,0.094774864953	(28, 0.072866519725967027)
28	83,0.0970520509943	(28, 0.072866519725967027)
29	29,0.0378361242243	(29, 0.037836124224294138)
29	77,0.046547757887	(29, 0.037836124224294138)
29	71,0.0642023270192	(29, 0.037836124224294138)
29	135,0.064677847977	(29, 0.037836124224294138)
29	13,0.0685355696374	(29, 0.037836124224294138)
29	172,0.0709294154942	(29, 0.037836124224294138)
29	73,0.0720667780525	(29, 0.037836124224294138)
29	3,0.0786492432489	(29, 0.037836124224294138)
29	1,0.0793007127122	(29, 0.037836124224294138)
29	11,0.0804220027878	(29, 0.037836124224294138)
30	30,0.0940702618111	(30, 0.094070261811101036)
30	91,0.118651033729	(30, 0.094070261811101036)
30	28,0.127440121417	(30, 0.094070261811101036)
30	103,0.13492074729	(30, 0.094070261811101036)
30	1,0.151723142615	(30, 0.094070261811101036)
30	53,0.163413652777	(30, 0.094070261811101036)
30	153,0.164141150183	(30, 0.094070261811101036)
30	95,0.171466216494	(30, 0.094070261811101036)
30	102,0.171853943036	(30, 0.094070261811101036)
30	51,0.177654262629	(30, 0.094070261811101036)
31	166,0.100269245142	(31, 0.12349218217823797)
31	72,0.117826394781	(31, 0.12349218217823797)
31	31,0.123492182178	(31, 0.12349218217823797)
31	116,0.132915813317	(31, 0.12349218217823797)
31	144,0.144356704788	(31, 0.12349218217823797)
31	131,0.152112117256	(31, 0.12349218217823797)
31	123,0.156598645742	(31, 0.12349218217823797)
31	104,0.161021522936	(31, 0.12349218217823797)
31	69,0.162816616202	(31, 0.12349218217823797)
31	124,0.167292471762	(31, 0.12349218217823797)
32	32,0.0817529858405	(32, 0.081752985840531742)
32	156,0.0842776859521	(32, 0.081752985840531742)
32	27,0.097055191787	(32, 0.081752985840531742)
32	50,0.12663004371	(32, 0.081752985840531742)
32	164,0.128377133966	(32, 0.081752985840531742)
32	73,0.137345881171	(32, 0.081752985840531742)
32	107,0.140195465576	(32, 0.081752985840531742)
32	131,0.14379472553	(32, 0.081752985840531742)
32	144,0.163866800144	(32, 0.081752985840531742)
32	109,0.171173822607	(32, 0.081752985840531742)
33	33,0.0567178792769	(33, 0.056717879276887553)
33	4,0.112568280063	(33, 0.056717879276887553)
33	106,0.121210239758	(33, 0.056717879276887553)
33	69,0.123613949404	(33, 0.056717879276887553)
33	116,0.1239395671	(33, 0.056717879276887553)
33	28,0.139934227438	(33, 0.056717879276887553)
33	156,0.145598500762	(33, 0.056717879276887553)
33	2,0.147114928712	(33, 0.056717879276887553)
33	73,0.149644296295	(33, 0.056717879276887553)
33	40,0.153518229668	(33, 0.056717879276887553)
34	15,0.0462190326829	(34, 0.11903570956623938)
34	17,0.0492317193191	(34, 0.11903570956623938)
34	69,0.0536029110394	(34, 0.11903570956623938)
34	40,0.0608778744265	(34, 0.11903570956623938)
34	148,0.0629735529504	(34, 0.11903570956623938)
34	172,0.0631796379354	(34, 0.11903570956623938)
34	120,0.0644169828698	(34, 0.11903570956623938)
34	4,0.0670230784746	(34, 0.11903570956623938)
34	174,0.0718402884043	(34, 0.11903570956623938)
34	56,0.077523667738	(34, 0.11903570956623938)
35	35,0.0297376710451	(35, 0.029737671045086459)
35	18,0.0489323401674	(35, 0.029737671045086459)
35	88,0.0500422498322	(35, 0.029737671045086459)
35	22,0.0712129605381	(35, 0.029737671045086459)
35	139,0.0751951071728	(35, 0.029737671045086459)
35	12,0.0752158160055	(35, 0.029737671045086459)
35	121,0.0801353401653	(35, 0.029737671045086459)
35	38,0.0840142137904	(35, 0.029737671045086459)
35	61,0.084085165231	(35, 0.029737671045086459)
35	158,0.0845955462643	(35, 0.029737671045086459)
36	76,0.0255585675867	(36, 0.033872677179324129)
36	147,0.0277171280173	(36, 0.033872677179324129)
36	46,0.0296250908255	(36, 0.033872677179324129)
36	18,0.0301449631293	(36, 0.033872677179324129)
36	36,0.0338726771793	(36, 0.033872677179324129)
36	63,0.0418065327944	(36, 0.033872677179324129)
36	171,0.0419221003928	(36, 0.033872677179324129)
36	88,0.047572991107	(36, 0.033872677179324129)
36	35,0.0500146382973	(36, 0.033872677179324129)
36	22,0.0504309262219	(36, 0.033872677179324129)
37	37,0.0392872896842	(37, 0.039287289684180986)
37	3,0.0433479207881	(37, 0.039287289684180986)
37	11,0.0467481956878	(37, 0.039287289684180986)
37	100,0.0475771603453	(37, 0.039287289684180986)
37	77,0.04774145692	(37, 0.039287289684180986)
37	90,0.0621815907481	(37, 0.039287289684180986)
37	21,0.0629400634893	(37, 0.039287289684180986)
37	63,0.0639647985267	(37, 0.039287289684180986)
37	70,0.0653840194073	(37, 0.039287289684180986)
37	136,0.066378816257	(37, 0.039287289684180986)
38	38,0.0281261575257	(38, 0.028126157525748968)
38	12,0.0628678734258	(38, 0.028126157525748968)
38	14,0.0727712455806	(38, 0.028126157525748968)
38	55,0.0763746782352	(38, 0.028126157525748968)
38	43,0.102473068263	(38, 0.028126157525748968)
38	50,0.102858712529	(38, 0.028126157525748968)
38	105,0.103577485519	(38, 0.028126157525748968)
38	128,0.105448300239	(38, 0.028126157525748968)
38	107,0.1063845064	(38, 0.028126157525748968)
38	24,0.107996210424	(38, 0.028126157525748968)
39	39,0.0620844597265	(39, 0.062084459726528665)
39	27,0.136803071568	(39, 0.062084459726528665)
39	51,0.137017195049	(39, 0.062084459726528665)
39	169,0.142900544646	(39, 0.062084459726528665)
39	156,0.153110390802	(39, 0.062084459726528665)
39	101,0.154506648271	(39, 0.062084459726528665)
39	99,0.158341057681	(39, 0.062084459726528665)
39	107,0.15959571039	(39, 0.062084459726528665)
39	84,0.164548538522	(39, 0.062084459726528665)
39	32,0.166418495154	(39, 0.062084459726528665)
40	40,0.0294017069459	(40, 0.029401706945881935)
40	172,0.0470039680161	(40, 0.029401706945881935)
40	79,0.0513409270326	(40, 0.029401706945881935)
40	4,0.0528250670285	(40, 0.029401706945881935)
40	69,0.0543892555535	(40, 0.029401706945881935)
40	148,0.0571379428669	(40, 0.029401706945881935)
40	17,0.059811858848	(40, 0.029401706945881935)
40	25,0.0644685467692	(40, 0.029401706945881935)
40	77,0.0708675245541	(40, 0.029401706945881935)
40	15,0.0770987170742	(40, 0.029401706945881935)
41	41,0.0453568421766	(41, 0.045356842176634674)
41	155,0.0685578759084	(41, 0.045356842176634674)
41	91,0.0970175730525	(41, 0.045356842176634674)
41	1,0.101192342643	(41, 0.045356842176634674)
41	20,0.121888905083	(41, 0.045356842176634674)
41	124,0.132081083864	(41, 0.045356842176634674)
41	102,0.134759536391	(41, 0.045356842176634674)
41	101,0.137158383641	(41, 0.045356842176634674)
41	53,0.14604455785	(41, 0.045356842176634674)
41	28,0.149016688155	(41, 0.045356842176634674)
42	163,0.123752617145	(42, 0.24273171113484676)
42	69,0.154434284146	(42, 0.24273171113484676)
42	28,0.154638087767	(42, 0.24273171113484676)
42	118,0.164093455554	(42, 0.24273171113484676)
42	53,0.165121016736	(42, 0.24273171113484676)
42	34,0.174306009774	(42, 0.24273171113484676)
42	140,0.18334654434	(42, 0.24273171113484676)
42	97,0.187643273072	(42, 0.24273171113484676)
42	65,0.193629590777	(42, 0.24273171113484676)
42	33,0.196044044211	(42, 0.24273171113484676)
43	12,0.0407844918891	(43, 0.088251138478979294)
43	22,0.0461478879511	(43, 0.088251138478979294)
43	128,0.0529232077462	(43, 0.088251138478979294)
43	121,0.0571211203742	(43, 0.088251138478979294)
43	50,0.058673132194	(43, 0.088251138478979294)
43	78,0.0600679061504	(43, 0.088251138478979294)
43	18,0.0602804411583	(43, 0.088251138478979294)
43	158,0.0615236509136	(43, 0.088251138478979294)
43	61,0.0645471054589	(43, 0.088251138478979294)
43	76,0.0646741353212	(43, 0.088251138478979294)
44	116,0.0650037733811	(44, 0.25562175984074159)
44	93,0.0678522052822	(44, 0.25562175984074159)
44	109,0.0734150177279	(44, 0.25562175984074159)
44	123,0.087398104201	(44, 0.25562175984074159)
44	159,0.0930653781376	(44, 0.25562175984074159)
44	124,0.0945238694186	(44, 0.25562175984074159)
44	73,0.100499186094	(44, 0.25562175984074159)
44	84,0.105008563436	(44, 0.25562175984074159)
44	144,0.106457944863	(44, 0.25562175984074159)
44	115,0.107283174819	(44, 0.25562175984074159)
45	45,0.0855782180898	(45, 0.085578218089832347)
45	130,0.138989548581	(45, 0.085578218089832347)
45	94,0.145648324203	(45, 0.085578218089832347)
45	133,0.17878922443	(45, 0.085578218089832347)
45	34,0.182415666564	(45, 0.085578218089832347)
45	129,0.202982975933	(45, 0.085578218089832347)
45	98,0.208647983672	(45, 0.085578218089832347)
45	15,0.218276183661	(45, 0.085578218089832347)
45	53,0.220260872504	(45, 0.085578218089832347)
45	25,0.222072399029	(45, 0.085578218089832347)
46	46,0.0167189568607	(46, 0.016718956860744986)
46	36,0.0275457450934	(46, 0.016718956860744986)
46	171,0.0370435590914	(46, 0.016718956860744986)
46	137,0.0373306839155	(46, 0.016718956860744986)
46	76,0.0411947265199	(46, 0.016718956860744986)
46	147,0.0482695103239	(46, 0.016718956860744986)
46	146,0.0530124962414	(46, 0.016718956860744986)
46	63,0.0551774622806	(46, 0.016718956860744986)
46	139,0.0573651236027	(46, 0.016718956860744986)
46	6,0.0595138241522	(46, 0.016718956860744986)
47	10,0.127925581882	(47, 0.14106335987614679)
47	47,0.141063359876	(47, 0.14106335987614679)
47	99,0.146594484744	(47, 0.14106335987614679)
47	27,0.163592536939	(47, 0.14106335987614679)
47	19,0.168618494887	(47, 0.14106335987614679)
47	84,0.181087783821	(47, 0.14106335987614679)
47	43,0.187469704078	(47, 0.14106335987614679)
47	138,0.194937221208	(47, 0.14106335987614679)
47	167,0.209537767908	(47, 0.14106335987614679)
47	173,0.211156999496	(47, 0.14106335987614679)
48	56,0.0636535325222	(48, 0.077938199764289756)
48	120,0.0646982756951	(48, 0.077938199764289756)
48	69,0.0734243037897	(48, 0.077938199764289756)
48	48,0.0779381997643	(48, 0.077938199764289756)
48	174,0.0831302008405	(48, 0.077938199764289756)
48	40,0.086144298698	(48, 0.077938199764289756)
48	97,0.092456054568	(48, 0.077938199764289756)
48	4,0.095597992507	(48, 0.077938199764289756)
48	172,0.107804409279	(48, 0.077938199764289756)
48	154,0.109525781903	(48, 0.077938199764289756)
49	49,0.0468805345433	(49, 0.046880534543252105)
49	59,0.0559697806875	(49, 0.046880534543252105)
49	98,0.0650645027287	(49, 0.046880534543252105)
49	77,0.0728619021824	(49, 0.046880534543252105)
49	100,0.0755578350102	(49, 0.046880534543252105)
49	15,0.0794042830847	(49, 0.046880534543252105)
49	172,0.0828823573342	(49, 0.046880534543252105)
49	17,0.0909730740215	(49, 0.046880534543252105)
49	83,0.0958083550993	(49, 0.046880534543252105)
49	37,0.106588076928	(49, 0.046880534543252105)
50	50,0.0291167599458	(50, 0.029116759945821424)
50	12,0.0704914029479	(50, 0.029116759945821424)
50	107,0.0768139183124	(50, 0.029116759945821424)
50	171,0.0782687274165	(50, 0.029116759945821424)
50	76,0.089750138737	(50, 0.029116759945821424)
50	158,0.0903687057144	(50, 0.029116759945821424)
50	22,0.0915575101592	(50, 0.029116759945821424)
50	128,0.0926582083803	(50, 0.029116759945821424)
50	38,0.104851786999	(50, 0.029116759945821424)
50	46,0.105460954171	(50, 0.029116759945821424)
51	124,0.0423169614085	(51, 0.21492785008900236)
51	73,0.0821388125891	(51, 0.21492785008900236)
51	155,0.0851893266077	(51, 0.21492785008900236)
51	157,0.0886490507677	(51, 0.21492785008900236)
51	53,0.0932495378762	(51, 0.21492785008900236)
51	93,0.0933922654845	(51, 0.21492785008900236)
51	28,0.105524015598	(51, 0.21492785008900236)
51	116,0.110759763577	(51, 0.21492785008900236)
51	1,0.118863537107	(51, 0.21492785008900236)
51	104,0.119094508162	(51, 0.21492785008900236)
52	44,0.0716261464364	(52, 0.279770428111352)
52	53,0.0745747284614	(52, 0.279770428111352)
52	155,0.0836315916823	(52, 0.279770428111352)
52	163,0.0881628411151	(52, 0.279770428111352)
52	65,0.0932427986398	(52, 0.279770428111352)
52	161,0.093527322365	(52, 0.279770428111352)
52	4,0.0963129823167	(52, 0.279770428111352)
52	13,0.0972241754864	(52, 0.279770428111352)
52	124,0.101322266487	(52, 0.279770428111352)
52	11,0.113819744136	(52, 0.279770428111352)
53	65,0.0537853440043	(53, 0.068968686896938525)
53	53,0.0689686868969	(53, 0.068968686896938525)
53	44,0.0811517048602	(53, 0.068968686896938525)
53	155,0.0837301110521	(53, 0.068968686896938525)
53	120,0.0846874754153	(53, 0.068968686896938525)
53	161,0.0888131188767	(53, 0.068968686896938525)
53	163,0.102571352685	(53, 0.068968686896938525)
53	34,0.106159642914	(53, 0.068968686896938525)
53	113,0.1084591934	(53, 0.068968686896938525)
53	114,0.109245421808	(53, 0.068968686896938525)
54	136,0.0304823743588	(54, 0.054958899535766367)
54	54,0.0549588995358	(54, 0.054958899535766367)
54	162,0.0567851624718	(54, 0.054958899535766367)
54	3,0.0571344032374	(54, 0.054958899535766367)
54	11,0.0584925624491	(54, 0.054958899535766367)
54	137,0.0602300283487	(54, 0.054958899535766367)
54	63,0.0638490698316	(54, 0.054958899535766367)
54	71,0.0640419953967	(54, 0.054958899535766367)
54	17,0.0641405577435	(54, 0.054958899535766367)
54	37,0.0644425196165	(54, 0.054958899535766367)
55	12,0.0440424067254	(55, 0.056117587147940948)
55	159,0.0549202676893	(55, 0.056117587147940948)
55	55,0.0561175871479	(55, 0.056117587147940948)
55	38,0.0616194809432	(55, 0.056117587147940948)
55	152,0.0678680838909	(55, 0.056117587147940948)
55	128,0.0685857497568	(55, 0.056117587147940948)
55	121,0.0704587622549	(55, 0.056117587147940948)
55	18,0.0716453340728	(55, 0.056117587147940948)
55	151,0.0719517595574	(55, 0.056117587147940948)
55	134,0.0721912340796	(55, 0.056117587147940948)
56	56,0.0418498985711	(56, 0.041849898571088277)
56	120,0.0592941169312	(56, 0.041849898571088277)
56	15,0.0616192429171	(56, 0.041849898571088277)
56	174,0.0901197402545	(56, 0.041849898571088277)
56	2,0.102500420556	(56, 0.041849898571088277)
56	113,0.113098122001	(56, 0.041849898571088277)
56	69,0.113165714608	(56, 0.041849898571088277)
56	17,0.114679474146	(56, 0.041849898571088277)
56	44,0.119193245751	(56, 0.041849898571088277)
56	4,0.124461734133	(56, 0.041849898571088277)
57	57,0.0749015125781	(57, 0.074901512578148366)
57	122,0.151605248162	(57, 0.074901512578148366)
57	15,0.177060594339	(57, 0.074901512578148366)
57	174,0.184157365089	(57, 0.074901512578148366)
57	56,0.196405741217	(57, 0.074901512578148366)
57	59,0.23663796214	(57, 0.074901512578148366)
57	2,0.242478606106	(57, 0.074901512578148366)
57	108,0.247214172581	(57, 0.074901512578148366)
57	120,0.248583106854	(57, 0.074901512578148366)
57	113,0.264677958576	(57, 0.074901512578148366)
58	24,0.0569596635703	(58, 0.25640569569920135)
58	107,0.0754710517433	(58, 0.25640569569920135)
58	27,0.0856548626847	(58, 0.25640569569920135)
58	50,0.0871974632242	(58, 0.25640569569920135)
58	61,0.10467573224	(58, 0.25640569569920135)
58	43,0.106538286383	(58, 0.25640569569920135)
58	158,0.107536007805	(58, 0.25640569569920135)
58	105,0.109117054151	(58, 0.25640569569920135)
58	38,0.110261612837	(58, 0.25640569569920135)
58	12,0.11167814706	(58, 0.25640569569920135)
59	83,0.130903834791	(59, 0.16469877358150606)
59	15,0.131892905758	(59, 0.16469877358150606)
59	113,0.137475114509	(59, 0.16469877358150606)
59	65,0.14241259464	(59, 0.16469877358150606)
59	94,0.142801586341	(59, 0.16469877358150606)
59	130,0.153983634083	(59, 0.16469877358150606)
59	44,0.162347567311	(59, 0.16469877358150606)
59	59,0.164698773582	(59, 0.16469877358150606)
59	97,0.169605288835	(59, 0.16469877358150606)
59	120,0.170071834738	(59, 0.16469877358150606)
60	40,0.0475445955314	(60, 0.048000988317302033)
60	60,0.0480009883173	(60, 0.048000988317302033)
60	69,0.0485824368793	(60, 0.048000988317302033)
60	79,0.0689802318631	(60, 0.048000988317302033)
60	25,0.0764538549828	(60, 0.048000988317302033)
60	4,0.0786022184028	(60, 0.048000988317302033)
60	172,0.0851787950655	(60, 0.048000988317302033)
60	15,0.0856703961752	(60, 0.048000988317302033)
60	34,0.0954088280602	(60, 0.048000988317302033)
60	77,0.0993214035844	(60, 0.048000988317302033)
61	61,0.0322894476908	(61, 0.032289447690775332)
61	23,0.0337236975473	(61, 0.032289447690775332)
61	26,0.0458923156402	(61, 0.032289447690775332)
61	121,0.0496706754469	(61, 0.032289447690775332)
61	63,0.0496745928185	(61, 0.032289447690775332)
61	162,0.0502111480347	(61, 0.032289447690775332)
61	76,0.0564078117753	(61, 0.032289447690775332)
61	147,0.0575561699739	(61, 0.032289447690775332)
61	78,0.0610928935133	(61, 0.032289447690775332)
61	3,0.0639870642512	(61, 0.032289447690775332)
62	26,0.0556774985569	(62, 0.080307726483398414)
62	78,0.0604329834374	(62, 0.080307726483398414)
62	107,0.0701238509601	(62, 0.080307726483398414)
62	73,0.0713424158136	(62, 0.080307726483398414)
62	61,0.078406930178	(62, 0.080307726483398414)
62	62,0.0803077264834	(62, 0.080307726483398414)
62	158,0.0932384504657	(62, 0.080307726483398414)
62	121,0.0935461957239	(62, 0.080307726483398414)
62	1,0.0939683158189	(62, 0.080307726483398414)
62	95,0.0939754092616	(62, 0.080307726483398414)
63	3,0.031977604661	(63, 0.041478499500273054)
63	11,0.0363151345757	(63, 0.041478499500273054)
63	63,0.0414784995003	(63, 0.041478499500273054)
63	162,0.0442689429449	(63, 0.041478499500273054)
63	77,0.0459622226049	(63, 0.041478499500273054)
63	37,0.0509338118609	(63, 0.041478499500273054)
63	71,0.0527944449941	(63, 0.041478499500273054)
63	70,0.0557784777988	(63, 0.041478499500273054)
63	136,0.0567100761261	(63, 0.041478499500273054)
63	147,0.0569607522387	(63, 0.041478499500273054)
64	64,0.185745978995	(64, 0.18574597899502879)
64	45,0.256062623583	(64, 0.18574597899502879)
64	130,0.259742563075	(64, 0.18574597899502879)
64	118,0.276966185713	(64, 0.18574597899502879)
64	133,0.312114774512	(64, 0.18574597899502879)
64	33,0.32424190485	(64, 0.18574597899502879)
64	34,0.360605639163	(64, 0.18574597899502879)
64	113,0.367858526988	(64, 0.18574597899502879)
64	94,0.400522063902	(64, 0.18574597899502879)
64	15,0.426277152877	(64, 0.18574597899502879)
65	65,0.0451201685809	(65, 0.045120168580909635)
65	161,0.05322554876	(65, 0.045120168580909635)
65	83,0.0559151576162	(65, 0.045120168580909635)
65	68,0.0659110447031	(65, 0.045120168580909635)
65	155,0.0708493364108	(65, 0.045120168580909635)
65	59,0.0782816412591	(65, 0.045120168580909635)
65	1,0.0842293510256	(65, 0.045120168580909635)
65	71,0.0866151503865	(65, 0.045120168580909635)
65	100,0.0921026372575	(65, 0.045120168580909635)
65	17,0.0977702382373	(65, 0.045120168580909635)
66	66,0.14605581781	(66, 0.14605581780970839)
66	130,0.31233917871	(66, 0.14605581780970839)
66	133,0.342526835853	(66, 0.14605581780970839)
66	140,0.36757108496	(66, 0.14605581780970839)
66	118,0.375463009025	(66, 0.14605581780970839)
66	91,0.393978853317	(66, 0.14605581780970839)
66	33,0.401426887479	(66, 0.14605581780970839)
66	141,0.429565802388	(66, 0.14605581780970839)
66	169,0.44582345443	(66, 0.14605581780970839)
66	53,0.471640294443	(66, 0.14605581780970839)
67	67,0.11326681954	(67, 0.11326681954001321)
67	84,0.127480394298	(67, 0.11326681954001321)
67	169,0.130394758813	(67, 0.11326681954001321)
67	93,0.137075574789	(67, 0.11326681954001321)
67	28,0.154640593535	(67, 0.11326681954001321)
67	116,0.15508395093	(67, 0.11326681954001321)
67	131,0.155126963719	(67, 0.11326681954001321)
67	140,0.156823841525	(67, 0.11326681954001321)
67	149,0.158957254814	(67, 0.11326681954001321)
67	109,0.160132655794	(67, 0.11326681954001321)
68	68,0.0383100734906	(68, 0.038310073490631091)
68	23,0.0731039848579	(68, 0.038310073490631091)
68	70,0.0733101481319	(68, 0.038310073490631091)
68	61,0.075367092007	(68, 0.038310073490631091)
68	63,0.0901045142696	(68, 0.038310073490631091)
68	26,0.0932367009923	(68, 0.038310073490631091)
68	162,0.0947903574284	(68, 0.038310073490631091)
68	77,0.0971422376567	(68, 0.038310073490631091)
68	147,0.0980031766226	(68, 0.038310073490631091)
68	135,0.098540562515	(68, 0.038310073490631091)
69	122,0.16668705056	(69, 0.17633827362642013)
69	15,0.174026135732	(69, 0.17633827362642013)
69	69,0.176338273626	(69, 0.17633827362642013)
69	48,0.180933927471	(69, 0.17633827362642013)
69	174,0.181473968693	(69, 0.17633827362642013)
69	154,0.188785086611	(69, 0.17633827362642013)
69	33,0.199208385921	(69, 0.17633827362642013)
69	56,0.19990406783	(69, 0.17633827362642013)
69	4,0.204248562089	(69, 0.17633827362642013)
69	2,0.205441376912	(69, 0.17633827362642013)
70	3,0.0470797292437	(70, 0.051877265611654358)
70	70,0.0518772656117	(70, 0.051877265611654358)
70	121,0.0541177556095	(70, 0.051877265611654358)
70	77,0.0546913091351	(70, 0.051877265611654358)
70	117,0.0548446631624	(70, 0.051877265611654358)
70	11,0.0602721889049	(70, 0.051877265611654358)
70	81,0.0605842553498	(70, 0.051877265611654358)
70	132,0.0612120817742	(70, 0.051877265611654358)
70	63,0.0646730325219	(70, 0.051877265611654358)
70	21,0.064754950559	(70, 0.051877265611654358)
71	91,0.100063510838	(71, 0.26730738373483709)
71	133,0.125851765484	(71, 0.26730738373483709)
71	101,0.151912815454	(71, 0.26730738373483709)
71	41,0.15692183431	(71, 0.26730738373483709)
71	28,0.160788576859	(71, 0.26730738373483709)
71	155,0.16467366425	(71, 0.26730738373483709)
71	102,0.171806393416	(71, 0.26730738373483709)
71	1,0.172257873518	(71, 0.26730738373483709)
71	53,0.178718267123	(71, 0.26730738373483709)
71	95,0.185525038455	(71, 0.26730738373483709)
72	174,0.0758797920663	(72, 0.4483011902923868)
72	17,0.0811088284082	(72, 0.4483011902923868)
72	172,0.0863753852959	(72, 0.4483011902923868)
72	148,0.0877039665177	(72, 0.4483011902923868)
72	143,0.0916139287371	(72, 0.4483011902923868)
72	100,0.111140487024	(72, 0.4483011902923868)
72	77,0.112449843185	(72, 0.4483011902923868)
72	4,0.11391615433	(72, 0.4483011902923868)
72	49,0.114739840844	(72, 0.4483011902923868)
72	40,0.115787521681	(72, 0.4483011902923868)
73	73,0.0428278668486	(73, 0.042827866848626356)
73	13,0.0593882394542	(73, 0.042827866848626356)
73	157,0.0681913295318	(73, 0.042827866848626356)
73	124,0.0694792004507	(73, 0.042827866848626356)
73	53,0.084031193486	(73, 0.042827866848626356)
73	93,0.0844728707165	(73, 0.042827866848626356)
73	109,0.0922278001999	(73, 0.042827866848626356)
73	114,0.101918453202	(73, 0.042827866848626356)
73	116,0.104901581334	(73, 0.042827866848626356)
73	27,0.108756971707	(73, 0.042827866848626356)
74	17,0.0292899862333	(74, 0.031789506363603483)
74	74,0.0317895063636	(74, 0.031789506363603483)
74	136,0.0371900524498	(74, 0.031789506363603483)
74	127,0.0454452087851	(74, 0.031789506363603483)
74	100,0.0468126753351	(74, 0.031789506363603483)
74	37,0.0543649077038	(74, 0.031789506363603483)
74	77,0.0544094007949	(74, 0.031789506363603483)
74	90,0.055428512073	(74, 0.031789506363603483)
74	49,0.0716829377407	(74, 0.031789506363603483)
74	59,0.0732393454568	(74, 0.031789506363603483)
75	167,0.255331695674	(75, 0.27509212054506527)
75	75,0.275092120545	(75, 0.27509212054506527)
75	47,0.370567683063	(75, 0.27509212054506527)
75	80,0.374178612813	(75, 0.27509212054506527)
75	10,0.393725167872	(75, 0.27509212054506527)
75	99,0.414235392049	(75, 0.27509212054506527)
75	84,0.430704489341	(75, 0.27509212054506527)
75	67,0.431380620934	(75, 0.27509212054506527)
75	138,0.444274715704	(75, 0.27509212054506527)
75	169,0.444878313099	(75, 0.27509212054506527)
76	76,0.0221881904465	(76, 0.022188190446508251)
76	147,0.0252455392923	(76, 0.022188190446508251)
76	63,0.0292466302426	(76, 0.022188190446508251)
76	137,0.0302883066033	(76, 0.022188190446508251)
76	171,0.0338209110178	(76, 0.022188190446508251)
76	3,0.0425374544661	(76, 0.022188190446508251)
76	22,0.0444318414474	(76, 0.022188190446508251)
76	18,0.0470435002174	(76, 0.022188190446508251)
76	46,0.0470657806487	(76, 0.022188190446508251)
76	36,0.0512707209373	(76, 0.022188190446508251)
77	162,0.0311221865412	(77, 0.035729797263979964)
77	136,0.0341606328721	(77, 0.035729797263979964)
77	77,0.035729797264	(77, 0.035729797263979964)
77	90,0.0397307648681	(77, 0.035729797263979964)
77	3,0.0399887372283	(77, 0.035729797263979964)
77	63,0.0410583936025	(77, 0.035729797263979964)
77	11,0.0418243565085	(77, 0.035729797263979964)
77	137,0.0429429025087	(77, 0.035729797263979964)
77	147,0.0434914390649	(77, 0.035729797263979964)
77	74,0.0436048326336	(77, 0.035729797263979964)
78	151,0.0286427188511	(78, 0.044994596975542651)
78	76,0.0295260599324	(78, 0.044994596975542651)
78	63,0.0315055251184	(78, 0.044994596975542651)
78	18,0.0379610990697	(78, 0.044994596975542651)
78	22,0.0380231964515	(78, 0.044994596975542651)
78	132,0.0401209951706	(78, 0.044994596975542651)
78	121,0.041443156824	(78, 0.044994596975542651)
78	147,0.0426109160051	(78, 0.044994596975542651)
78	23,0.0427223934674	(78, 0.044994596975542651)
78	61,0.0435079423664	(78, 0.044994596975542651)
79	79,0.0273983063106	(79, 0.027398306310565033)
79	4,0.0334320620151	(79, 0.027398306310565033)
79	69,0.0370228593962	(79, 0.027398306310565033)
79	40,0.0503342391881	(79, 0.027398306310565033)
79	25,0.064959493194	(79, 0.027398306310565033)
79	56,0.0741202404563	(79, 0.027398306310565033)
79	34,0.0749399754135	(79, 0.027398306310565033)
79	17,0.0774535011996	(79, 0.027398306310565033)
79	148,0.0833669772605	(79, 0.027398306310565033)
79	172,0.0862316707404	(79, 0.027398306310565033)
80	80,0.123775461799	(80, 0.1237754617985645)
80	51,0.15053982655	(80, 0.1237754617985645)
80	167,0.200194112186	(80, 0.1237754617985645)
80	32,0.236141708192	(80, 0.1237754617985645)
80	169,0.319486355815	(80, 0.1237754617985645)
80	39,0.332263288438	(80, 0.1237754617985645)
80	27,0.335658161185	(80, 0.1237754617985645)
80	165,0.340646846061	(80, 0.1237754617985645)
80	160,0.340760238893	(80, 0.1237754617985645)
80	58,0.359193130215	(80, 0.1237754617985645)
81	81,0.0342870453619	(81, 0.034287045361918692)
81	3,0.0473530611688	(81, 0.034287045361918692)
81	132,0.0512501811745	(81, 0.034287045361918692)
81	22,0.0537973747055	(81, 0.034287045361918692)
81	117,0.0552392585598	(81, 0.034287045361918692)
81	121,0.0553340684306	(81, 0.034287045361918692)
81	11,0.0579088408438	(81, 0.034287045361918692)
81	77,0.0591141924293	(81, 0.034287045361918692)
81	151,0.0598037660782	(81, 0.034287045361918692)
81	76,0.0605761701511	(81, 0.034287045361918692)
82	27,0.100377401083	(82, 0.16099301991368145)
82	107,0.108056305292	(82, 0.16099301991368145)
82	38,0.110727177394	(82, 0.16099301991368145)
82	24,0.115192439955	(82, 0.16099301991368145)
82	12,0.117276781968	(82, 0.16099301991368145)
82	105,0.117479161124	(82, 0.16099301991368145)
82	164,0.120445470876	(82, 0.16099301991368145)
82	50,0.122263853675	(82, 0.16099301991368145)
82	73,0.124883328518	(82, 0.16099301991368145)
82	13,0.1308994315	(82, 0.16099301991368145)
83	13,0.0447651248814	(83, 0.066908505648350117)
83	65,0.0580080511822	(83, 0.066908505648350117)
83	161,0.0580782291955	(83, 0.066908505648350117)
83	17,0.0601285845351	(83, 0.066908505648350117)
83	155,0.0634752035419	(83, 0.066908505648350117)
83	71,0.0665787369139	(83, 0.066908505648350117)
83	83,0.0669085056484	(83, 0.066908505648350117)
83	136,0.067779474978	(83, 0.066908505648350117)
83	11,0.0685259699907	(83, 0.066908505648350117)
83	3,0.0720161094973	(83, 0.066908505648350117)
84	84,0.171814354639	(84, 0.17181435463892636)
84	67,0.173768595118	(84, 0.17181435463892636)
84	166,0.175716677296	(84, 0.17181435463892636)
84	169,0.20032670421	(84, 0.17181435463892636)
84	140,0.236406051308	(84, 0.17181435463892636)
84	99,0.237648452032	(84, 0.17181435463892636)
84	144,0.260236271567	(84, 0.17181435463892636)
84	109,0.263929939955	(84, 0.17181435463892636)
84	156,0.269896760128	(84, 0.17181435463892636)
84	72,0.273094723093	(84, 0.17181435463892636)
85	67,0.1412218969	(85, 0.22043108786179735)
85	85,0.220431087862	(85, 0.22043108786179735)
85	140,0.221942222783	(85, 0.22043108786179735)
85	149,0.254738324832	(85, 0.22043108786179735)
85	166,0.258997327726	(85, 0.22043108786179735)
85	84,0.263468116849	(85, 0.22043108786179735)
85	169,0.281536159294	(85, 0.22043108786179735)
85	144,0.304512714675	(85, 0.22043108786179735)
85	93,0.319862355855	(85, 0.22043108786179735)
85	99,0.325151904581	(85, 0.22043108786179735)
86	86,0.032948255606	(86, 0.03294825560600477)
86	137,0.0421543433189	(86, 0.03294825560600477)
86	3,0.0466553196892	(86, 0.03294825560600477)
86	162,0.0473625729651	(86, 0.03294825560600477)
86	11,0.0498289122086	(86, 0.03294825560600477)
86	150,0.0520149106543	(86, 0.03294825560600477)
86	117,0.0521823050767	(86, 0.03294825560600477)
86	171,0.0523664715284	(86, 0.03294825560600477)
86	12,0.0545014233236	(86, 0.03294825560600477)
86	76,0.0556624570153	(86, 0.03294825560600477)
87	121,0.0556201595035	(87, 0.1464999542136646)
87	26,0.0574170903229	(87, 0.1464999542136646)
87	78,0.0595004764397	(87, 0.1464999542136646)
87	1,0.0611206562966	(87, 0.1464999542136646)
87	11,0.0676196477081	(87, 0.1464999542136646)
87	71,0.0703595203369	(87, 0.1464999542136646)
87	23,0.0744683179789	(87, 0.1464999542136646)
87	61,0.0750871565846	(87, 0.1464999542136646)
87	22,0.0812799818992	(87, 0.1464999542136646)
87	20,0.0829884445558	(87, 0.1464999542136646)
88	18,0.0311702874247	(88, 0.049017717033245124)
88	76,0.0313925909055	(88, 0.049017717033245124)
88	147,0.0353901412087	(88, 0.049017717033245124)
88	63,0.040756511182	(88, 0.049017717033245124)
88	117,0.0435479917155	(88, 0.049017717033245124)
88	171,0.0438042455957	(88, 0.049017717033245124)
88	22,0.0445426892818	(88, 0.049017717033245124)
88	46,0.0447310461767	(88, 0.049017717033245124)
88	139,0.0483076189467	(88, 0.049017717033245124)
88	88,0.0490177170332	(88, 0.049017717033245124)
89	124,0.0486342327849	(89, 0.077661215745147172)
89	155,0.0556109144663	(89, 0.077661215745147172)
89	1,0.068686362204	(89, 0.077661215745147172)
89	53,0.0711575816849	(89, 0.077661215745147172)
89	89,0.0776612157451	(89, 0.077661215745147172)
89	73,0.0816529449064	(89, 0.077661215745147172)
89	71,0.084611948226	(89, 0.077661215745147172)
89	20,0.0898839095523	(89, 0.077661215745147172)
89	11,0.0990557003271	(89, 0.077661215745147172)
89	13,0.100834817138	(89, 0.077661215745147172)
90	90,0.0238856620828	(90, 0.023885662082762063)
90	11,0.0477068147922	(90, 0.023885662082762063)
90	162,0.047814880145	(90, 0.023885662082762063)
90	137,0.0487959845032	(90, 0.023885662082762063)
90	81,0.0512896439352	(90, 0.023885662082762063)
90	172,0.0541762427565	(90, 0.023885662082762063)
90	96,0.0556488608686	(90, 0.023885662082762063)
90	37,0.0559754121677	(90, 0.023885662082762063)
90	136,0.0563916088082	(90, 0.023885662082762063)
90	3,0.0582610043781	(90, 0.023885662082762063)
91	133,0.0999636791403	(91, 0.1560682079685127)
91	91,0.156068207969	(91, 0.1560682079685127)
91	130,0.193812284617	(91, 0.1560682079685127)
91	103,0.263254477443	(91, 0.1560682079685127)
91	51,0.267749772628	(91, 0.1560682079685127)
91	66,0.296515330154	(91, 0.1560682079685127)
91	34,0.300540631691	(91, 0.1560682079685127)
91	53,0.302314704301	(91, 0.1560682079685127)
91	102,0.305419375819	(91, 0.1560682079685127)
91	114,0.315080502917	(91, 0.1560682079685127)
92	78,0.0468239668456	(92, 0.12146132865425069)
92	128,0.0630933616709	(92, 0.12146132865425069)
92	24,0.0712982791855	(92, 0.12146132865425069)
92	61,0.0747910180118	(92, 0.12146132865425069)
92	12,0.0757662145174	(92, 0.12146132865425069)
92	158,0.0769884096553	(92, 0.12146132865425069)
92	26,0.0782666192353	(92, 0.12146132865425069)
92	107,0.0870368879496	(92, 0.12146132865425069)
92	99,0.0891291200618	(92, 0.12146132865425069)
92	22,0.0926411521605	(92, 0.12146132865425069)
93	22,0.0437203542527	(93, 0.053537454556316283)
93	132,0.0490164529445	(93, 0.053537454556316283)
93	93,0.0535374545563	(93, 0.053537454556316283)
93	128,0.0583339815933	(93, 0.053537454556316283)
93	3,0.0585438041634	(93, 0.053537454556316283)
93	158,0.0597099536346	(93, 0.053537454556316283)
93	76,0.0616863860452	(93, 0.053537454556316283)
93	12,0.0639975932601	(93, 0.053537454556316283)
93	171,0.0653135182405	(93, 0.053537454556316283)
93	121,0.0655676353527	(93, 0.053537454556316283)
94	94,0.069216803196	(94, 0.069216803196032156)
94	83,0.116157072227	(94, 0.069216803196032156)
94	155,0.150143922592	(94, 0.069216803196032156)
94	59,0.15024251142	(94, 0.069216803196032156)
94	15,0.161270995138	(94, 0.069216803196032156)
94	161,0.178584912813	(94, 0.069216803196032156)
94	120,0.181253632643	(94, 0.069216803196032156)
94	98,0.181594262382	(94, 0.069216803196032156)
94	65,0.186048448008	(94, 0.069216803196032156)
94	45,0.186449778357	(94, 0.069216803196032156)
95	99,0.0697910301601	(95, 0.18655795200378825)
95	107,0.0720356782616	(95, 0.18655795200378825)
95	43,0.0900510083618	(95, 0.18655795200378825)
95	27,0.0957490698695	(95, 0.18655795200378825)
95	19,0.100358242362	(95, 0.18655795200378825)
95	128,0.101133108002	(95, 0.18655795200378825)
95	78,0.107800471024	(95, 0.18655795200378825)
95	138,0.108567633993	(95, 0.18655795200378825)
95	84,0.109392907594	(95, 0.18655795200378825)
95	50,0.118893203632	(95, 0.18655795200378825)
96	96,0.0397694420755	(96, 0.039769442075511197)
96	13,0.0564153153098	(96, 0.039769442075511197)
96	17,0.0598331153459	(96, 0.039769442075511197)
96	162,0.0619872696857	(96, 0.039769442075511197)
96	11,0.0652156639955	(96, 0.039769442075511197)
96	161,0.0674206315717	(96, 0.039769442075511197)
96	143,0.0788395817037	(96, 0.039769442075511197)
96	119,0.081344390241	(96, 0.039769442075511197)
96	112,0.083498485869	(96, 0.039769442075511197)
96	4,0.0838500248308	(96, 0.039769442075511197)
97	40,0.0452721101789	(97, 0.1100466687154722)
97	69,0.0455037057517	(97, 0.1100466687154722)
97	172,0.0488045377654	(97, 0.1100466687154722)
97	17,0.0491172004393	(97, 0.1100466687154722)
97	120,0.0527527818982	(97, 0.1100466687154722)
97	4,0.070716265364	(97, 0.1100466687154722)
97	79,0.0723818583791	(97, 0.1100466687154722)
97	56,0.0800993764643	(97, 0.1100466687154722)
97	3,0.082460044502	(97, 0.1100466687154722)
97	148,0.0866367199147	(97, 0.1100466687154722)
98	98,0.0326810246726	(98, 0.032681024672586691)
98	15,0.0572709504248	(98, 0.032681024672586691)
98	40,0.0612235344857	(98, 0.032681024672586691)
98	25,0.0703056433146	(98, 0.032681024672586691)
98	154,0.0817637808516	(98, 0.032681024672586691)
98	172,0.0833827050707	(98, 0.032681024672586691)
98	49,0.086141502628	(98, 0.032681024672586691)
98	174,0.0958355913585	(98, 0.032681024672586691)
98	83,0.098680939967	(98, 0.032681024672586691)
98	4,0.0988173374851	(98, 0.032681024672586691)
99	84,0.0690773845051	(99, 0.092794975190450879)
99	144,0.0695891428782	(99, 0.092794975190450879)
99	93,0.0784807345846	(99, 0.092794975190450879)
99	128,0.0802433635666	(99, 0.092794975190450879)
99	109,0.0830026696794	(99, 0.092794975190450879)
99	12,0.0868357652001	(99, 0.092794975190450879)
99	159,0.0874035107805	(99, 0.092794975190450879)
99	78,0.0879586426536	(99, 0.092794975190450879)
99	99,0.0927949751905	(99, 0.092794975190450879)
99	116,0.0930973084299	(99, 0.092794975190450879)
100	100,0.031414116959	(100, 0.031414116959049596)
100	77,0.0403242927519	(100, 0.031414116959049596)
100	37,0.0404993795942	(100, 0.031414116959049596)
100	74,0.0431988423674	(100, 0.031414116959049596)
100	136,0.0462487726185	(100, 0.031414116959049596)
100	21,0.0466029583704	(100, 0.031414116959049596)
100	90,0.0470492806095	(100, 0.031414116959049596)
100	127,0.0489699659807	(100, 0.031414116959049596)
100	11,0.0519951488222	(100, 0.031414116959049596)
100	17,0.0531703825363	(100, 0.031414116959049596)
101	73,0.0732090968421	(101, 0.079902975711908492)
101	1,0.0777711545021	(101, 0.079902975711908492)
101	101,0.0799029757119	(101, 0.079902975711908492)
101	13,0.084133001748	(101, 0.079902975711908492)
101	124,0.0854982963758	(101, 0.079902975711908492)
101	69,0.0897318591024	(101, 0.079902975711908492)
101	60,0.0921152483075	(101, 0.079902975711908492)
101	29,0.0937727004474	(101, 0.079902975711908492)
101	77,0.0941789367996	(101, 0.079902975711908492)
101	71,0.100724404126	(101, 0.079902975711908492)
102	91,0.0892073970242	(102, 0.10855842478847387)
102	114,0.0936185166123	(102, 0.10855842478847387)
102	41,0.100648635625	(102, 0.10855842478847387)
102	155,0.105829443011	(102, 0.10855842478847387)
102	102,0.108558424788	(102, 0.10855842478847387)
102	1,0.109368993147	(102, 0.10855842478847387)
102	101,0.111006959524	(102, 0.10855842478847387)
102	110,0.122129197274	(102, 0.10855842478847387)
102	53,0.126066509426	(102, 0.10855842478847387)
102	103,0.128141878397	(102, 0.10855842478847387)
103	103,0.0707939672392	(103, 0.070793967239169253)
103	73,0.112928796469	(103, 0.070793967239169253)
103	91,0.132467338976	(103, 0.070793967239169253)
103	51,0.133306081179	(103, 0.070793967239169253)
103	101,0.135983257754	(103, 0.070793967239169253)
103	39,0.142034827656	(103, 0.070793967239169253)
103	93,0.151358660562	(103, 0.070793967239169253)
103	30,0.151470500403	(103, 0.070793967239169253)
103	26,0.15303314712	(103, 0.070793967239169253)
103	114,0.153795527321	(103, 0.070793967239169253)
104	124,0.0477167311751	(104, 0.098935197618088375)
104	93,0.0687148706808	(104, 0.098935197618088375)
104	81,0.075105243663	(104, 0.098935197618088375)
104	73,0.0805936088438	(104, 0.098935197618088375)
104	119,0.0809572139911	(104, 0.098935197618088375)
104	115,0.0815543304109	(104, 0.098935197618088375)
104	11,0.0845630621079	(104, 0.098935197618088375)
104	3,0.0937139198442	(104, 0.098935197618088375)
104	104,0.0989351976181	(104, 0.098935197618088375)
104	13,0.10349416813	(104, 0.098935197618088375)
105	24,0.086824240349	(105, 0.11529739426739399)
105	27,0.0868842447426	(105, 0.11529739426739399)
105	43,0.0981696464009	(105, 0.11529739426739399)
105	107,0.108869056	(105, 0.11529739426739399)
105	38,0.113005854341	(105, 0.11529739426739399)
105	19,0.114428701109	(105, 0.11529739426739399)
105	105,0.115297394267	(105, 0.11529739426739399)
105	99,0.125409818186	(105, 0.11529739426739399)
105	12,0.13082997276	(105, 0.11529739426739399)
105	50,0.133965984301	(105, 0.11529739426739399)
106	106,0.037552185896	(106, 0.037552185896013293)
106	116,0.104251693501	(106, 0.037552185896013293)
106	157,0.104627869909	(106, 0.037552185896013293)
106	156,0.107458588391	(106, 0.037552185896013293)
106	172,0.107492213895	(106, 0.037552185896013293)
106	174,0.108153659531	(106, 0.037552185896013293)
106	93,0.115425428301	(106, 0.037552185896013293)
106	171,0.117293762592	(106, 0.037552185896013293)
106	54,0.119672655955	(106, 0.037552185896013293)
106	77,0.122336143389	(106, 0.037552185896013293)
107	107,0.057460314247	(107, 0.057460314247027834)
107	22,0.0623161766654	(107, 0.057460314247027834)
107	26,0.0678254604682	(107, 0.057460314247027834)
107	139,0.0739231709746	(107, 0.057460314247027834)
107	78,0.0749730534907	(107, 0.057460314247027834)
107	158,0.0757045913502	(107, 0.057460314247027834)
107	76,0.0758706147123	(107, 0.057460314247027834)
107	128,0.0767178602276	(107, 0.057460314247027834)
107	77,0.0807938571602	(107, 0.057460314247027834)
107	61,0.0816751514612	(107, 0.057460314247027834)
108	77,0.0447130508532	(108, 0.14871884969812077)
108	172,0.0632310156409	(108, 0.14871884969812077)
108	174,0.0729788362531	(108, 0.14871884969812077)
108	4,0.0755353727355	(108, 0.14871884969812077)
108	17,0.0783738283865	(108, 0.14871884969812077)
108	40,0.0798342496083	(108, 0.14871884969812077)
108	49,0.0842537017915	(108, 0.14871884969812077)
108	100,0.0850014200208	(108, 0.14871884969812077)
108	15,0.0886974751419	(108, 0.14871884969812077)
108	79,0.0897278587754	(108, 0.14871884969812077)
109	109,0.0464615087043	(109, 0.046461508704303364)
109	159,0.0504882069847	(109, 0.046461508704303364)
109	146,0.0695678137496	(109, 0.046461508704303364)
109	134,0.0713557623405	(109, 0.046461508704303364)
109	12,0.077023271067	(109, 0.046461508704303364)
109	128,0.0799994184618	(109, 0.046461508704303364)
109	152,0.0859235583051	(109, 0.046461508704303364)
109	14,0.0864774438318	(109, 0.046461508704303364)
109	84,0.0890155698749	(109, 0.046461508704303364)
109	38,0.0955852138069	(109, 0.046461508704303364)
110	1,0.0509637352372	(110, 0.093617401493109306)
110	11,0.0624399029541	(110, 0.093617401493109306)
110	121,0.0664843097175	(110, 0.093617401493109306)
110	68,0.0719137207926	(110, 0.093617401493109306)
110	155,0.0752591473027	(110, 0.093617401493109306)
110	73,0.0755248124331	(110, 0.093617401493109306)
110	162,0.0761986862853	(110, 0.093617401493109306)
110	71,0.0771512135166	(110, 0.093617401493109306)
110	3,0.0789917847265	(110, 0.093617401493109306)
110	26,0.086006377188	(110, 0.093617401493109306)
111	73,0.0521165023145	(111, 0.2158304162878294)
111	124,0.065256062369	(111, 0.2158304162878294)
111	93,0.0721898802616	(111, 0.2158304162878294)
111	101,0.0751032902906	(111, 0.2158304162878294)
111	13,0.077500536988	(111, 0.2158304162878294)
111	157,0.0840953821509	(111, 0.2158304162878294)
111	109,0.0951516785613	(111, 0.2158304162878294)
111	128,0.0980322114369	(111, 0.2158304162878294)
111	41,0.100438481133	(111, 0.2158304162878294)
111	78,0.10067185774	(111, 0.2158304162878294)
112	90,0.036386739781	(112, 0.048985721110362569)
112	11,0.0370234425009	(112, 0.048985721110362569)
112	100,0.0433386766382	(112, 0.048985721110362569)
112	3,0.0450800498773	(112, 0.048985721110362569)
112	162,0.0460666565094	(112, 0.048985721110362569)
112	112,0.0489857211104	(112, 0.048985721110362569)
112	21,0.0500775151909	(112, 0.048985721110362569)
112	77,0.0534393858143	(112, 0.048985721110362569)
112	71,0.0543382734997	(112, 0.048985721110362569)
112	17,0.0564167043436	(112, 0.048985721110362569)
113	113,0.0700039578212	(113, 0.070003957821209578)
113	65,0.0900940915688	(113, 0.070003957821209578)
113	130,0.138462820581	(113, 0.070003957821209578)
113	44,0.161262433537	(113, 0.070003957821209578)
113	155,0.172320465379	(113, 0.070003957821209578)
113	161,0.175117284596	(113, 0.070003957821209578)
113	53,0.175579886875	(113, 0.070003957821209578)
113	120,0.185026682149	(113, 0.070003957821209578)
113	97,0.185229247647	(113, 0.070003957821209578)
113	15,0.19210816101	(113, 0.070003957821209578)
114	53,0.0559742675219	(114, 0.057148360773280546)
114	114,0.0571483607733	(114, 0.057148360773280546)
114	124,0.0692625417545	(114, 0.057148360773280546)
114	73,0.069686955911	(114, 0.057148360773280546)
114	104,0.087825653248	(114, 0.057148360773280546)
114	13,0.0925818087107	(114, 0.057148360773280546)
114	157,0.101836305905	(114, 0.057148360773280546)
114	155,0.101912759346	(114, 0.057148360773280546)
114	140,0.10487046382	(114, 0.057148360773280546)
114	93,0.107840029445	(114, 0.057148360773280546)
115	119,0.0555264230431	(115, 0.061836634104695705)
115	115,0.0618366341047	(115, 0.061836634104695705)
115	11,0.0635365488839	(115, 0.061836634104695705)
115	37,0.0677233185545	(115, 0.061836634104695705)
115	96,0.0741810125534	(115, 0.061836634104695705)
115	17,0.0748091631592	(115, 0.061836634104695705)
115	136,0.0807165548409	(115, 0.061836634104695705)
115	3,0.083846635986	(115, 0.061836634104695705)
115	81,0.0841629971021	(115, 0.061836634104695705)
115	172,0.0848058626243	(115, 0.061836634104695705)
116	116,0.0416401122085	(116, 0.04164011220845195)
116	93,0.0522780754407	(116, 0.04164011220845195)
116	73,0.0902061970786	(116, 0.04164011220845195)
116	109,0.0902374932477	(116, 0.04164011220845195)
116	144,0.0984317106375	(116, 0.04164011220845195)
116	172,0.10224715399	(116, 0.04164011220845195)
116	3,0.105088050384	(116, 0.04164011220845195)
116	156,0.105366438065	(116, 0.04164011220845195)
116	124,0.108267722282	(116, 0.04164011220845195)
116	128,0.111519942407	(116, 0.04164011220845195)
117	117,0.0159604811286	(117, 0.015960481128562565)
117	21,0.0397284998804	(117, 0.015960481128562565)
117	71,0.0454703343924	(117, 0.015960481128562565)
117	81,0.0480593484184	(117, 0.015960481128562565)
117	11,0.0487278677307	(117, 0.015960481128562565)
117	76,0.0543137016152	(117, 0.015960481128562565)
117	77,0.0551402179565	(117, 0.015960481128562565)
117	3,0.0555489792696	(117, 0.015960481128562565)
117	162,0.0565083556804	(117, 0.015960481128562565)
117	22,0.0570914575511	(117, 0.015960481128562565)
118	33,0.108589958712	(118, 0.17510345276813932)
118	34,0.109201395327	(118, 0.17510345276813932)
118	69,0.123893772932	(118, 0.17510345276813932)
118	113,0.153056531306	(118, 0.17510345276813932)
118	4,0.163168349873	(118, 0.17510345276813932)
118	15,0.167439902565	(118, 0.17510345276813932)
118	130,0.168154790443	(118, 0.17510345276813932)
118	25,0.171640989641	(118, 0.17510345276813932)
118	118,0.175103452768	(118, 0.17510345276813932)
118	2,0.180776260869	(118, 0.17510345276813932)
119	120,0.0595987970463	(119, 0.077691424903046855)
119	119,0.077691424903	(119, 0.077691424903046855)
119	69,0.0780833951489	(119, 0.077691424903046855)
119	40,0.0804583887586	(119, 0.077691424903046855)
119	124,0.0825798970484	(119, 0.077691424903046855)
119	172,0.0831306742249	(119, 0.077691424903046855)
119	17,0.0831438003439	(119, 0.077691424903046855)
119	97,0.0847657020931	(119, 0.077691424903046855)
119	123,0.088964789688	(119, 0.077691424903046855)
119	4,0.0916438266934	(119, 0.077691424903046855)
120	120,0.0476575414414	(120, 0.047657541441396563)
120	65,0.0589676609228	(120, 0.047657541441396563)
120	155,0.0746282634554	(120, 0.047657541441396563)
120	161,0.0768908203185	(120, 0.047657541441396563)
120	44,0.0902469952451	(120, 0.047657541441396563)
120	53,0.090805054762	(120, 0.047657541441396563)
120	83,0.0985314504562	(120, 0.047657541441396563)
120	124,0.10132693924	(120, 0.047657541441396563)
120	97,0.103677643592	(120, 0.047657541441396563)
120	13,0.105925209369	(120, 0.047657541441396563)
121	121,0.0434558505632	(121, 0.043455850563182727)
121	22,0.0499068178702	(121, 0.043455850563182727)
121	1,0.0511474298947	(121, 0.043455850563182727)
121	78,0.0550819181412	(121, 0.043455850563182727)
121	26,0.059753680616	(121, 0.043455850563182727)
121	128,0.0666534642901	(121, 0.043455850563182727)
121	73,0.0695699603144	(121, 0.043455850563182727)
121	11,0.0703580657315	(121, 0.043455850563182727)
121	132,0.0734609397969	(121, 0.043455850563182727)
121	158,0.0787603031866	(121, 0.043455850563182727)
122	174,0.0678748688643	(122, 0.080278228817650982)
122	122,0.0802782288177	(122, 0.080278228817650982)
122	154,0.091913783901	(122, 0.080278228817650982)
122	69,0.106566919113	(122, 0.080278228817650982)
122	2,0.112741351376	(122, 0.080278228817650982)
122	4,0.124948666947	(122, 0.080278228817650982)
122	48,0.126615871453	(122, 0.080278228817650982)
122	116,0.132902480635	(122, 0.080278228817650982)
122	172,0.136108487607	(122, 0.080278228817650982)
122	56,0.138190531917	(122, 0.080278228817650982)
123	123,0.0544487462267	(123, 0.054448746226674685)
123	172,0.0546139318188	(123, 0.054448746226674685)
123	81,0.0805007895811	(123, 0.054448746226674685)
123	146,0.0828419948089	(123, 0.054448746226674685)
123	119,0.0837633914405	(123, 0.054448746226674685)
123	40,0.0860772227262	(123, 0.054448746226674685)
123	90,0.0889066425503	(123, 0.054448746226674685)
123	115,0.0941206745555	(123, 0.054448746226674685)
123	96,0.0950366364126	(123, 0.054448746226674685)
123	137,0.0967802824633	(123, 0.054448746226674685)
124	124,0.079017278534	(124, 0.079017278533950977)
124	101,0.111435952866	(124, 0.079017278533950977)
124	41,0.13391669526	(124, 0.079017278533950977)
124	73,0.141008437096	(124, 0.079017278533950977)
124	169,0.143060647528	(124, 0.079017278533950977)
124	155,0.148850968332	(124, 0.079017278533950977)
124	157,0.149712561738	(124, 0.079017278533950977)
124	140,0.149928590837	(124, 0.079017278533950977)
124	27,0.152698450672	(124, 0.079017278533950977)
124	53,0.153446620163	(124, 0.079017278533950977)
125	13,0.103186908187	(125, 0.14171096629677285)
125	65,0.11970468108	(125, 0.14171096629677285)
125	155,0.122217086953	(125, 0.14171096629677285)
125	73,0.127350864237	(125, 0.14171096629677285)
125	114,0.134087116805	(125, 0.14171096629677285)
125	161,0.135106889838	(125, 0.14171096629677285)
125	68,0.137426992439	(125, 0.14171096629677285)
125	125,0.141710966297	(125, 0.14171096629677285)
125	41,0.144017530733	(125, 0.14171096629677285)
125	29,0.155037658153	(125, 0.14171096629677285)
126	126,0.05498379928	(126, 0.05498379928001039)
126	81,0.0553521965947	(126, 0.05498379928001039)
126	3,0.0594898867794	(126, 0.05498379928001039)
126	11,0.0615456007961	(126, 0.05498379928001039)
126	121,0.0638320100896	(126, 0.05498379928001039)
126	132,0.064881423589	(126, 0.05498379928001039)
126	119,0.0682144346382	(126, 0.05498379928001039)
126	151,0.070452583568	(126, 0.05498379928001039)
126	12,0.0707988554013	(126, 0.05498379928001039)
126	128,0.0715336852191	(126, 0.05498379928001039)
127	17,0.0377281450456	(127, 0.047100457439218701)
127	74,0.0391184812743	(127, 0.047100457439218701)
127	136,0.0417487797934	(127, 0.047100457439218701)
127	127,0.0471004574392	(127, 0.047100457439218701)
127	100,0.0549574734914	(127, 0.047100457439218701)
127	59,0.0560999561916	(127, 0.047100457439218701)
127	77,0.056268838837	(127, 0.047100457439218701)
127	37,0.0608041660241	(127, 0.047100457439218701)
127	49,0.0704333490252	(127, 0.047100457439218701)
127	172,0.0864114738194	(127, 0.047100457439218701)
128	128,0.0417525894961	(128, 0.041752589496101992)
128	159,0.0479951694426	(128, 0.041752589496101992)
128	12,0.0517880577711	(128, 0.041752589496101992)
128	78,0.0622979566325	(128, 0.041752589496101992)
128	139,0.062402575443	(128, 0.041752589496101992)
128	18,0.0625815903732	(128, 0.041752589496101992)
128	151,0.0628970400168	(128, 0.041752589496101992)
128	121,0.0652258124019	(128, 0.041752589496101992)
128	22,0.0674186501681	(128, 0.041752589496101992)
128	152,0.0693840051307	(128, 0.041752589496101992)
129	98,0.0752256966854	(129, 0.13150049410725154)
129	49,0.0795389894465	(129, 0.13150049410725154)
129	100,0.114912702726	(129, 0.13150049410725154)
129	15,0.117536197773	(129, 0.13150049410725154)
129	77,0.117923071267	(129, 0.13150049410725154)
129	59,0.118631029292	(129, 0.13150049410725154)
129	83,0.125261770419	(129, 0.13150049410725154)
129	94,0.128485192921	(129, 0.13150049410725154)
129	129,0.131500494107	(129, 0.13150049410725154)
129	25,0.138603008587	(129, 0.13150049410725154)
130	130,0.111833325003	(130, 0.11183332500320253)
130	65,0.127514455263	(130, 0.11183332500320253)
130	34,0.133565400633	(130, 0.11183332500320253)
130	13,0.134671967683	(130, 0.11183332500320253)
130	73,0.142752291372	(130, 0.11183332500320253)
130	157,0.14305852632	(130, 0.11183332500320253)
130	53,0.14396723122	(130, 0.11183332500320253)
130	91,0.146725136315	(130, 0.11183332500320253)
130	28,0.150122202159	(130, 0.11183332500320253)
130	155,0.150688548822	(130, 0.11183332500320253)
131	166,0.0804925966265	(131, 0.099445845941076597)
131	131,0.0994458459411	(131, 0.099445845941076597)
131	116,0.102760836933	(131, 0.099445845941076597)
131	72,0.103602089714	(131, 0.099445845941076597)
131	144,0.134850616377	(131, 0.099445845941076597)
131	104,0.14496228644	(131, 0.099445845941076597)
131	84,0.14779716959	(131, 0.099445845941076597)
131	156,0.158694070047	(131, 0.099445845941076597)
131	93,0.167570509073	(131, 0.099445845941076597)
131	165,0.177616261927	(131, 0.099445845941076597)
132	132,0.0309357954671	(132, 0.030935795467146119)
132	18,0.0333494238285	(132, 0.030935795467146119)
132	22,0.0334146367914	(132, 0.030935795467146119)
132	139,0.0395893556655	(132, 0.030935795467146119)
132	46,0.0403789711131	(132, 0.030935795467146119)
132	76,0.0409614196856	(132, 0.030935795467146119)
132	158,0.0441630967751	(132, 0.030935795467146119)
132	147,0.0444216683032	(132, 0.030935795467146119)
132	171,0.0470421793113	(132, 0.030935795467146119)
132	151,0.0501417181018	(132, 0.030935795467146119)
133	133,0.0415541435373	(133, 0.041554143537321529)
133	130,0.105336141112	(133, 0.041554143537321529)
133	34,0.117694771066	(133, 0.041554143537321529)
133	91,0.121150234385	(133, 0.041554143537321529)
133	102,0.151422127741	(133, 0.041554143537321529)
133	53,0.152405676523	(133, 0.041554143537321529)
133	103,0.165962847168	(133, 0.041554143537321529)
133	65,0.167222775555	(133, 0.041554143537321529)
133	114,0.168233167759	(133, 0.041554143537321529)
133	153,0.16842256694	(133, 0.041554143537321529)
134	121,0.0494292386273	(134, 0.065596885343578562)
134	128,0.0497415637771	(134, 0.065596885343578562)
134	78,0.0590237659605	(134, 0.065596885343578562)
134	134,0.0655968853436	(134, 0.065596885343578562)
134	22,0.0698429876857	(134, 0.065596885343578562)
134	18,0.0723171726662	(134, 0.065596885343578562)
134	73,0.0796787876319	(134, 0.065596885343578562)
134	109,0.083140641696	(134, 0.065596885343578562)
134	12,0.0851043008065	(134, 0.065596885343578562)
134	151,0.0862508117699	(134, 0.065596885343578562)
135	147,0.0268706753144	(135, 0.038387725497109997)
135	76,0.0340220417516	(135, 0.038387725497109997)
135	63,0.0356649514617	(135, 0.038387725497109997)
135	137,0.0375798190872	(135, 0.038387725497109997)
135	135,0.0383877254971	(135, 0.038387725497109997)
135	162,0.0415836945587	(135, 0.038387725497109997)
135	171,0.0502910081667	(135, 0.038387725497109997)
135	117,0.0550055915371	(135, 0.038387725497109997)
135	77,0.0565012698111	(135, 0.038387725497109997)
135	3,0.0585078145983	(135, 0.038387725497109997)
136	136,0.0542859842355	(136, 0.054285984235508705)
136	54,0.065555469732	(136, 0.054285984235508705)
136	11,0.0667046022429	(136, 0.054285984235508705)
136	126,0.0675242711747	(136, 0.054285984235508705)
136	121,0.0690291273891	(136, 0.054285984235508705)
136	162,0.0794317960272	(136, 0.054285984235508705)
136	119,0.0826217638305	(136, 0.054285984235508705)
136	3,0.0829982630684	(136, 0.054285984235508705)
136	151,0.0850747879853	(136, 0.054285984235508705)
136	132,0.0863277619388	(136, 0.054285984235508705)
137	137,0.0192625113095	(137, 0.019262511309518632)
137	147,0.0254018108598	(137, 0.019262511309518632)
137	63,0.0256735634845	(137, 0.019262511309518632)
137	171,0.0402508757277	(137, 0.019262511309518632)
137	3,0.0408772502171	(137, 0.019262511309518632)
137	76,0.0413085393922	(137, 0.019262511309518632)
137	36,0.0466879979158	(137, 0.019262511309518632)
137	90,0.0471936159355	(137, 0.019262511309518632)
137	117,0.051696814766	(137, 0.019262511309518632)
137	77,0.0564884040575	(137, 0.019262511309518632)
138	128,0.0633600695552	(138, 0.067494762886557008)
138	107,0.0644606134473	(138, 0.067494762886557008)
138	138,0.0674947628866	(138, 0.067494762886557008)
138	78,0.0685146845188	(138, 0.067494762886557008)
138	158,0.0753237215256	(138, 0.067494762886557008)
138	99,0.0832700235973	(138, 0.067494762886557008)
138	55,0.0875103290741	(138, 0.067494762886557008)
138	159,0.0922488042989	(138, 0.067494762886557008)
138	38,0.0943185623372	(138, 0.067494762886557008)
138	84,0.0974928588593	(138, 0.067494762886557008)
139	139,0.0155235001878	(139, 0.015523500187790249)
139	46,0.035326947501	(139, 0.015523500187790249)
139	18,0.0429818683257	(139, 0.015523500187790249)
139	76,0.0472771668824	(139, 0.015523500187790249)
139	151,0.0473665316227	(139, 0.015523500187790249)
139	22,0.0493160482055	(139, 0.015523500187790249)
139	132,0.0553266648948	(139, 0.015523500187790249)
139	171,0.0612869593164	(139, 0.015523500187790249)
139	63,0.062190746413	(139, 0.015523500187790249)
139	35,0.0638813303191	(139, 0.015523500187790249)
140	93,0.0771289207977	(140, 0.079794749704433662)
140	140,0.0797947497044	(140, 0.079794749704433662)
140	73,0.0822383184286	(140, 0.079794749704433662)
140	69,0.0852765573075	(140, 0.079794749704433662)
140	124,0.0854956819897	(140, 0.079794749704433662)
140	157,0.0919408281668	(140, 0.079794749704433662)
140	116,0.0932652075905	(140, 0.079794749704433662)
140	13,0.106619834078	(140, 0.079794749704433662)
140	104,0.106814385719	(140, 0.079794749704433662)
140	53,0.111853389695	(140, 0.079794749704433662)
141	141,0.136536712361	(141, 0.13653671236074802)
141	48,0.161180132146	(141, 0.13653671236074802)
141	124,0.164569755291	(141, 0.13653671236074802)
141	120,0.179292867199	(141, 0.13653671236074802)
141	155,0.18262888903	(141, 0.13653671236074802)
141	56,0.184298174449	(141, 0.13653671236074802)
141	33,0.184766764737	(141, 0.13653671236074802)
141	2,0.185776028285	(141, 0.13653671236074802)
141	4,0.18682814846	(141, 0.13653671236074802)
141	97,0.196151893775	(141, 0.13653671236074802)
142	12,0.0997518668399	(142, 0.23065536498765549)
142	105,0.101983099497	(142, 0.23065536498765549)
142	61,0.103477354775	(142, 0.23065536498765549)
142	38,0.103997213453	(142, 0.23065536498765549)
142	16,0.107773509327	(142, 0.23065536498765549)
142	73,0.111269700658	(142, 0.23065536498765549)
142	24,0.119020068019	(142, 0.23065536498765549)
142	23,0.120457068411	(142, 0.23065536498765549)
142	29,0.122631332833	(142, 0.23065536498765549)
142	55,0.124690739345	(142, 0.23065536498765549)
143	143,0.0270813358814	(143, 0.027081335881382118)
143	112,0.0352024685392	(143, 0.027081335881382118)
143	3,0.0400696056801	(143, 0.027081335881382118)
143	11,0.0441205855747	(143, 0.027081335881382118)
143	162,0.0442560480903	(143, 0.027081335881382118)
143	90,0.0446824071344	(143, 0.027081335881382118)
143	150,0.0524205821247	(143, 0.027081335881382118)
143	137,0.0530448442976	(143, 0.027081335881382118)
143	21,0.0554166594976	(143, 0.027081335881382118)
143	17,0.0556614847811	(143, 0.027081335881382118)
144	144,0.0436267239919	(144, 0.043626723991903912)
144	38,0.0879771077121	(144, 0.043626723991903912)
144	14,0.0886497205943	(144, 0.043626723991903912)
144	12,0.0994885181632	(144, 0.043626723991903912)
144	145,0.10836523852	(144, 0.043626723991903912)
144	50,0.112478740403	(144, 0.043626723991903912)
144	159,0.116704985821	(144, 0.043626723991903912)
144	116,0.123859925221	(144, 0.043626723991903912)
144	109,0.125593043358	(144, 0.043626723991903912)
144	156,0.129373282546	(144, 0.043626723991903912)
145	78,0.067658922564	(145, 0.070803642170166756)
145	158,0.068477265973	(145, 0.070803642170166756)
145	145,0.0708036421702	(145, 0.070803642170166756)
145	128,0.071002283981	(145, 0.070803642170166756)
145	38,0.0729726806156	(145, 0.070803642170166756)
145	24,0.0775297469581	(145, 0.070803642170166756)
145	55,0.0809803647911	(145, 0.070803642170166756)
145	12,0.0952789734497	(145, 0.070803642170166756)
145	22,0.100318490208	(145, 0.070803642170166756)
145	14,0.102836946767	(145, 0.070803642170166756)
146	146,0.0207045776065	(146, 0.020704577606494062)
146	159,0.0563245166307	(146, 0.020704577606494062)
146	12,0.0739007548624	(146, 0.020704577606494062)
146	137,0.0748947321763	(146, 0.020704577606494062)
146	46,0.0782664348341	(146, 0.020704577606494062)
146	81,0.0805342064631	(146, 0.020704577606494062)
146	3,0.0811744147981	(146, 0.020704577606494062)
146	18,0.0825239197511	(146, 0.020704577606494062)
146	172,0.0831097458474	(146, 0.020704577606494062)
146	132,0.0843751750077	(146, 0.020704577606494062)
147	147,0.0250706526383	(147, 0.025070652638321617)
147	63,0.0259526088565	(147, 0.025070652638321617)
147	76,0.0314697986903	(147, 0.025070652638321617)
147	132,0.0360928922915	(147, 0.025070652638321617)
147	18,0.0399431143414	(147, 0.025070652638321617)
147	151,0.0406922705528	(147, 0.025070652638321617)
147	22,0.0459647513653	(147, 0.025070652638321617)
147	121,0.0463648243447	(147, 0.025070652638321617)
147	23,0.0491330699843	(147, 0.025070652638321617)
147	3,0.0496898236807	(147, 0.025070652638321617)
148	148,0.0306258329175	(148, 0.030625832917541177)
148	17,0.0406840757977	(148, 0.030625832917541177)
148	143,0.0447232313764	(148, 0.030625832917541177)
148	90,0.0557362891581	(148, 0.030625832917541177)
148	100,0.058806494061	(148, 0.030625832917541177)
148	112,0.0725555357465	(148, 0.030625832917541177)
148	49,0.0759200955715	(148, 0.030625832917541177)
148	172,0.0762379284078	(148, 0.030625832917541177)
148	3,0.0819207179476	(148, 0.030625832917541177)
148	37,0.0854795803355	(148, 0.030625832917541177)
149	149,0.0942432824773	(149, 0.094243282477335419)
149	32,0.155889334494	(149, 0.094243282477335419)
149	169,0.186857172287	(149, 0.094243282477335419)
149	33,0.20845262756	(149, 0.094243282477335419)
149	27,0.280283858665	(149, 0.094243282477335419)
149	111,0.287412369088	(149, 0.094243282477335419)
149	156,0.297487546048	(149, 0.094243282477335419)
149	165,0.299189953504	(149, 0.094243282477335419)
149	131,0.311463157964	(149, 0.094243282477335419)
149	91,0.319795410811	(149, 0.094243282477335419)
150	3,0.0274503253155	(150, 0.046274553528449981)
150	11,0.0346571692927	(150, 0.046274553528449981)
150	71,0.0399103684246	(150, 0.046274553528449981)
150	162,0.0426728511649	(150, 0.046274553528449981)
150	150,0.0462745535284	(150, 0.046274553528449981)
150	121,0.0464099190307	(150, 0.046274553528449981)
150	143,0.047876186428	(150, 0.046274553528449981)
150	63,0.0491757896879	(150, 0.046274553528449981)
150	117,0.0492781897098	(150, 0.046274553528449981)
150	86,0.0498542776903	(150, 0.046274553528449981)
151	121,0.0321509530699	(151, 0.048767537162749286)
151	132,0.0465555570942	(151, 0.048767537162749286)
151	151,0.0487675371627	(151, 0.048767537162749286)
151	70,0.0494701471082	(151, 0.048767537162749286)
151	11,0.0504357987106	(151, 0.048767537162749286)
151	3,0.0509303927085	(151, 0.048767537162749286)
151	81,0.0511824470447	(151, 0.048767537162749286)
151	22,0.0544602356449	(151, 0.048767537162749286)
151	63,0.0554362507753	(151, 0.048767537162749286)
151	117,0.0571489963911	(151, 0.048767537162749286)
152	152,0.0459941709339	(152, 0.045994170933908646)
152	121,0.051125367062	(152, 0.045994170933908646)
152	18,0.058778491442	(152, 0.045994170933908646)
152	139,0.0713906296155	(152, 0.045994170933908646)
152	35,0.0723056411925	(152, 0.045994170933908646)
152	117,0.0723306735335	(152, 0.045994170933908646)
152	88,0.0736684875365	(152, 0.045994170933908646)
152	22,0.0745076530055	(152, 0.045994170933908646)
152	12,0.0765250111235	(152, 0.045994170933908646)
152	162,0.082444400559	(152, 0.045994170933908646)
153	133,0.0644424840175	(153, 0.10169232124995976)
153	153,0.10169232125	(153, 0.10169232124995976)
153	34,0.11813499661	(153, 0.10169232124995976)
153	91,0.1253481794	(153, 0.10169232124995976)
153	102,0.129152804129	(153, 0.10169232124995976)
153	130,0.133132499459	(153, 0.10169232124995976)
153	103,0.153151545214	(153, 0.10169232124995976)
153	95,0.15529389977	(153, 0.10169232124995976)
153	1,0.161618741982	(153, 0.10169232124995976)
153	28,0.164598523642	(153, 0.10169232124995976)
154	154,0.0359150153494	(154, 0.035915015349449367)
154	40,0.0731463432591	(154, 0.035915015349449367)
154	69,0.077228583734	(154, 0.035915015349449367)
154	116,0.0811137775654	(154, 0.035915015349449367)
154	174,0.0811792044912	(154, 0.035915015349449367)
154	172,0.0858559812922	(154, 0.035915015349449367)
154	4,0.0860598280814	(154, 0.035915015349449367)
154	2,0.107021810515	(154, 0.035915015349449367)
154	48,0.110277568917	(154, 0.035915015349449367)
154	123,0.112614610087	(154, 0.035915015349449367)
155	71,0.032506849723	(155, 0.060433398891961254)
155	11,0.0356092546059	(155, 0.060433398891961254)
155	162,0.0487830911089	(155, 0.060433398891961254)
155	77,0.0580576190554	(155, 0.060433398891961254)
155	155,0.060433398892	(155, 0.060433398891961254)
155	117,0.0617748134516	(155, 0.060433398891961254)
155	1,0.0624553591825	(155, 0.060433398891961254)
155	37,0.0647074818137	(155, 0.060433398891961254)
155	3,0.0658815099774	(155, 0.060433398891961254)
155	21,0.0675738804889	(155, 0.060433398891961254)
156	73,0.057617595239	(156, 0.071395512704030495)
156	109,0.0702946223943	(156, 0.071395512704030495)
156	156,0.071395512704	(156, 0.071395512704030495)
156	107,0.0853332448148	(156, 0.071395512704030495)
156	128,0.0902855111442	(156, 0.071395512704030495)
156	144,0.0904878248591	(156, 0.071395512704030495)
156	50,0.101243306478	(156, 0.071395512704030495)
156	78,0.106656150083	(156, 0.071395512704030495)
156	138,0.106884075306	(156, 0.071395512704030495)
156	27,0.107769834363	(156, 0.071395512704030495)
157	22,0.0513547058044	(157, 0.085859090731135845)
157	12,0.0518439313317	(157, 0.085859090731135845)
157	128,0.0587442476162	(157, 0.085859090731135845)
157	73,0.0601717872816	(157, 0.085859090731135845)
157	78,0.0632303567998	(157, 0.085859090731135845)
157	93,0.0644091063927	(157, 0.085859090731135845)
157	126,0.0653330382786	(157, 0.085859090731135845)
157	121,0.0655162115416	(157, 0.085859090731135845)
157	132,0.0682877089441	(157, 0.085859090731135845)
157	3,0.0695920681214	(157, 0.085859090731135845)
158	77,0.0316024451349	(158, 0.10377041768001048)
158	3,0.0390881010046	(158, 0.10377041768001048)
158	147,0.0470753559901	(158, 0.10377041768001048)
158	37,0.0480552226536	(158, 0.10377041768001048)
158	171,0.0483795878197	(158, 0.10377041768001048)
158	63,0.0489789110754	(158, 0.10377041768001048)
158	76,0.0494094213753	(158, 0.10377041768001048)
158	137,0.0523770216617	(158, 0.10377041768001048)
158	136,0.0547817203245	(158, 0.10377041768001048)
158	11,0.055693866351	(158, 0.10377041768001048)
159	146,0.0307168031593	(159, 0.076314266433847214)
159	137,0.0495664049263	(159, 0.076314266433847214)
159	18,0.0496407418586	(159, 0.076314266433847214)
159	150,0.0507584145576	(159, 0.076314266433847214)
159	81,0.0534845117957	(159, 0.076314266433847214)
159	147,0.0547967821948	(159, 0.076314266433847214)
159	46,0.0551601207109	(159, 0.076314266433847214)
159	3,0.0555669612776	(159, 0.076314266433847214)
159	90,0.0562976830429	(159, 0.076314266433847214)
159	63,0.0566404767148	(159, 0.076314266433847214)
160	164,0.0906727618327	(160, 0.44485998848209019)
160	27,0.10775198574	(160, 0.44485998848209019)
160	43,0.117174952335	(160, 0.44485998848209019)
160	73,0.117673418656	(160, 0.44485998848209019)
160	38,0.1199903487	(160, 0.44485998848209019)
160	107,0.133129308768	(160, 0.44485998848209019)
160	109,0.133169373091	(160, 0.44485998848209019)
160	105,0.1357436734	(160, 0.44485998848209019)
160	50,0.141201091918	(160, 0.44485998848209019)
160	19,0.145661209202	(160, 0.44485998848209019)
161	161,0.0236596460427	(161, 0.023659646042682898)
161	65,0.0617487593881	(161, 0.023659646042682898)
161	44,0.076389133311	(161, 0.023659646042682898)
161	17,0.0791496397073	(161, 0.023659646042682898)
161	68,0.0845207180441	(161, 0.023659646042682898)
161	83,0.0846387429745	(161, 0.023659646042682898)
161	155,0.0860669827611	(161, 0.023659646042682898)
161	100,0.100125151986	(161, 0.023659646042682898)
161	13,0.101297096692	(161, 0.023659646042682898)
161	120,0.102344937079	(161, 0.023659646042682898)
162	162,0.0331934372816	(162, 0.033193437281557915)
162	18,0.0396611583603	(162, 0.033193437281557915)
162	117,0.0408775988751	(162, 0.033193437281557915)
162	76,0.0424432524396	(162, 0.033193437281557915)
162	147,0.0469705314972	(162, 0.033193437281557915)
162	150,0.0514494574325	(162, 0.033193437281557915)
162	88,0.0540461757214	(162, 0.033193437281557915)
162	11,0.0552254291684	(162, 0.033193437281557915)
162	63,0.0552819360744	(162, 0.033193437281557915)
162	90,0.0553157175955	(162, 0.033193437281557915)
163	17,0.0529813786943	(163, 0.087673002165998562)
163	172,0.059213567324	(163, 0.087673002165998562)
163	3,0.0641465165659	(163, 0.087673002165998562)
163	148,0.0646048881641	(163, 0.087673002165998562)
163	40,0.0663865647531	(163, 0.087673002165998562)
163	100,0.0666437299343	(163, 0.087673002165998562)
163	37,0.0714145912884	(163, 0.087673002165998562)
163	11,0.0722005151615	(163, 0.087673002165998562)
163	143,0.0735257481759	(163, 0.087673002165998562)
163	90,0.0819800565963	(163, 0.087673002165998562)
164	156,0.0725174551561	(164, 0.1029193806041923)
164	27,0.0883472258974	(164, 0.1029193806041923)
164	73,0.090806679831	(164, 0.1029193806041923)
164	164,0.102919380604	(164, 0.1029193806041923)
164	144,0.110927045794	(164, 0.1029193806041923)
164	32,0.114940714541	(164, 0.1029193806041923)
164	131,0.118245506926	(164, 0.1029193806041923)
164	109,0.120778414186	(164, 0.1029193806041923)
164	107,0.130350314352	(164, 0.1029193806041923)
164	13,0.134322636919	(164, 0.1029193806041923)
165	93,0.0738804009794	(165, 0.1010436345513263)
165	116,0.0977668638541	(165, 0.1010436345513263)
165	157,0.0989965609698	(165, 0.1010436345513263)
165	144,0.0995422882296	(165, 0.1010436345513263)
165	165,0.101043634551	(165, 0.1010436345513263)
165	73,0.104503855613	(165, 0.1010436345513263)
165	131,0.105813865772	(165, 0.1010436345513263)
165	156,0.124363539905	(165, 0.1010436345513263)
165	124,0.125286813642	(165, 0.1010436345513263)
165	27,0.128059292737	(165, 0.1010436345513263)
166	116,0.1052088375	(166, 0.14258094488057463)
166	69,0.107567424748	(166, 0.14258094488057463)
166	124,0.117552605751	(166, 0.14258094488057463)
166	144,0.133754082487	(166, 0.14258094488057463)
166	104,0.139867337647	(166, 0.14258094488057463)
166	123,0.140791533288	(166, 0.14258094488057463)
166	140,0.141273647135	(166, 0.14258094488057463)
166	166,0.142580944881	(166, 0.14258094488057463)
166	13,0.143183016389	(166, 0.14258094488057463)
166	48,0.145445022374	(166, 0.14258094488057463)
167	51,0.0978392156456	(167, 0.14946623106542736)
167	27,0.116239178609	(167, 0.14946623106542736)
167	39,0.117928859379	(167, 0.14946623106542736)
167	32,0.139028009417	(167, 0.14946623106542736)
167	167,0.149466231065	(167, 0.14946623106542736)
167	19,0.164738566986	(167, 0.14946623106542736)
167	138,0.179875242197	(167, 0.14946623106542736)
167	107,0.191213496502	(167, 0.14946623106542736)
167	156,0.203179696867	(167, 0.14946623106542736)
167	43,0.211735421256	(167, 0.14946623106542736)
168	18,0.0652380895607	(168, 0.081906030503193908)
168	121,0.0684910447705	(168, 0.081906030503193908)
168	55,0.0738730083199	(168, 0.081906030503193908)
168	12,0.0755548561224	(168, 0.081906030503193908)
168	151,0.0790209725611	(168, 0.081906030503193908)
168	168,0.0819060305032	(168, 0.081906030503193908)
168	61,0.0846398122353	(168, 0.081906030503193908)
168	38,0.0875702969848	(168, 0.081906030503193908)
168	23,0.087724753899	(168, 0.081906030503193908)
168	152,0.0883826150377	(168, 0.081906030503193908)
169	27,0.100551331714	(169, 0.10721357314297414)
169	169,0.107213573143	(169, 0.10721357314297414)
169	156,0.108928668941	(169, 0.10721357314297414)
169	73,0.109886676019	(169, 0.10721357314297414)
169	99,0.113878528444	(169, 0.10721357314297414)
169	170,0.122939684683	(169, 0.10721357314297414)
169	144,0.126263605917	(169, 0.10721357314297414)
169	109,0.127852948542	(169, 0.10721357314297414)
169	19,0.131494843641	(169, 0.10721357314297414)
169	41,0.139203809438	(169, 0.10721357314297414)
170	170,0.0743075157175	(170, 0.074307515717543238)
170	99,0.0900110043832	(170, 0.074307515717543238)
170	27,0.0915344177084	(170, 0.074307515717543238)
170	144,0.107498880896	(170, 0.074307515717543238)
170	19,0.110048935976	(170, 0.074307515717543238)
170	73,0.117663464833	(170, 0.074307515717543238)
170	84,0.136716765682	(170, 0.074307515717543238)
170	0,0.136733396837	(170, 0.074307515717543238)
170	109,0.140239493399	(170, 0.074307515717543238)
170	114,0.144268986754	(170, 0.074307515717543238)
171	156,0.0826830166772	(171, 0.26633433497490089)
171	27,0.0893827638377	(171, 0.26633433497490089)
171	32,0.0979934835138	(171, 0.26633433497490089)
171	73,0.110720757448	(171, 0.26633433497490089)
171	164,0.120960784729	(171, 0.26633433497490089)
171	107,0.122432036215	(171, 0.26633433497490089)
171	169,0.130423622352	(171, 0.26633433497490089)
171	19,0.140797622497	(171, 0.26633433497490089)
171	144,0.141329480324	(171, 0.26633433497490089)
171	131,0.142725486677	(171, 0.26633433497490089)
172	172,0.0186318957001	(172, 0.01863189570014773)
172	137,0.0398532286922	(172, 0.01863189570014773)
172	3,0.0474312254352	(172, 0.01863189570014773)
172	17,0.0606318941502	(172, 0.01863189570014773)
172	81,0.0613863873604	(172, 0.01863189570014773)
172	77,0.0616383523627	(172, 0.01863189570014773)
172	171,0.0659578016095	(172, 0.01863189570014773)
172	90,0.0679685355456	(172, 0.01863189570014773)
172	136,0.0708675291166	(172, 0.01863189570014773)
172	37,0.0709297166624	(172, 0.01863189570014773)
173	107,0.0781413998944	(173, 0.13840331773237036)
173	158,0.0850161868211	(173, 0.13840331773237036)
173	24,0.0911827919937	(173, 0.13840331773237036)
173	38,0.0936935370617	(173, 0.13840331773237036)
173	27,0.099318847533	(173, 0.13840331773237036)
173	78,0.110105078072	(173, 0.13840331773237036)
173	128,0.111813035236	(173, 0.13840331773237036)
173	61,0.115790768313	(173, 0.13840331773237036)
173	156,0.118820585849	(173, 0.13840331773237036)
173	22,0.127162854774	(173, 0.13840331773237036)
174	174,0.0308188785728	(174, 0.030818878572754282)
174	15,0.0476660325241	(174, 0.030818878572754282)
174	56,0.0498265633635	(174, 0.030818878572754282)
174	120,0.0684633573324	(174, 0.030818878572754282)
174	17,0.0766918214616	(174, 0.030818878572754282)
174	69,0.0768399285861	(174, 0.030818878572754282)
174	4,0.0854411789722	(174, 0.030818878572754282)
174	2,0.0883702705441	(174, 0.030818878572754282)
174	154,0.0992939773983	(174, 0.030818878572754282)
174	172,0.0996110702994	(174, 0.030818878572754282)
