0	0,0.000315273134029	(0, 0.00031527313402931529)
0	38,0.000802930184359	(0, 0.00031527313402931529)
0	99,0.000816096613143	(0, 0.00031527313402931529)
0	170,0.000863518080767	(0, 0.00031527313402931529)
0	84,0.000901727078801	(0, 0.00031527313402931529)
0	109,0.000944308151723	(0, 0.00031527313402931529)
0	55,0.000972589368974	(0, 0.00031527313402931529)
0	144,0.00101258800514	(0, 0.00031527313402931529)
0	78,0.00103694242053	(0, 0.00031527313402931529)
0	128,0.00109874570689	(0, 0.00031527313402931529)
1	1,0.00027756270282	(1, 0.00027756270281972085)
1	103,0.000432513706211	(1, 0.00027756270281972085)
1	102,0.000526712527517	(1, 0.00027756270281972085)
1	155,0.000581812444398	(1, 0.00027756270281972085)
1	114,0.000590140248747	(1, 0.00027756270281972085)
1	41,0.000593160724352	(1, 0.00027756270281972085)
1	91,0.000596243843943	(1, 0.00027756270281972085)
1	28,0.000620926417511	(1, 0.00027756270281972085)
1	153,0.000649794683521	(1, 0.00027756270281972085)
1	65,0.000679197284734	(1, 0.00027756270281972085)
2	154,0.000250918405794	(2, 0.00054879785508195052)
2	4,0.000375653500632	(2, 0.00054879785508195052)
2	174,0.000396603254194	(2, 0.00054879785508195052)
2	69,0.000424867253995	(2, 0.00054879785508195052)
2	40,0.000489717141847	(2, 0.00054879785508195052)
2	172,0.000501737333642	(2, 0.00054879785508195052)
2	2,0.000548797855082	(2, 0.00054879785508195052)
2	116,0.000679853347196	(2, 0.00054879785508195052)
2	15,0.000703696941857	(2, 0.00054879785508195052)
2	17,0.000731738212354	(2, 0.00054879785508195052)
3	63,0.000170580000629	(3, 0.00019274737478992636)
3	3,0.00019274737479	(3, 0.00019274737478992636)
3	132,0.000264975252092	(3, 0.00019274737478992636)
3	147,0.000269512124933	(3, 0.00019274737478992636)
3	121,0.00028439096343	(3, 0.00019274737478992636)
3	11,0.000316534709688	(3, 0.00019274737478992636)
3	76,0.00032809228144	(3, 0.00019274737478992636)
3	81,0.000342915071126	(3, 0.00019274737478992636)
3	151,0.000348982555118	(3, 0.00019274737478992636)
3	70,0.000351641620191	(3, 0.00019274737478992636)
4	172,0.000246147850153	(4, 0.00039262693633536886)
4	40,0.000332319965126	(4, 0.00039262693633536886)
4	17,0.00036148116331	(4, 0.00039262693633536886)
4	69,0.000368227992719	(4, 0.00039262693633536886)
4	4,0.000392626936335	(4, 0.00039262693633536886)
4	37,0.000426907314551	(4, 0.00039262693633536886)
4	77,0.000429533793047	(4, 0.00039262693633536886)
4	120,0.000429664194637	(4, 0.00039262693633536886)
4	15,0.000437801128569	(4, 0.00039262693633536886)
4	13,0.000443457627448	(4, 0.00039262693633536886)
5	73,0.000239880716641	(5, 0.0013017402189866331)
5	93,0.000469476696705	(5, 0.0013017402189866331)
5	128,0.000560223730539	(5, 0.0013017402189866331)
5	22,0.000644482881902	(5, 0.0013017402189866331)
5	124,0.000648659029824	(5, 0.0013017402189866331)
5	78,0.000652929687223	(5, 0.0013017402189866331)
5	156,0.000686025304477	(5, 0.0013017402189866331)
5	158,0.000695641729065	(5, 0.0013017402189866331)
5	157,0.00069805421795	(5, 0.0013017402189866331)
5	1,0.00073462822168	(5, 0.0013017402189866331)
6	139,0.000196288590583	(6, 0.0002898328607328317)
6	46,0.000215699582673	(6, 0.0002898328607328317)
6	6,0.000289832860733	(6, 0.0002898328607328317)
6	171,0.000314555865685	(6, 0.0002898328607328317)
6	76,0.00031785106542	(6, 0.0002898328607328317)
6	22,0.000328384389155	(6, 0.0002898328607328317)
6	18,0.000373307716042	(6, 0.0002898328607328317)
6	158,0.000376531828726	(6, 0.0002898328607328317)
6	132,0.000403242073788	(6, 0.0002898328607328317)
6	147,0.000437187932311	(6, 0.0002898328607328317)
7	66,0.00154126000049	(7, 0.0029498321207014132)
7	80,0.00217531308031	(7, 0.0029498321207014132)
7	169,0.00218877160138	(7, 0.0029498321207014132)
7	167,0.00219852290946	(7, 0.0029498321207014132)
7	51,0.00220245078102	(7, 0.0029498321207014132)
7	32,0.00224796617987	(7, 0.0029498321207014132)
7	149,0.00230473299025	(7, 0.0029498321207014132)
7	133,0.00241325918228	(7, 0.0029498321207014132)
7	160,0.00265381877447	(7, 0.0029498321207014132)
7	7,0.0029498321207	(7, 0.0029498321207014132)
8	11,0.000312317911906	(8, 0.00058612997293195929)
8	73,0.000345228646016	(8, 0.00058612997293195929)
8	121,0.000355950471116	(8, 0.00058612997293195929)
8	3,0.000434459950689	(8, 0.00058612997293195929)
8	81,0.000463259029698	(8, 0.00058612997293195929)
8	109,0.00046573577554	(8, 0.00058612997293195929)
8	162,0.000477346857056	(8, 0.00058612997293195929)
8	71,0.000484686975461	(8, 0.00058612997293195929)
8	78,0.000485295395714	(8, 0.00058612997293195929)
8	1,0.000497695599205	(8, 0.00058612997293195929)
9	9,0.00048777447107	(9, 0.00048777447106950145)
9	114,0.000983120504137	(9, 0.00048777447106950145)
9	155,0.000984823595963	(9, 0.00048777447106950145)
9	53,0.0011814478254	(9, 0.00048777447106950145)
9	124,0.0012507331899	(9, 0.00048777447106950145)
9	91,0.00130234531556	(9, 0.00048777447106950145)
9	65,0.00138165294227	(9, 0.00048777447106950145)
9	41,0.00144674065093	(9, 0.00048777447106950145)
9	28,0.00159052583768	(9, 0.00048777447106950145)
9	89,0.00174488637621	(9, 0.00048777447106950145)
10	10,0.00073009107363	(10, 0.00073009107363000681)
10	47,0.00137449273848	(10, 0.00073009107363000681)
10	167,0.00138808075473	(10, 0.00073009107363000681)
10	166,0.0015437464246	(10, 0.00073009107363000681)
10	84,0.00158778155631	(10, 0.00073009107363000681)
10	72,0.001652922484	(10, 0.00073009107363000681)
10	99,0.00173500285237	(10, 0.00073009107363000681)
10	67,0.00177657961134	(10, 0.00073009107363000681)
10	173,0.00186960021379	(10, 0.00073009107363000681)
10	144,0.0019160976859	(10, 0.00073009107363000681)
11	11,0.000211035541595	(11, 0.00021103554159480754)
11	81,0.000291130062423	(11, 0.00021103554159480754)
11	119,0.000403855564884	(11, 0.00021103554159480754)
11	3,0.000407451234012	(11, 0.00021103554159480754)
11	37,0.000422122407493	(11, 0.00021103554159480754)
11	115,0.00043496126675	(11, 0.00021103554159480754)
11	96,0.000504055931644	(11, 0.00021103554159480754)
11	71,0.000514846399647	(11, 0.00021103554159480754)
11	121,0.000542756355543	(11, 0.00021103554159480754)
11	86,0.000549651949411	(11, 0.00021103554159480754)
12	151,0.000219873482343	(12, 0.00024723033816403814)
12	22,0.000235082498838	(12, 0.00024723033816403814)
12	12,0.000247230338164	(12, 0.00024723033816403814)
12	121,0.000251970520369	(12, 0.00024723033816403814)
12	126,0.000281687388574	(12, 0.00024723033816403814)
12	78,0.000299305402797	(12, 0.00024723033816403814)
12	132,0.000311369757049	(12, 0.00024723033816403814)
12	18,0.000321164316835	(12, 0.00024723033816403814)
12	76,0.000329078111343	(12, 0.00024723033816403814)
12	146,0.000354091940135	(12, 0.00024723033816403814)
13	11,0.000215556234774	(13, 0.00044002626344468836)
13	162,0.000282989414785	(13, 0.00044002626344468836)
13	90,0.000295437845447	(13, 0.00044002626344468836)
13	77,0.000300479224209	(13, 0.00044002626344468836)
13	3,0.000303973660586	(13, 0.00044002626344468836)
13	37,0.00031716004695	(13, 0.00044002626344468836)
13	17,0.000317402648582	(13, 0.00044002626344468836)
13	172,0.000333440766379	(13, 0.00044002626344468836)
13	81,0.000338828397928	(13, 0.00044002626344468836)
13	136,0.000341174696005	(13, 0.00044002626344468836)
14	14,0.000371071123072	(14, 0.00037107112307231102)
14	72,0.000386936288651	(14, 0.00037107112307231102)
14	159,0.000515810199005	(14, 0.00037107112307231102)
14	144,0.000603640292729	(14, 0.00037107112307231102)
14	109,0.000626623696492	(14, 0.00037107112307231102)
14	38,0.000636502516406	(14, 0.00037107112307231102)
14	12,0.000646176542625	(14, 0.00037107112307231102)
14	123,0.000665033661885	(14, 0.00037107112307231102)
14	84,0.000672206059615	(14, 0.00037107112307231102)
14	145,0.000685684967402	(14, 0.00037107112307231102)
15	17,0.000243970129807	(15, 0.00029045746741618468)
15	15,0.000290457467416	(15, 0.00029045746741618468)
15	77,0.000352111397511	(15, 0.00029045746741618468)
15	172,0.000352656553151	(15, 0.00029045746741618468)
15	4,0.000396483592276	(15, 0.00029045746741618468)
15	174,0.000415441236565	(15, 0.00029045746741618468)
15	49,0.000438557539967	(15, 0.00029045746741618468)
15	161,0.000439647281824	(15, 0.00029045746741618468)
15	69,0.000441617389671	(15, 0.00029045746741618468)
15	100,0.000443138616961	(15, 0.00029045746741618468)
16	170,0.0005497679874	(16, 0.00057700171104348803)
16	16,0.000577001711043	(16, 0.00057700171104348803)
16	0,0.000724323780849	(16, 0.00057700171104348803)
16	109,0.000769951026062	(16, 0.00057700171104348803)
16	140,0.000801605517471	(16, 0.00057700171104348803)
16	114,0.000808476400682	(16, 0.00057700171104348803)
16	101,0.000824198154196	(16, 0.00057700171104348803)
16	134,0.0008322054959	(16, 0.00057700171104348803)
16	144,0.000832918061765	(16, 0.00057700171104348803)
16	27,0.00086361529459	(16, 0.00057700171104348803)
17	17,0.000140760897269	(17, 0.00014076089726923821)
17	172,0.000263413205303	(17, 0.00014076089726923821)
17	143,0.000307207445518	(17, 0.00014076089726923821)
17	77,0.000310617103663	(17, 0.00014076089726923821)
17	49,0.00035924900123	(17, 0.00014076089726923821)
17	100,0.000359469263842	(17, 0.00014076089726923821)
17	37,0.000391051092096	(17, 0.00014076089726923821)
17	136,0.000395095390766	(17, 0.00014076089726923821)
17	174,0.000457828070164	(17, 0.00014076089726923821)
17	4,0.00046497170682	(17, 0.00014076089726923821)
18	18,0.000183932820947	(18, 0.00018393282094667605)
18	121,0.000184060054073	(18, 0.00018393282094667605)
18	22,0.000223030804317	(18, 0.00018393282094667605)
18	151,0.000268926002703	(18, 0.00018393282094667605)
18	88,0.000295874223327	(18, 0.00018393282094667605)
18	139,0.000300233080084	(18, 0.00018393282094667605)
18	76,0.000306606525313	(18, 0.00018393282094667605)
18	132,0.000315899769984	(18, 0.00018393282094667605)
18	61,0.000318755964353	(18, 0.00018393282094667605)
18	78,0.000326927119213	(18, 0.00018393282094667605)
19	27,0.000719094547156	(19, 0.00075701547362571969)
19	19,0.000757015473626	(19, 0.00075701547362571969)
19	43,0.000770126620284	(19, 0.00075701547362571969)
19	32,0.000814385123074	(19, 0.00075701547362571969)
19	99,0.000923402689879	(19, 0.00075701547362571969)
19	164,0.00103884232973	(19, 0.00075701547362571969)
19	84,0.00110848419261	(19, 0.00075701547362571969)
19	101,0.00116210023092	(19, 0.00075701547362571969)
19	107,0.00118016564718	(19, 0.00075701547362571969)
19	169,0.00119757820993	(19, 0.00075701547362571969)
20	73,0.000376922157551	(20, 0.00063480435913789248)
20	124,0.000510455221117	(20, 0.00063480435913789248)
20	93,0.000540601202381	(20, 0.00063480435913789248)
20	20,0.000634804359138	(20, 0.00063480435913789248)
20	101,0.000640503908165	(20, 0.00063480435913789248)
20	1,0.000641254699707	(20, 0.00063480435913789248)
20	128,0.00069548530821	(20, 0.00063480435913789248)
20	157,0.000701331790802	(20, 0.00063480435913789248)
20	78,0.000704919971737	(20, 0.00063480435913789248)
20	89,0.00071841296321	(20, 0.00063480435913789248)
21	71,0.000233736358964	(21, 0.00038605126336840932)
21	11,0.000253524006871	(21, 0.00038605126336840932)
21	121,0.000277631324877	(21, 0.00038605126336840932)
21	162,0.000278222532224	(21, 0.00038605126336840932)
21	117,0.000319239753252	(21, 0.00038605126336840932)
21	23,0.000344104492612	(21, 0.00038605126336840932)
21	63,0.000366568560178	(21, 0.00038605126336840932)
21	21,0.000386051263368	(21, 0.00038605126336840932)
21	1,0.000388990686954	(21, 0.00038605126336840932)
21	22,0.0003910903403	(21, 0.00038605126336840932)
22	139,0.000203789679666	(22, 0.0002509895068263326)
22	46,0.000235967702056	(22, 0.0002509895068263326)
22	117,0.000246054041886	(22, 0.0002509895068263326)
22	22,0.000250989506826	(22, 0.0002509895068263326)
22	18,0.000257197766085	(22, 0.0002509895068263326)
22	76,0.000257519918444	(22, 0.0002509895068263326)
22	132,0.000272458023219	(22, 0.0002509895068263326)
22	63,0.000279675529869	(22, 0.0002509895068263326)
22	147,0.00031469958476	(22, 0.0002509895068263326)
22	121,0.000319112500008	(22, 0.0002509895068263326)
23	23,0.000179633247087	(23, 0.00017963324708740496)
23	61,0.000233820608762	(23, 0.00017963324708740496)
23	121,0.000382301320806	(23, 0.00017963324708740496)
23	63,0.000398354698793	(23, 0.00017963324708740496)
23	147,0.000432686405559	(23, 0.00017963324708740496)
23	26,0.000434245871973	(23, 0.00017963324708740496)
23	162,0.000448716111918	(23, 0.00017963324708740496)
23	76,0.000460794759336	(23, 0.00017963324708740496)
23	22,0.000465030890297	(23, 0.00017963324708740496)
23	135,0.000487289826062	(23, 0.00017963324708740496)
24	24,0.000201278525465	(24, 0.00020127852546498209)
24	61,0.000488227364142	(24, 0.00020127852546498209)
24	107,0.000516645752993	(24, 0.00020127852546498209)
24	12,0.000518136700533	(24, 0.00020127852546498209)
24	158,0.000553533131442	(24, 0.00020127852546498209)
24	27,0.000570033298368	(24, 0.00020127852546498209)
24	22,0.000592499665242	(24, 0.00020127852546498209)
24	50,0.000595483619135	(24, 0.00020127852546498209)
24	73,0.000605221267355	(24, 0.00020127852546498209)
24	128,0.000609442983863	(24, 0.00020127852546498209)
25	69,0.000259659353439	(25, 0.00032217929910283155)
25	15,0.000314277959783	(25, 0.00032217929910283155)
25	25,0.000322179299103	(25, 0.00032217929910283155)
25	148,0.000362524361934	(25, 0.00032217929910283155)
25	40,0.000400546425858	(25, 0.00032217929910283155)
25	4,0.000404948641421	(25, 0.00032217929910283155)
25	79,0.000582337789614	(25, 0.00032217929910283155)
25	17,0.000602090823673	(25, 0.00032217929910283155)
25	34,0.000614689669714	(25, 0.00032217929910283155)
25	172,0.000616485552802	(25, 0.00032217929910283155)
26	63,0.000177879631419	(26, 0.00050723796504238109)
26	121,0.000211290329567	(26, 0.00050723796504238109)
26	11,0.000232254157428	(26, 0.00050723796504238109)
26	147,0.000237343589305	(26, 0.00050723796504238109)
26	76,0.000252542017722	(26, 0.00050723796504238109)
26	3,0.000257146803326	(26, 0.00050723796504238109)
26	18,0.000259427202305	(26, 0.00050723796504238109)
26	22,0.00025965689399	(26, 0.00050723796504238109)
26	162,0.000286179108859	(26, 0.00050723796504238109)
26	132,0.000288788884444	(26, 0.00050723796504238109)
27	78,0.000483858102779	(27, 0.00050300009892828654)
27	27,0.000503000098928	(27, 0.00050300009892828654)
27	73,0.000538416473054	(27, 0.00050300009892828654)
27	101,0.000549543808606	(27, 0.00050300009892828654)
27	170,0.00056751350328	(27, 0.00050300009892828654)
27	61,0.000572960227865	(27, 0.00050300009892828654)
27	114,0.000612763411716	(27, 0.00050300009892828654)
27	128,0.000618358535804	(27, 0.00050300009892828654)
27	26,0.000622146816991	(27, 0.00050300009892828654)
27	121,0.000651410724389	(27, 0.00050300009892828654)
28	73,0.000437349875759	(28, 0.00056672851950278407)
28	1,0.000439753335804	(28, 0.00056672851950278407)
28	13,0.000528344528913	(28, 0.00056672851950278407)
28	124,0.00054002457065	(28, 0.00056672851950278407)
28	157,0.000546274033936	(28, 0.00056672851950278407)
28	28,0.000566728519503	(28, 0.00056672851950278407)
28	93,0.00058150691871	(28, 0.00056672851950278407)
28	3,0.000585745930266	(28, 0.00056672851950278407)
28	114,0.000595832556929	(28, 0.00056672851950278407)
28	53,0.000603602091609	(28, 0.00056672851950278407)
29	29,0.000273795785289	(29, 0.00027379578528891746)
29	135,0.000351907532674	(29, 0.00027379578528891746)
29	77,0.000359774800759	(29, 0.00027379578528891746)
29	71,0.000365848095886	(29, 0.00027379578528891746)
29	73,0.00041404678531	(29, 0.00027379578528891746)
29	22,0.000474140802609	(29, 0.00027379578528891746)
29	76,0.000480514788468	(29, 0.00027379578528891746)
29	11,0.000481330628413	(29, 0.00027379578528891746)
29	12,0.000491433618227	(29, 0.00027379578528891746)
29	137,0.000500468477669	(29, 0.00027379578528891746)
30	103,0.00060083504117	(30, 0.00068053014204430648)
30	30,0.000680530142044	(30, 0.00068053014204430648)
30	91,0.000811548291252	(30, 0.00068053014204430648)
30	28,0.000856828463768	(30, 0.00068053014204430648)
30	1,0.000911907269078	(30, 0.00068053014204430648)
30	53,0.000975111502052	(30, 0.00068053014204430648)
30	51,0.000991456244505	(30, 0.00068053014204430648)
30	114,0.00099937107227	(30, 0.00068053014204430648)
30	73,0.00101004551259	(30, 0.00068053014204430648)
30	153,0.001021267356	(30, 0.00068053014204430648)
31	166,0.000442237592404	(31, 0.00087468012957380749)
31	72,0.000709483936394	(31, 0.00087468012957380749)
31	116,0.000815286350562	(31, 0.00087468012957380749)
31	31,0.000874680129574	(31, 0.00087468012957380749)
31	144,0.000882550704222	(31, 0.00087468012957380749)
31	131,0.000908626515122	(31, 0.00087468012957380749)
31	104,0.000979579848292	(31, 0.00087468012957380749)
31	67,0.00111365585793	(31, 0.00087468012957380749)
31	124,0.00112327408953	(31, 0.00087468012957380749)
31	84,0.00115847443075	(31, 0.00087468012957380749)
32	156,0.000490854024926	(32, 0.00074028447092769421)
32	73,0.000649242836042	(32, 0.00074028447092769421)
32	27,0.000727355286943	(32, 0.00074028447092769421)
32	50,0.000727938766841	(32, 0.00074028447092769421)
32	32,0.000740284470928	(32, 0.00074028447092769421)
32	107,0.000786679908963	(32, 0.00074028447092769421)
32	131,0.000786993779667	(32, 0.00074028447092769421)
32	144,0.00079014161922	(32, 0.00074028447092769421)
32	109,0.000851649282751	(32, 0.00074028447092769421)
32	12,0.000857134361228	(32, 0.00074028447092769421)
33	33,0.000571505118453	(33, 0.00057150511845301404)
33	69,0.000622714486915	(33, 0.00057150511845301404)
33	73,0.000634960363887	(33, 0.00057150511845301404)
33	4,0.000653316689649	(33, 0.00057150511845301404)
33	28,0.000735859091741	(33, 0.00057150511845301404)
33	116,0.000754861798145	(33, 0.00057150511845301404)
33	93,0.00076525103597	(33, 0.00057150511845301404)
33	156,0.000768780775387	(33, 0.00057150511845301404)
33	40,0.000799536795261	(33, 0.00057150511845301404)
33	124,0.000904718103463	(33, 0.00057150511845301404)
34	17,0.000305027920936	(34, 0.00074148852939757287)
34	15,0.000341301592255	(34, 0.00074148852939757287)
34	172,0.000383990150425	(34, 0.00074148852939757287)
34	120,0.000399637270338	(34, 0.00074148852939757287)
34	161,0.000426527135413	(34, 0.00074148852939757287)
34	69,0.000437654236567	(34, 0.00074148852939757287)
34	3,0.000465860637531	(34, 0.00074148852939757287)
34	40,0.000473565720237	(34, 0.00074148852939757287)
34	100,0.000473949167355	(34, 0.00074148852939757287)
34	4,0.000484341407881	(34, 0.00074148852939757287)
35	35,0.000285990884654	(35, 0.00028599088465438622)
35	12,0.000372029360585	(35, 0.00028599088465438622)
35	18,0.00039606706679	(35, 0.00028599088465438622)
35	38,0.000398052187051	(35, 0.00028599088465438622)
35	88,0.000405330685331	(35, 0.00028599088465438622)
35	50,0.000425518624987	(35, 0.00028599088465438622)
35	22,0.000428584399668	(35, 0.00028599088465438622)
35	55,0.00044576245966	(35, 0.00028599088465438622)
35	158,0.000447467665566	(35, 0.00028599088465438622)
35	128,0.000457720840612	(35, 0.00028599088465438622)
36	147,0.000162654279285	(36, 0.00019095505894133283)
36	46,0.000163256146427	(36, 0.00019095505894133283)
36	76,0.000180297478101	(36, 0.00019095505894133283)
36	36,0.000190955058941	(36, 0.00019095505894133283)
36	171,0.000205401800877	(36, 0.00019095505894133283)
36	18,0.000210413328468	(36, 0.00019095505894133283)
36	63,0.000238689788892	(36, 0.00019095505894133283)
36	137,0.000273399879983	(36, 0.00019095505894133283)
36	22,0.000289706829928	(36, 0.00019095505894133283)
36	150,0.000341145132673	(36, 0.00019095505894133283)
37	37,0.000246152746903	(37, 0.00024615274690279593)
37	11,0.000260248432209	(37, 0.00024615274690279593)
37	3,0.00028680507605	(37, 0.00024615274690279593)
37	77,0.000338115346535	(37, 0.00024615274690279593)
37	100,0.000349908073848	(37, 0.00024615274690279593)
37	17,0.000387375486253	(37, 0.00024615274690279593)
37	143,0.000403068657272	(37, 0.00024615274690279593)
37	21,0.000410590763645	(37, 0.00024615274690279593)
37	136,0.000438576678428	(37, 0.00024615274690279593)
37	90,0.00044125904194	(37, 0.00024615274690279593)
38	38,0.000178292346601	(38, 0.00017829234660140877)
38	55,0.000342900380483	(38, 0.00017829234660140877)
38	12,0.00040287600427	(38, 0.00017829234660140877)
38	43,0.000551647432914	(38, 0.00017829234660140877)
38	14,0.000563133601344	(38, 0.00017829234660140877)
38	50,0.000660700726855	(38, 0.00017829234660140877)
38	24,0.000696972124643	(38, 0.00017829234660140877)
38	107,0.000700222574083	(38, 0.00017829234660140877)
38	61,0.000705411573861	(38, 0.00017829234660140877)
38	105,0.000719357190096	(38, 0.00017829234660140877)
39	84,0.000610459981479	(39, 0.00068336616994943509)
39	39,0.000683366169949	(39, 0.00068336616994943509)
39	156,0.000709374212137	(39, 0.00068336616994943509)
39	144,0.000850742753039	(39, 0.00068336616994943509)
39	93,0.000866960914443	(39, 0.00068336616994943509)
39	169,0.000879202301954	(39, 0.00068336616994943509)
39	109,0.000889153270935	(39, 0.00068336616994943509)
39	73,0.000892515351721	(39, 0.00068336616994943509)
39	131,0.000909902278899	(39, 0.00068336616994943509)
39	99,0.000932893502998	(39, 0.00068336616994943509)
40	40,0.000252738416726	(40, 0.00025273841672571895)
40	69,0.000313245670334	(40, 0.00025273841672571895)
40	172,0.000337008616418	(40, 0.00025273841672571895)
40	4,0.000363314959756	(40, 0.00025273841672571895)
40	79,0.00037201988088	(40, 0.00025273841672571895)
40	15,0.000376781118479	(40, 0.00025273841672571895)
40	77,0.000401957280453	(40, 0.00025273841672571895)
40	17,0.000410163136607	(40, 0.00025273841672571895)
40	25,0.000438183853791	(40, 0.00025273841672571895)
40	100,0.000450347211307	(40, 0.00025273841672571895)
41	41,0.000272414089775	(41, 0.00027241408977542121)
41	155,0.000603635660753	(41, 0.00027241408977542121)
41	20,0.00062503221056	(41, 0.00027241408977542121)
41	1,0.000640164846623	(41, 0.00027241408977542121)
41	29,0.000922296074412	(41, 0.00027241408977542121)
41	114,0.000932343189517	(41, 0.00027241408977542121)
41	103,0.000977738537149	(41, 0.00027241408977542121)
41	89,0.000981548996608	(41, 0.00027241408977542121)
41	101,0.000987976317153	(41, 0.00027241408977542121)
41	68,0.000993218696049	(41, 0.00027241408977542121)
42	69,0.000720227048712	(42, 0.001742096896873721)
42	28,0.000885202075109	(42, 0.001742096896873721)
42	163,0.000928737738611	(42, 0.001742096896873721)
42	140,0.000932502759592	(42, 0.001742096896873721)
42	34,0.00101077407054	(42, 0.001742096896873721)
42	53,0.00105147071213	(42, 0.001742096896873721)
42	33,0.00113933592729	(42, 0.001742096896873721)
42	4,0.00119067114955	(42, 0.001742096896873721)
42	97,0.0011958882614	(42, 0.001742096896873721)
42	91,0.00121703355261	(42, 0.001742096896873721)
43	12,0.000296374765496	(43, 0.00054055732259822959)
43	55,0.000315330092801	(43, 0.00054055732259822959)
43	22,0.000320122969464	(43, 0.00054055732259822959)
43	61,0.000326414751874	(43, 0.00054055732259822959)
43	78,0.000366483789163	(43, 0.00054055732259822959)
43	158,0.00037031075653	(43, 0.00054055732259822959)
43	121,0.000375852904208	(43, 0.00054055732259822959)
43	38,0.000376003134915	(43, 0.00054055732259822959)
43	128,0.000391770691623	(43, 0.00054055732259822959)
43	50,0.000393573868113	(43, 0.00054055732259822959)
44	73,0.000372661101271	(44, 0.0014484769670743318)
44	124,0.000427507242112	(44, 0.0014484769670743318)
44	116,0.000428483488594	(44, 0.0014484769670743318)
44	109,0.000477741319498	(44, 0.0014484769670743318)
44	93,0.000497965447901	(44, 0.0014484769670743318)
44	144,0.000578209921467	(44, 0.0014484769670743318)
44	123,0.000635591266159	(44, 0.0014484769670743318)
44	12,0.000691507170716	(44, 0.0014484769670743318)
44	159,0.000702099379345	(44, 0.0014484769670743318)
44	84,0.000704918742831	(44, 0.0014484769670743318)
45	45,0.000734745200771	(45, 0.0007347452007707637)
45	130,0.000761502326564	(45, 0.0007347452007707637)
45	91,0.00102507146051	(45, 0.0007347452007707637)
45	15,0.00104140616701	(45, 0.0007347452007707637)
45	94,0.00108980170186	(45, 0.0007347452007707637)
45	53,0.00112708273637	(45, 0.0007347452007707637)
45	98,0.00114297922562	(45, 0.0007347452007707637)
45	83,0.00114975495956	(45, 0.0007347452007707637)
45	113,0.00121181976549	(45, 0.0007347452007707637)
45	34,0.00122997853955	(45, 0.0007347452007707637)
46	46,0.000127476202238	(46, 0.00012747620223792547)
46	171,0.000177007188249	(46, 0.00012747620223792547)
46	36,0.000201986740152	(46, 0.00012747620223792547)
46	137,0.000205156989554	(46, 0.00012747620223792547)
46	76,0.000262555309731	(46, 0.00012747620223792547)
46	147,0.000272626203221	(46, 0.00012747620223792547)
46	63,0.00030566439322	(46, 0.00012747620223792547)
46	6,0.000313501340004	(46, 0.00012747620223792547)
46	146,0.000324131223332	(46, 0.00012747620223792547)
46	18,0.000327714981873	(46, 0.00012747620223792547)
47	27,0.000827661452889	(47, 0.0010668644003199951)
47	99,0.000897219669747	(47, 0.0010668644003199951)
47	10,0.00104071499443	(47, 0.0010668644003199951)
47	43,0.00105711967352	(47, 0.0010668644003199951)
47	47,0.00106686440032	(47, 0.0010668644003199951)
47	19,0.00108237542111	(47, 0.0010668644003199951)
47	167,0.00116195584961	(47, 0.0010668644003199951)
47	84,0.0012503116723	(47, 0.0010668644003199951)
47	173,0.00130064646821	(47, 0.0010668644003199951)
47	58,0.00130737845412	(47, 0.0010668644003199951)
48	56,0.000399302576659	(48, 0.00044175887247320793)
48	120,0.000417084647658	(48, 0.00044175887247320793)
48	48,0.000441758872473	(48, 0.00044175887247320793)
48	97,0.000455208679889	(48, 0.00044175887247320793)
48	69,0.000458595490308	(48, 0.00044175887247320793)
48	154,0.000557854344707	(48, 0.00044175887247320793)
48	174,0.000561375516602	(48, 0.00044175887247320793)
48	40,0.000589905198727	(48, 0.00044175887247320793)
48	15,0.000617604910001	(48, 0.00044175887247320793)
48	4,0.000620388355226	(48, 0.00044175887247320793)
49	49,0.000306021440005	(49, 0.00030602144000519262)
49	15,0.00039533750707	(49, 0.00030602144000519262)
49	59,0.000422970625377	(49, 0.00030602144000519262)
49	77,0.00046415618577	(49, 0.00030602144000519262)
49	100,0.000511837837511	(49, 0.00030602144000519262)
49	17,0.000512321040446	(49, 0.00030602144000519262)
49	172,0.00052744311887	(49, 0.00030602144000519262)
49	98,0.000528616407668	(49, 0.00030602144000519262)
49	174,0.000573417886845	(49, 0.00030602144000519262)
49	83,0.000650383994267	(49, 0.00030602144000519262)
50	50,0.000217289883252	(50, 0.00021728988325205614)
50	12,0.000391115463742	(50, 0.00021728988325205614)
50	159,0.000554724730523	(50, 0.00021728988325205614)
50	38,0.000582992602799	(50, 0.00021728988325205614)
50	128,0.00058449222723	(50, 0.00021728988325205614)
50	152,0.00061015695764	(50, 0.00021728988325205614)
50	107,0.000613361728419	(50, 0.00021728988325205614)
50	22,0.000643859008467	(50, 0.00021728988325205614)
50	171,0.000656026586205	(50, 0.00021728988325205614)
50	146,0.000678286636495	(50, 0.00021728988325205614)
51	124,0.000371709497984	(51, 0.0013730740086238711)
51	73,0.000438585556677	(51, 0.0013730740086238711)
51	93,0.000525681120487	(51, 0.0013730740086238711)
51	157,0.000537131934919	(51, 0.0013730740086238711)
51	28,0.000559588885388	(51, 0.0013730740086238711)
51	155,0.000593547887694	(51, 0.0013730740086238711)
51	53,0.000612551016121	(51, 0.0013730740086238711)
51	116,0.000688187707656	(51, 0.0013730740086238711)
51	13,0.000690204114082	(51, 0.0013730740086238711)
51	1,0.000691658303675	(51, 0.0013730740086238711)
52	53,0.00062445100833	(52, 0.00165392741821983)
52	124,0.000740535514796	(52, 0.00165392741821983)
52	44,0.000757901164975	(52, 0.00165392741821983)
52	4,0.000809888032782	(52, 0.00165392741821983)
52	155,0.000821308756665	(52, 0.00165392741821983)
52	97,0.000856336362796	(52, 0.00165392741821983)
52	163,0.000866724575157	(52, 0.00165392741821983)
52	120,0.000890719815808	(52, 0.00165392741821983)
52	13,0.000897576658877	(52, 0.00165392741821983)
52	104,0.000907980061577	(52, 0.00165392741821983)
53	65,0.000265023200643	(53, 0.0003462879668392904)
53	53,0.000346287966839	(53, 0.0003462879668392904)
53	155,0.000463575931225	(53, 0.0003462879668392904)
53	44,0.000506253389446	(53, 0.0003462879668392904)
53	114,0.000542040369035	(53, 0.0003462879668392904)
53	120,0.000542802790246	(53, 0.0003462879668392904)
53	161,0.000565966811969	(53, 0.0003462879668392904)
53	124,0.000620670358502	(53, 0.0003462879668392904)
53	163,0.000652489807477	(53, 0.0003462879668392904)
53	13,0.00067131735751	(53, 0.0003462879668392904)
54	11,0.00030702040036	(54, 0.00049644042397461552)
54	136,0.000313209666296	(54, 0.00049644042397461552)
54	162,0.000377066845875	(54, 0.00049644042397461552)
54	71,0.000380424594555	(54, 0.00049644042397461552)
54	63,0.000428653101303	(54, 0.00049644042397461552)
54	137,0.000453847399479	(54, 0.00049644042397461552)
54	90,0.000458223436705	(54, 0.00049644042397461552)
54	147,0.000462757342305	(54, 0.00049644042397461552)
54	3,0.000464932604385	(54, 0.00049644042397461552)
54	37,0.000468005024836	(54, 0.00049644042397461552)
55	12,0.000233053708408	(55, 0.00039119179521223578)
55	159,0.000360022884255	(55, 0.00039119179521223578)
55	121,0.000360240149157	(55, 0.00039119179521223578)
55	152,0.000365500232253	(55, 0.00039119179521223578)
55	38,0.000368355818266	(55, 0.00039119179521223578)
55	55,0.000391191795212	(55, 0.00039119179521223578)
55	86,0.00044425710983	(55, 0.00039119179521223578)
55	18,0.000445599772777	(55, 0.00039119179521223578)
55	146,0.000477874299731	(55, 0.00039119179521223578)
55	134,0.000486148920202	(55, 0.00039119179521223578)
56	56,0.000275376681799	(56, 0.00027537668179902368)
56	120,0.000367311249995	(56, 0.00027537668179902368)
56	15,0.000406175385394	(56, 0.00027537668179902368)
56	113,0.000562235234559	(56, 0.00027537668179902368)
56	69,0.000573331285822	(56, 0.00027537668179902368)
56	97,0.00059054334079	(56, 0.00027537668179902368)
56	174,0.000604291470709	(56, 0.00027537668179902368)
56	44,0.000670210177392	(56, 0.00027537668179902368)
56	48,0.000687248541846	(56, 0.00027537668179902368)
56	4,0.000718068073992	(56, 0.00027537668179902368)
57	15,0.000753132456172	(57, 0.00086578850640716949)
57	57,0.000865788506407	(57, 0.00086578850640716949)
57	56,0.000875853868306	(57, 0.00086578850640716949)
57	174,0.000946509601786	(57, 0.00086578850640716949)
57	122,0.000983329982008	(57, 0.00086578850640716949)
57	113,0.00104356677124	(57, 0.00086578850640716949)
57	120,0.0011607857276	(57, 0.00086578850640716949)
57	2,0.00121237690034	(57, 0.00086578850640716949)
57	154,0.00129672699207	(57, 0.00086578850640716949)
57	17,0.00139773097785	(57, 0.00086578850640716949)
58	24,0.000298287953876	(58, 0.0016478426976419822)
58	27,0.00044690412926	(58, 0.0016478426976419822)
58	107,0.000470827450839	(58, 0.0016478426976419822)
58	50,0.000553841695917	(58, 0.0016478426976419822)
58	61,0.00063635513169	(58, 0.0016478426976419822)
58	158,0.000650431868609	(58, 0.0016478426976419822)
58	43,0.00066919725651	(58, 0.0016478426976419822)
58	12,0.000695992306589	(58, 0.0016478426976419822)
58	38,0.000742797088923	(58, 0.0016478426976419822)
58	78,0.000752995647251	(58, 0.0016478426976419822)
59	15,0.000835514484014	(59, 0.001039908566977988)
59	113,0.000867149576705	(59, 0.001039908566977988)
59	65,0.000882865049792	(59, 0.001039908566977988)
59	83,0.000970676468154	(59, 0.001039908566977988)
59	130,0.000981348769717	(59, 0.001039908566977988)
59	94,0.00101349718305	(59, 0.001039908566977988)
59	59,0.00103990856698	(59, 0.001039908566977988)
59	161,0.00113388611765	(59, 0.001039908566977988)
59	120,0.00118134797884	(59, 0.001039908566977988)
59	44,0.00120513108159	(59, 0.001039908566977988)
60	69,0.000352174852093	(60, 0.00044715709234991965)
60	40,0.000398100884876	(60, 0.00044715709234991965)
60	79,0.000419951045911	(60, 0.00044715709234991965)
60	15,0.000419960363242	(60, 0.00044715709234991965)
60	4,0.000427496783721	(60, 0.00044715709234991965)
60	60,0.00044715709235	(60, 0.00044715709234991965)
60	25,0.00049129487073	(60, 0.00044715709234991965)
60	34,0.000504472136576	(60, 0.00044715709234991965)
60	77,0.000535923601567	(60, 0.00044715709234991965)
60	172,0.000540834452577	(60, 0.00044715709234991965)
61	23,0.000293435470348	(61, 0.00031172648267579486)
61	71,0.000311528006465	(61, 0.00031172648267579486)
61	61,0.000311726482676	(61, 0.00031172648267579486)
61	121,0.000312537773896	(61, 0.00031172648267579486)
61	162,0.000327361035134	(61, 0.00031172648267579486)
61	63,0.000361169679812	(61, 0.00031172648267579486)
61	77,0.000362789061485	(61, 0.00031172648267579486)
61	3,0.000387993353103	(61, 0.00031172648267579486)
61	22,0.000388268271971	(61, 0.00031172648267579486)
61	26,0.000395044052924	(61, 0.00031172648267579486)
62	78,0.000327061191802	(62, 0.00051824798529794165)
62	26,0.000422083877651	(62, 0.00051824798529794165)
62	73,0.000494103818275	(62, 0.00051824798529794165)
62	158,0.000497043786006	(62, 0.00051824798529794165)
62	22,0.000510189114161	(62, 0.00051824798529794165)
62	128,0.000516299232037	(62, 0.00051824798529794165)
62	62,0.000518247985298	(62, 0.00051824798529794165)
62	121,0.000532908382316	(62, 0.00051824798529794165)
62	107,0.000547148111356	(62, 0.00051824798529794165)
62	61,0.000550416076458	(62, 0.00051824798529794165)
63	3,0.000169756659686	(63, 0.00027252546661694888)
63	11,0.000197176784726	(63, 0.00027252546661694888)
63	77,0.00024152876191	(63, 0.00027252546661694888)
63	162,0.000271407345825	(63, 0.00027252546661694888)
63	63,0.000272525466617	(63, 0.00027252546661694888)
63	71,0.000300563009122	(63, 0.00027252546661694888)
63	81,0.000313413026403	(63, 0.00027252546661694888)
63	37,0.000314618055921	(63, 0.00027252546661694888)
63	136,0.000318214434156	(63, 0.00027252546661694888)
63	121,0.000339546016446	(63, 0.00027252546661694888)
64	64,0.00111098104737	(64, 0.0011109810473729712)
64	45,0.00179996972149	(64, 0.0011109810473729712)
64	130,0.00188553569244	(64, 0.0011109810473729712)
64	118,0.00190511931952	(64, 0.0011109810473729712)
64	133,0.00215773862045	(64, 0.0011109810473729712)
64	33,0.00249585600505	(64, 0.0011109810473729712)
64	34,0.00262855573767	(64, 0.0011109810473729712)
64	113,0.00269112806933	(64, 0.0011109810473729712)
64	94,0.00277031433582	(64, 0.0011109810473729712)
64	15,0.00303101719539	(64, 0.0011109810473729712)
65	65,0.000259898255764	(65, 0.00025989825576391547)
65	161,0.000281403079349	(65, 0.00025989825576391547)
65	68,0.000457714825893	(65, 0.00025989825576391547)
65	83,0.00047062741339	(65, 0.00025989825576391547)
65	59,0.000533395482876	(65, 0.00025989825576391547)
65	1,0.000546715267664	(65, 0.00025989825576391547)
65	100,0.000562331802482	(65, 0.00025989825576391547)
65	17,0.00056308800275	(65, 0.00025989825576391547)
65	71,0.000564844490737	(65, 0.00025989825576391547)
65	120,0.00056931370887	(65, 0.00025989825576391547)
66	66,0.00115939906478	(66, 0.0011593990647807467)
66	130,0.00187040049108	(66, 0.0011593990647807467)
66	133,0.00210358147208	(66, 0.0011593990647807467)
66	140,0.00251914750772	(66, 0.0011593990647807467)
66	91,0.00256021100286	(66, 0.0011593990647807467)
66	118,0.00270818468602	(66, 0.0011593990647807467)
66	33,0.00288652885625	(66, 0.0011593990647807467)
66	141,0.00307924943463	(66, 0.0011593990647807467)
66	113,0.00313212388691	(66, 0.0011593990647807467)
66	53,0.00318039403283	(66, 0.0011593990647807467)
67	93,0.000753361463903	(67, 0.00087591608903427108)
67	84,0.000754552236323	(67, 0.00087591608903427108)
67	169,0.000787732295438	(67, 0.00087591608903427108)
67	28,0.000846264346622	(67, 0.00087591608903427108)
67	30,0.00086634770486	(67, 0.00087591608903427108)
67	67,0.000875916089034	(67, 0.00087591608903427108)
67	140,0.00088997199388	(67, 0.00087591608903427108)
67	101,0.000978783155315	(67, 0.00087591608903427108)
67	109,0.000985008425655	(67, 0.00087591608903427108)
67	124,0.00102375933928	(67, 0.00087591608903427108)
68	63,0.000381066126326	(68, 0.00042137415783803384)
68	71,0.000418714307701	(68, 0.00042137415783803384)
68	70,0.000419972440971	(68, 0.00042137415783803384)
68	68,0.000421374157838	(68, 0.00042137415783803384)
68	162,0.000436106847215	(68, 0.00042137415783803384)
68	77,0.000439530555495	(68, 0.00042137415783803384)
68	147,0.000439564767841	(68, 0.00042137415783803384)
68	23,0.000444140176275	(68, 0.00042137415783803384)
68	135,0.000454092611814	(68, 0.00042137415783803384)
68	11,0.000462315576346	(68, 0.00042137415783803384)
69	69,0.000950579517139	(69, 0.0009505795171388296)
69	15,0.000961382065855	(69, 0.0009505795171388296)
69	33,0.00102077291895	(69, 0.0009505795171388296)
69	48,0.00115799569704	(69, 0.0009505795171388296)
69	174,0.00117692232232	(69, 0.0009505795171388296)
69	56,0.00118864264596	(69, 0.0009505795171388296)
69	122,0.00119686418831	(69, 0.0009505795171388296)
69	154,0.00121785862821	(69, 0.0009505795171388296)
69	25,0.00132223664579	(69, 0.0009505795171388296)
69	4,0.00133371796937	(69, 0.0009505795171388296)
70	121,0.000213911976611	(70, 0.00042359630877343021)
70	3,0.000314837197596	(70, 0.00042359630877343021)
70	22,0.000317953442363	(70, 0.00042359630877343021)
70	139,0.000371337227757	(70, 0.00042359630877343021)
70	132,0.000375200361119	(70, 0.00042359630877343021)
70	63,0.000393950308723	(70, 0.00042359630877343021)
70	11,0.000401539474231	(70, 0.00042359630877343021)
70	117,0.000406732099092	(70, 0.00042359630877343021)
70	88,0.00042239362719	(70, 0.00042359630877343021)
70	70,0.000423596308773	(70, 0.00042359630877343021)
71	133,0.000641352504886	(71, 0.0019640197229817027)
71	91,0.000679877805077	(71, 0.0019640197229817027)
71	101,0.000946113339956	(71, 0.0019640197229817027)
71	41,0.0010494697093	(71, 0.0019640197229817027)
71	103,0.00114610811889	(71, 0.0019640197229817027)
71	102,0.00114852202725	(71, 0.0019640197229817027)
71	32,0.00118354243309	(71, 0.0019640197229817027)
71	114,0.00123582381242	(71, 0.0019640197229817027)
71	155,0.00127492352289	(71, 0.0019640197229817027)
71	130,0.00127662077187	(71, 0.0019640197229817027)
72	17,0.000389541702488	(72, 0.0028937352164768071)
72	143,0.000442709674156	(72, 0.0028937352164768071)
72	172,0.000451127681817	(72, 0.0028937352164768071)
72	148,0.000462275134896	(72, 0.0028937352164768071)
72	174,0.000503208708448	(72, 0.0028937352164768071)
72	49,0.000581914339285	(72, 0.0028937352164768071)
72	100,0.00058511872916	(72, 0.0028937352164768071)
72	77,0.00059283050707	(72, 0.0028937352164768071)
72	40,0.000627756560081	(72, 0.0028937352164768071)
72	37,0.000653817296338	(72, 0.0028937352164768071)
73	73,0.000324336665131	(73, 0.00032433666513095508)
73	13,0.000399648306997	(73, 0.00032433666513095508)
73	157,0.000541197563171	(73, 0.00032433666513095508)
73	124,0.000543329338194	(73, 0.00032433666513095508)
73	41,0.000700140496762	(73, 0.00032433666513095508)
73	114,0.000715203690334	(73, 0.00032433666513095508)
73	156,0.000731796991156	(73, 0.00032433666513095508)
73	54,0.00073412970166	(73, 0.00032433666513095508)
73	27,0.000736388809576	(73, 0.00032433666513095508)
73	155,0.000745282579829	(73, 0.00032433666513095508)
74	17,0.000148416732021	(74, 0.00026482856854299572)
74	136,0.000235800442215	(74, 0.00026482856854299572)
74	100,0.000237447562027	(74, 0.00026482856854299572)
74	77,0.00024391504612	(74, 0.00026482856854299572)
74	74,0.000264828568543	(74, 0.00026482856854299572)
74	37,0.000280850647396	(74, 0.00026482856854299572)
74	90,0.000304311547862	(74, 0.00026482856854299572)
74	127,0.000368246206327	(74, 0.00026482856854299572)
74	49,0.000369211603496	(74, 0.00026482856854299572)
74	11,0.000377642721068	(74, 0.00026482856854299572)
75	167,0.00142041473852	(75, 0.0015764725786245233)
75	75,0.00157647257862	(75, 0.0015764725786245233)
75	47,0.00235348748324	(75, 0.0015764725786245233)
75	80,0.00248385681889	(75, 0.0015764725786245233)
75	10,0.00267199325937	(75, 0.0015764725786245233)
75	58,0.00286969749916	(75, 0.0015764725786245233)
75	99,0.00294174208218	(75, 0.0015764725786245233)
75	67,0.00302330306319	(75, 0.0015764725786245233)
75	169,0.00308813755075	(75, 0.0015764725786245233)
75	19,0.00308856993204	(75, 0.0015764725786245233)
76	76,0.000173819627079	(76, 0.00017381962707932892)
76	171,0.000177543164401	(76, 0.00017381962707932892)
76	137,0.00019055891894	(76, 0.00017381962707932892)
76	147,0.000194441087297	(76, 0.00017381962707932892)
76	63,0.000197076766828	(76, 0.00017381962707932892)
76	3,0.000252423571995	(76, 0.00017381962707932892)
76	22,0.000319832010805	(76, 0.00017381962707932892)
76	36,0.000323517638036	(76, 0.00017381962707932892)
76	126,0.000324331734096	(76, 0.00017381962707932892)
76	46,0.000327480155908	(76, 0.00017381962707932892)
77	162,0.000206431836292	(77, 0.000228823376668375)
77	11,0.000220138419826	(77, 0.000228823376668375)
77	77,0.000228823376668	(77, 0.000228823376668375)
77	136,0.000246439790663	(77, 0.000228823376668375)
77	3,0.00025191263517	(77, 0.000228823376668375)
77	137,0.000254259797872	(77, 0.000228823376668375)
77	90,0.000264185572005	(77, 0.000228823376668375)
77	63,0.000264827365194	(77, 0.000228823376668375)
77	147,0.000271960148371	(77, 0.000228823376668375)
77	171,0.00031102888563	(77, 0.000228823376668375)
78	151,0.000136422855409	(78, 0.00034982758128271807)
78	22,0.000204191377403	(78, 0.00034982758128271807)
78	121,0.000224806546357	(78, 0.00034982758128271807)
78	63,0.000229275394181	(78, 0.00034982758128271807)
78	18,0.000237311900496	(78, 0.00034982758128271807)
78	76,0.000240672452168	(78, 0.00034982758128271807)
78	132,0.000264138683233	(78, 0.00034982758128271807)
78	146,0.000288538038896	(78, 0.00034982758128271807)
78	3,0.000289438506102	(78, 0.00034982758128271807)
78	126,0.000292353623726	(78, 0.00034982758128271807)
79	69,0.000176737356822	(79, 0.00030741325279397621)
79	4,0.00024759146411	(79, 0.00030741325279397621)
79	40,0.000295038138947	(79, 0.00030741325279397621)
79	79,0.000307413252794	(79, 0.00030741325279397621)
79	25,0.000499233784944	(79, 0.00030741325279397621)
79	56,0.000503123203917	(79, 0.00030741325279397621)
79	15,0.000518389217061	(79, 0.00030741325279397621)
79	148,0.000536011116365	(79, 0.00030741325279397621)
79	172,0.000546168865049	(79, 0.00030741325279397621)
79	34,0.000575629352012	(79, 0.00030741325279397621)
80	80,0.000813823330814	(80, 0.00081382333081379311)
80	51,0.00145591952004	(80, 0.00081382333081379311)
80	167,0.0014738915492	(80, 0.00081382333081379311)
80	32,0.00175828803612	(80, 0.00081382333081379311)
80	169,0.00234764444349	(80, 0.00081382333081379311)
80	149,0.00240904949747	(80, 0.00081382333081379311)
80	39,0.00257658351372	(80, 0.00081382333081379311)
80	165,0.00259890612358	(80, 0.00081382333081379311)
80	27,0.00271976038709	(80, 0.00081382333081379311)
80	58,0.00273849781235	(80, 0.00081382333081379311)
81	81,0.000225923704403	(81, 0.00022592370440275073)
81	3,0.000260521819642	(81, 0.00022592370440275073)
81	11,0.000314660222126	(81, 0.00022592370440275073)
81	77,0.000341746033514	(81, 0.00022592370440275073)
81	121,0.000349108104068	(81, 0.00022592370440275073)
81	132,0.00036797754948	(81, 0.00022592370440275073)
81	117,0.000372757512105	(81, 0.00022592370440275073)
81	22,0.000388807745003	(81, 0.00022592370440275073)
81	73,0.000419598769013	(81, 0.00022592370440275073)
81	37,0.000422844023337	(81, 0.00022592370440275073)
82	24,0.000554428287996	(82, 0.0012622217826675599)
82	12,0.000581163344179	(82, 0.0012622217826675599)
82	73,0.000583742903283	(82, 0.0012622217826675599)
82	27,0.000603305962816	(82, 0.0012622217826675599)
82	61,0.000620154400969	(82, 0.0012622217826675599)
82	13,0.000643282414909	(82, 0.0012622217826675599)
82	105,0.000677268796312	(82, 0.0012622217826675599)
82	38,0.000697417227905	(82, 0.0012622217826675599)
82	78,0.000712303686874	(82, 0.0012622217826675599)
82	50,0.000716067774082	(82, 0.0012622217826675599)
83	13,0.000249598420986	(83, 0.0005407271660735583)
83	161,0.000360793781898	(83, 0.0005407271660735583)
83	11,0.000381822181962	(83, 0.0005407271660735583)
83	71,0.000384291454161	(83, 0.0005407271660735583)
83	155,0.000408401785004	(83, 0.0005407271660735583)
83	17,0.000444999856039	(83, 0.0005407271660735583)
83	65,0.000448331573367	(83, 0.0005407271660735583)
83	136,0.000473815598695	(83, 0.0005407271660735583)
83	1,0.000476544166852	(83, 0.0005407271660735583)
83	3,0.000481429458598	(83, 0.0005407271660735583)
84	99,0.00109637402661	(84, 0.0011656667139561749)
84	169,0.00111756548418	(84, 0.0011656667139561749)
84	84,0.00116566671396	(84, 0.0011656667139561749)
84	27,0.00119037404946	(84, 0.0011656667139561749)
84	67,0.00132544479653	(84, 0.0011656667139561749)
84	140,0.00136224304461	(84, 0.0011656667139561749)
84	166,0.00136483812054	(84, 0.0011656667139561749)
84	19,0.00136564761577	(84, 0.0011656667139561749)
84	144,0.00143005592533	(84, 0.0011656667139561749)
84	156,0.00143547156469	(84, 0.0011656667139561749)
85	67,0.000915350860698	(85, 0.0020790556074439669)
85	140,0.00119312248655	(85, 0.0020790556074439669)
85	149,0.00138261372271	(85, 0.0020790556074439669)
85	169,0.00152264928329	(85, 0.0020790556074439669)
85	84,0.00160611222712	(85, 0.0020790556074439669)
85	166,0.00162157994467	(85, 0.0020790556074439669)
85	144,0.00182601502998	(85, 0.0020790556074439669)
85	93,0.0019367060539	(85, 0.0020790556074439669)
85	116,0.00205482561334	(85, 0.0020790556074439669)
85	85,0.00207905560744	(85, 0.0020790556074439669)
86	86,0.000200611757946	(86, 0.00020061175794598691)
86	137,0.000240039872279	(86, 0.00020061175794598691)
86	11,0.000295448892287	(86, 0.00020061175794598691)
86	126,0.000297855338001	(86, 0.00020061175794598691)
86	162,0.00030854465361	(86, 0.00020061175794598691)
86	171,0.000319515458156	(86, 0.00020061175794598691)
86	146,0.000319730101481	(86, 0.00020061175794598691)
86	3,0.000323285186432	(86, 0.00020061175794598691)
86	150,0.000323848060617	(86, 0.00020061175794598691)
86	12,0.000337366187134	(86, 0.00020061175794598691)
87	1,0.000349288794212	(87, 0.00094137702703047548)
87	121,0.000386304627126	(87, 0.00094137702703047548)
87	71,0.000409900411599	(87, 0.00094137702703047548)
87	26,0.000419222596778	(87, 0.00094137702703047548)
87	11,0.000419888251972	(87, 0.00094137702703047548)
87	78,0.000438946660588	(87, 0.00094137702703047548)
87	23,0.000452443716396	(87, 0.00094137702703047548)
87	61,0.000462549308717	(87, 0.00094137702703047548)
87	20,0.000463721979994	(87, 0.00094137702703047548)
87	89,0.000490645476848	(87, 0.00094137702703047548)
88	147,0.000191413962033	(88, 0.00028958664009778667)
88	18,0.000200833418826	(88, 0.00028958664009778667)
88	76,0.000216474544859	(88, 0.00028958664009778667)
88	63,0.000227531368011	(88, 0.00028958664009778667)
88	171,0.000254059185128	(88, 0.00028958664009778667)
88	22,0.000272171898396	(88, 0.00028958664009778667)
88	46,0.000278152618868	(88, 0.00028958664009778667)
88	88,0.000289586640098	(88, 0.00028958664009778667)
88	139,0.000294609774357	(88, 0.00028958664009778667)
88	121,0.000310667187941	(88, 0.00028958664009778667)
89	155,0.000440634366868	(89, 0.00052855784507821284)
89	124,0.000470241267047	(89, 0.00052855784507821284)
89	11,0.000479519252336	(89, 0.00052855784507821284)
89	73,0.000480997746058	(89, 0.00052855784507821284)
89	89,0.000528557845078	(89, 0.00052855784507821284)
89	1,0.000554752325467	(89, 0.00052855784507821284)
89	161,0.000560366793659	(89, 0.00052855784507821284)
89	71,0.000574442975713	(89, 0.00052855784507821284)
89	53,0.000603579433255	(89, 0.00052855784507821284)
89	44,0.00066486635432	(89, 0.00052855784507821284)
90	90,0.000182412518355	(90, 0.00018241251835467094)
90	11,0.000256705476397	(90, 0.00018241251835467094)
90	81,0.000277240149093	(90, 0.00018241251835467094)
90	137,0.000301880998	(90, 0.00018241251835467094)
90	96,0.000335868144921	(90, 0.00018241251835467094)
90	162,0.000336353016088	(90, 0.00018241251835467094)
90	172,0.000345242070144	(90, 0.00018241251835467094)
90	3,0.000345877038673	(90, 0.00018241251835467094)
90	37,0.000369070566627	(90, 0.00018241251835467094)
90	17,0.000380520693378	(90, 0.00018241251835467094)
91	133,0.000758130286524	(91, 0.0010046778255720706)
91	91,0.00100467782557	(91, 0.0010046778255720706)
91	130,0.00132456627515	(91, 0.0010046778255720706)
91	102,0.00192290763216	(91, 0.0010046778255720706)
91	103,0.0019744146565	(91, 0.0010046778255720706)
91	34,0.00202460470337	(91, 0.0010046778255720706)
91	53,0.00204739967468	(91, 0.0010046778255720706)
91	155,0.00209575002848	(91, 0.0010046778255720706)
91	114,0.00216697044079	(91, 0.0010046778255720706)
91	51,0.0022112244402	(91, 0.0010046778255720706)
92	24,0.000268957462487	(92, 0.001060290665788446)
92	78,0.000285188289753	(92, 0.001060290665788446)
92	61,0.000333497339493	(92, 0.001060290665788446)
92	12,0.000392747768112	(92, 0.001060290665788446)
92	158,0.000407218835833	(92, 0.001060290665788446)
92	128,0.000460996277211	(92, 0.001060290665788446)
92	22,0.000478027636967	(92, 0.001060290665788446)
92	26,0.000512196459144	(92, 0.001060290665788446)
92	107,0.000521502945158	(92, 0.001060290665788446)
92	23,0.000534518684283	(92, 0.001060290665788446)
93	22,0.000320913986622	(93, 0.00037241555345612622)
93	158,0.00034063386691	(93, 0.00037241555345612622)
93	12,0.000345461024359	(93, 0.00037241555345612622)
93	128,0.000350219599263	(93, 0.00037241555345612622)
93	78,0.00036663962642	(93, 0.00037241555345612622)
93	93,0.000372415553456	(93, 0.00037241555345612622)
93	73,0.000393799631497	(93, 0.00037241555345612622)
93	132,0.000403296187742	(93, 0.00037241555345612622)
93	121,0.000422276314897	(93, 0.00037241555345612622)
93	3,0.000422837760243	(93, 0.00037241555345612622)
94	83,0.000760374623442	(94, 0.00076719680944959583)
94	94,0.00076719680945	(94, 0.00076719680944959583)
94	155,0.000809598123518	(94, 0.00076719680944959583)
94	59,0.000937424832853	(94, 0.00076719680944959583)
94	65,0.000973443701997	(94, 0.00076719680944959583)
94	161,0.00107809472717	(94, 0.00076719680944959583)
94	41,0.00109691886989	(94, 0.00076719680944959583)
94	1,0.0011288468362	(94, 0.00076719680944959583)
94	15,0.00114866853646	(94, 0.00076719680944959583)
94	120,0.00122283208705	(94, 0.00076719680944959583)
95	107,0.000459124332732	(95, 0.001225702308816123)
95	27,0.00049411816684	(95, 0.001225702308816123)
95	43,0.0005601037741	(95, 0.001225702308816123)
95	19,0.000645948504835	(95, 0.001225702308816123)
95	128,0.000646094484728	(95, 0.001225702308816123)
95	99,0.000648134818593	(95, 0.001225702308816123)
95	78,0.0006540567534	(95, 0.001225702308816123)
95	26,0.000710411470995	(95, 0.001225702308816123)
95	158,0.000837049914098	(95, 0.001225702308816123)
95	39,0.000842264270115	(95, 0.001225702308816123)
96	96,0.000164773859243	(96, 0.00016477385924345333)
96	11,0.000332150314219	(96, 0.00016477385924345333)
96	162,0.000371877830438	(96, 0.00016477385924345333)
96	112,0.000478375570417	(96, 0.00016477385924345333)
96	119,0.000487790662978	(96, 0.00016477385924345333)
96	90,0.000524259968083	(96, 0.00016477385924345333)
96	17,0.000529239491025	(96, 0.00016477385924345333)
96	143,0.00055531623352	(96, 0.00016477385924345333)
96	13,0.000567625906546	(96, 0.00016477385924345333)
96	161,0.00056971312454	(96, 0.00016477385924345333)
97	172,0.000348186980178	(97, 0.0005424104236660699)
97	40,0.000356395713478	(97, 0.0005424104236660699)
97	120,0.000373977387983	(97, 0.0005424104236660699)
97	17,0.0003900189327	(97, 0.0005424104236660699)
97	69,0.000407170373967	(97, 0.0005424104236660699)
97	4,0.000472649690084	(97, 0.0005424104236660699)
97	154,0.000534500286414	(97, 0.0005424104236660699)
97	97,0.000542410423666	(97, 0.0005424104236660699)
97	79,0.000548356597843	(97, 0.0005424104236660699)
97	37,0.000562609940057	(97, 0.0005424104236660699)
98	15,0.00031221782237	(98, 0.00033946262387352604)
98	98,0.000339462623874	(98, 0.00033946262387352604)
98	40,0.000428774174678	(98, 0.00033946262387352604)
98	25,0.000429551086525	(98, 0.00033946262387352604)
98	154,0.000478876419097	(98, 0.00033946262387352604)
98	172,0.00047924829955	(98, 0.00033946262387352604)
98	174,0.000486089632793	(98, 0.00033946262387352604)
98	49,0.000494000899001	(98, 0.00033946262387352604)
98	4,0.000516351210351	(98, 0.00033946262387352604)
98	69,0.000586432586606	(98, 0.00033946262387352604)
99	144,0.000413503455953	(99, 0.00054434176724296756)
99	128,0.000442653500295	(99, 0.00054434176724296756)
99	84,0.000457107398112	(99, 0.00054434176724296756)
99	73,0.000463780992496	(99, 0.00054434176724296756)
99	93,0.000505358991714	(99, 0.00054434176724296756)
99	109,0.000507748307238	(99, 0.00054434176724296756)
99	156,0.00050874077057	(99, 0.00054434176724296756)
99	12,0.000522125563992	(99, 0.00054434176724296756)
99	78,0.000539091616415	(99, 0.00054434176724296756)
99	99,0.000544341767243	(99, 0.00054434176724296756)
100	100,0.000208246966829	(100, 0.00020824696682852605)
100	77,0.000213489210868	(100, 0.00020824696682852605)
100	11,0.000250494127946	(100, 0.00020824696682852605)
100	21,0.000265071432082	(100, 0.00020824696682852605)
100	136,0.00028512894409	(100, 0.00020824696682852605)
100	74,0.000286927693271	(100, 0.00020824696682852605)
100	37,0.000287578768561	(100, 0.00020824696682852605)
100	90,0.000288359128527	(100, 0.00020824696682852605)
100	17,0.000310886399455	(100, 0.00020824696682852605)
100	71,0.000315506820145	(100, 0.00020824696682852605)
101	73,0.000388724463256	(101, 0.00050054386862824268)
101	1,0.000457944343825	(101, 0.00050054386862824268)
101	101,0.000500543868628	(101, 0.00050054386862824268)
101	124,0.000579089706337	(101, 0.00050054386862824268)
101	81,0.000580191325913	(101, 0.00050054386862824268)
101	77,0.000590652747932	(101, 0.00050054386862824268)
101	29,0.0006036885436	(101, 0.00050054386862824268)
101	13,0.000606277959953	(101, 0.00050054386862824268)
101	71,0.000607762053146	(101, 0.00050054386862824268)
101	3,0.000661257146165	(101, 0.00050054386862824268)
102	114,0.000594497791847	(102, 0.0008150246347102206)
102	41,0.000702185057646	(102, 0.0008150246347102206)
102	91,0.0007497741785	(102, 0.0008150246347102206)
102	155,0.00075415141045	(102, 0.0008150246347102206)
102	110,0.000802811002199	(102, 0.0008150246347102206)
102	102,0.00081502463471	(102, 0.0008150246347102206)
102	101,0.00082521984838	(102, 0.0008150246347102206)
102	1,0.000844570775185	(102, 0.0008150246347102206)
102	103,0.000852639687826	(102, 0.0008150246347102206)
102	53,0.000894730879624	(102, 0.0008150246347102206)
103	103,0.000520745454045	(103, 0.00052074545404545822)
103	91,0.000660919874108	(103, 0.00052074545404545822)
103	73,0.000848741789364	(103, 0.00052074545404545822)
103	51,0.000848949115865	(103, 0.00052074545404545822)
103	39,0.000873128130735	(103, 0.00052074545404545822)
103	101,0.000887911686067	(103, 0.00052074545404545822)
103	28,0.000956840905203	(103, 0.00052074545404545822)
103	1,0.000965036344808	(103, 0.00052074545404545822)
103	41,0.00096727778905	(103, 0.00052074545404545822)
103	95,0.00100175644456	(103, 0.00052074545404545822)
104	124,0.000349255144928	(104, 0.00063218416434869897)
104	93,0.000455472666689	(104, 0.00063218416434869897)
104	81,0.000470639252916	(104, 0.00063218416434869897)
104	3,0.000520807176683	(104, 0.00063218416434869897)
104	73,0.000546526587701	(104, 0.00063218416434869897)
104	120,0.000569975070338	(104, 0.00063218416434869897)
104	11,0.000573080912459	(104, 0.00063218416434869897)
104	119,0.000578321822208	(104, 0.00063218416434869897)
104	40,0.000601354534528	(104, 0.00063218416434869897)
104	69,0.000622613617645	(104, 0.00063218416434869897)
105	38,0.000515238583838	(105, 0.00086590172116724059)
105	27,0.000553411323822	(105, 0.00086590172116724059)
105	43,0.000570583379443	(105, 0.00086590172116724059)
105	99,0.000609347177194	(105, 0.00086590172116724059)
105	50,0.000609969562427	(105, 0.00086590172116724059)
105	144,0.000622785643862	(105, 0.00086590172116724059)
105	24,0.000654992187678	(105, 0.00086590172116724059)
105	12,0.000655160623438	(105, 0.00086590172116724059)
105	14,0.000697580480563	(105, 0.00086590172116724059)
105	55,0.000711158144838	(105, 0.00086590172116724059)
106	106,0.000453601905299	(106, 0.00045360190529851143)
106	116,0.000535093542678	(106, 0.00045360190529851143)
106	172,0.000543888316923	(106, 0.00045360190529851143)
106	174,0.000601809313839	(106, 0.00045360190529851143)
106	157,0.000604545560247	(106, 0.00045360190529851143)
106	156,0.000635977204428	(106, 0.00045360190529851143)
106	13,0.000653507002926	(106, 0.00045360190529851143)
106	93,0.000686631896851	(106, 0.00045360190529851143)
106	165,0.000690612767135	(106, 0.00045360190529851143)
106	73,0.000695872673667	(106, 0.00045360190529851143)
107	26,0.000323729167831	(107, 0.00043100060055607878)
107	22,0.000367350943345	(107, 0.00043100060055607878)
107	61,0.000388531402177	(107, 0.00043100060055607878)
107	77,0.000388858940193	(107, 0.00043100060055607878)
107	121,0.000394894254927	(107, 0.00043100060055607878)
107	76,0.000408289226585	(107, 0.00043100060055607878)
107	1,0.000421760535803	(107, 0.00043100060055607878)
107	107,0.000431000600556	(107, 0.00043100060055607878)
107	23,0.000434188762791	(107, 0.00043100060055607878)
107	78,0.000434787222139	(107, 0.00043100060055607878)
108	77,0.000275407729528	(108, 0.0010493556566171791)
108	172,0.0003595891947	(108, 0.0010493556566171791)
108	174,0.00042985846254	(108, 0.0010493556566171791)
108	171,0.000478444911138	(108, 0.0010493556566171791)
108	40,0.000499249777766	(108, 0.0010493556566171791)
108	17,0.000513392400978	(108, 0.0010493556566171791)
108	15,0.000545806529501	(108, 0.0010493556566171791)
108	4,0.000563291425424	(108, 0.0010493556566171791)
108	49,0.000575035691955	(108, 0.0010493556566171791)
108	3,0.000578376164784	(108, 0.0010493556566171791)
109	109,0.000294470911026	(109, 0.00029447091102595001)
109	12,0.000376048319581	(109, 0.00029447091102595001)
109	159,0.000380219984246	(109, 0.00029447091102595001)
109	128,0.000422763694615	(109, 0.00029447091102595001)
109	134,0.00043096101046	(109, 0.00029447091102595001)
109	146,0.000504006089508	(109, 0.00029447091102595001)
109	84,0.000504919056122	(109, 0.00029447091102595001)
109	38,0.00051862278182	(109, 0.00029447091102595001)
109	73,0.000519922828491	(109, 0.00029447091102595001)
109	152,0.000523084769213	(109, 0.00029447091102595001)
110	1,0.00033104293366	(110, 0.00078541608289680253)
110	121,0.00039019009428	(110, 0.00078541608289680253)
110	11,0.000435511080462	(110, 0.00078541608289680253)
110	68,0.000450816176271	(110, 0.00078541608289680253)
110	26,0.000523921024412	(110, 0.00078541608289680253)
110	71,0.000529263721781	(110, 0.00078541608289680253)
110	61,0.000543632791956	(110, 0.00078541608289680253)
110	70,0.000551093572078	(110, 0.00078541608289680253)
110	162,0.000558409653484	(110, 0.00078541608289680253)
110	23,0.000563910588033	(110, 0.00078541608289680253)
111	73,0.000334597295907	(111, 0.0012753536471315264)
111	93,0.000400540464038	(111, 0.0012753536471315264)
111	124,0.000411291243224	(111, 0.0012753536471315264)
111	157,0.000446936097692	(111, 0.0012753536471315264)
111	101,0.0004812577058	(111, 0.0012753536471315264)
111	13,0.000529822902606	(111, 0.0012753536471315264)
111	116,0.000625583358328	(111, 0.0012753536471315264)
111	1,0.00070848339723	(111, 0.0012753536471315264)
111	29,0.000720563955942	(111, 0.0012753536471315264)
111	128,0.000725722410513	(111, 0.0012753536471315264)
112	11,0.000192015139845	(112, 0.00033908935438425202)
112	90,0.00025729731259	(112, 0.00033908935438425202)
112	3,0.00029257142033	(112, 0.00033908935438425202)
112	21,0.000302723025166	(112, 0.00033908935438425202)
112	81,0.00030350100999	(112, 0.00033908935438425202)
112	112,0.000339089354384	(112, 0.00033908935438425202)
112	100,0.00035344063918	(112, 0.00033908935438425202)
112	71,0.000366838924801	(112, 0.00033908935438425202)
112	117,0.000370258668501	(112, 0.00033908935438425202)
112	162,0.000379160832611	(112, 0.00033908935438425202)
113	113,0.000302176942516	(113, 0.00030217694251557825)
113	65,0.000607351743739	(113, 0.00030217694251557825)
113	120,0.000782645372727	(113, 0.00030217694251557825)
113	130,0.000919122014861	(113, 0.00030217694251557825)
113	161,0.000944680576263	(113, 0.00030217694251557825)
113	15,0.000959341671019	(113, 0.00030217694251557825)
113	44,0.00104479649712	(113, 0.00030217694251557825)
113	97,0.00105269877046	(113, 0.00030217694251557825)
113	2,0.00110238261287	(113, 0.00030217694251557825)
113	155,0.0011608533262	(113, 0.00030217694251557825)
114	53,0.00031796472211	(114, 0.00039401857249370272)
114	124,0.000365880489566	(114, 0.00039401857249370272)
114	73,0.00037331207475	(114, 0.00039401857249370272)
114	114,0.000394018572494	(114, 0.00039401857249370272)
114	155,0.000507977691043	(114, 0.00039401857249370272)
114	13,0.00051586098951	(114, 0.00039401857249370272)
114	104,0.000548498158029	(114, 0.00039401857249370272)
114	157,0.000693199561307	(114, 0.00039401857249370272)
114	4,0.000722541305018	(114, 0.00039401857249370272)
114	44,0.000726129710544	(114, 0.00039401857249370272)
115	119,0.000370151521552	(115, 0.00049568395378826919)
115	11,0.000457844129223	(115, 0.00049568395378826919)
115	37,0.000494373738615	(115, 0.00049568395378826919)
115	115,0.000495683953788	(115, 0.00049568395378826919)
115	17,0.000504816408543	(115, 0.00049568395378826919)
115	172,0.000515124295506	(115, 0.00049568395378826919)
115	81,0.000519182913975	(115, 0.00049568395378826919)
115	120,0.000521041972979	(115, 0.00049568395378826919)
115	96,0.000538171954156	(115, 0.00049568395378826919)
115	3,0.000555529259099	(115, 0.00049568395378826919)
116	93,0.000330769748627	(116, 0.00035557173030702118)
116	116,0.000355571730307	(116, 0.00035557173030702118)
116	73,0.000394128035944	(116, 0.00035557173030702118)
116	109,0.000562768956459	(116, 0.00035557173030702118)
116	144,0.000569730745725	(116, 0.00035557173030702118)
116	156,0.000587620727738	(116, 0.00035557173030702118)
116	124,0.000599195789309	(116, 0.00035557173030702118)
116	157,0.000609201171641	(116, 0.00035557173030702118)
116	172,0.000612850962102	(116, 0.00035557173030702118)
116	128,0.000618049341537	(116, 0.00035557173030702118)
117	117,0.000188232391427	(117, 0.00018823239142698955)
117	21,0.000218324636533	(117, 0.00018823239142698955)
117	71,0.00029567730045	(117, 0.00018823239142698955)
117	11,0.000303819783502	(117, 0.00018823239142698955)
117	63,0.000325074465967	(117, 0.00018823239142698955)
117	77,0.000336554009863	(117, 0.00018823239142698955)
117	121,0.000368529167431	(117, 0.00018823239142698955)
117	162,0.000372771057379	(117, 0.00018823239142698955)
117	76,0.000378078463795	(117, 0.00018823239142698955)
117	70,0.000409470630989	(117, 0.00018823239142698955)
118	34,0.00062277477633	(118, 0.0010023702997845024)
118	130,0.000662734030904	(118, 0.0010023702997845024)
118	33,0.000770329631948	(118, 0.0010023702997845024)
118	113,0.000842380983174	(118, 0.0010023702997845024)
118	69,0.000964499275878	(118, 0.0010023702997845024)
118	118,0.00100237029978	(118, 0.0010023702997845024)
118	65,0.00102923228116	(118, 0.0010023702997845024)
118	133,0.00106050719493	(118, 0.0010023702997845024)
118	15,0.00113330757718	(118, 0.0010023702997845024)
118	53,0.0012070584105	(118, 0.0010023702997845024)
119	120,0.00042504103115	(119, 0.00052270577403346085)
119	119,0.000522705774033	(119, 0.00052270577403346085)
119	154,0.000615533931533	(119, 0.00052270577403346085)
119	17,0.000635933935892	(119, 0.00052270577403346085)
119	123,0.000638345161277	(119, 0.00052270577403346085)
119	96,0.000638598304985	(119, 0.00052270577403346085)
119	69,0.000663393771409	(119, 0.00052270577403346085)
119	97,0.000674792607221	(119, 0.00052270577403346085)
119	13,0.00068039305287	(119, 0.00052270577403346085)
119	40,0.00068410589652	(119, 0.00052270577403346085)
120	120,0.000324359168115	(120, 0.00032435916811494772)
120	161,0.000363495465254	(120, 0.00032435916811494772)
120	65,0.00038501967626	(120, 0.00032435916811494772)
120	44,0.000390866257789	(120, 0.00032435916811494772)
120	97,0.000577195257977	(120, 0.00032435916811494772)
120	53,0.000641093944507	(120, 0.00032435916811494772)
120	17,0.000647123520723	(120, 0.00032435916811494772)
120	54,0.000666817197762	(120, 0.00032435916811494772)
120	155,0.000667060538793	(120, 0.00032435916811494772)
120	13,0.000690213725117	(120, 0.00032435916811494772)
121	121,0.000282527939664	(121, 0.00028252793966389241)
121	1,0.000313260515858	(121, 0.00028252793966389241)
121	78,0.000350513637447	(121, 0.00028252793966389241)
121	26,0.000352604301102	(121, 0.00028252793966389241)
121	22,0.000356474156893	(121, 0.00028252793966389241)
121	73,0.000364480959139	(121, 0.00028252793966389241)
121	61,0.000449251062741	(121, 0.00028252793966389241)
121	128,0.000462993944753	(121, 0.00028252793966389241)
121	23,0.000495411907272	(121, 0.00028252793966389241)
121	11,0.000503133746081	(121, 0.00028252793966389241)
122	174,0.000442881891162	(122, 0.00083136714767777903)
122	154,0.000515740628558	(122, 0.00083136714767777903)
122	116,0.000581358178343	(122, 0.00083136714767777903)
122	172,0.000616734088805	(122, 0.00083136714767777903)
122	69,0.000631279721142	(122, 0.00083136714767777903)
122	4,0.000734178109417	(122, 0.00083136714767777903)
122	2,0.000761350657538	(122, 0.00083136714767777903)
122	48,0.000814681684145	(122, 0.00083136714767777903)
122	122,0.000831367147678	(122, 0.00083136714767777903)
122	40,0.000842149626224	(122, 0.00083136714767777903)
123	172,0.000404594607589	(123, 0.00042456381615257297)
123	123,0.000424563816153	(123, 0.00042456381615257297)
123	81,0.00049581924296	(123, 0.00042456381615257297)
123	119,0.000512767848793	(123, 0.00042456381615257297)
123	146,0.000519291303154	(123, 0.00042456381615257297)
123	115,0.000550942882266	(123, 0.00042456381615257297)
123	96,0.000585680722518	(123, 0.00042456381615257297)
123	40,0.000606833441904	(123, 0.00042456381615257297)
123	137,0.000625383945465	(123, 0.00042456381615257297)
123	37,0.000627468013766	(123, 0.00042456381615257297)
124	101,0.000578298972262	(124, 0.00059027729327468519)
124	124,0.000590277293275	(124, 0.00059027729327468519)
124	27,0.000698582782977	(124, 0.00059027729327468519)
124	73,0.000761680934743	(124, 0.00059027729327468519)
124	41,0.000805519664903	(124, 0.00059027729327468519)
124	157,0.000824707493238	(124, 0.00059027729327468519)
124	114,0.000847692886881	(124, 0.00059027729327468519)
124	169,0.000877237969562	(124, 0.00059027729327468519)
124	140,0.000961509083091	(124, 0.00059027729327468519)
124	53,0.000996376842582	(124, 0.00059027729327468519)
125	65,0.000713748597216	(125, 0.00091467833236869424)
125	155,0.000715446272492	(125, 0.00091467833236869424)
125	68,0.000761715586122	(125, 0.00091467833236869424)
125	161,0.000810459113883	(125, 0.00091467833236869424)
125	13,0.000814967091755	(125, 0.00091467833236869424)
125	73,0.000842451853776	(125, 0.00091467833236869424)
125	41,0.00084963242515	(125, 0.00091467833236869424)
125	114,0.000855586590471	(125, 0.00091467833236869424)
125	71,0.000905797159614	(125, 0.00091467833236869424)
125	125,0.000914678332369	(125, 0.00091467833236869424)
126	81,0.000358546452775	(126, 0.0003626081580867396)
126	126,0.000362608158087	(126, 0.0003626081580867396)
126	3,0.000363114331518	(126, 0.0003626081580867396)
126	121,0.000367190616163	(126, 0.0003626081580867396)
126	22,0.000378740145034	(126, 0.0003626081580867396)
126	132,0.000384571460047	(126, 0.0003626081580867396)
126	11,0.000437403462749	(126, 0.0003626081580867396)
126	12,0.000448603601994	(126, 0.0003626081580867396)
126	78,0.000452712704164	(126, 0.0003626081580867396)
126	151,0.000463011336255	(126, 0.0003626081580867396)
127	17,0.00016161439201	(127, 0.00037114775751766747)
127	77,0.000295111673415	(127, 0.00037114775751766747)
127	100,0.000298425631551	(127, 0.00037114775751766747)
127	136,0.00030247579519	(127, 0.00037114775751766747)
127	37,0.000339313447042	(127, 0.00037114775751766747)
127	74,0.000341244126846	(127, 0.00037114775751766747)
127	49,0.000351820787604	(127, 0.00037114775751766747)
127	127,0.000371147757518	(127, 0.00037114775751766747)
127	59,0.000399921145898	(127, 0.00037114775751766747)
127	172,0.00041458688061	(127, 0.00037114775751766747)
128	128,0.000283226595188	(128, 0.00028322659518775713)
128	12,0.000332123278977	(128, 0.00028322659518775713)
128	78,0.000347829622062	(128, 0.00028322659518775713)
128	159,0.000386669071832	(128, 0.00028322659518775713)
128	55,0.000397649840116	(128, 0.00028322659518775713)
128	121,0.000405760822221	(128, 0.00028322659518775713)
128	50,0.000427000575153	(128, 0.00028322659518775713)
128	22,0.000429434171376	(128, 0.00028322659518775713)
128	152,0.000458146542413	(128, 0.00028322659518775713)
128	158,0.000487632675385	(128, 0.00028322659518775713)
129	49,0.000619502051525	(129, 0.0013765021329588463)
129	15,0.000697485989031	(129, 0.0013765021329588463)
129	98,0.000793391796376	(129, 0.0013765021329588463)
129	100,0.000888355729897	(129, 0.0013765021329588463)
129	25,0.000892480684758	(129, 0.0013765021329588463)
129	59,0.000907982619101	(129, 0.0013765021329588463)
129	77,0.000908657977053	(129, 0.0013765021329588463)
129	83,0.000987012743816	(129, 0.0013765021329588463)
129	34,0.00100024566267	(129, 0.0013765021329588463)
129	94,0.0010182360415	(129, 0.0013765021329588463)
130	130,0.000624813832983	(130, 0.00062481383298282833)
130	34,0.000645609911502	(130, 0.00062481383298282833)
130	65,0.000720892785323	(130, 0.00062481383298282833)
130	15,0.000745936308219	(130, 0.00062481383298282833)
130	13,0.000792260711647	(130, 0.00062481383298282833)
130	69,0.00080334773491	(130, 0.00062481383298282833)
130	53,0.000818603496443	(130, 0.00062481383298282833)
130	113,0.000838275057938	(130, 0.00062481383298282833)
130	28,0.000861778451182	(130, 0.00062481383298282833)
130	91,0.000870956810288	(130, 0.00062481383298282833)
131	116,0.000550320567645	(131, 0.00060477998433291125)
131	131,0.000604779984333	(131, 0.00060477998433291125)
131	72,0.000642195370143	(131, 0.00060477998433291125)
131	166,0.000647086959267	(131, 0.00060477998433291125)
131	144,0.000698014417117	(131, 0.00060477998433291125)
131	156,0.000814052661528	(131, 0.00060477998433291125)
131	104,0.000840108833601	(131, 0.00060477998433291125)
131	84,0.000872168425019	(131, 0.00060477998433291125)
131	93,0.00102307241952	(131, 0.00060477998433291125)
131	73,0.00102394381288	(131, 0.00060477998433291125)
132	22,0.000166284845195	(132, 0.00021654624064924367)
132	18,0.000189486069137	(132, 0.00021654624064924367)
132	132,0.000216546240649	(132, 0.00021654624064924367)
132	158,0.000221233257836	(132, 0.00021654624064924367)
132	76,0.000259045341222	(132, 0.00021654624064924367)
132	147,0.000276391319809	(132, 0.00021654624064924367)
132	121,0.000283555306333	(132, 0.00021654624064924367)
132	46,0.000285241557663	(132, 0.00021654624064924367)
132	171,0.000294649809203	(132, 0.00021654624064924367)
132	139,0.000296902621197	(132, 0.00021654624064924367)
133	133,0.000290918591497	(133, 0.00029091859149705352)
133	130,0.000737995272189	(133, 0.00029091859149705352)
133	91,0.000756940184737	(133, 0.00029091859149705352)
133	34,0.00077027148239	(133, 0.00029091859149705352)
133	102,0.000959297649718	(133, 0.00029091859149705352)
133	53,0.000988394960042	(133, 0.00029091859149705352)
133	114,0.00106990318393	(133, 0.00029091859149705352)
133	28,0.00108897037386	(133, 0.00029091859149705352)
133	103,0.00110985299004	(133, 0.00029091859149705352)
133	110,0.00113178924275	(133, 0.00029091859149705352)
134	121,0.000239163510853	(134, 0.00043769828011538123)
134	128,0.000272437615153	(134, 0.00043769828011538123)
134	78,0.000277861919552	(134, 0.00043769828011538123)
134	22,0.000405448304655	(134, 0.00043769828011538123)
134	134,0.000437698280115	(134, 0.00043769828011538123)
134	12,0.000452282320984	(134, 0.00043769828011538123)
134	18,0.00045376225994	(134, 0.00043769828011538123)
134	55,0.00046048245269	(134, 0.00043769828011538123)
134	61,0.000495799069788	(134, 0.00043769828011538123)
134	152,0.000507659178569	(134, 0.00043769828011538123)
135	147,0.000198915215492	(135, 0.00031165310509413956)
135	137,0.000199252540293	(135, 0.00031165310509413956)
135	63,0.000242651458507	(135, 0.00031165310509413956)
135	162,0.000247665823495	(135, 0.00031165310509413956)
135	171,0.000266925300572	(135, 0.00031165310509413956)
135	76,0.000271284557298	(135, 0.00031165310509413956)
135	77,0.000271960447359	(135, 0.00031165310509413956)
135	11,0.000301236485304	(135, 0.00031165310509413956)
135	135,0.000311653105094	(135, 0.00031165310509413956)
135	117,0.000317161855758	(135, 0.00031165310509413956)
136	11,0.00040384222929	(136, 0.00048058008088248651)
136	119,0.000411648962988	(136, 0.00048058008088248651)
136	136,0.000480580080882	(136, 0.00048058008088248651)
136	121,0.000500389383212	(136, 0.00048058008088248651)
136	3,0.000522460444252	(136, 0.00048058008088248651)
136	162,0.000563823741306	(136, 0.00048058008088248651)
136	151,0.000571263771081	(136, 0.00048058008088248651)
136	54,0.000584872651135	(136, 0.00048058008088248651)
136	115,0.000601278980175	(136, 0.00048058008088248651)
136	126,0.000620496957146	(136, 0.00048058008088248651)
137	137,0.000119089452963	(137, 0.00011908945296290054)
137	63,0.000163456393531	(137, 0.00011908945296290054)
137	147,0.000189987782766	(137, 0.00011908945296290054)
137	171,0.000199441956446	(137, 0.00011908945296290054)
137	3,0.00023407774042	(137, 0.00011908945296290054)
137	76,0.000301495322353	(137, 0.00011908945296290054)
137	36,0.000318627033672	(137, 0.00011908945296290054)
137	136,0.000333534202319	(137, 0.00011908945296290054)
137	126,0.000352671784835	(137, 0.00011908945296290054)
137	77,0.000354151221091	(137, 0.00011908945296290054)
138	158,0.000412390939144	(138, 0.00056288249754389683)
138	107,0.000418910688032	(138, 0.00056288249754389683)
138	78,0.000430319472085	(138, 0.00056288249754389683)
138	128,0.000454241473711	(138, 0.00056288249754389683)
138	55,0.000518826743839	(138, 0.00056288249754389683)
138	38,0.000559913185733	(138, 0.00056288249754389683)
138	138,0.000562882497544	(138, 0.00056288249754389683)
138	73,0.000604656741723	(138, 0.00056288249754389683)
138	22,0.000609107845205	(138, 0.00056288249754389683)
138	61,0.000612467221444	(138, 0.00056288249754389683)
139	139,0.000106307952835	(139, 0.00010630795283453913)
139	22,0.000210191470983	(139, 0.00010630795283453913)
139	46,0.000262989879568	(139, 0.00010630795283453913)
139	76,0.000270348818336	(139, 0.00010630795283453913)
139	18,0.000278128384887	(139, 0.00010630795283453913)
139	121,0.000307148269878	(139, 0.00010630795283453913)
139	132,0.000311608434631	(139, 0.00010630795283453913)
139	151,0.000317208535543	(139, 0.00010630795283453913)
139	158,0.000353134474125	(139, 0.00010630795283453913)
139	35,0.000378022454868	(139, 0.00010630795283453913)
140	69,0.000443916574365	(140, 0.00063748590414806872)
140	116,0.000631564597442	(140, 0.00063748590414806872)
140	140,0.000637485904148	(140, 0.00063748590414806872)
140	93,0.000637852147273	(140, 0.00063748590414806872)
140	124,0.00067295216232	(140, 0.00063748590414806872)
140	104,0.000686267788252	(140, 0.00063748590414806872)
140	157,0.000717500640832	(140, 0.00063748590414806872)
140	33,0.000724821775045	(140, 0.00063748590414806872)
140	73,0.000809344352754	(140, 0.00063748590414806872)
140	40,0.000812609496048	(140, 0.00063748590414806872)
141	124,0.000717445368332	(141, 0.0012696709208711667)
141	97,0.000761839487564	(141, 0.0012696709208711667)
141	48,0.000769373096594	(141, 0.0012696709208711667)
141	120,0.000835892513811	(141, 0.0012696709208711667)
141	69,0.000903276210369	(141, 0.0012696709208711667)
141	2,0.000931345476435	(141, 0.0012696709208711667)
141	104,0.00095009613531	(141, 0.0012696709208711667)
141	56,0.00096712043073	(141, 0.0012696709208711667)
141	53,0.000973199690047	(141, 0.0012696709208711667)
141	4,0.000984349659101	(141, 0.0012696709208711667)
142	73,0.000573830161928	(142, 0.0018814200684899936)
142	12,0.000587745447552	(142, 0.0018814200684899936)
142	61,0.000651896510405	(142, 0.0018814200684899936)
142	105,0.000670606287614	(142, 0.0018814200684899936)
142	162,0.000694094814362	(142, 0.0018814200684899936)
142	38,0.000709882286147	(142, 0.0018814200684899936)
142	29,0.000744529499944	(142, 0.0018814200684899936)
142	13,0.000762953353197	(142, 0.0018814200684899936)
142	16,0.0007651866449	(142, 0.0018814200684899936)
142	135,0.000783691192718	(142, 0.0018814200684899936)
143	90,0.00020891489669	(143, 0.00029377812079909758)
143	137,0.000251519425833	(143, 0.00029377812079909758)
143	63,0.000262075454876	(143, 0.00029377812079909758)
143	11,0.000263308842566	(143, 0.00029377812079909758)
143	3,0.000292362032476	(143, 0.00029377812079909758)
143	143,0.000293778120799	(143, 0.00029377812079909758)
143	112,0.000296443535208	(143, 0.00029377812079909758)
143	162,0.00029824418939	(143, 0.00029377812079909758)
143	147,0.000301311340316	(143, 0.00029377812079909758)
143	21,0.000357690458276	(143, 0.00029377812079909758)
144	144,0.000249318669907	(144, 0.0002493186699071295)
144	14,0.000614055703363	(144, 0.0002493186699071295)
144	38,0.000630412810318	(144, 0.0002493186699071295)
144	116,0.000688917640938	(144, 0.0002493186699071295)
144	12,0.000698089180631	(144, 0.0002493186699071295)
144	109,0.000701880698285	(144, 0.0002493186699071295)
144	145,0.000769971823733	(144, 0.0002493186699071295)
144	159,0.000804041505065	(144, 0.0002493186699071295)
144	123,0.000810694481487	(144, 0.0002493186699071295)
144	99,0.000821784254851	(144, 0.0002493186699071295)
145	78,0.00035310181556	(145, 0.00055456121181937255)
145	158,0.000371275329158	(145, 0.00055456121181937255)
145	24,0.000391311807015	(145, 0.00055456121181937255)
145	55,0.000426595024172	(145, 0.00055456121181937255)
145	38,0.000436561237954	(145, 0.00055456121181937255)
145	128,0.000467919209743	(145, 0.00055456121181937255)
145	12,0.000502780337057	(145, 0.00055456121181937255)
145	145,0.000554561211819	(145, 0.00055456121181937255)
145	61,0.000560876623644	(145, 0.00055456121181937255)
145	22,0.000579267518919	(145, 0.00055456121181937255)
146	146,0.000157772323299	(146, 0.00015777232329856704)
146	12,0.000370612736918	(146, 0.00015777232329856704)
146	159,0.000424994169539	(146, 0.00015777232329856704)
146	151,0.000450121315533	(146, 0.00015777232329856704)
146	18,0.000450382881083	(146, 0.00015777232329856704)
146	137,0.000460329358855	(146, 0.00015777232329856704)
146	132,0.000470634179471	(146, 0.00015777232329856704)
146	81,0.000485729411937	(146, 0.00015777232329856704)
146	46,0.000491534624865	(146, 0.00015777232329856704)
146	126,0.000497683023713	(146, 0.00015777232329856704)
147	147,0.000166625833107	(147, 0.00016662583310717802)
147	63,0.000175388975456	(147, 0.00016662583310717802)
147	76,0.000182376662249	(147, 0.00016662583310717802)
147	22,0.000235457894613	(147, 0.00016662583310717802)
147	23,0.000260084088036	(147, 0.00016662583310717802)
147	18,0.000263102577528	(147, 0.00016662583310717802)
147	121,0.000288799602532	(147, 0.00016662583310717802)
147	132,0.00029904881644	(147, 0.00016662583310717802)
147	171,0.000313339171217	(147, 0.00016662583310717802)
147	151,0.000332387963486	(147, 0.00016662583310717802)
148	148,0.00024216230703	(148, 0.00024216230702975481)
148	17,0.000243369575459	(148, 0.00024216230702975481)
148	143,0.000336269842175	(148, 0.00024216230702975481)
148	100,0.000340092989757	(148, 0.00024216230702975481)
148	90,0.000374908845188	(148, 0.00024216230702975481)
148	49,0.000453365220524	(148, 0.00024216230702975481)
148	172,0.000479662509023	(148, 0.00024216230702975481)
148	37,0.0005002414764	(148, 0.00024216230702975481)
148	11,0.000524687393931	(148, 0.00024216230702975481)
148	40,0.000540886255953	(148, 0.00024216230702975481)
149	149,0.000827982685441	(149, 0.00082798268544086271)
149	32,0.000981948479009	(149, 0.00082798268544086271)
149	169,0.0012198793137	(149, 0.00082798268544086271)
149	33,0.0012831848775	(149, 0.00082798268544086271)
149	156,0.00181300424456	(149, 0.00082798268544086271)
149	27,0.00183717447189	(149, 0.00082798268544086271)
149	165,0.00185667108509	(149, 0.00082798268544086271)
149	91,0.00187861015402	(149, 0.00082798268544086271)
149	133,0.00192239671374	(149, 0.00082798268544086271)
149	82,0.00192401650412	(149, 0.00082798268544086271)
150	11,0.000215491090961	(150, 0.00037280907179988325)
150	3,0.000222864237458	(150, 0.00037280907179988325)
150	63,0.00023166478446	(150, 0.00037280907179988325)
150	121,0.000259155407109	(150, 0.00037280907179988325)
150	162,0.000312339671598	(150, 0.00037280907179988325)
150	71,0.000325636117733	(150, 0.00037280907179988325)
150	21,0.000326817258589	(150, 0.00037280907179988325)
150	147,0.000328181452459	(150, 0.00037280907179988325)
150	76,0.000332885455227	(150, 0.00037280907179988325)
150	117,0.00034113329826	(150, 0.00037280907179988325)
151	121,0.000167089832439	(151, 0.0002650374083847643)
151	151,0.000265037408385	(151, 0.0002650374083847643)
151	3,0.000301283149442	(151, 0.0002650374083847643)
151	11,0.000334051319751	(151, 0.0002650374083847643)
151	78,0.000334217596966	(151, 0.0002650374083847643)
151	162,0.000336425882227	(151, 0.0002650374083847643)
151	81,0.00034898889921	(151, 0.0002650374083847643)
151	132,0.000354093865765	(151, 0.0002650374083847643)
151	63,0.000370330094471	(151, 0.0002650374083847643)
151	22,0.00038540865029	(151, 0.0002650374083847643)
152	152,0.000347289293651	(152, 0.00034728929365082152)
152	139,0.00036982159725	(152, 0.00034728929365082152)
152	88,0.000372563842968	(152, 0.00034728929365082152)
152	35,0.000378044399243	(152, 0.00034728929365082152)
152	121,0.000413808116628	(152, 0.00034728929365082152)
152	22,0.000459091232832	(152, 0.00034728929365082152)
152	18,0.000472469987353	(152, 0.00034728929365082152)
152	12,0.000475659562355	(152, 0.00034728929365082152)
152	128,0.000530669408989	(152, 0.00034728929365082152)
152	107,0.000541575743474	(152, 0.00034728929365082152)
153	133,0.000567029159503	(153, 0.00074567640203688059)
153	130,0.000720638432122	(153, 0.00074567640203688059)
153	34,0.000727304157685	(153, 0.00074567640203688059)
153	91,0.000730212822885	(153, 0.00074567640203688059)
153	153,0.000745676402037	(153, 0.00074567640203688059)
153	103,0.000774729965455	(153, 0.00074567640203688059)
153	102,0.000799495356373	(153, 0.00074567640203688059)
153	28,0.000849827315431	(153, 0.00074567640203688059)
153	1,0.000873817073089	(153, 0.00074567640203688059)
153	53,0.000911075250907	(153, 0.00074567640203688059)
154	154,0.000186364065568	(154, 0.00018636406556833275)
154	174,0.00044767206737	(154, 0.00018636406556833275)
154	172,0.000467476203852	(154, 0.00018636406556833275)
154	40,0.000518464663075	(154, 0.00018636406556833275)
154	116,0.000561268524446	(154, 0.00018636406556833275)
154	69,0.000601046821128	(154, 0.00018636406556833275)
154	4,0.000612515455308	(154, 0.00018636406556833275)
154	48,0.000751915673667	(154, 0.00018636406556833275)
154	2,0.000760840470095	(154, 0.00018636406556833275)
154	123,0.000792481860993	(154, 0.00018636406556833275)
155	71,0.000223145482571	(155, 0.00045880428099557527)
155	11,0.000248671067771	(155, 0.00045880428099557527)
155	162,0.000307645979987	(155, 0.00045880428099557527)
155	1,0.000346125242709	(155, 0.00045880428099557527)
155	121,0.000379698151237	(155, 0.00045880428099557527)
155	77,0.000406330632939	(155, 0.00045880428099557527)
155	117,0.000440041175813	(155, 0.00045880428099557527)
155	73,0.000458642201818	(155, 0.00045880428099557527)
155	155,0.000458804280996	(155, 0.00045880428099557527)
155	3,0.000485303360787	(155, 0.00045880428099557527)
156	156,0.000389617460879	(156, 0.00038961746087851941)
156	144,0.000396934233578	(156, 0.00038961746087851941)
156	73,0.000419332365767	(156, 0.00038961746087851941)
156	109,0.0005179936802	(156, 0.00038961746087851941)
156	93,0.000577868321967	(156, 0.00038961746087851941)
156	131,0.000579610410358	(156, 0.00038961746087851941)
156	84,0.000608744311972	(156, 0.00038961746087851941)
156	116,0.000615458544893	(156, 0.00038961746087851941)
156	99,0.000641898181011	(156, 0.00038961746087851941)
156	27,0.000657680452866	(156, 0.00038961746087851941)
157	12,0.00034137367152	(157, 0.00051461101077752394)
157	93,0.000354095743455	(157, 0.00051461101077752394)
157	73,0.000355237625969	(157, 0.00051461101077752394)
157	81,0.000438993519325	(157, 0.00051461101077752394)
157	128,0.000442252458711	(157, 0.00051461101077752394)
157	126,0.000460571236725	(157, 0.00051461101077752394)
157	22,0.000468300930179	(157, 0.00051461101077752394)
157	3,0.000477399385055	(157, 0.00051461101077752394)
157	78,0.000510529573023	(157, 0.00051461101077752394)
157	157,0.000514611010778	(157, 0.00051461101077752394)
158	77,0.000224923879622	(158, 0.00069091778342944196)
158	3,0.000228059843204	(158, 0.00069091778342944196)
158	137,0.000274813839389	(158, 0.00069091778342944196)
158	171,0.000275844990387	(158, 0.00069091778342944196)
158	63,0.000300268391282	(158, 0.00069091778342944196)
158	76,0.000306758727748	(158, 0.00069091778342944196)
158	81,0.000324947917325	(158, 0.00069091778342944196)
158	11,0.000334023907197	(158, 0.00069091778342944196)
158	117,0.000340734031337	(158, 0.00069091778342944196)
158	37,0.000353177760439	(158, 0.00069091778342944196)
159	146,0.000166797449415	(159, 0.00055432322153815686)
159	137,0.000301411414877	(159, 0.00055432322153815686)
159	81,0.000334310043432	(159, 0.00055432322153815686)
159	147,0.000341504468436	(159, 0.00055432322153815686)
159	18,0.000345467813987	(159, 0.00055432322153815686)
159	90,0.000347346194082	(159, 0.00055432322153815686)
159	46,0.000363681240173	(159, 0.00055432322153815686)
159	36,0.000372695836323	(159, 0.00055432322153815686)
159	151,0.000386677957695	(159, 0.00055432322153815686)
159	63,0.000393471989217	(159, 0.00055432322153815686)
160	27,0.000584747934311	(160, 0.0030231161103900003)
160	164,0.00063081713823	(160, 0.0030231161103900003)
160	38,0.000684027211136	(160, 0.0030231161103900003)
160	43,0.000760612269991	(160, 0.0030231161103900003)
160	73,0.000768224620793	(160, 0.0030231161103900003)
160	12,0.000773304920499	(160, 0.0030231161103900003)
160	50,0.000794110898474	(160, 0.0030231161103900003)
160	24,0.000797133186519	(160, 0.0030231161103900003)
160	109,0.000811318251539	(160, 0.0030231161103900003)
160	107,0.000832314762824	(160, 0.0030231161103900003)
161	161,0.000172069404792	(161, 0.00017206940479193213)
161	65,0.000401284730613	(161, 0.00017206940479193213)
161	17,0.000435784375506	(161, 0.00017206940479193213)
161	77,0.00045656373556	(161, 0.00017206940479193213)
161	44,0.000494582719384	(161, 0.00017206940479193213)
161	155,0.000495864219964	(161, 0.00017206940479193213)
161	68,0.000503738046611	(161, 0.00017206940479193213)
161	71,0.000521184195435	(161, 0.00017206940479193213)
161	13,0.000527696956637	(161, 0.00017206940479193213)
161	100,0.000548911374336	(161, 0.00017206940479193213)
162	162,0.00021993639159	(162, 0.00021993639158962022)
162	117,0.000247309677143	(162, 0.00021993639158962022)
162	11,0.000293196347534	(162, 0.00021993639158962022)
162	86,0.000311746787049	(162, 0.00021993639158962022)
162	137,0.000312520530946	(162, 0.00021993639158962022)
162	121,0.000323978336419	(162, 0.00021993639158962022)
162	18,0.000331729346486	(162, 0.00021993639158962022)
162	3,0.000337319410635	(162, 0.00021993639158962022)
162	81,0.000339827411948	(162, 0.00021993639158962022)
162	147,0.000344496376331	(162, 0.00021993639158962022)
163	17,0.000315316600045	(163, 0.00057430325082246465)
163	100,0.000372388524739	(163, 0.00057430325082246465)
163	148,0.00038431143333	(163, 0.00057430325082246465)
163	172,0.000406244312381	(163, 0.00057430325082246465)
163	40,0.000436108122964	(163, 0.00057430325082246465)
163	3,0.000455943247983	(163, 0.00057430325082246465)
163	37,0.000458196885044	(163, 0.00057430325082246465)
163	143,0.000472853948185	(163, 0.00057430325082246465)
163	11,0.000480113079205	(163, 0.00057430325082246465)
163	83,0.000498867596321	(163, 0.00057430325082246465)
164	73,0.000565554586203	(164, 0.00067938137326269577)
164	156,0.000614669942184	(164, 0.00067938137326269577)
164	32,0.0006583490305	(164, 0.00067938137326269577)
164	164,0.000679381373263	(164, 0.00067938137326269577)
164	27,0.000708707667563	(164, 0.00067938137326269577)
164	131,0.000711670620797	(164, 0.00067938137326269577)
164	144,0.000868050757419	(164, 0.00067938137326269577)
164	107,0.000881299827153	(164, 0.00067938137326269577)
164	13,0.000900236490284	(164, 0.00067938137326269577)
164	109,0.00093778060708	(164, 0.00067938137326269577)
165	93,0.000536761790786	(165, 0.00060992367274777216)
165	116,0.000603459132637	(165, 0.00060992367274777216)
165	165,0.000609923672748	(165, 0.00060992367274777216)
165	144,0.000632980627407	(165, 0.00060992367274777216)
165	156,0.000637542211666	(165, 0.00060992367274777216)
165	73,0.00068935482307	(165, 0.00060992367274777216)
165	131,0.000728874105796	(165, 0.00060992367274777216)
165	157,0.000754968206901	(165, 0.00060992367274777216)
165	27,0.000788253672631	(165, 0.00060992367274777216)
165	24,0.000920391170204	(165, 0.00060992367274777216)
166	116,0.000597328088849	(166, 0.00079791712338472148)
166	144,0.000597699622908	(166, 0.00079791712338472148)
166	157,0.00068864797255	(166, 0.00079791712338472148)
166	13,0.000716337613421	(166, 0.00079791712338472148)
166	124,0.000784355481937	(166, 0.00079791712338472148)
166	166,0.000797917123385	(166, 0.00079791712338472148)
166	93,0.000800369914684	(166, 0.00079791712338472148)
166	104,0.000837870060427	(166, 0.00079791712338472148)
166	140,0.000869472335937	(166, 0.00079791712338472148)
166	69,0.000901483343026	(166, 0.00079791712338472148)
167	51,0.000762333337721	(167, 0.0010357043087820467)
167	32,0.000923185114394	(167, 0.0010357043087820467)
167	27,0.00102755227119	(167, 0.0010357043087820467)
167	167,0.00103570430878	(167, 0.0010357043087820467)
167	39,0.0010429318601	(167, 0.0010357043087820467)
167	169,0.00122686051681	(167, 0.0010357043087820467)
167	19,0.00125724149776	(167, 0.0010357043087820467)
167	138,0.00131818136764	(167, 0.0010357043087820467)
167	156,0.00133253972403	(167, 0.0010357043087820467)
167	84,0.00134296384101	(167, 0.0010357043087820467)
168	55,0.000311482817323	(168, 0.00051387731089227648)
168	12,0.000355089994325	(168, 0.00051387731089227648)
168	121,0.00040455902732	(168, 0.00051387731089227648)
168	38,0.000460923717383	(168, 0.00051387731089227648)
168	18,0.000461521591265	(168, 0.00051387731089227648)
168	152,0.000491726505431	(168, 0.00051387731089227648)
168	61,0.000506390678693	(168, 0.00051387731089227648)
168	78,0.000512843309338	(168, 0.00051387731089227648)
168	168,0.000513877310892	(168, 0.00051387731089227648)
168	151,0.00052506590406	(168, 0.00051387731089227648)
169	156,0.000476948359113	(169, 0.00059274393044815208)
169	169,0.000592743930448	(169, 0.00059274393044815208)
169	73,0.000648696972947	(169, 0.00059274393044815208)
169	109,0.000719770658927	(169, 0.00059274393044815208)
169	144,0.000768800164779	(169, 0.00059274393044815208)
169	84,0.000789097443325	(169, 0.00059274393044815208)
169	131,0.000846575081835	(169, 0.00059274393044815208)
169	116,0.000880626924958	(169, 0.00059274393044815208)
169	27,0.000927320829678	(169, 0.00059274393044815208)
169	99,0.000945281839312	(169, 0.00059274393044815208)
170	170,0.000580870735273	(170, 0.0005808707352728137)
170	99,0.000621340708606	(170, 0.0005808707352728137)
170	27,0.000640852660013	(170, 0.0005808707352728137)
170	144,0.000647652232437	(170, 0.0005808707352728137)
170	84,0.000737491784583	(170, 0.0005808707352728137)
170	109,0.000776586209833	(170, 0.0005808707352728137)
170	73,0.000836190606565	(170, 0.0005808707352728137)
170	0,0.00083938839504	(170, 0.0005808707352728137)
170	19,0.000874571068157	(170, 0.0005808707352728137)
170	140,0.000947138475522	(170, 0.0005808707352728137)
171	27,0.000499153214789	(171, 0.0017041469844291713)
171	156,0.00053458385972	(171, 0.0017041469844291713)
171	73,0.000548052684539	(171, 0.0017041469844291713)
171	32,0.000671833121904	(171, 0.0017041469844291713)
171	144,0.000674312312107	(171, 0.0017041469844291713)
171	169,0.000764898591663	(171, 0.0017041469844291713)
171	99,0.000798418279991	(171, 0.0017041469844291713)
171	101,0.00080744530388	(171, 0.0017041469844291713)
171	131,0.000809706096303	(171, 0.0017041469844291713)
171	107,0.000810851660851	(171, 0.0017041469844291713)
172	172,0.000186236948309	(172, 0.00018623694830940957)
172	137,0.00021779131924	(172, 0.00018623694830940957)
172	3,0.000229167107251	(172, 0.00018623694830940957)
172	37,0.000275904311486	(172, 0.00018623694830940957)
172	90,0.000299507904573	(172, 0.00018623694830940957)
172	77,0.000301608143483	(172, 0.00018623694830940957)
172	171,0.000313630021709	(172, 0.00018623694830940957)
172	17,0.000318907556321	(172, 0.00018623694830940957)
172	11,0.000336787498627	(172, 0.00018623694830940957)
172	81,0.000338421182528	(172, 0.00018623694830940957)
173	107,0.000546155236267	(173, 0.0010145613280985023)
173	27,0.000558271105806	(173, 0.0010145613280985023)
173	128,0.000583336258363	(173, 0.0010145613280985023)
173	156,0.000588974827774	(173, 0.0010145613280985023)
173	24,0.000609228027429	(173, 0.0010145613280985023)
173	158,0.000612569650949	(173, 0.0010145613280985023)
173	38,0.000640078360709	(173, 0.0010145613280985023)
173	144,0.000716112572421	(173, 0.0010145613280985023)
173	78,0.000722471326617	(173, 0.0010145613280985023)
173	99,0.000753527668813	(173, 0.0010145613280985023)
174	174,0.000258387716875	(174, 0.00025838771687498895)
174	15,0.000299178053886	(174, 0.00025838771687498895)
174	56,0.000318694670491	(174, 0.00025838771687498895)
174	69,0.000418633387935	(174, 0.00025838771687498895)
174	154,0.000436537834164	(174, 0.00025838771687498895)
174	17,0.000438586673149	(174, 0.00025838771687498895)
174	120,0.000440294596329	(174, 0.00025838771687498895)
174	4,0.000493537964484	(174, 0.00025838771687498895)
174	172,0.000538428687188	(174, 0.00025838771687498895)
174	2,0.000568852495263	(174, 0.00025838771687498895)
