0	0,0.0002570722902	(0, 0.00025707229020044165)
0	99,0.000861927951349	(0, 0.00025707229020044165)
0	170,0.000865974679068	(0, 0.00025707229020044165)
0	38,0.000880530122623	(0, 0.00025707229020044165)
0	84,0.000894980466346	(0, 0.00025707229020044165)
0	109,0.000935704238849	(0, 0.00025707229020044165)
0	55,0.00102329534172	(0, 0.00025707229020044165)
0	78,0.00105119819085	(0, 0.00025707229020044165)
0	128,0.00108441260417	(0, 0.00025707229020044165)
0	144,0.00108966153138	(0, 0.00025707229020044165)
1	1,0.000316954850273	(1, 0.00031695485027317575)
1	103,0.000476378548332	(1, 0.00031695485027317575)
1	102,0.000494572530291	(1, 0.00031695485027317575)
1	28,0.000529367995711	(1, 0.00031695485027317575)
1	155,0.000542247695968	(1, 0.00031695485027317575)
1	41,0.000563422708165	(1, 0.00031695485027317575)
1	91,0.000575406674425	(1, 0.00031695485027317575)
1	153,0.000620163630789	(1, 0.00031695485027317575)
1	114,0.000636844698279	(1, 0.00031695485027317575)
1	65,0.000649301173367	(1, 0.00031695485027317575)
2	154,0.000265146277327	(2, 0.00059290404993879897)
2	4,0.000352312735011	(2, 0.00059290404993879897)
2	174,0.000400605469387	(2, 0.00059290404993879897)
2	69,0.000424675578439	(2, 0.00059290404993879897)
2	40,0.000496368221835	(2, 0.00059290404993879897)
2	172,0.000528250685699	(2, 0.00059290404993879897)
2	2,0.000592904049939	(2, 0.00059290404993879897)
2	116,0.000654561613189	(2, 0.00059290404993879897)
2	17,0.000726891352926	(2, 0.00059290404993879897)
2	56,0.000766692709149	(2, 0.00059290404993879897)
3	3,0.000174356850493	(3, 0.00017435685049348857)
3	63,0.000192190715558	(3, 0.00017435685049348857)
3	121,0.000247623940605	(3, 0.00017435685049348857)
3	132,0.000275423588115	(3, 0.00017435685049348857)
3	147,0.00030963623217	(3, 0.00017435685049348857)
3	11,0.000309816610071	(3, 0.00017435685049348857)
3	162,0.000332812673405	(3, 0.00017435685049348857)
3	21,0.000338336476593	(3, 0.00017435685049348857)
3	76,0.000339459768222	(3, 0.00017435685049348857)
3	151,0.000341750094335	(3, 0.00017435685049348857)
4	172,0.000248315896465	(4, 0.0004108521491628403)
4	17,0.000334072897252	(4, 0.0004108521491628403)
4	40,0.000359580846226	(4, 0.0004108521491628403)
4	37,0.00038284250669	(4, 0.0004108521491628403)
4	69,0.000391822779978	(4, 0.0004108521491628403)
4	13,0.000409444803638	(4, 0.0004108521491628403)
4	4,0.000410852149163	(4, 0.0004108521491628403)
4	3,0.00041434271286	(4, 0.0004108521491628403)
4	120,0.000432736298667	(4, 0.0004108521491628403)
4	77,0.000434399911713	(4, 0.0004108521491628403)
5	73,0.000247561010729	(5, 0.0013531429107785885)
5	93,0.000478641886281	(5, 0.0013531429107785885)
5	128,0.000566519333362	(5, 0.0013531429107785885)
5	22,0.000619222565811	(5, 0.0013531429107785885)
5	78,0.00064518171458	(5, 0.0013531429107785885)
5	158,0.000653545068204	(5, 0.0013531429107785885)
5	26,0.000662199503643	(5, 0.0013531429107785885)
5	124,0.000675896842477	(5, 0.0013531429107785885)
5	157,0.000678049157159	(5, 0.0013531429107785885)
5	107,0.000692145890761	(5, 0.0013531429107785885)
6	139,0.000196092598565	(6, 0.0002856364790979959)
6	46,0.000222918731126	(6, 0.0002856364790979959)
6	6,0.000285636479098	(6, 0.0002856364790979959)
6	76,0.000303075248447	(6, 0.0002856364790979959)
6	171,0.000335849407146	(6, 0.0002856364790979959)
6	18,0.000350603917125	(6, 0.0002856364790979959)
6	158,0.00035569677125	(6, 0.0002856364790979959)
6	22,0.000355822545444	(6, 0.0002856364790979959)
6	35,0.000387992437032	(6, 0.0002856364790979959)
6	147,0.000395546024282	(6, 0.0002856364790979959)
7	66,0.00148389159617	(7, 0.002927671494716285)
7	167,0.00205608603599	(7, 0.002927671494716285)
7	80,0.00217832811643	(7, 0.002927671494716285)
7	169,0.00232757328872	(7, 0.002927671494716285)
7	32,0.00233147835554	(7, 0.002927671494716285)
7	51,0.00236233918694	(7, 0.002927671494716285)
7	149,0.00257250947756	(7, 0.002927671494716285)
7	133,0.00260172772864	(7, 0.002927671494716285)
7	160,0.002680439901	(7, 0.002927671494716285)
7	7,0.00292767149472	(7, 0.002927671494716285)
8	11,0.000333353974946	(8, 0.00062232244065748969)
8	73,0.000385148410813	(8, 0.00062232244065748969)
8	121,0.000397798770209	(8, 0.00062232244065748969)
8	3,0.000446130268622	(8, 0.00062232244065748969)
8	13,0.000484190933134	(8, 0.00062232244065748969)
8	162,0.000485559613254	(8, 0.00062232244065748969)
8	71,0.000493369461908	(8, 0.00062232244065748969)
8	1,0.000521683135357	(8, 0.00062232244065748969)
8	155,0.000537338696247	(8, 0.00062232244065748969)
8	78,0.000537771291434	(8, 0.00062232244065748969)
9	9,0.000569937360788	(9, 0.00056993736078757892)
9	155,0.000986403473456	(9, 0.00056993736078757892)
9	114,0.00104240621988	(9, 0.00056993736078757892)
9	53,0.00114141390927	(9, 0.00056993736078757892)
9	124,0.00115465131856	(9, 0.00056993736078757892)
9	91,0.00133737796137	(9, 0.00056993736078757892)
9	65,0.00141760264995	(9, 0.00056993736078757892)
9	41,0.0014417756461	(9, 0.00056993736078757892)
9	28,0.00150000014577	(9, 0.00056993736078757892)
9	20,0.00179502401014	(9, 0.00056993736078757892)
10	10,0.00071609317701	(10, 0.00071609317701003988)
10	167,0.00132793737737	(10, 0.00071609317701003988)
10	47,0.00136101507888	(10, 0.00071609317701003988)
10	84,0.00151699670096	(10, 0.00071609317701003988)
10	166,0.00158336762466	(10, 0.00071609317701003988)
10	72,0.00160415401241	(10, 0.00071609317701003988)
10	99,0.00173062010093	(10, 0.00071609317701003988)
10	67,0.00184860452932	(10, 0.00071609317701003988)
10	173,0.00187246219571	(10, 0.00071609317701003988)
10	144,0.00189746829942	(10, 0.00071609317701003988)
11	11,0.000264132676585	(11, 0.00026413267658533055)
11	81,0.000294470333407	(11, 0.00026413267658533055)
11	119,0.000368112353065	(11, 0.00026413267658533055)
11	115,0.000388110890612	(11, 0.00026413267658533055)
11	3,0.000393241364982	(11, 0.00026413267658533055)
11	37,0.000477494823451	(11, 0.00026413267658533055)
11	96,0.000493965720954	(11, 0.00026413267658533055)
11	112,0.000524447430155	(11, 0.00026413267658533055)
11	86,0.000529479133359	(11, 0.00026413267658533055)
11	121,0.000543585800737	(11, 0.00026413267658533055)
12	121,0.000221681254507	(12, 0.00028640352328107831)
12	151,0.000229216721994	(12, 0.00028640352328107831)
12	22,0.000237112381255	(12, 0.00028640352328107831)
12	126,0.000277220913664	(12, 0.00028640352328107831)
12	12,0.000286403523281	(12, 0.00028640352328107831)
12	18,0.000300413125122	(12, 0.00028640352328107831)
12	78,0.000308706050835	(12, 0.00028640352328107831)
12	76,0.000309826254212	(12, 0.00028640352328107831)
12	132,0.000316562430904	(12, 0.00028640352328107831)
12	63,0.000370848209834	(12, 0.00028640352328107831)
13	11,0.000250187699062	(13, 0.00044109330868066581)
13	3,0.000262976128684	(13, 0.00044109330868066581)
13	17,0.000284412422868	(13, 0.00044109330868066581)
13	90,0.000288100622811	(13, 0.00044109330868066581)
13	172,0.000295835036776	(13, 0.00044109330868066581)
13	37,0.000302707751438	(13, 0.00044109330868066581)
13	162,0.000307180196035	(13, 0.00044109330868066581)
13	77,0.000318443009	(13, 0.00044109330868066581)
13	136,0.000338259545008	(13, 0.00044109330868066581)
13	137,0.000352785043174	(13, 0.00044109330868066581)
14	14,0.000387740677799	(14, 0.00038774067779943439)
14	72,0.000397599258899	(14, 0.00038774067779943439)
14	159,0.000505159180654	(14, 0.00038774067779943439)
14	109,0.000594798442566	(14, 0.00038774067779943439)
14	145,0.000609456726899	(14, 0.00038774067779943439)
14	144,0.000646478383531	(14, 0.00038774067779943439)
14	12,0.000662452938497	(14, 0.00038774067779943439)
14	84,0.000666425590399	(14, 0.00038774067779943439)
14	123,0.000681650858723	(14, 0.00038774067779943439)
14	38,0.000715408090665	(14, 0.00038774067779943439)
15	17,0.00023370087861	(15, 0.00028833951404469812)
15	15,0.000288339514045	(15, 0.00028833951404469812)
15	172,0.000334677443876	(15, 0.00028833951404469812)
15	77,0.000363213028082	(15, 0.00028833951404469812)
15	174,0.000395758718305	(15, 0.00028833951404469812)
15	4,0.000423543794064	(15, 0.00028833951404469812)
15	100,0.00042973247123	(15, 0.00028833951404469812)
15	49,0.000447195366933	(15, 0.00028833951404469812)
15	120,0.000447427146965	(15, 0.00028833951404469812)
15	161,0.000454720218768	(15, 0.00028833951404469812)
16	16,0.000555363984828	(16, 0.00055536398482768741)
16	170,0.000622864332874	(16, 0.00055536398482768741)
16	0,0.000662429848675	(16, 0.00055536398482768741)
16	109,0.000743366739443	(16, 0.00055536398482768741)
16	144,0.000779233075828	(16, 0.00055536398482768741)
16	134,0.000827121856587	(16, 0.00055536398482768741)
16	140,0.00083431289429	(16, 0.00055536398482768741)
16	114,0.000835118980989	(16, 0.00055536398482768741)
16	19,0.000853783487744	(16, 0.00055536398482768741)
16	101,0.000868297275709	(16, 0.00055536398482768741)
17	17,0.000135556242796	(17, 0.00013555624279555525)
17	172,0.000257881199168	(17, 0.00013555624279555525)
17	143,0.000310606173447	(17, 0.00013555624279555525)
17	77,0.000338665200504	(17, 0.00013555624279555525)
17	100,0.000340349652538	(17, 0.00013555624279555525)
17	49,0.000357286684759	(17, 0.00013555624279555525)
17	37,0.000382121394673	(17, 0.00013555624279555525)
17	136,0.000392518754195	(17, 0.00013555624279555525)
17	90,0.000463410990067	(17, 0.00013555624279555525)
17	3,0.000473873914814	(17, 0.00013555624279555525)
18	18,0.000172296852141	(18, 0.00017229685214117317)
18	121,0.000191350656681	(18, 0.00017229685214117317)
18	22,0.00024304947466	(18, 0.00017229685214117317)
18	151,0.000268443286716	(18, 0.00017229685214117317)
18	76,0.000295087156258	(18, 0.00017229685214117317)
18	61,0.000299091037649	(18, 0.00017229685214117317)
18	88,0.000307820841793	(18, 0.00017229685214117317)
18	139,0.000311727153464	(18, 0.00017229685214117317)
18	132,0.00031998965475	(18, 0.00017229685214117317)
18	35,0.0003270556962	(18, 0.00017229685214117317)
19	27,0.000670486276437	(19, 0.00073254747494536586)
19	43,0.000709445423892	(19, 0.00073254747494536586)
19	19,0.000732547474945	(19, 0.00073254747494536586)
19	32,0.000741191277643	(19, 0.00073254747494536586)
19	99,0.000934238105111	(19, 0.00073254747494536586)
19	164,0.000937367551737	(19, 0.00073254747494536586)
19	107,0.00109924831751	(19, 0.00073254747494536586)
19	101,0.00112569512567	(19, 0.00073254747494536586)
19	39,0.00113022393558	(19, 0.00073254747494536586)
19	84,0.00116024745385	(19, 0.00073254747494536586)
20	73,0.000475175444915	(20, 0.00063063986060812437)
20	124,0.000528221859298	(20, 0.00063063986060812437)
20	1,0.000609992326347	(20, 0.00063063986060812437)
20	101,0.000614816627198	(20, 0.00063063986060812437)
20	93,0.000620286201655	(20, 0.00063063986060812437)
20	20,0.000630639860608	(20, 0.00063063986060812437)
20	128,0.000651676681332	(20, 0.00063063986060812437)
20	89,0.00067624239156	(20, 0.00063063986060812437)
20	78,0.000678981381908	(20, 0.00063063986060812437)
20	41,0.00068857322011	(20, 0.00063063986060812437)
21	121,0.00026287679715	(21, 0.00040100127234997683)
21	71,0.000266472224936	(21, 0.00040100127234997683)
21	11,0.000291843376394	(21, 0.00040100127234997683)
21	162,0.00030303838381	(21, 0.00040100127234997683)
21	23,0.000313473308497	(21, 0.00040100127234997683)
21	117,0.000316595057708	(21, 0.00040100127234997683)
21	76,0.000388078510219	(21, 0.00040100127234997683)
21	63,0.000398009144973	(21, 0.00040100127234997683)
21	22,0.000399018653441	(21, 0.00040100127234997683)
21	21,0.00040100127235	(21, 0.00040100127234997683)
22	117,0.000224057218527	(22, 0.00029736164299134799)
22	139,0.000241138709712	(22, 0.00029736164299134799)
22	46,0.000245624846339	(22, 0.00029736164299134799)
22	18,0.000254713779309	(22, 0.00029736164299134799)
22	76,0.000278057082819	(22, 0.00029736164299134799)
22	150,0.000289013217945	(22, 0.00029736164299134799)
22	22,0.000297361642991	(22, 0.00029736164299134799)
22	132,0.000304295133428	(22, 0.00029736164299134799)
22	63,0.000309446651577	(22, 0.00029736164299134799)
22	3,0.000309766107727	(22, 0.00029736164299134799)
23	23,0.000190271706904	(23, 0.00019027170690446955)
23	61,0.000251588596527	(23, 0.00019027170690446955)
23	63,0.000395296290962	(23, 0.00019027170690446955)
23	121,0.000405589730821	(23, 0.00019027170690446955)
23	162,0.000409763478454	(23, 0.00019027170690446955)
23	147,0.000421454854233	(23, 0.00019027170690446955)
23	76,0.000442414271006	(23, 0.00019027170690446955)
23	26,0.000451442067012	(23, 0.00019027170690446955)
23	71,0.000482947892766	(23, 0.00019027170690446955)
23	22,0.000496808794288	(23, 0.00019027170690446955)
24	24,0.000250934329088	(24, 0.00025093432908827168)
24	107,0.000474418528674	(24, 0.00025093432908827168)
24	61,0.000526955280498	(24, 0.00025093432908827168)
24	50,0.000537907502803	(24, 0.00025093432908827168)
24	27,0.000555082918343	(24, 0.00025093432908827168)
24	158,0.000578737935219	(24, 0.00025093432908827168)
24	22,0.000632000992459	(24, 0.00025093432908827168)
24	12,0.000640596115855	(24, 0.00025093432908827168)
24	78,0.000655415126118	(24, 0.00025093432908827168)
24	23,0.000664953532185	(24, 0.00025093432908827168)
25	69,0.000262130199961	(25, 0.00033953001325927199)
25	25,0.000339530013259	(25, 0.00033953001325927199)
25	15,0.00034299353296	(25, 0.00033953001325927199)
25	148,0.000370420971275	(25, 0.00033953001325927199)
25	40,0.000372915649053	(25, 0.00033953001325927199)
25	4,0.000399661324718	(25, 0.00033953001325927199)
25	79,0.000534044763262	(25, 0.00033953001325927199)
25	17,0.000557747587849	(25, 0.00033953001325927199)
25	34,0.000562050672475	(25, 0.00033953001325927199)
25	172,0.00058829690697	(25, 0.00033953001325927199)
26	63,0.000186253508785	(26, 0.00054650186128992037)
26	121,0.000231000122296	(26, 0.00054650186128992037)
26	147,0.000236231043244	(26, 0.00054650186128992037)
26	3,0.000237610223847	(26, 0.00054650186128992037)
26	18,0.000247094197406	(26, 0.00054650186128992037)
26	76,0.000250080677322	(26, 0.00054650186128992037)
26	11,0.000253842688727	(26, 0.00054650186128992037)
26	162,0.00026392939	(26, 0.00054650186128992037)
26	117,0.000279540024339	(26, 0.00054650186128992037)
26	132,0.000308543682515	(26, 0.00054650186128992037)
27	78,0.000506982738492	(27, 0.00052499041955218718)
27	27,0.000524990419552	(27, 0.00052499041955218718)
27	61,0.000546116516284	(27, 0.00052499041955218718)
27	26,0.000550973459896	(27, 0.00052499041955218718)
27	101,0.000554791850055	(27, 0.00052499041955218718)
27	73,0.000565277315209	(27, 0.00052499041955218718)
27	170,0.00059455688513	(27, 0.00052499041955218718)
27	114,0.000601646944974	(27, 0.00052499041955218718)
27	128,0.000632757921363	(27, 0.00052499041955218718)
27	121,0.000637150306283	(27, 0.00052499041955218718)
28	1,0.000429285482115	(28, 0.00052501071900032468)
28	73,0.000446899506568	(28, 0.00052501071900032468)
28	13,0.000465222895807	(28, 0.00052501071900032468)
28	157,0.000522636152856	(28, 0.00052501071900032468)
28	28,0.000525010719	(28, 0.00052501071900032468)
28	114,0.00052605681041	(28, 0.00052501071900032468)
28	101,0.000574335920423	(28, 0.00052501071900032468)
28	124,0.000575175529471	(28, 0.00052501071900032468)
28	3,0.000577255341531	(28, 0.00052501071900032468)
28	93,0.000584319449347	(28, 0.00052501071900032468)
29	29,0.000280687203029	(29, 0.00028068720302882206)
29	135,0.000362022526019	(29, 0.00028068720302882206)
29	71,0.000387351852589	(29, 0.00028068720302882206)
29	77,0.00040926268344	(29, 0.00028068720302882206)
29	73,0.000434797922644	(29, 0.00028068720302882206)
29	76,0.000463229985031	(29, 0.00028068720302882206)
29	22,0.000476846333596	(29, 0.00028068720302882206)
29	137,0.000487478519873	(29, 0.00028068720302882206)
29	12,0.00049169037748	(29, 0.00028068720302882206)
29	171,0.000513754748677	(29, 0.00028068720302882206)
30	30,0.000637656813835	(30, 0.00063765681383518762)
30	28,0.000718821868845	(30, 0.00063765681383518762)
30	103,0.000757544020501	(30, 0.00063765681383518762)
30	53,0.000823393208951	(30, 0.00063765681383518762)
30	91,0.00085168246036	(30, 0.00063765681383518762)
30	1,0.000876779196073	(30, 0.00063765681383518762)
30	51,0.0008854099835	(30, 0.00063765681383518762)
30	73,0.000919780558338	(30, 0.00063765681383518762)
30	114,0.00100368375615	(30, 0.00063765681383518762)
30	153,0.00103725949466	(30, 0.00063765681383518762)
31	166,0.000462274266165	(31, 0.00093272392784007256)
31	72,0.000723465205727	(31, 0.00093272392784007256)
31	116,0.000761472649782	(31, 0.00093272392784007256)
31	144,0.000832579355702	(31, 0.00093272392784007256)
31	31,0.00093272392784	(31, 0.00093272392784007256)
31	131,0.000979215213744	(31, 0.00093272392784007256)
31	104,0.00104566292804	(31, 0.00093272392784007256)
31	124,0.00106571733182	(31, 0.00093272392784007256)
31	84,0.00111484479187	(31, 0.00093272392784007256)
31	67,0.00111814361643	(31, 0.00093272392784007256)
32	156,0.000520089377614	(32, 0.00079415402915577571)
32	73,0.000605073991587	(32, 0.00079415402915577571)
32	50,0.000685014765838	(32, 0.00079415402915577571)
32	27,0.00070868219241	(32, 0.00079415402915577571)
32	107,0.000720997990896	(32, 0.00079415402915577571)
32	32,0.000794154029156	(32, 0.00079415402915577571)
32	164,0.000825495285359	(32, 0.00079415402915577571)
32	131,0.000863248142605	(32, 0.00079415402915577571)
32	144,0.000879865116892	(32, 0.00079415402915577571)
32	109,0.000891311995409	(32, 0.00079415402915577571)
33	69,0.00060588811655	(33, 0.00060789072583252151)
33	73,0.000607453247862	(33, 0.00060789072583252151)
33	33,0.000607890725833	(33, 0.00060789072583252151)
33	4,0.000628529928851	(33, 0.00060789072583252151)
33	116,0.000704708104569	(33, 0.00060789072583252151)
33	28,0.000714091177634	(33, 0.00060789072583252151)
33	40,0.000723894554169	(33, 0.00060789072583252151)
33	93,0.000724025302469	(33, 0.00060789072583252151)
33	156,0.000824757369365	(33, 0.00060789072583252151)
33	124,0.000843775771425	(33, 0.00060789072583252151)
34	17,0.000285956173806	(34, 0.00072143361874575207)
34	15,0.000354630159251	(34, 0.00072143361874575207)
34	120,0.000381944390601	(34, 0.00072143361874575207)
34	172,0.000392865591448	(34, 0.00072143361874575207)
34	161,0.000437443957085	(34, 0.00072143361874575207)
34	69,0.000454249298963	(34, 0.00072143361874575207)
34	100,0.000457351719906	(34, 0.00072143361874575207)
34	3,0.000461326571345	(34, 0.00072143361874575207)
34	40,0.000482067449657	(34, 0.00072143361874575207)
34	37,0.000492707665157	(34, 0.00072143361874575207)
35	35,0.000293165093058	(35, 0.00029316509305822244)
35	12,0.00038308648598	(35, 0.00029316509305822244)
35	18,0.000395012123042	(35, 0.00029316509305822244)
35	38,0.000399196329319	(35, 0.00029316509305822244)
35	107,0.000415178506346	(35, 0.00029316509305822244)
35	50,0.000434686555345	(35, 0.00029316509305822244)
35	158,0.000443309375959	(35, 0.00029316509305822244)
35	128,0.000450989425313	(35, 0.00029316509305822244)
35	22,0.000462098872687	(35, 0.00029316509305822244)
35	88,0.000464294850518	(35, 0.00029316509305822244)
36	147,0.000145611739116	(36, 0.0001830013170080618)
36	76,0.000153902971681	(36, 0.0001830013170080618)
36	46,0.000158829208999	(36, 0.0001830013170080618)
36	36,0.000183001317008	(36, 0.0001830013170080618)
36	18,0.000212592388675	(36, 0.0001830013170080618)
36	171,0.000215777160198	(36, 0.0001830013170080618)
36	63,0.000232236289224	(36, 0.0001830013170080618)
36	137,0.00028770532814	(36, 0.0001830013170080618)
36	22,0.000327682643028	(36, 0.0001830013170080618)
36	150,0.000344586378376	(36, 0.0001830013170080618)
37	37,0.00024703793847	(37, 0.00024703793846969966)
37	3,0.000269465756172	(37, 0.00024703793846969966)
37	11,0.000269956432675	(37, 0.00024703793846969966)
37	100,0.000335195384707	(37, 0.00024703793846969966)
37	77,0.000355010132155	(37, 0.00024703793846969966)
37	21,0.000394943613474	(37, 0.00024703793846969966)
37	143,0.000411437409155	(37, 0.00024703793846969966)
37	17,0.000425253956079	(37, 0.00024703793846969966)
37	90,0.000430141487542	(37, 0.00024703793846969966)
37	136,0.000451427600304	(37, 0.00024703793846969966)
38	38,0.000234450439196	(38, 0.00023445043919581896)
38	55,0.000384429270201	(38, 0.00023445043919581896)
38	12,0.000395513733731	(38, 0.00023445043919581896)
38	14,0.000484584360974	(38, 0.00023445043919581896)
38	43,0.000574699130048	(38, 0.00023445043919581896)
38	50,0.000606364042916	(38, 0.00023445043919581896)
38	159,0.000621217152008	(38, 0.00023445043919581896)
38	0,0.000640306034715	(38, 0.00023445043919581896)
38	152,0.000695895931716	(38, 0.00023445043919581896)
38	128,0.000708177849545	(38, 0.00023445043919581896)
39	84,0.000652956251611	(39, 0.00074613100474033955)
39	39,0.00074613100474	(39, 0.00074613100474033955)
39	156,0.000769177470443	(39, 0.00074613100474033955)
39	144,0.000830632889825	(39, 0.00074613100474033955)
39	109,0.000891345887809	(39, 0.00074613100474033955)
39	169,0.000900868594703	(39, 0.00074613100474033955)
39	93,0.000904373537608	(39, 0.00074613100474033955)
39	67,0.000935921292831	(39, 0.00074613100474033955)
39	73,0.000979286370631	(39, 0.00074613100474033955)
39	99,0.00102111368912	(39, 0.00074613100474033955)
40	40,0.000225531710864	(40, 0.00022553171086412365)
40	172,0.000319101142255	(40, 0.00022553171086412365)
40	69,0.000333435642926	(40, 0.00022553171086412365)
40	4,0.000342837703815	(40, 0.00022553171086412365)
40	79,0.000348006921135	(40, 0.00022553171086412365)
40	15,0.000371379803633	(40, 0.00022553171086412365)
40	17,0.000382994683898	(40, 0.00022553171086412365)
40	77,0.000419628241962	(40, 0.00022553171086412365)
40	25,0.000434712598206	(40, 0.00022553171086412365)
40	100,0.000445404092707	(40, 0.00022553171086412365)
41	41,0.000322711444451	(41, 0.0003227114444510112)
41	155,0.000644730977563	(41, 0.0003227114444510112)
41	1,0.000664779067754	(41, 0.0003227114444510112)
41	20,0.00066767649205	(41, 0.0003227114444510112)
41	103,0.000840080406804	(41, 0.0003227114444510112)
41	114,0.000866826704225	(41, 0.0003227114444510112)
41	101,0.00088621983942	(41, 0.0003227114444510112)
41	102,0.000924742016945	(41, 0.0003227114444510112)
41	26,0.000927333417361	(41, 0.0003227114444510112)
41	68,0.000959891856647	(41, 0.0003227114444510112)
42	69,0.000667327492452	(42, 0.0017546848671923763)
42	28,0.000796276739277	(42, 0.0017546848671923763)
42	34,0.000852082516054	(42, 0.0017546848671923763)
42	163,0.000863416971115	(42, 0.0017546848671923763)
42	140,0.000932242378529	(42, 0.0017546848671923763)
42	53,0.000933789611823	(42, 0.0017546848671923763)
42	4,0.00109936463006	(42, 0.0017546848671923763)
42	33,0.00110601639109	(42, 0.0017546848671923763)
42	30,0.00112371065272	(42, 0.0017546848671923763)
42	40,0.00116218890829	(42, 0.0017546848671923763)
43	61,0.000312082689029	(43, 0.00051007444881006497)
43	22,0.000327799070807	(43, 0.00051007444881006497)
43	12,0.000329065959697	(43, 0.00051007444881006497)
43	55,0.000337880277988	(43, 0.00051007444881006497)
43	128,0.00034607797956	(43, 0.00051007444881006497)
43	78,0.000363469565807	(43, 0.00051007444881006497)
43	121,0.00036765619145	(43, 0.00051007444881006497)
43	107,0.000376337020546	(43, 0.00051007444881006497)
43	158,0.000381421708916	(43, 0.00051007444881006497)
43	50,0.00039304846795	(43, 0.00051007444881006497)
44	116,0.000369265559964	(44, 0.001549058880132892)
44	73,0.000443195657332	(44, 0.001549058880132892)
44	124,0.000465695894733	(44, 0.001549058880132892)
44	109,0.000467309213514	(44, 0.001549058880132892)
44	93,0.000510835841585	(44, 0.001549058880132892)
44	144,0.00056008688785	(44, 0.001549058880132892)
44	123,0.000669077799637	(44, 0.001549058880132892)
44	84,0.000686015006208	(44, 0.001549058880132892)
44	159,0.000693059902872	(44, 0.001549058880132892)
44	12,0.000712110345109	(44, 0.001549058880132892)
45	45,0.000752213450146	(45, 0.00075221345014551283)
45	130,0.000876767633056	(45, 0.00075221345014551283)
45	94,0.00111648816724	(45, 0.00075221345014551283)
45	98,0.001148881285	(45, 0.00075221345014551283)
45	15,0.0011809892007	(45, 0.00075221345014551283)
45	83,0.00118738334659	(45, 0.00075221345014551283)
45	53,0.00119659833438	(45, 0.00075221345014551283)
45	91,0.00119896786399	(45, 0.00075221345014551283)
45	129,0.00122485155426	(45, 0.00075221345014551283)
45	133,0.00126588102517	(45, 0.00075221345014551283)
46	46,0.000126687239403	(46, 0.00012668723940333554)
46	171,0.000180735174012	(46, 0.00012668723940333554)
46	36,0.000186715449229	(46, 0.00012668723940333554)
46	137,0.000197791570716	(46, 0.00012668723940333554)
46	76,0.000239628967614	(46, 0.00012668723940333554)
46	147,0.000263703196314	(46, 0.00012668723940333554)
46	63,0.000300942505304	(46, 0.00012668723940333554)
46	18,0.000309127053494	(46, 0.00012668723940333554)
46	6,0.000311167063617	(46, 0.00012668723940333554)
46	139,0.000334717012124	(46, 0.00012668723940333554)
47	27,0.00084918017096	(47, 0.0011356527699182069)
47	99,0.000921071883621	(47, 0.0011356527699182069)
47	10,0.00102192710578	(47, 0.0011356527699182069)
47	43,0.0010276735077	(47, 0.0011356527699182069)
47	19,0.00108090949732	(47, 0.0011356527699182069)
47	167,0.00110028049837	(47, 0.0011356527699182069)
47	47,0.00113565276992	(47, 0.0011356527699182069)
47	84,0.00118024992502	(47, 0.0011356527699182069)
47	173,0.0012792997373	(47, 0.0011356527699182069)
47	0,0.00130738293042	(47, 0.0011356527699182069)
48	120,0.000448362568959	(48, 0.00045327157394787386)
48	48,0.000453271573948	(48, 0.00045327157394787386)
48	56,0.00045505625478	(48, 0.00045327157394787386)
48	69,0.000455612614512	(48, 0.00045327157394787386)
48	97,0.000544958304496	(48, 0.00045327157394787386)
48	154,0.000592618308019	(48, 0.00045327157394787386)
48	174,0.000601114019317	(48, 0.00045327157394787386)
48	40,0.000602464927212	(48, 0.00045327157394787386)
48	4,0.000657036367957	(48, 0.00045327157394787386)
48	15,0.000667451680013	(48, 0.00045327157394787386)
49	49,0.000311986970911	(49, 0.00031198697091059627)
49	59,0.000374940172979	(49, 0.00031198697091059627)
49	15,0.000405583205161	(49, 0.00031198697091059627)
49	100,0.000467508299993	(49, 0.00031198697091059627)
49	77,0.000472499748024	(49, 0.00031198697091059627)
49	17,0.00050338888884	(49, 0.00031198697091059627)
49	172,0.00055183611305	(49, 0.00031198697091059627)
49	98,0.000560399418127	(49, 0.00031198697091059627)
49	174,0.000579213081489	(49, 0.00031198697091059627)
49	37,0.000620571258229	(49, 0.00031198697091059627)
50	50,0.000193227742747	(50, 0.00019322774274661551)
50	12,0.000417742512141	(50, 0.00019322774274661551)
50	107,0.00049392590407	(50, 0.00019322774274661551)
50	128,0.000514894300482	(50, 0.00019322774274661551)
50	22,0.000550949515993	(50, 0.00019322774274661551)
50	159,0.000572325288819	(50, 0.00019322774274661551)
50	35,0.000580659895357	(50, 0.00019322774274661551)
50	158,0.000595857714555	(50, 0.00019322774274661551)
50	139,0.000600128461309	(50, 0.00019322774274661551)
50	38,0.000602372495924	(50, 0.00019322774274661551)
51	124,0.000417363573125	(51, 0.0014905133606056668)
51	73,0.000503933521483	(51, 0.0014905133606056668)
51	28,0.000508467530641	(51, 0.0014905133606056668)
51	93,0.000511164183161	(51, 0.0014905133606056668)
51	157,0.000560660300361	(51, 0.0014905133606056668)
51	155,0.000585706554167	(51, 0.0014905133606056668)
51	53,0.000652555616873	(51, 0.0014905133606056668)
51	116,0.000656414386197	(51, 0.0014905133606056668)
51	13,0.000682547455814	(51, 0.0014905133606056668)
51	1,0.00070845363467	(51, 0.0014905133606056668)
52	53,0.000509879798252	(52, 0.0015940937335495948)
52	44,0.000694056308593	(52, 0.0015940937335495948)
52	124,0.000713155509957	(52, 0.0015940937335495948)
52	155,0.000743792989755	(52, 0.0015940937335495948)
52	13,0.000802962946829	(52, 0.0015940937335495948)
52	163,0.000817865588526	(52, 0.0015940937335495948)
52	4,0.000840374811772	(52, 0.0015940937335495948)
52	65,0.000876443385543	(52, 0.0015940937335495948)
52	120,0.000881025728008	(52, 0.0015940937335495948)
52	114,0.000890913787842	(52, 0.0015940937335495948)
53	65,0.000281927136969	(53, 0.00032509733960695497)
53	53,0.000325097339607	(53, 0.00032509733960695497)
53	155,0.000430997068145	(53, 0.00032509733960695497)
53	44,0.000484347612718	(53, 0.00032509733960695497)
53	120,0.000546575004534	(53, 0.00032509733960695497)
53	114,0.00055007075807	(53, 0.00032509733960695497)
53	161,0.00056536550771	(53, 0.00032509733960695497)
53	163,0.000599172108287	(53, 0.00032509733960695497)
53	124,0.000633226742467	(53, 0.00032509733960695497)
53	13,0.000664212344215	(53, 0.00032509733960695497)
54	11,0.000323250579583	(54, 0.00056608359546383383)
54	136,0.000350211946	(54, 0.00056608359546383383)
54	162,0.000366224833299	(54, 0.00056608359546383383)
54	71,0.000380605758306	(54, 0.00056608359546383383)
54	90,0.000444644752744	(54, 0.00056608359546383383)
54	63,0.000445871211932	(54, 0.00056608359546383383)
54	147,0.000451060620338	(54, 0.00056608359546383383)
54	37,0.000476509099552	(54, 0.00056608359546383383)
54	3,0.000478375858499	(54, 0.00056608359546383383)
54	137,0.000485677851363	(54, 0.00056608359546383383)
55	12,0.000253490548355	(55, 0.00043445628633014747)
55	121,0.000336230117877	(55, 0.00043445628633014747)
55	159,0.000361116908582	(55, 0.00043445628633014747)
55	152,0.000388514873271	(55, 0.00043445628633014747)
55	86,0.000401389087987	(55, 0.00043445628633014747)
55	18,0.000416859962907	(55, 0.00043445628633014747)
55	38,0.000420005130826	(55, 0.00043445628633014747)
55	55,0.00043445628633	(55, 0.00043445628633014747)
55	146,0.000453758296447	(55, 0.00043445628633014747)
55	134,0.000457422295468	(55, 0.00043445628633014747)
56	56,0.000287618052407	(56, 0.00028761805240729179)
56	120,0.000382470041449	(56, 0.00028761805240729179)
56	15,0.000388848034893	(56, 0.00028761805240729179)
56	174,0.000585727137828	(56, 0.00028761805240729179)
56	113,0.000596602540328	(56, 0.00028761805240729179)
56	69,0.000598048192802	(56, 0.00028761805240729179)
56	97,0.000649156151303	(56, 0.00028761805240729179)
56	44,0.000696226042018	(56, 0.00028761805240729179)
56	17,0.000709222178595	(56, 0.00028761805240729179)
56	2,0.000719959868939	(56, 0.00028761805240729179)
57	15,0.000732993924146	(57, 0.00082223521570307676)
57	57,0.000822235215703	(57, 0.00082223521570307676)
57	56,0.000827259305048	(57, 0.00082223521570307676)
57	174,0.000916239288826	(57, 0.00082223521570307676)
57	122,0.000927420058496	(57, 0.00082223521570307676)
57	113,0.001064060429	(57, 0.00082223521570307676)
57	120,0.00111262917545	(57, 0.00082223521570307676)
57	2,0.00126384966857	(57, 0.00082223521570307676)
57	154,0.0013217084536	(57, 0.00082223521570307676)
57	17,0.00136554929983	(57, 0.00082223521570307676)
58	24,0.000369272073824	(58, 0.0017298724693565175)
58	107,0.000396295729885	(58, 0.0017298724693565175)
58	27,0.000429727852031	(58, 0.0017298724693565175)
58	50,0.000478733404228	(58, 0.0017298724693565175)
58	43,0.000593943462727	(58, 0.0017298724693565175)
58	61,0.000660836833448	(58, 0.0017298724693565175)
58	158,0.000681376967897	(58, 0.0017298724693565175)
58	38,0.000705191948378	(58, 0.0017298724693565175)
58	12,0.000717705612332	(58, 0.0017298724693565175)
58	128,0.000718395902326	(58, 0.0017298724693565175)
59	15,0.0008406331579	(59, 0.00098305512241263497)
59	65,0.000918036067663	(59, 0.00098305512241263497)
59	83,0.000932497529041	(59, 0.00098305512241263497)
59	113,0.000938084448202	(59, 0.00098305512241263497)
59	59,0.000983055122413	(59, 0.00098305512241263497)
59	130,0.00103583342573	(59, 0.00098305512241263497)
59	94,0.00107517743837	(59, 0.00098305512241263497)
59	161,0.00114588185694	(59, 0.00098305512241263497)
59	44,0.00119671785531	(59, 0.00098305512241263497)
59	34,0.00120774848622	(59, 0.00098305512241263497)
60	40,0.000365151028858	(60, 0.00045149966998947228)
60	69,0.000369262313283	(60, 0.00045149966998947228)
60	79,0.00039818378501	(60, 0.00045149966998947228)
60	15,0.000425545803494	(60, 0.00045149966998947228)
60	60,0.000451499669989	(60, 0.00045149966998947228)
60	4,0.000455513718141	(60, 0.00045149966998947228)
60	34,0.000470384806652	(60, 0.00045149966998947228)
60	25,0.000498037379137	(60, 0.00045149966998947228)
60	172,0.000508590779282	(60, 0.00045149966998947228)
60	100,0.000541309766165	(60, 0.00045149966998947228)
61	71,0.00030162886671	(61, 0.00030809848731205109)
61	61,0.000308098487312	(61, 0.00030809848731205109)
61	23,0.000312282169736	(61, 0.00030809848731205109)
61	162,0.000321732946666	(61, 0.00030809848731205109)
61	121,0.000341030968283	(61, 0.00030809848731205109)
61	63,0.000368046988393	(61, 0.00030809848731205109)
61	77,0.000369682333963	(61, 0.00030809848731205109)
61	76,0.000377247939997	(61, 0.00030809848731205109)
61	3,0.000385993500783	(61, 0.00030809848731205109)
61	147,0.000391535689984	(61, 0.00030809848731205109)
62	78,0.0003235851185	(62, 0.00055165839854525768)
62	26,0.000350743266523	(62, 0.00055165839854525768)
62	107,0.000450879013111	(62, 0.00055165839854525768)
62	158,0.000462080904029	(62, 0.00055165839854525768)
62	61,0.000471500787523	(62, 0.00055165839854525768)
62	22,0.00050775352142	(62, 0.00055165839854525768)
62	73,0.000509628900388	(62, 0.00055165839854525768)
62	128,0.000526255722165	(62, 0.00055165839854525768)
62	121,0.000550617309283	(62, 0.00055165839854525768)
62	62,0.000551658398545	(62, 0.00055165839854525768)
63	3,0.000153759781034	(63, 0.00030484782444534637)
63	11,0.000235703991007	(63, 0.00030484782444534637)
63	162,0.00027386621313	(63, 0.00030484782444534637)
63	77,0.000280199935485	(63, 0.00030484782444534637)
63	63,0.000304847824445	(63, 0.00030484782444534637)
63	71,0.000307943889921	(63, 0.00030484782444534637)
63	81,0.000318493923541	(63, 0.00030484782444534637)
63	37,0.000318973611698	(63, 0.00030484782444534637)
63	136,0.000327585691734	(63, 0.00030484782444534637)
63	90,0.000347416112726	(63, 0.00030484782444534637)
64	64,0.00111878528155	(64, 0.0011187852815548269)
64	45,0.00180978871867	(64, 0.0011187852815548269)
64	118,0.00184627561751	(64, 0.0011187852815548269)
64	130,0.00187897954056	(64, 0.0011187852815548269)
64	133,0.00205260012347	(64, 0.0011187852815548269)
64	33,0.00240649742797	(64, 0.0011187852815548269)
64	34,0.0024840945847	(64, 0.0011187852815548269)
64	113,0.0026027446514	(64, 0.0011187852815548269)
64	94,0.00280665780981	(64, 0.0011187852815548269)
64	141,0.00292152083116	(64, 0.0011187852815548269)
65	65,0.000255613336917	(65, 0.00025561333691699926)
65	161,0.000334323957678	(65, 0.00025561333691699926)
65	68,0.000473395095238	(65, 0.00025561333691699926)
65	83,0.000491564633844	(65, 0.00025561333691699926)
65	59,0.00052689901851	(65, 0.00025561333691699926)
65	100,0.000560198806905	(65, 0.00025561333691699926)
65	17,0.000563262718686	(65, 0.00025561333691699926)
65	71,0.000564306171731	(65, 0.00025561333691699926)
65	120,0.000569729533124	(65, 0.00025561333691699926)
65	155,0.000569899839873	(65, 0.00025561333691699926)
66	66,0.00125841612908	(66, 0.001258416129082171)
66	130,0.00183914838534	(66, 0.001258416129082171)
66	133,0.00206905270762	(66, 0.001258416129082171)
66	118,0.00256198766384	(66, 0.001258416129082171)
66	91,0.00261545528509	(66, 0.001258416129082171)
66	140,0.00262637060959	(66, 0.001258416129082171)
66	33,0.00277811340302	(66, 0.001258416129082171)
66	141,0.00289346056918	(66, 0.001258416129082171)
66	113,0.00295019556933	(66, 0.001258416129082171)
66	34,0.0030274562008	(66, 0.001258416129082171)
67	84,0.000770561259849	(67, 0.00082562810258787994)
67	93,0.000784962492976	(67, 0.00082562810258787994)
67	169,0.000824817630191	(67, 0.00082562810258787994)
67	67,0.000825628102588	(67, 0.00082562810258787994)
67	28,0.000868421630402	(67, 0.00082562810258787994)
67	30,0.000881965033458	(67, 0.00082562810258787994)
67	140,0.000951479799868	(67, 0.00082562810258787994)
67	109,0.000999291618645	(67, 0.00082562810258787994)
67	101,0.000999958864503	(67, 0.00082562810258787994)
67	124,0.00104771837066	(67, 0.00082562810258787994)
68	68,0.000409032735117	(68, 0.00040903273511698094)
68	63,0.000410487985887	(68, 0.00040903273511698094)
68	147,0.000423564074183	(68, 0.00040903273511698094)
68	23,0.00045870984015	(68, 0.00040903273511698094)
68	70,0.000465094773706	(68, 0.00040903273511698094)
68	61,0.0004716477835	(68, 0.00040903273511698094)
68	162,0.000478873877425	(68, 0.00040903273511698094)
68	135,0.000483920870616	(68, 0.00040903273511698094)
68	71,0.000498747007	(68, 0.00040903273511698094)
68	77,0.000500520913719	(68, 0.00040903273511698094)
69	69,0.000941959237613	(69, 0.0009419592376132557)
69	15,0.00102130408335	(69, 0.0009419592376132557)
69	33,0.00111488758835	(69, 0.0009419592376132557)
69	174,0.00112722517012	(69, 0.0009419592376132557)
69	122,0.00113519378745	(69, 0.0009419592376132557)
69	56,0.00113977562941	(69, 0.0009419592376132557)
69	48,0.00116768527159	(69, 0.0009419592376132557)
69	154,0.00122087961185	(69, 0.0009419592376132557)
69	4,0.00134409102668	(69, 0.0009419592376132557)
69	25,0.00136953544903	(69, 0.0009419592376132557)
70	121,0.000245344937347	(70, 0.00041242087462474864)
70	3,0.000326970155154	(70, 0.00041242087462474864)
70	22,0.000353916265919	(70, 0.00041242087462474864)
70	139,0.000366277022672	(70, 0.00041242087462474864)
70	132,0.000367327991361	(70, 0.00041242087462474864)
70	88,0.00038082087888	(70, 0.00041242087462474864)
70	63,0.000393732996587	(70, 0.00041242087462474864)
70	70,0.000412420874625	(70, 0.00041242087462474864)
70	18,0.000418272769693	(70, 0.00041242087462474864)
70	117,0.000418780750049	(70, 0.00041242087462474864)
71	133,0.000685362337808	(71, 0.0019818432378587696)
71	91,0.000750200582623	(71, 0.0019818432378587696)
71	101,0.000968224291272	(71, 0.0019818432378587696)
71	41,0.00101633093806	(71, 0.0019818432378587696)
71	32,0.00112280326925	(71, 0.0019818432378587696)
71	102,0.00117676935907	(71, 0.0019818432378587696)
71	51,0.00124263887308	(71, 0.0019818432378587696)
71	103,0.00125143779087	(71, 0.0019818432378587696)
71	95,0.00128750514402	(71, 0.0019818432378587696)
71	27,0.0013165608716	(71, 0.0019818432378587696)
72	17,0.000360965425705	(72, 0.0028990179868579923)
72	143,0.000425292751121	(72, 0.0028990179868579923)
72	172,0.000446967016128	(72, 0.0028990179868579923)
72	148,0.0004822726501	(72, 0.0028990179868579923)
72	174,0.000519526201645	(72, 0.0028990179868579923)
72	100,0.000575049871337	(72, 0.0028990179868579923)
72	49,0.000602316839562	(72, 0.0028990179868579923)
72	77,0.000619586226288	(72, 0.0028990179868579923)
72	40,0.000625367142536	(72, 0.0028990179868579923)
72	37,0.000644865748718	(72, 0.0028990179868579923)
73	73,0.000324447823073	(73, 0.00032444782307273595)
73	13,0.000473447538432	(73, 0.00032444782307273595)
73	157,0.000508522993191	(73, 0.00032444782307273595)
73	124,0.000550512591433	(73, 0.00032444782307273595)
73	27,0.000668218367144	(73, 0.00032444782307273595)
73	41,0.000683728719474	(73, 0.00032444782307273595)
73	114,0.000691015742369	(73, 0.00032444782307273595)
73	155,0.000705209472439	(73, 0.00032444782307273595)
73	53,0.000748669874288	(73, 0.00032444782307273595)
73	156,0.000777695665162	(73, 0.00032444782307273595)
74	17,0.000170656748189	(74, 0.00024707560185805566)
74	100,0.000225862832492	(74, 0.00024707560185805566)
74	136,0.000232655782245	(74, 0.00024707560185805566)
74	74,0.000247075601858	(74, 0.00024707560185805566)
74	77,0.00026779889367	(74, 0.00024707560185805566)
74	37,0.000288141263486	(74, 0.00024707560185805566)
74	90,0.00031992428636	(74, 0.00024707560185805566)
74	127,0.000342719946381	(74, 0.00024707560185805566)
74	49,0.000366598088233	(74, 0.00024707560185805566)
74	172,0.000398714827693	(74, 0.00024707560185805566)
75	167,0.00145641764525	(75, 0.001621764097894879)
75	75,0.00162176409789	(75, 0.001621764097894879)
75	47,0.00233379034081	(75, 0.001621764097894879)
75	10,0.00259011583206	(75, 0.001621764097894879)
75	80,0.00259089649783	(75, 0.001621764097894879)
75	99,0.00294968517036	(75, 0.001621764097894879)
75	67,0.00302164436522	(75, 0.001621764097894879)
75	169,0.00303764202271	(75, 0.001621764097894879)
75	85,0.00304306099684	(75, 0.001621764097894879)
75	84,0.00304573819766	(75, 0.001621764097894879)
76	137,0.000169601227034	(76, 0.00018864515752047055)
76	171,0.000175897061624	(76, 0.00018864515752047055)
76	76,0.00018864515752	(76, 0.00018864515752047055)
76	147,0.000203836324293	(76, 0.00018864515752047055)
76	63,0.000210723220128	(76, 0.00018864515752047055)
76	3,0.000224610811524	(76, 0.00018864515752047055)
76	117,0.000314129263889	(76, 0.00018864515752047055)
76	126,0.000315504497254	(76, 0.00018864515752047055)
76	36,0.000328099970539	(76, 0.00018864515752047055)
76	46,0.000334344933205	(76, 0.00018864515752047055)
77	162,0.000212057106717	(77, 0.00024615780776646249)
77	147,0.000229948640897	(77, 0.00024615780776646249)
77	3,0.000239363602627	(77, 0.00024615780776646249)
77	137,0.000241409289435	(77, 0.00024615780776646249)
77	63,0.000245891464948	(77, 0.00024615780776646249)
77	77,0.000246157807766	(77, 0.00024615780776646249)
77	136,0.000250325685303	(77, 0.00024615780776646249)
77	11,0.000269619547505	(77, 0.00024615780776646249)
77	90,0.000273864055663	(77, 0.00024615780776646249)
77	171,0.000290604399577	(77, 0.00024615780776646249)
78	151,0.000152328753283	(78, 0.00039301139907809113)
78	121,0.000224951324352	(78, 0.00039301139907809113)
78	22,0.000226218565176	(78, 0.00039301139907809113)
78	63,0.000235879893839	(78, 0.00039301139907809113)
78	76,0.000236605063664	(78, 0.00039301139907809113)
78	18,0.00023873670669	(78, 0.00039301139907809113)
78	132,0.000259135461904	(78, 0.00039301139907809113)
78	3,0.000294083253046	(78, 0.00039301139907809113)
78	147,0.000305357422114	(78, 0.00039301139907809113)
78	146,0.000311082453033	(78, 0.00039301139907809113)
79	69,0.000178678376649	(79, 0.0002916600767271696)
79	40,0.000243537697682	(79, 0.0002916600767271696)
79	4,0.000271987815699	(79, 0.0002916600767271696)
79	79,0.000291660076727	(79, 0.0002916600767271696)
79	25,0.000498515555983	(79, 0.0002916600767271696)
79	172,0.000510619453699	(79, 0.0002916600767271696)
79	56,0.000525504450069	(79, 0.0002916600767271696)
79	34,0.000540539715753	(79, 0.0002916600767271696)
79	15,0.000547155753421	(79, 0.0002916600767271696)
79	148,0.000550014659865	(79, 0.0002916600767271696)
80	80,0.00088967529238	(80, 0.00088967529238017078)
80	167,0.0014427499948	(80, 0.00088967529238017078)
80	51,0.00148392119777	(80, 0.00088967529238017078)
80	32,0.00183121486269	(80, 0.00088967529238017078)
80	169,0.00239863729487	(80, 0.00088967529238017078)
80	39,0.00253578454351	(80, 0.00088967529238017078)
80	165,0.00257782369493	(80, 0.00088967529238017078)
80	149,0.00262387697932	(80, 0.00088967529238017078)
80	58,0.00273840552898	(80, 0.00088967529238017078)
80	27,0.0027580094027	(80, 0.00088967529238017078)
81	81,0.000246790500972	(81, 0.00024679050097249015)
81	3,0.000254942730057	(81, 0.00024679050097249015)
81	121,0.000353344178466	(81, 0.00024679050097249015)
81	132,0.000358831478231	(81, 0.00024679050097249015)
81	77,0.000378966051715	(81, 0.00024679050097249015)
81	117,0.000391444873828	(81, 0.00024679050097249015)
81	11,0.000394204586708	(81, 0.00024679050097249015)
81	22,0.000423525250964	(81, 0.00024679050097249015)
81	172,0.000423795025506	(81, 0.00024679050097249015)
81	73,0.000438068391507	(81, 0.00024679050097249015)
82	73,0.000588331902964	(82, 0.0012863974724677883)
82	24,0.000607436920903	(82, 0.0012863974724677883)
82	27,0.000607831401001	(82, 0.0012863974724677883)
82	13,0.000625726844666	(82, 0.0012863974724677883)
82	12,0.000639221382533	(82, 0.0012863974724677883)
82	50,0.000649898371398	(82, 0.0012863974724677883)
82	38,0.000686459169137	(82, 0.0012863974724677883)
82	61,0.000697895691153	(82, 0.0012863974724677883)
82	78,0.000750099967499	(82, 0.0012863974724677883)
82	105,0.00076270979148	(82, 0.0012863974724677883)
83	13,0.000230087743091	(83, 0.00057733344784293415)
83	155,0.000352650668626	(83, 0.00057733344784293415)
83	11,0.000383190009754	(83, 0.00057733344784293415)
83	71,0.000394565603116	(83, 0.00057733344784293415)
83	161,0.000406286495288	(83, 0.00057733344784293415)
83	65,0.000461375119312	(83, 0.00057733344784293415)
83	17,0.000463809779406	(83, 0.00057733344784293415)
83	3,0.000478007705016	(83, 0.00057733344784293415)
83	120,0.000482540078763	(83, 0.00057733344784293415)
83	124,0.000509123405344	(83, 0.00057733344784293415)
84	169,0.00110048685341	(84, 0.001225791385107764)
84	99,0.00116088330704	(84, 0.001225791385107764)
84	84,0.00122579138511	(84, 0.001225791385107764)
84	27,0.0012909573514	(84, 0.001225791385107764)
84	67,0.00136791371091	(84, 0.001225791385107764)
84	166,0.00141770923324	(84, 0.001225791385107764)
84	144,0.00145731320685	(84, 0.001225791385107764)
84	140,0.00146286751675	(84, 0.001225791385107764)
84	19,0.00148921944656	(84, 0.001225791385107764)
84	167,0.00149141563187	(84, 0.001225791385107764)
85	67,0.00091440512941	(85, 0.0020962757195427412)
85	140,0.00124375048669	(85, 0.0020962757195427412)
85	169,0.00141118034297	(85, 0.0020962757195427412)
85	149,0.00142416630649	(85, 0.0020962757195427412)
85	84,0.00150667435743	(85, 0.0020962757195427412)
85	166,0.00162884808089	(85, 0.0020962757195427412)
85	144,0.00170498923978	(85, 0.0020962757195427412)
85	93,0.00190735117486	(85, 0.0020962757195427412)
85	116,0.00196683892096	(85, 0.0020962757195427412)
85	72,0.00201831965598	(85, 0.0020962757195427412)
86	86,0.000209437210422	(86, 0.0002094372104223534)
86	137,0.000237401022183	(86, 0.0002094372104223534)
86	150,0.00028275256725	(86, 0.0002094372104223534)
86	162,0.000284988345908	(86, 0.0002094372104223534)
86	3,0.000291528675769	(86, 0.0002094372104223534)
86	18,0.0002970766572	(86, 0.0002094372104223534)
86	11,0.000300697044896	(86, 0.0002094372104223534)
86	117,0.000300959012264	(86, 0.0002094372104223534)
86	126,0.000302689037266	(86, 0.0002094372104223534)
86	146,0.000310393904879	(86, 0.0002094372104223534)
87	1,0.000388035092328	(87, 0.0010562015109880059)
87	121,0.000391702342699	(87, 0.0010562015109880059)
87	71,0.000393860372811	(87, 0.0010562015109880059)
87	11,0.000395563504651	(87, 0.0010562015109880059)
87	26,0.000410076295404	(87, 0.0010562015109880059)
87	20,0.000454063518912	(87, 0.0010562015109880059)
87	89,0.000473806671719	(87, 0.0010562015109880059)
87	23,0.000488608225327	(87, 0.0010562015109880059)
87	61,0.000489193647582	(87, 0.0010562015109880059)
87	78,0.000496757073227	(87, 0.0010562015109880059)
88	18,0.000181621492456	(88, 0.00028053814209880136)
88	147,0.000187332187687	(88, 0.00028053814209880136)
88	76,0.00019453562009	(88, 0.00028053814209880136)
88	63,0.000238530046431	(88, 0.00028053814209880136)
88	46,0.000280095047552	(88, 0.00028053814209880136)
88	88,0.000280538142099	(88, 0.00028053814209880136)
88	139,0.000291573624216	(88, 0.00028053814209880136)
88	22,0.000296512515512	(88, 0.00028053814209880136)
88	121,0.00030099172472	(88, 0.00028053814209880136)
88	171,0.000301648646536	(88, 0.00028053814209880136)
89	155,0.000425512873479	(89, 0.00050101873616835945)
89	89,0.000501018736168	(89, 0.00050101873616835945)
89	124,0.000507356026545	(89, 0.00050101873616835945)
89	11,0.000523296185195	(89, 0.00050101873616835945)
89	73,0.00053388257836	(89, 0.00050101873616835945)
89	71,0.000580295453503	(89, 0.00050101873616835945)
89	1,0.000602640083457	(89, 0.00050101873616835945)
89	53,0.000605401602324	(89, 0.00050101873616835945)
89	161,0.000616490411465	(89, 0.00050101873616835945)
89	44,0.000690925680906	(89, 0.00050101873616835945)
90	90,0.000187626291717	(90, 0.00018762629171652744)
90	11,0.000280428131253	(90, 0.00018762629171652744)
90	137,0.000290471839549	(90, 0.00018762629171652744)
90	81,0.000291396823596	(90, 0.00018762629171652744)
90	3,0.000305880482137	(90, 0.00018762629171652744)
90	162,0.000307316066482	(90, 0.00018762629171652744)
90	96,0.000325874629678	(90, 0.00018762629171652744)
90	112,0.000358309133647	(90, 0.00018762629171652744)
90	172,0.000366573726209	(90, 0.00018762629171652744)
90	37,0.0003810210321	(90, 0.00018762629171652744)
91	133,0.000682084048715	(91, 0.0010182302781310791)
91	91,0.00101823027813	(91, 0.0010182302781310791)
91	130,0.00140465716901	(91, 0.0010182302781310791)
91	34,0.0019414046594	(91, 0.0010182302781310791)
91	102,0.00194368887847	(91, 0.0010182302781310791)
91	103,0.00200489419164	(91, 0.0010182302781310791)
91	53,0.00202722778288	(91, 0.0010182302781310791)
91	155,0.00206488215293	(91, 0.0010182302781310791)
91	51,0.00210933943554	(91, 0.0010182302781310791)
91	41,0.00211581703183	(91, 0.0010182302781310791)
92	78,0.000245859735093	(92, 0.0010872378794955584)
92	61,0.000315253026939	(92, 0.0010872378794955584)
92	24,0.000322012729937	(92, 0.0010872378794955584)
92	158,0.000385937936967	(92, 0.0010872378794955584)
92	128,0.000409567704051	(92, 0.0010872378794955584)
92	12,0.000426051270196	(92, 0.0010872378794955584)
92	26,0.000439176077211	(92, 0.0010872378794955584)
92	22,0.000443625021912	(92, 0.0010872378794955584)
92	107,0.000447861707871	(92, 0.0010872378794955584)
92	23,0.000496656620997	(92, 0.0010872378794955584)
93	22,0.000339077916181	(93, 0.000399012072686402)
93	128,0.000359272961671	(93, 0.000399012072686402)
93	12,0.000367876594299	(93, 0.000399012072686402)
93	158,0.000372683199528	(93, 0.000399012072686402)
93	132,0.000393723879458	(93, 0.000399012072686402)
93	93,0.000399012072686	(93, 0.000399012072686402)
93	78,0.000413455810379	(93, 0.000399012072686402)
93	121,0.000428794981578	(93, 0.000399012072686402)
93	3,0.000429855857755	(93, 0.000399012072686402)
93	73,0.000432537796745	(93, 0.000399012072686402)
94	83,0.000676045006254	(94, 0.00082988770776482067)
94	155,0.000805813644408	(94, 0.00082988770776482067)
94	94,0.000829887707765	(94, 0.00082988770776482067)
94	59,0.000933634332613	(94, 0.00082988770776482067)
94	65,0.000933830133402	(94, 0.00082988770776482067)
94	161,0.00103259902946	(94, 0.00082988770776482067)
94	41,0.00104786836546	(94, 0.00082988770776482067)
94	1,0.00107451988968	(94, 0.00082988770776482067)
94	15,0.001104380682	(94, 0.00082988770776482067)
94	53,0.00114842994278	(94, 0.00082988770776482067)
95	107,0.00043761402238	(95, 0.0011989186797071777)
95	27,0.000490286720815	(95, 0.0011989186797071777)
95	43,0.000516353825843	(95, 0.0011989186797071777)
95	128,0.000544619141748	(95, 0.0011989186797071777)
95	78,0.000612964312194	(95, 0.0011989186797071777)
95	99,0.00063550753256	(95, 0.0011989186797071777)
95	19,0.000683628705167	(95, 0.0011989186797071777)
95	26,0.00069735240134	(95, 0.0011989186797071777)
95	50,0.000779203507736	(95, 0.0011989186797071777)
95	158,0.000793284639256	(95, 0.0011989186797071777)
96	96,0.000168740433446	(96, 0.00016874043344554702)
96	11,0.000391181542463	(96, 0.00016874043344554702)
96	162,0.000393074459887	(96, 0.00016874043344554702)
96	112,0.000459411774806	(96, 0.00016874043344554702)
96	90,0.000472895750054	(96, 0.00016874043344554702)
96	119,0.000513997868792	(96, 0.00016874043344554702)
96	17,0.000515415778218	(96, 0.00016874043344554702)
96	13,0.00054672167289	(96, 0.00016874043344554702)
96	143,0.000572602792562	(96, 0.00016874043344554702)
96	86,0.000573138347474	(96, 0.00016874043344554702)
97	172,0.000337412289594	(97, 0.00061785585027136888)
97	40,0.00035034923166	(97, 0.00061785585027136888)
97	17,0.000398316398041	(97, 0.00061785585027136888)
97	120,0.000410094035596	(97, 0.00061785585027136888)
97	69,0.000423129159429	(97, 0.00061785585027136888)
97	4,0.000465462853078	(97, 0.00061785585027136888)
97	79,0.000507756737346	(97, 0.00061785585027136888)
97	37,0.000536936549813	(97, 0.00061785585027136888)
97	154,0.000549648933593	(97, 0.00061785585027136888)
97	3,0.000564984843184	(97, 0.00061785585027136888)
98	98,0.000304308034733	(98, 0.00030430803473307686)
98	15,0.000360108870037	(98, 0.00030430803473307686)
98	40,0.000453158322452	(98, 0.00030430803473307686)
98	25,0.000465173154797	(98, 0.00030430803473307686)
98	172,0.000481934184809	(98, 0.00030430803473307686)
98	49,0.000494376748705	(98, 0.00030430803473307686)
98	174,0.000503825304524	(98, 0.00030430803473307686)
98	154,0.000514053491681	(98, 0.00030430803473307686)
98	4,0.000579139551373	(98, 0.00030430803473307686)
98	17,0.000624523943868	(98, 0.00030430803473307686)
99	144,0.00041306988421	(99, 0.00056843349852960965)
99	84,0.000454232435618	(99, 0.00056843349852960965)
99	128,0.000467902316792	(99, 0.00056843349852960965)
99	73,0.000491121397275	(99, 0.00056843349852960965)
99	93,0.000511048142923	(99, 0.00056843349852960965)
99	109,0.000511964069595	(99, 0.00056843349852960965)
99	116,0.000538224017118	(99, 0.00056843349852960965)
99	156,0.000549174966351	(99, 0.00056843349852960965)
99	12,0.000561607397019	(99, 0.00056843349852960965)
99	99,0.00056843349853	(99, 0.00056843349852960965)
100	100,0.000203029012329	(100, 0.0002030290123286841)
100	77,0.000245259389775	(100, 0.0002030290123286841)
100	21,0.000251974050306	(100, 0.0002030290123286841)
100	11,0.000271401563598	(100, 0.0002030290123286841)
100	74,0.000276273350387	(100, 0.0002030290123286841)
100	136,0.000289842452685	(100, 0.0002030290123286841)
100	90,0.000290455734717	(100, 0.0002030290123286841)
100	37,0.000305546538085	(100, 0.0002030290123286841)
100	3,0.000311492922366	(100, 0.0002030290123286841)
100	71,0.000314520241645	(100, 0.0002030290123286841)
101	73,0.000409384822599	(101, 0.00046865523938517748)
101	101,0.000468655239385	(101, 0.00046865523938517748)
101	1,0.000492899618453	(101, 0.00046865523938517748)
101	81,0.000569950537019	(101, 0.00046865523938517748)
101	71,0.000571363382431	(101, 0.00046865523938517748)
101	13,0.000597481870112	(101, 0.00046865523938517748)
101	124,0.000604746400367	(101, 0.00046865523938517748)
101	29,0.000622015578895	(101, 0.00046865523938517748)
101	162,0.000630061483356	(101, 0.00046865523938517748)
101	114,0.00063825493344	(101, 0.00046865523938517748)
102	41,0.000640272542843	(102, 0.00078805397089279697)
102	114,0.000650262969729	(102, 0.00078805397089279697)
102	91,0.000706617166464	(102, 0.00078805397089279697)
102	155,0.000743472776749	(102, 0.00078805397089279697)
102	102,0.000788053970893	(102, 0.00078805397089279697)
102	101,0.000807934840297	(102, 0.00078805397089279697)
102	110,0.000843805646165	(102, 0.00078805397089279697)
102	1,0.000892712115355	(102, 0.00078805397089279697)
102	103,0.000911126021145	(102, 0.00078805397089279697)
102	53,0.000940646605668	(102, 0.00078805397089279697)
103	103,0.000623597488482	(103, 0.00062359748848239585)
103	91,0.000637432975743	(103, 0.00062359748848239585)
103	28,0.000797109791282	(103, 0.00062359748848239585)
103	39,0.00081278098063	(103, 0.00062359748848239585)
103	101,0.000822341463576	(103, 0.00062359748848239585)
103	51,0.000876506553171	(103, 0.00062359748848239585)
103	41,0.000907506349829	(103, 0.00062359748848239585)
103	95,0.000928834811988	(103, 0.00062359748848239585)
103	73,0.000929014688305	(103, 0.00062359748848239585)
103	30,0.000950990687796	(103, 0.00062359748848239585)
104	124,0.00035135935894	(104, 0.00069386158617060559)
104	93,0.000493527784526	(104, 0.00069386158617060559)
104	81,0.000510039221564	(104, 0.00069386158617060559)
104	3,0.000512024327352	(104, 0.00069386158617060559)
104	119,0.000547812920161	(104, 0.00069386158617060559)
104	73,0.000590886472782	(104, 0.00069386158617060559)
104	11,0.000591702238589	(104, 0.00069386158617060559)
104	120,0.000596930613082	(104, 0.00069386158617060559)
104	40,0.000631904590483	(104, 0.00069386158617060559)
104	13,0.000633801992122	(104, 0.00069386158617060559)
105	43,0.000446356202564	(105, 0.00090389621739288002)
105	27,0.000513860930835	(105, 0.00090389621739288002)
105	38,0.00052810949601	(105, 0.00090389621739288002)
105	50,0.000596294528653	(105, 0.00090389621739288002)
105	19,0.000604131453015	(105, 0.00090389621739288002)
105	24,0.000625024290886	(105, 0.00090389621739288002)
105	99,0.000627649878762	(105, 0.00090389621739288002)
105	107,0.00068829520793	(105, 0.00090389621739288002)
105	55,0.00071580159286	(105, 0.00090389621739288002)
105	144,0.000720812809483	(105, 0.00090389621739288002)
106	116,0.000476493177852	(106, 0.00054541728338609408)
106	172,0.000502646296931	(106, 0.00054541728338609408)
106	106,0.000545417283386	(106, 0.00054541728338609408)
106	174,0.000552885218866	(106, 0.00054541728338609408)
106	157,0.000577574675905	(106, 0.00054541728338609408)
106	13,0.00062950422912	(106, 0.00054541728338609408)
106	93,0.000649813764429	(106, 0.00054541728338609408)
106	154,0.000657110285763	(106, 0.00054541728338609408)
106	156,0.00068553127322	(106, 0.00054541728338609408)
106	54,0.000687892691345	(106, 0.00054541728338609408)
107	77,0.000355086942035	(107, 0.00047246304822093338)
107	26,0.000359899891922	(107, 0.00047246304822093338)
107	171,0.000403077408593	(107, 0.00047246304822093338)
107	76,0.000407906954995	(107, 0.00047246304822093338)
107	3,0.000412213957237	(107, 0.00047246304822093338)
107	22,0.000417052752511	(107, 0.00047246304822093338)
107	1,0.000417063302296	(107, 0.00047246304822093338)
107	121,0.00042532125861	(107, 0.00047246304822093338)
107	23,0.000427360338284	(107, 0.00047246304822093338)
107	61,0.000431606012085	(107, 0.00047246304822093338)
108	77,0.000302652169044	(108, 0.0010960951334273961)
108	172,0.000350901580422	(108, 0.0010960951334273961)
108	174,0.000430088149446	(108, 0.0010960951334273961)
108	171,0.000454246358437	(108, 0.0010960951334273961)
108	40,0.000504166844145	(108, 0.0010960951334273961)
108	17,0.000514939768741	(108, 0.0010960951334273961)
108	37,0.000558048459955	(108, 0.0010960951334273961)
108	15,0.000566512150278	(108, 0.0010960951334273961)
108	100,0.000573712354571	(108, 0.0010960951334273961)
108	49,0.000575836914862	(108, 0.0010960951334273961)
109	109,0.000298650634458	(109, 0.00029865063445767181)
109	12,0.000385022851008	(109, 0.00029865063445767181)
109	159,0.0003912629471	(109, 0.00029865063445767181)
109	134,0.000420962266056	(109, 0.00029865063445767181)
109	128,0.00045632564861	(109, 0.00029865063445767181)
109	146,0.000486651026965	(109, 0.00029865063445767181)
109	84,0.000533328444808	(109, 0.00029865063445767181)
109	50,0.000533754229092	(109, 0.00029865063445767181)
109	144,0.000541089355068	(109, 0.00029865063445767181)
109	38,0.000564906709333	(109, 0.00029865063445767181)
110	1,0.000385184660631	(110, 0.00082621651213154242)
110	121,0.000401453060387	(110, 0.00082621651213154242)
110	68,0.000461764509531	(110, 0.00082621651213154242)
110	11,0.000477081399953	(110, 0.00082621651213154242)
110	26,0.000488421982027	(110, 0.00082621651213154242)
110	23,0.000545783940207	(110, 0.00082621651213154242)
110	61,0.000549524136338	(110, 0.00082621651213154242)
110	71,0.000575986507928	(110, 0.00082621651213154242)
110	70,0.000594619792299	(110, 0.00082621651213154242)
110	162,0.000602789809154	(110, 0.00082621651213154242)
111	73,0.000378111333681	(111, 0.0012296482203183966)
111	93,0.000391513885179	(111, 0.0012296482203183966)
111	124,0.000401853234343	(111, 0.0012296482203183966)
111	157,0.000453329707345	(111, 0.0012296482203183966)
111	13,0.000483190859798	(111, 0.0012296482203183966)
111	101,0.000507378742641	(111, 0.0012296482203183966)
111	116,0.000533214241019	(111, 0.0012296482203183966)
111	28,0.000703322587269	(111, 0.0012296482203183966)
111	128,0.000726319067302	(111, 0.0012296482203183966)
111	109,0.00072741057794	(111, 0.0012296482203183966)
112	90,0.000222530407432	(112, 0.0003197867436416917)
112	11,0.000226905115924	(112, 0.0003197867436416917)
112	3,0.000294883402057	(112, 0.0003197867436416917)
112	21,0.000295702237937	(112, 0.0003197867436416917)
112	112,0.000319786743642	(112, 0.0003197867436416917)
112	100,0.000322211779088	(112, 0.0003197867436416917)
112	81,0.000342558111648	(112, 0.0003197867436416917)
112	71,0.000354020940671	(112, 0.0003197867436416917)
112	162,0.000371825967485	(112, 0.0003197867436416917)
112	117,0.000372343292421	(112, 0.0003197867436416917)
113	113,0.000280915313381	(113, 0.00028091531338109312)
113	65,0.000601395823182	(113, 0.00028091531338109312)
113	120,0.000778979386341	(113, 0.00028091531338109312)
113	130,0.000903982550769	(113, 0.00028091531338109312)
113	15,0.00094558263972	(113, 0.00028091531338109312)
113	161,0.000971788844333	(113, 0.00028091531338109312)
113	44,0.00102278125925	(113, 0.00028091531338109312)
113	155,0.00111294448572	(113, 0.00028091531338109312)
113	2,0.00112062452063	(113, 0.00028091531338109312)
113	34,0.00113676218498	(113, 0.00028091531338109312)
114	124,0.000379029529498	(114, 0.00049233875297183727)
114	53,0.000406034190464	(114, 0.00049233875297183727)
114	73,0.000414096050429	(114, 0.00049233875297183727)
114	13,0.00047898803275	(114, 0.00049233875297183727)
114	114,0.000492338752972	(114, 0.00049233875297183727)
114	155,0.000502766339716	(114, 0.00049233875297183727)
114	4,0.000613379839706	(114, 0.00049233875297183727)
114	104,0.000645434934078	(114, 0.00049233875297183727)
114	116,0.000656147266533	(114, 0.00049233875297183727)
114	69,0.000705602147983	(114, 0.00049233875297183727)
115	119,0.00038742826389	(115, 0.00049326895427738416)
115	37,0.000469960358603	(115, 0.00049326895427738416)
115	11,0.00047855576116	(115, 0.00049326895427738416)
115	115,0.000493268954277	(115, 0.00049326895427738416)
115	81,0.000499553668133	(115, 0.00049326895427738416)
115	17,0.000508185688976	(115, 0.00049326895427738416)
115	172,0.00051655233086	(115, 0.00049326895427738416)
115	3,0.000521356477255	(115, 0.00049326895427738416)
115	120,0.000542627093255	(115, 0.00049326895427738416)
115	96,0.000558270841762	(115, 0.00049326895427738416)
116	116,0.000331049878662	(116, 0.00033104987866231308)
116	93,0.000344361504206	(116, 0.00033104987866231308)
116	73,0.000445068142577	(116, 0.00033104987866231308)
116	144,0.000525174936166	(116, 0.00033104987866231308)
116	109,0.000548515954589	(116, 0.00033104987866231308)
116	128,0.000588486920487	(116, 0.00033104987866231308)
116	157,0.000618866151867	(116, 0.00033104987866231308)
116	156,0.000630905042173	(116, 0.00033104987866231308)
116	172,0.000653624225016	(116, 0.00033104987866231308)
116	124,0.000656347631096	(116, 0.00033104987866231308)
117	117,0.000203006013083	(117, 0.00020300601308287361)
117	21,0.000227850233146	(117, 0.00020300601308287361)
117	71,0.00034414475706	(117, 0.00020300601308287361)
117	63,0.000364732333891	(117, 0.00020300601308287361)
117	162,0.000375793182722	(117, 0.00020300601308287361)
117	11,0.000385730289299	(117, 0.00020300601308287361)
117	76,0.000401465061444	(117, 0.00020300601308287361)
117	77,0.000403776689898	(117, 0.00020300601308287361)
117	121,0.00040970556719	(117, 0.00020300601308287361)
117	147,0.000421314924088	(117, 0.00020300601308287361)
118	34,0.00057819395416	(118, 0.0010516345254676927)
118	33,0.000765092043792	(118, 0.0010516345254676927)
118	130,0.000816127550912	(118, 0.0010516345254676927)
118	113,0.000942816668795	(118, 0.0010516345254676927)
118	69,0.000999281206301	(118, 0.0010516345254676927)
118	118,0.00105163452547	(118, 0.0010516345254676927)
118	133,0.00109466858676	(118, 0.0010516345254676927)
118	4,0.00117616440498	(118, 0.0010516345254676927)
118	15,0.00123191299515	(118, 0.0010516345254676927)
118	79,0.00124013857453	(118, 0.0010516345254676927)
119	120,0.000456581263952	(119, 0.00057907320694316697)
119	123,0.000548872878794	(119, 0.00057907320694316697)
119	119,0.000579073206943	(119, 0.00057907320694316697)
119	154,0.000604907669457	(119, 0.00057907320694316697)
119	40,0.000646632319415	(119, 0.00057907320694316697)
119	69,0.00065047432953	(119, 0.00057907320694316697)
119	13,0.000662391410105	(119, 0.00057907320694316697)
119	172,0.000663048787737	(119, 0.00057907320694316697)
119	17,0.000663619411924	(119, 0.00057907320694316697)
119	4,0.000695063128627	(119, 0.00057907320694316697)
120	120,0.000326010516952	(120, 0.00032601051695152445)
120	65,0.000343674098319	(120, 0.00032601051695152445)
120	161,0.000372158600298	(120, 0.00032601051695152445)
120	44,0.000445017373766	(120, 0.00032601051695152445)
120	17,0.000598788216041	(120, 0.00032601051695152445)
120	155,0.000609276073729	(120, 0.00032601051695152445)
120	13,0.000647662785803	(120, 0.00032601051695152445)
120	136,0.000648589328806	(120, 0.00032601051695152445)
120	37,0.000663824240671	(120, 0.00032601051695152445)
120	53,0.000669649496638	(120, 0.00032601051695152445)
121	121,0.000280982120215	(121, 0.00028098212021541926)
121	26,0.0003216386907	(121, 0.00028098212021541926)
121	22,0.000343872425521	(121, 0.00028098212021541926)
121	1,0.000345891636001	(121, 0.00028098212021541926)
121	78,0.000363931880663	(121, 0.00028098212021541926)
121	73,0.00040903707761	(121, 0.00028098212021541926)
121	61,0.000436111709841	(121, 0.00028098212021541926)
121	128,0.000467843440694	(121, 0.00028098212021541926)
121	23,0.000477071561607	(121, 0.00028098212021541926)
121	11,0.000512227851136	(121, 0.00028098212021541926)
122	174,0.000466591009978	(122, 0.00087488070797573964)
122	116,0.000497646566213	(122, 0.00087488070797573964)
122	154,0.000544421969326	(122, 0.00087488070797573964)
122	69,0.000630741457217	(122, 0.00087488070797573964)
122	172,0.000635518170207	(122, 0.00087488070797573964)
122	4,0.000742395031862	(122, 0.00087488070797573964)
122	2,0.000831615682215	(122, 0.00087488070797573964)
122	40,0.00083730068205	(122, 0.00087488070797573964)
122	48,0.000851982192207	(122, 0.00087488070797573964)
122	54,0.00085218854154	(122, 0.00087488070797573964)
123	172,0.000415601146264	(123, 0.00041934521301774857)
123	123,0.000419345213018	(123, 0.00041934521301774857)
123	81,0.000500268602613	(123, 0.00041934521301774857)
123	146,0.000515237271624	(123, 0.00041934521301774857)
123	119,0.000537111928613	(123, 0.00041934521301774857)
123	115,0.000555981166937	(123, 0.00041934521301774857)
123	40,0.000591504636581	(123, 0.00041934521301774857)
123	96,0.000594645930777	(123, 0.00041934521301774857)
123	90,0.000615019198978	(123, 0.00041934521301774857)
123	137,0.000621668756962	(123, 0.00041934521301774857)
124	101,0.00059623764598	(124, 0.00061248588409807325)
124	124,0.000612485884098	(124, 0.00061248588409807325)
124	27,0.000663115850147	(124, 0.00061248588409807325)
124	73,0.000754880174331	(124, 0.00061248588409807325)
124	41,0.000787480109133	(124, 0.00061248588409807325)
124	157,0.000804573465713	(124, 0.00061248588409807325)
124	114,0.000904011943072	(124, 0.00061248588409807325)
124	169,0.000918796464719	(124, 0.00061248588409807325)
124	144,0.000930598695136	(124, 0.00061248588409807325)
124	140,0.000997212791778	(124, 0.00061248588409807325)
125	155,0.000688066920132	(125, 0.00089888508681150187)
125	65,0.000708561293264	(125, 0.00089888508681150187)
125	13,0.000748607570116	(125, 0.00089888508681150187)
125	41,0.000791293697353	(125, 0.00089888508681150187)
125	68,0.000829026903451	(125, 0.00089888508681150187)
125	114,0.000853148576783	(125, 0.00089888508681150187)
125	161,0.000864156869532	(125, 0.00089888508681150187)
125	73,0.000878226620244	(125, 0.00089888508681150187)
125	125,0.000898885086812	(125, 0.00089888508681150187)
125	71,0.000899976468583	(125, 0.00089888508681150187)
126	3,0.00032470629065	(126, 0.00036140736654071852)
126	121,0.000344579935425	(126, 0.00036140736654071852)
126	132,0.000345721287841	(126, 0.00036140736654071852)
126	126,0.000361407366541	(126, 0.00036140736654071852)
126	81,0.000383232746137	(126, 0.00036140736654071852)
126	22,0.000394069124755	(126, 0.00036140736654071852)
126	76,0.000452454588142	(126, 0.00036140736654071852)
126	78,0.00045685986326	(126, 0.00036140736654071852)
126	151,0.000461243466365	(126, 0.00036140736654071852)
126	137,0.000463092781661	(126, 0.00036140736654071852)
127	17,0.000172586631202	(127, 0.00034164059726005211)
127	136,0.000281170858318	(127, 0.00034164059726005211)
127	100,0.000292986210868	(127, 0.00034164059726005211)
127	74,0.000318076706046	(127, 0.00034164059726005211)
127	77,0.000321066982179	(127, 0.00034164059726005211)
127	37,0.000338353469355	(127, 0.00034164059726005211)
127	127,0.00034164059726	(127, 0.00034164059726005211)
127	49,0.000366499875139	(127, 0.00034164059726005211)
127	59,0.000397239215409	(127, 0.00034164059726005211)
127	172,0.000432756906715	(127, 0.00034164059726005211)
128	128,0.00026007453947	(128, 0.00026007453946977831)
128	12,0.000341075043805	(128, 0.00026007453946977831)
128	78,0.00036559576345	(128, 0.00026007453946977831)
128	159,0.000372793469982	(128, 0.00026007453946977831)
128	50,0.000398383813742	(128, 0.00026007453946977831)
128	121,0.000420939359422	(128, 0.00026007453946977831)
128	22,0.000439297785116	(128, 0.00026007453946977831)
128	55,0.000462615386606	(128, 0.00026007453946977831)
128	139,0.000475941939347	(128, 0.00026007453946977831)
128	18,0.00048922375128	(128, 0.00026007453946977831)
129	49,0.000599067288152	(129, 0.0013634202800315211)
129	15,0.000723630319184	(129, 0.0013634202800315211)
129	98,0.000767555408005	(129, 0.0013634202800315211)
129	100,0.000853652049378	(129, 0.0013634202800315211)
129	59,0.000868376871734	(129, 0.0013634202800315211)
129	77,0.000882451746911	(129, 0.0013634202800315211)
129	25,0.000930546337532	(129, 0.0013634202800315211)
129	83,0.000998918731557	(129, 0.0013634202800315211)
129	102,0.00101486180822	(129, 0.0013634202800315211)
129	34,0.00101824813425	(129, 0.0013634202800315211)
130	34,0.000577615971392	(130, 0.00068935833878954877)
130	130,0.00068935833879	(130, 0.00068935833878954877)
130	65,0.000705439551789	(130, 0.00068935833878954877)
130	15,0.000709600886386	(130, 0.00068935833878954877)
130	13,0.000733952780724	(130, 0.00068935833878954877)
130	113,0.000756996248267	(130, 0.00068935833878954877)
130	28,0.000759473896767	(130, 0.00068935833878954877)
130	69,0.000767412762001	(130, 0.00068935833878954877)
130	53,0.000784067058354	(130, 0.00068935833878954877)
130	120,0.000848446329664	(130, 0.00068935833878954877)
131	116,0.000498451382248	(131, 0.00061429007256708123)
131	131,0.000614290072567	(131, 0.00061429007256708123)
131	166,0.000638142518416	(131, 0.00061429007256708123)
131	72,0.000680817859713	(131, 0.00061429007256708123)
131	144,0.000695812178621	(131, 0.00061429007256708123)
131	104,0.000872113671429	(131, 0.00061429007256708123)
131	156,0.000888145986607	(131, 0.00061429007256708123)
131	84,0.000896307043124	(131, 0.00061429007256708123)
131	93,0.000987585279033	(131, 0.00061429007256708123)
131	73,0.00102275297682	(131, 0.00061429007256708123)
132	18,0.000192327871086	(132, 0.00020999623601202473)
132	22,0.000199163537739	(132, 0.00020999623601202473)
132	132,0.000209996236012	(132, 0.00020999623601202473)
132	158,0.000222166371137	(132, 0.00020999623601202473)
132	76,0.000234348818293	(132, 0.00020999623601202473)
132	147,0.000248675388267	(132, 0.00020999623601202473)
132	46,0.00027265343645	(132, 0.00020999623601202473)
132	121,0.000303308317408	(132, 0.00020999623601202473)
132	139,0.000306008631889	(132, 0.00020999623601202473)
132	171,0.000307570970152	(132, 0.00020999623601202473)
133	133,0.000299451242468	(133, 0.0002994512424683535)
133	34,0.000662121106597	(133, 0.0002994512424683535)
133	91,0.000793886247435	(133, 0.0002994512424683535)
133	130,0.000814146255546	(133, 0.0002994512424683535)
133	102,0.000910482719473	(133, 0.0002994512424683535)
133	53,0.00099588219188	(133, 0.0002994512424683535)
133	153,0.000996963287644	(133, 0.0002994512424683535)
133	28,0.0010277836915	(133, 0.0002994512424683535)
133	114,0.00105910088662	(133, 0.0002994512424683535)
133	110,0.00109319079207	(133, 0.0002994512424683535)
134	121,0.000248529038055	(134, 0.00044233102337075012)
134	128,0.000250182607325	(134, 0.00044233102337075012)
134	78,0.000282047880601	(134, 0.00044233102337075012)
134	22,0.00041536636029	(134, 0.00044233102337075012)
134	12,0.000435529419416	(134, 0.00044233102337075012)
134	134,0.000442331023371	(134, 0.00044233102337075012)
134	18,0.000443294231001	(134, 0.00044233102337075012)
134	61,0.000491799109048	(134, 0.00044233102337075012)
134	26,0.000493629792329	(134, 0.00044233102337075012)
134	55,0.000497997431971	(134, 0.00044233102337075012)
135	147,0.000177484887958	(135, 0.00032671976349816991)
135	137,0.000207456029132	(135, 0.00032671976349816991)
135	63,0.000241411853543	(135, 0.00032671976349816991)
135	76,0.000241845159828	(135, 0.00032671976349816991)
135	162,0.000249171562502	(135, 0.00032671976349816991)
135	171,0.000287431436459	(135, 0.00032671976349816991)
135	117,0.000303301158763	(135, 0.00032671976349816991)
135	77,0.000316158831175	(135, 0.00032671976349816991)
135	135,0.000326719763498	(135, 0.00032671976349816991)
135	11,0.000341641527673	(135, 0.00032671976349816991)
136	119,0.000410499578023	(136, 0.00051346097769921638)
136	11,0.000446948030514	(136, 0.00051346097769921638)
136	3,0.000507496349678	(136, 0.00051346097769921638)
136	121,0.000509139707895	(136, 0.00051346097769921638)
136	136,0.000513460977699	(136, 0.00051346097769921638)
136	151,0.000544324134123	(136, 0.00051346097769921638)
136	162,0.00060112642539	(136, 0.00051346097769921638)
136	54,0.000616931453701	(136, 0.00051346097769921638)
136	115,0.000617763787886	(136, 0.00051346097769921638)
136	126,0.000625506324859	(136, 0.00051346097769921638)
137	137,0.000116195361111	(137, 0.00011619536111142)
137	63,0.000170365391681	(137, 0.00011619536111142)
137	147,0.00017951100433	(137, 0.00011619536111142)
137	171,0.000207474805432	(137, 0.00011619536111142)
137	3,0.000226666573223	(137, 0.00011619536111142)
137	76,0.000274934441817	(137, 0.00011619536111142)
137	36,0.000304215156656	(137, 0.00011619536111142)
137	136,0.000335518038954	(137, 0.00011619536111142)
137	126,0.000364825059612	(137, 0.00011619536111142)
137	37,0.000371568967169	(137, 0.00011619536111142)
138	107,0.000365888970234	(138, 0.00053981718792143368)
138	158,0.000380766674941	(138, 0.00053981718792143368)
138	78,0.00041153862131	(138, 0.00053981718792143368)
138	128,0.000434840090092	(138, 0.00053981718792143368)
138	138,0.000539817187921	(138, 0.00053981718792143368)
138	55,0.000555721230523	(138, 0.00053981718792143368)
138	38,0.000595420490998	(138, 0.00053981718792143368)
138	22,0.000611254802955	(138, 0.00053981718792143368)
138	61,0.000619058166618	(138, 0.00053981718792143368)
138	156,0.000641612238005	(138, 0.00053981718792143368)
139	139,0.000114051761345	(139, 0.00011405176134464147)
139	22,0.000248103246135	(139, 0.00011405176134464147)
139	46,0.000253329577204	(139, 0.00011405176134464147)
139	18,0.000270414911707	(139, 0.00011405176134464147)
139	76,0.000274033491456	(139, 0.00011405176134464147)
139	121,0.000320378048747	(139, 0.00011405176134464147)
139	132,0.000321909663833	(139, 0.00011405176134464147)
139	151,0.000324160093385	(139, 0.00011405176134464147)
139	35,0.000355875310987	(139, 0.00011405176134464147)
139	158,0.000379043848273	(139, 0.00011405176134464147)
140	69,0.000430490692873	(140, 0.00064949876271037997)
140	116,0.000582352744603	(140, 0.00064949876271037997)
140	93,0.000588769299315	(140, 0.00064949876271037997)
140	124,0.000621897144148	(140, 0.00064949876271037997)
140	104,0.000636751047996	(140, 0.00064949876271037997)
140	140,0.00064949876271	(140, 0.00064949876271037997)
140	157,0.000654544147576	(140, 0.00064949876271037997)
140	40,0.000734821307938	(140, 0.00064949876271037997)
140	73,0.00075417848462	(140, 0.00064949876271037997)
140	53,0.000829346439582	(140, 0.00064949876271037997)
141	124,0.000694801213855	(141, 0.0012623731435885972)
141	48,0.000776139261569	(141, 0.0012623731435885972)
141	97,0.000795286062542	(141, 0.0012623731435885972)
141	4,0.000862003149767	(141, 0.0012623731435885972)
141	120,0.000865883225112	(141, 0.0012623731435885972)
141	69,0.00087569000586	(141, 0.0012623731435885972)
141	53,0.000913315630207	(141, 0.0012623731435885972)
141	2,0.000938407837634	(141, 0.0012623731435885972)
141	56,0.000939855407286	(141, 0.0012623731435885972)
141	104,0.000959386375617	(141, 0.0012623731435885972)
142	12,0.000614300233697	(142, 0.0019362574830847628)
142	73,0.000615024967225	(142, 0.0019362574830847628)
142	61,0.000662566726489	(142, 0.0019362574830847628)
142	105,0.000716761579185	(142, 0.0019362574830847628)
142	38,0.00073142033345	(142, 0.0019362574830847628)
142	162,0.000746087062503	(142, 0.0019362574830847628)
142	135,0.000765236291295	(142, 0.0019362574830847628)
142	13,0.000765906245801	(142, 0.0019362574830847628)
142	29,0.000770119277217	(142, 0.0019362574830847628)
142	16,0.00077443441291	(142, 0.0019362574830847628)
143	90,0.000223396404954	(143, 0.00025967413925147027)
143	143,0.000259674139251	(143, 0.00025967413925147027)
143	112,0.000262996843531	(143, 0.00025967413925147027)
143	11,0.000272655115762	(143, 0.00025967413925147027)
143	3,0.000273360911345	(143, 0.00025967413925147027)
143	137,0.000274461667324	(143, 0.00025967413925147027)
143	162,0.000277719412122	(143, 0.00025967413925147027)
143	63,0.000305325060092	(143, 0.00025967413925147027)
143	150,0.000323415576213	(143, 0.00025967413925147027)
143	21,0.000340206725759	(143, 0.00025967413925147027)
144	144,0.000231799829835	(144, 0.00023179982983509271)
144	14,0.00060662096038	(144, 0.00023179982983509271)
144	38,0.000624739065875	(144, 0.00023179982983509271)
144	109,0.00062912471191	(144, 0.00023179982983509271)
144	116,0.000642087032803	(144, 0.00023179982983509271)
144	12,0.000685895117024	(144, 0.00023179982983509271)
144	145,0.000703802368268	(144, 0.00023179982983509271)
144	84,0.000755413257951	(144, 0.00023179982983509271)
144	159,0.000779332711994	(144, 0.00023179982983509271)
144	123,0.000787409245548	(144, 0.00023179982983509271)
145	78,0.000325320233806	(145, 0.00053816694349293663)
145	158,0.000397196356399	(145, 0.00053816694349293663)
145	128,0.00040700606311	(145, 0.00053816694349293663)
145	38,0.000433022000806	(145, 0.00053816694349293663)
145	55,0.000447826919035	(145, 0.00053816694349293663)
145	24,0.000448434632688	(145, 0.00053816694349293663)
145	12,0.000501151736768	(145, 0.00053816694349293663)
145	145,0.000538166943493	(145, 0.00053816694349293663)
145	61,0.000565469242497	(145, 0.00053816694349293663)
145	22,0.000566343155942	(145, 0.00053816694349293663)
146	146,0.000169346380415	(146, 0.00016934638041502374)
146	12,0.000402906339993	(146, 0.00016934638041502374)
146	159,0.000432629156207	(146, 0.00016934638041502374)
146	137,0.000442503838627	(146, 0.00016934638041502374)
146	18,0.000455793572953	(146, 0.00016934638041502374)
146	151,0.000479084121533	(146, 0.00016934638041502374)
146	132,0.000483442708252	(146, 0.00016934638041502374)
146	46,0.000488064913643	(146, 0.00016934638041502374)
146	126,0.000490094066698	(146, 0.00016934638041502374)
146	171,0.000549193234949	(146, 0.00016934638041502374)
147	147,0.000163148888991	(147, 0.00016314888899091653)
147	63,0.000169354967377	(147, 0.00016314888899091653)
147	76,0.000173740967132	(147, 0.00016314888899091653)
147	18,0.000242708930666	(147, 0.00016314888899091653)
147	23,0.000256001356156	(147, 0.00016314888899091653)
147	121,0.000267951238383	(147, 0.00016314888899091653)
147	22,0.000274967175259	(147, 0.00016314888899091653)
147	132,0.000311649567816	(147, 0.00016314888899091653)
147	61,0.000313666044516	(147, 0.00016314888899091653)
147	171,0.000330203637482	(147, 0.00016314888899091653)
148	17,0.000229874919569	(148, 0.00025478931793469501)
148	148,0.000254789317935	(148, 0.00025478931793469501)
148	143,0.000303801970233	(148, 0.00025478931793469501)
148	100,0.00033216650944	(148, 0.00025478931793469501)
148	90,0.00036135891624	(148, 0.00025478931793469501)
148	49,0.000448394482373	(148, 0.00025478931793469501)
148	172,0.000464768893028	(148, 0.00025478931793469501)
148	37,0.000488476574824	(148, 0.00025478931793469501)
148	3,0.000512828576176	(148, 0.00025478931793469501)
148	40,0.000522250617596	(148, 0.00025478931793469501)
149	149,0.000772950332068	(149, 0.00077295033206786236)
149	32,0.000990554076761	(149, 0.00077295033206786236)
149	169,0.00123051008409	(149, 0.00077295033206786236)
149	33,0.00126641915765	(149, 0.00077295033206786236)
149	165,0.00182004377975	(149, 0.00077295033206786236)
149	156,0.00183204553686	(149, 0.00077295033206786236)
149	133,0.00187291735054	(149, 0.00077295033206786236)
149	27,0.00187954181044	(149, 0.00077295033206786236)
149	111,0.0018954913573	(149, 0.00077295033206786236)
149	91,0.00195963991103	(149, 0.00077295033206786236)
150	3,0.000208527747546	(150, 0.00029103410946960647)
150	11,0.000216595582033	(150, 0.00029103410946960647)
150	121,0.000255278560733	(150, 0.00029103410946960647)
150	63,0.000271415010986	(150, 0.00029103410946960647)
150	150,0.00029103410947	(150, 0.00029103410946960647)
150	162,0.00029971882834	(150, 0.00029103410946960647)
150	21,0.000300343978194	(150, 0.00029103410946960647)
150	117,0.000309339216076	(150, 0.00029103410946960647)
150	71,0.000323868874934	(150, 0.00029103410946960647)
150	76,0.000339491444957	(150, 0.00029103410946960647)
151	121,0.000161069185475	(151, 0.00030148629224475824)
151	151,0.000301486292245	(151, 0.00030148629224475824)
151	3,0.000334593519509	(151, 0.00030148629224475824)
151	132,0.000345139560129	(151, 0.00030148629224475824)
151	162,0.000366428207445	(151, 0.00030148629224475824)
151	11,0.000366477993034	(151, 0.00030148629224475824)
151	78,0.000367297043014	(151, 0.00030148629224475824)
151	22,0.000376600871263	(151, 0.00030148629224475824)
151	63,0.000384593114497	(151, 0.00030148629224475824)
151	81,0.000390975625835	(151, 0.00030148629224475824)
152	152,0.000318904693055	(152, 0.00031890469305505059)
152	35,0.000367830507547	(152, 0.00031890469305505059)
152	139,0.000391445410152	(152, 0.00031890469305505059)
152	88,0.000392960311322	(152, 0.00031890469305505059)
152	121,0.000437679699535	(152, 0.00031890469305505059)
152	18,0.000463892389385	(152, 0.00031890469305505059)
152	22,0.000489968779564	(152, 0.00031890469305505059)
152	12,0.000492318874698	(152, 0.00031890469305505059)
152	128,0.000524552872891	(152, 0.00031890469305505059)
152	107,0.000529228985647	(152, 0.00031890469305505059)
153	133,0.000511129721248	(153, 0.00070531245140213251)
153	153,0.000705312451402	(153, 0.00070531245140213251)
153	34,0.000726287571948	(153, 0.00070531245140213251)
153	91,0.000764874923786	(153, 0.00070531245140213251)
153	102,0.000770297713169	(153, 0.00070531245140213251)
153	103,0.000783727353096	(153, 0.00070531245140213251)
153	28,0.000822558392749	(153, 0.00070531245140213251)
153	130,0.000832745240671	(153, 0.00070531245140213251)
153	1,0.000869801015946	(153, 0.00070531245140213251)
153	53,0.000895106927201	(153, 0.00070531245140213251)
154	154,0.000191842718392	(154, 0.00019184271839182255)
154	174,0.000368123351556	(154, 0.00019184271839182255)
154	172,0.000447384188127	(154, 0.00019184271839182255)
154	40,0.000452516887093	(154, 0.00019184271839182255)
154	4,0.000524932438544	(154, 0.00019184271839182255)
154	69,0.000531618137795	(154, 0.00019184271839182255)
154	116,0.000544835360295	(154, 0.00019184271839182255)
154	56,0.000720149019197	(154, 0.00019184271839182255)
154	2,0.000745132508571	(154, 0.00019184271839182255)
154	48,0.000766976141125	(154, 0.00019184271839182255)
155	71,0.000199632471311	(155, 0.00043346901121656161)
155	11,0.000247784934956	(155, 0.00043346901121656161)
155	162,0.000299037266483	(155, 0.00043346901121656161)
155	1,0.0003712416223	(155, 0.00043346901121656161)
155	121,0.000375304410686	(155, 0.00043346901121656161)
155	77,0.00042009733632	(155, 0.00043346901121656161)
155	117,0.000426338655698	(155, 0.00043346901121656161)
155	155,0.000433469011217	(155, 0.00043346901121656161)
155	3,0.000451609548998	(155, 0.00043346901121656161)
155	21,0.00050643873683	(155, 0.00043346901121656161)
156	156,0.000389229305018	(156, 0.00038922930501784301)
156	144,0.000412710163904	(156, 0.00038922930501784301)
156	73,0.000431260314297	(156, 0.00038922930501784301)
156	109,0.000550705730239	(156, 0.00038922930501784301)
156	116,0.000582808709155	(156, 0.00038922930501784301)
156	93,0.000614677580193	(156, 0.00038922930501784301)
156	27,0.000628148573357	(156, 0.00038922930501784301)
156	50,0.000645953739263	(156, 0.00038922930501784301)
156	131,0.00064738549069	(156, 0.00038922930501784301)
156	84,0.0006851869956	(156, 0.00038922930501784301)
157	93,0.00037803979033	(157, 0.00048645075430044462)
157	12,0.000392588646617	(157, 0.00048645075430044462)
157	73,0.000392966237582	(157, 0.00048645075430044462)
157	128,0.000424223063816	(157, 0.00048645075430044462)
157	126,0.000463291312102	(157, 0.00048645075430044462)
157	22,0.000470024418014	(157, 0.00048645075430044462)
157	157,0.0004864507543	(157, 0.00048645075430044462)
157	81,0.000486612419813	(157, 0.00048645075430044462)
157	3,0.000487623030587	(157, 0.00048645075430044462)
157	78,0.000514143326612	(157, 0.00048645075430044462)
158	3,0.000228718762543	(158, 0.00073578490365634405)
158	77,0.00026418565674	(158, 0.00073578490365634405)
158	137,0.000280007588793	(158, 0.00073578490365634405)
158	117,0.000296965392124	(158, 0.00073578490365634405)
158	171,0.000308015503529	(158, 0.00073578490365634405)
158	11,0.000312719311584	(158, 0.00073578490365634405)
158	63,0.000312781606049	(158, 0.00073578490365634405)
158	76,0.000322910065125	(158, 0.00073578490365634405)
158	37,0.000324212452262	(158, 0.00073578490365634405)
158	21,0.000348125754326	(158, 0.00073578490365634405)
159	146,0.000167836670598	(159, 0.00050619731968606799)
159	137,0.000288801228029	(159, 0.00050619731968606799)
159	18,0.000300858524385	(159, 0.00050619731968606799)
159	46,0.000324397040837	(159, 0.00050619731968606799)
159	147,0.000339737359778	(159, 0.00050619731968606799)
159	150,0.000342762148945	(159, 0.00050619731968606799)
159	36,0.000344190474896	(159, 0.00050619731968606799)
159	81,0.000366078192457	(159, 0.00050619731968606799)
159	151,0.000369922754917	(159, 0.00050619731968606799)
159	3,0.000376509251823	(159, 0.00050619731968606799)
160	27,0.000535216100602	(160, 0.0029334289314679757)
160	164,0.000646008171845	(160, 0.0029334289314679757)
160	43,0.000670139070192	(160, 0.0029334289314679757)
160	38,0.000699358166166	(160, 0.0029334289314679757)
160	107,0.000720206858002	(160, 0.0029334289314679757)
160	50,0.000773561257704	(160, 0.0029334289314679757)
160	73,0.000774974264545	(160, 0.0029334289314679757)
160	24,0.000789813028254	(160, 0.0029334289314679757)
160	12,0.000802281349966	(160, 0.0029334289314679757)
160	109,0.000814324489865	(160, 0.0029334289314679757)
161	161,0.000205401335155	(161, 0.00020540133515524594)
161	65,0.000388297571433	(161, 0.00020540133515524594)
161	17,0.000441584841172	(161, 0.00020540133515524594)
161	155,0.000477105976273	(161, 0.00020540133515524594)
161	77,0.000502272540828	(161, 0.00020540133515524594)
161	71,0.000516539622257	(161, 0.00020540133515524594)
161	44,0.000528928335148	(161, 0.00020540133515524594)
161	68,0.000537225292855	(161, 0.00020540133515524594)
161	100,0.00054138061702	(161, 0.00020540133515524594)
161	120,0.00056383805999	(161, 0.00020540133515524594)
162	162,0.000207054166294	(162, 0.00020705416629362649)
162	117,0.000237201753094	(162, 0.00020705416629362649)
162	137,0.000301091539447	(162, 0.00020705416629362649)
162	86,0.000308663399025	(162, 0.00020705416629362649)
162	18,0.000309901234968	(162, 0.00020705416629362649)
162	11,0.000311115286882	(162, 0.00020705416629362649)
162	147,0.000315977342596	(162, 0.00020705416629362649)
162	3,0.000324527667714	(162, 0.00020705416629362649)
162	121,0.000325791442469	(162, 0.00020705416629362649)
162	76,0.000332108184332	(162, 0.00020705416629362649)
163	17,0.000304785083893	(163, 0.00058454719501972209)
163	100,0.000332630678259	(163, 0.00058454719501972209)
163	148,0.000377324044353	(163, 0.00058454719501972209)
163	172,0.000410744612756	(163, 0.00058454719501972209)
163	37,0.000428972949555	(163, 0.00058454719501972209)
163	143,0.000437598656385	(163, 0.00058454719501972209)
163	40,0.000439690560996	(163, 0.00058454719501972209)
163	3,0.000454975583325	(163, 0.00058454719501972209)
163	49,0.000476946787366	(163, 0.00058454719501972209)
163	83,0.000481786561878	(163, 0.00058454719501972209)
164	73,0.000551281806669	(164, 0.00061321449677269476)
164	156,0.000608054830462	(164, 0.00061321449677269476)
164	164,0.000613214496773	(164, 0.00061321449677269476)
164	27,0.000695230784544	(164, 0.00061321449677269476)
164	32,0.000753357179108	(164, 0.00061321449677269476)
164	131,0.000767492934579	(164, 0.00061321449677269476)
164	144,0.000813852616607	(164, 0.00061321449677269476)
164	107,0.00082751947597	(164, 0.00061321449677269476)
164	109,0.000827933953999	(164, 0.00061321449677269476)
164	13,0.000889334461825	(164, 0.00061321449677269476)
165	93,0.000488737130437	(165, 0.0006050139450333445)
165	116,0.000533135114941	(165, 0.0006050139450333445)
165	165,0.000605013945033	(165, 0.0006050139450333445)
165	144,0.000648925640029	(165, 0.0006050139450333445)
165	156,0.00066158534295	(165, 0.0006050139450333445)
165	73,0.000692977594611	(165, 0.0006050139450333445)
165	157,0.000741779802382	(165, 0.0006050139450333445)
165	131,0.000756501417441	(165, 0.0006050139450333445)
165	27,0.00085292089998	(165, 0.0006050139450333445)
165	101,0.000900699463465	(165, 0.0006050139450333445)
166	144,0.000530525730379	(166, 0.00079244014569546713)
166	116,0.000563156398601	(166, 0.00079244014569546713)
166	13,0.000721198739826	(166, 0.00079244014569546713)
166	157,0.000738875772381	(166, 0.00079244014569546713)
166	166,0.000792440145695	(166, 0.00079244014569546713)
166	93,0.00080300936449	(166, 0.00079244014569546713)
166	140,0.0008229203935	(166, 0.00079244014569546713)
166	124,0.000824079327024	(166, 0.00079244014569546713)
166	104,0.000886648613175	(166, 0.00079244014569546713)
166	69,0.000906638081821	(166, 0.00079244014569546713)
167	51,0.000775108991374	(167, 0.00096269503718957147)
167	32,0.000940778399705	(167, 0.00096269503718957147)
167	39,0.000961733869157	(167, 0.00096269503718957147)
167	167,0.00096269503719	(167, 0.00096269503718957147)
167	27,0.00102801317971	(167, 0.00096269503718957147)
167	169,0.00119653703209	(167, 0.00096269503718957147)
167	19,0.00126579185573	(167, 0.00096269503718957147)
167	138,0.00131917340267	(167, 0.00096269503718957147)
167	156,0.00136920283678	(167, 0.00096269503718957147)
167	164,0.00138962586871	(167, 0.00096269503718957147)
168	55,0.000355875519378	(168, 0.00050709121811603054)
168	12,0.000378967861696	(168, 0.00050709121811603054)
168	121,0.000389439128551	(168, 0.00050709121811603054)
168	18,0.000452806554758	(168, 0.00050709121811603054)
168	38,0.000491126127902	(168, 0.00050709121811603054)
168	152,0.000500138336305	(168, 0.00050709121811603054)
168	168,0.000507091218116	(168, 0.00050709121811603054)
168	86,0.000512820513352	(168, 0.00050709121811603054)
168	151,0.000524442336908	(168, 0.00050709121811603054)
168	78,0.000535948640459	(168, 0.00050709121811603054)
169	169,0.000583426190598	(169, 0.00058342619059766824)
169	156,0.000591395946987	(169, 0.00058342619059766824)
169	73,0.000659722513215	(169, 0.00058342619059766824)
169	109,0.000693448936449	(169, 0.00058342619059766824)
169	84,0.000774075157763	(169, 0.00058342619059766824)
169	144,0.00082149931461	(169, 0.00058342619059766824)
169	131,0.000872327022026	(169, 0.00058342619059766824)
169	116,0.000887894162019	(169, 0.00058342619059766824)
169	27,0.000911920397667	(169, 0.00058342619059766824)
169	99,0.000921820173593	(169, 0.00058342619059766824)
170	170,0.000595791230378	(170, 0.00059579123037825036)
170	144,0.000628821188265	(170, 0.00059579123037825036)
170	27,0.000660096150498	(170, 0.00059579123037825036)
170	99,0.000683301094988	(170, 0.00059579123037825036)
170	84,0.000720817391935	(170, 0.00059579123037825036)
170	0,0.00072649561416	(170, 0.00059579123037825036)
170	109,0.000730162811753	(170, 0.00059579123037825036)
170	73,0.000790669729583	(170, 0.00059579123037825036)
170	19,0.000831795232583	(170, 0.00059579123037825036)
170	124,0.000912526523592	(170, 0.00059579123037825036)
171	27,0.000484202896739	(171, 0.0017470155692650786)
171	73,0.000522801607577	(171, 0.0017470155692650786)
171	156,0.000617973600416	(171, 0.0017470155692650786)
171	144,0.000695168034614	(171, 0.0017470155692650786)
171	19,0.000723587561122	(171, 0.0017470155692650786)
171	32,0.000732434313133	(171, 0.0017470155692650786)
171	169,0.000782249196302	(171, 0.0017470155692650786)
171	99,0.000807140125503	(171, 0.0017470155692650786)
171	84,0.000815122744327	(171, 0.0017470155692650786)
171	101,0.000822310483898	(171, 0.0017470155692650786)
172	172,0.000172143003627	(172, 0.00017214300362668346)
172	137,0.000217986321697	(172, 0.00017214300362668346)
172	3,0.000218663737781	(172, 0.00017214300362668346)
172	37,0.000296232673778	(172, 0.00017214300362668346)
172	171,0.000319454800121	(172, 0.00017214300362668346)
172	90,0.000322249034414	(172, 0.00017214300362668346)
172	17,0.000329121260046	(172, 0.00017214300362668346)
172	77,0.000331698504354	(172, 0.00017214300362668346)
172	136,0.000358506355812	(172, 0.00017214300362668346)
172	81,0.00037796008787	(172, 0.00017214300362668346)
173	107,0.000529903094196	(173, 0.0010608984622291272)
173	27,0.000532993182896	(173, 0.0010608984622291272)
173	158,0.000568629447369	(173, 0.0010608984622291272)
173	128,0.000581276550587	(173, 0.0010608984622291272)
173	24,0.000624729478269	(173, 0.0010608984622291272)
173	156,0.000682215900266	(173, 0.0010608984622291272)
173	78,0.000700588391796	(173, 0.0010608984622291272)
173	38,0.000704980594438	(173, 0.0010608984622291272)
173	99,0.000753494754963	(173, 0.0010608984622291272)
173	43,0.000771652400865	(173, 0.0010608984622291272)
174	174,0.000243945922406	(174, 0.00024394592240632656)
174	15,0.000324301382229	(174, 0.00024394592240632656)
174	56,0.00032554738439	(174, 0.00024394592240632656)
174	120,0.000399230284732	(174, 0.00024394592240632656)
174	69,0.00040525600411	(174, 0.00024394592240632656)
174	17,0.000405358353295	(174, 0.00024394592240632656)
174	154,0.000463055649899	(174, 0.00024394592240632656)
174	4,0.000478092143767	(174, 0.00024394592240632656)
174	172,0.000503110677639	(174, 0.00024394592240632656)
174	40,0.000558999322392	(174, 0.00024394592240632656)
