0	0,0.0724924714326	(0, 0.072492471432638955)
0	38,0.157618999971	(0, 0.072492471432638955)
0	84,0.163593063485	(0, 0.072492471432638955)
0	109,0.168556942484	(0, 0.072492471432638955)
0	99,0.176932786827	(0, 0.072492471432638955)
0	170,0.191770153208	(0, 0.072492471432638955)
0	144,0.195270366931	(0, 0.072492471432638955)
0	173,0.207322846375	(0, 0.072492471432638955)
0	164,0.210874150783	(0, 0.072492471432638955)
0	14,0.21520153219	(0, 0.072492471432638955)
1	1,0.0565380314936	(1, 0.056538031493577404)
1	102,0.0917541717039	(1, 0.056538031493577404)
1	28,0.094112404027	(1, 0.056538031493577404)
1	103,0.0963931621274	(1, 0.056538031493577404)
1	91,0.104954695405	(1, 0.056538031493577404)
1	155,0.114824736554	(1, 0.056538031493577404)
1	153,0.124485740747	(1, 0.056538031493577404)
1	114,0.127162528249	(1, 0.056538031493577404)
1	53,0.127388984232	(1, 0.056538031493577404)
1	41,0.131937034886	(1, 0.056538031493577404)
2	154,0.0672790668792	(2, 0.11784749588714363)
2	4,0.0741388688851	(2, 0.11784749588714363)
2	174,0.101215420288	(2, 0.11784749588714363)
2	69,0.103138193202	(2, 0.11784749588714363)
2	40,0.10978524008	(2, 0.11784749588714363)
2	2,0.117847495887	(2, 0.11784749588714363)
2	172,0.122191209178	(2, 0.11784749588714363)
2	25,0.134030432293	(2, 0.11784749588714363)
2	148,0.145497963758	(2, 0.11784749588714363)
2	15,0.151466365488	(2, 0.11784749588714363)
3	3,0.0290319934578	(3, 0.029031993457827948)
3	63,0.0475292870482	(3, 0.029031993457827948)
3	81,0.05390991424	(3, 0.029031993457827948)
3	132,0.0586807762596	(3, 0.029031993457827948)
3	11,0.0651050210458	(3, 0.029031993457827948)
3	147,0.0667920306083	(3, 0.029031993457827948)
3	150,0.0677607842074	(3, 0.029031993457827948)
3	162,0.0704103812154	(3, 0.029031993457827948)
3	137,0.0713111456971	(3, 0.029031993457827948)
3	121,0.0720270485869	(3, 0.029031993457827948)
4	172,0.0486697083691	(4, 0.072949572569727672)
4	17,0.0614229984189	(4, 0.072949572569727672)
4	40,0.0680791129629	(4, 0.072949572569727672)
4	13,0.0684915915343	(4, 0.072949572569727672)
4	69,0.0716769267725	(4, 0.072949572569727672)
4	4,0.0729495725697	(4, 0.072949572569727672)
4	37,0.0753992408213	(4, 0.072949572569727672)
4	120,0.0808119955586	(4, 0.072949572569727672)
4	174,0.0857123828871	(4, 0.072949572569727672)
4	77,0.0897669411179	(4, 0.072949572569727672)
5	73,0.065312293688	(5, 0.26061076053725418)
5	107,0.119786813296	(5, 0.26061076053725418)
5	95,0.124502275615	(5, 0.26061076053725418)
5	93,0.126319909056	(5, 0.26061076053725418)
5	78,0.13265207218	(5, 0.26061076053725418)
5	1,0.133832336099	(5, 0.26061076053725418)
5	26,0.134049711886	(5, 0.26061076053725418)
5	128,0.138826062771	(5, 0.26061076053725418)
5	124,0.145121037395	(5, 0.26061076053725418)
5	158,0.146025304549	(5, 0.26061076053725418)
6	139,0.0387688187513	(6, 0.058295322203433558)
6	46,0.0466862494224	(6, 0.058295322203433558)
6	6,0.0582953222034	(6, 0.058295322203433558)
6	76,0.0631702651787	(6, 0.058295322203433558)
6	22,0.0649650222436	(6, 0.058295322203433558)
6	18,0.0691939083788	(6, 0.058295322203433558)
6	158,0.0728413690604	(6, 0.058295322203433558)
6	171,0.0767555829932	(6, 0.058295322203433558)
6	132,0.076891127911	(6, 0.058295322203433558)
6	35,0.0804037914867	(6, 0.058295322203433558)
7	66,0.266593110556	(7, 0.4995833472755366)
7	167,0.371131279955	(7, 0.4995833472755366)
7	32,0.408065021828	(7, 0.4995833472755366)
7	51,0.428060462678	(7, 0.4995833472755366)
7	80,0.428266331878	(7, 0.4995833472755366)
7	169,0.428296196038	(7, 0.4995833472755366)
7	133,0.467091936001	(7, 0.4995833472755366)
7	160,0.487472367656	(7, 0.4995833472755366)
7	149,0.490198182742	(7, 0.4995833472755366)
7	7,0.499583347276	(7, 0.4995833472755366)
8	11,0.0604467357282	(8, 0.10362883512637164)
8	121,0.081955251002	(8, 0.10362883512637164)
8	162,0.0852140066931	(8, 0.10362883512637164)
8	71,0.0860818152852	(8, 0.10362883512637164)
8	73,0.0867526625045	(8, 0.10362883512637164)
8	3,0.0897137751565	(8, 0.10362883512637164)
8	13,0.0926594699973	(8, 0.10362883512637164)
8	1,0.096871917199	(8, 0.10362883512637164)
8	155,0.102198953587	(8, 0.10362883512637164)
8	86,0.103317427777	(8, 0.10362883512637164)
9	9,0.0939432569947	(9, 0.093943256994670918)
9	155,0.202621213932	(9, 0.093943256994670918)
9	114,0.220574671477	(9, 0.093943256994670918)
9	91,0.238547502165	(9, 0.093943256994670918)
9	53,0.25653947135	(9, 0.093943256994670918)
9	124,0.265294077213	(9, 0.093943256994670918)
9	41,0.298269183666	(9, 0.093943256994670918)
9	28,0.322270816646	(9, 0.093943256994670918)
9	65,0.326539952443	(9, 0.093943256994670918)
9	1,0.329332479629	(9, 0.093943256994670918)
10	10,0.140105778043	(10, 0.14010577804281243)
10	47,0.208152653481	(10, 0.14010577804281243)
10	167,0.344425758848	(10, 0.14010577804281243)
10	99,0.353629117718	(10, 0.14010577804281243)
10	84,0.369338478112	(10, 0.14010577804281243)
10	173,0.381101236247	(10, 0.14010577804281243)
10	166,0.389114325858	(10, 0.14010577804281243)
10	72,0.404726390911	(10, 0.14010577804281243)
10	138,0.410076116417	(10, 0.14010577804281243)
10	14,0.412307323312	(10, 0.14010577804281243)
11	11,0.0276301453089	(11, 0.027630145308891033)
11	119,0.0643257796303	(11, 0.027630145308891033)
11	81,0.0643612142301	(11, 0.027630145308891033)
11	3,0.0723533229394	(11, 0.027630145308891033)
11	37,0.0737089050075	(11, 0.027630145308891033)
11	96,0.0870718022849	(11, 0.027630145308891033)
11	115,0.0891916280964	(11, 0.027630145308891033)
11	86,0.0970900715798	(11, 0.027630145308891033)
11	13,0.0980807775866	(11, 0.027630145308891033)
11	71,0.0995671123971	(11, 0.027630145308891033)
12	22,0.0427784124994	(12, 0.047835144983198088)
12	12,0.0478351449832	(12, 0.047835144983198088)
12	126,0.049726793186	(12, 0.047835144983198088)
12	76,0.0497751111095	(12, 0.047835144983198088)
12	121,0.0537774699334	(12, 0.047835144983198088)
12	151,0.0541282976194	(12, 0.047835144983198088)
12	18,0.0569433529957	(12, 0.047835144983198088)
12	132,0.0599310706837	(12, 0.047835144983198088)
12	86,0.060042797374	(12, 0.047835144983198088)
12	137,0.061281384768	(12, 0.047835144983198088)
13	172,0.0472757402594	(13, 0.080305616742894131)
13	11,0.0514686302475	(13, 0.080305616742894131)
13	17,0.0536554670865	(13, 0.080305616742894131)
13	3,0.0550553100325	(13, 0.080305616742894131)
13	77,0.0587309665222	(13, 0.080305616742894131)
13	162,0.0619825853715	(13, 0.080305616742894131)
13	81,0.0636430965136	(13, 0.080305616742894131)
13	143,0.0647453245348	(13, 0.080305616742894131)
13	90,0.0683371636538	(13, 0.080305616742894131)
13	71,0.0705168629983	(13, 0.080305616742894131)
14	72,0.0594823373901	(14, 0.073406347583488157)
14	14,0.0734063475835	(14, 0.073406347583488157)
14	159,0.116146978025	(14, 0.073406347583488157)
14	144,0.129461211288	(14, 0.073406347583488157)
14	109,0.137372631738	(14, 0.073406347583488157)
14	84,0.138141949803	(14, 0.073406347583488157)
14	123,0.13815337501	(14, 0.073406347583488157)
14	145,0.139190183031	(14, 0.073406347583488157)
14	131,0.139713144295	(14, 0.073406347583488157)
14	116,0.146968628027	(14, 0.073406347583488157)
15	15,0.0399731546269	(15, 0.039973154626860741)
15	17,0.0528646960659	(15, 0.039973154626860741)
15	174,0.0802923025236	(15, 0.039973154626860741)
15	56,0.0839065335059	(15, 0.039973154626860741)
15	120,0.0867024152528	(15, 0.039973154626860741)
15	77,0.0946474058934	(15, 0.039973154626860741)
15	49,0.0956173413668	(15, 0.039973154626860741)
15	69,0.0978233008117	(15, 0.039973154626860741)
15	59,0.0979332310587	(15, 0.039973154626860741)
15	100,0.0991828964699	(15, 0.039973154626860741)
16	170,0.0966349321825	(16, 0.098188755734105099)
16	16,0.0981887557341	(16, 0.098188755734105099)
16	19,0.117833080217	(16, 0.098188755734105099)
16	0,0.140639620249	(16, 0.098188755734105099)
16	114,0.153240592466	(16, 0.098188755734105099)
16	27,0.153477346872	(16, 0.098188755734105099)
16	101,0.164112201935	(16, 0.098188755734105099)
16	144,0.164146152857	(16, 0.098188755734105099)
16	164,0.168005632637	(16, 0.098188755734105099)
16	73,0.169912820619	(16, 0.098188755734105099)
17	17,0.029846171345	(17, 0.029846171344951468)
17	172,0.0463537241781	(17, 0.029846171344951468)
17	77,0.0593107013475	(17, 0.029846171344951468)
17	100,0.0656623525535	(17, 0.029846171344951468)
17	143,0.070013796626	(17, 0.029846171344951468)
17	90,0.0728818585065	(17, 0.029846171344951468)
17	136,0.0736032698206	(17, 0.029846171344951468)
17	49,0.0754152623464	(17, 0.029846171344951468)
17	37,0.0765176364216	(17, 0.029846171344951468)
17	74,0.0811257093543	(17, 0.029846171344951468)
18	18,0.0323773473641	(18, 0.032377347364145805)
18	88,0.0454279355223	(18, 0.032377347364145805)
18	22,0.0476209777908	(18, 0.032377347364145805)
18	61,0.0485732001638	(18, 0.032377347364145805)
18	76,0.0508939135688	(18, 0.032377347364145805)
18	121,0.0509671103632	(18, 0.032377347364145805)
18	35,0.0520946091946	(18, 0.032377347364145805)
18	147,0.0608920041374	(18, 0.032377347364145805)
18	23,0.0622511715016	(18, 0.032377347364145805)
18	132,0.0625060703717	(18, 0.032377347364145805)
19	19,0.119113957488	(19, 0.11911395748769876)
19	27,0.13255423408	(19, 0.11911395748769876)
19	43,0.132803034565	(19, 0.11911395748769876)
19	99,0.152182963608	(19, 0.11911395748769876)
19	32,0.184369016379	(19, 0.11911395748769876)
19	164,0.193032315277	(19, 0.11911395748769876)
19	107,0.196243547753	(19, 0.11911395748769876)
19	84,0.202627840563	(19, 0.11911395748769876)
19	39,0.218679772835	(19, 0.11911395748769876)
19	138,0.224187555537	(19, 0.11911395748769876)
20	73,0.083300096862	(20, 0.089837136066687751)
20	20,0.0898371360667	(20, 0.089837136066687751)
20	124,0.101713383558	(20, 0.089837136066687751)
20	93,0.105344757063	(20, 0.089837136066687751)
20	109,0.118639859495	(20, 0.089837136066687751)
20	1,0.120977029449	(20, 0.089837136066687751)
20	89,0.121030086625	(20, 0.089837136066687751)
20	128,0.123043505053	(20, 0.089837136066687751)
20	157,0.124304079172	(20, 0.089837136066687751)
20	78,0.135579276383	(20, 0.089837136066687751)
21	121,0.0447721266724	(21, 0.084764138474827569)
21	71,0.0452589533906	(21, 0.084764138474827569)
21	11,0.0506126287856	(21, 0.084764138474827569)
21	162,0.053235782549	(21, 0.084764138474827569)
21	117,0.0570561245868	(21, 0.084764138474827569)
21	22,0.0669579551436	(21, 0.084764138474827569)
21	23,0.067080944835	(21, 0.084764138474827569)
21	86,0.077615431556	(21, 0.084764138474827569)
21	76,0.0782856612738	(21, 0.084764138474827569)
21	63,0.0808760077943	(21, 0.084764138474827569)
22	22,0.0401002228249	(22, 0.040100222824886671)
22	117,0.0425670327803	(22, 0.040100222824886671)
22	139,0.0481758587433	(22, 0.040100222824886671)
22	76,0.0496041049645	(22, 0.040100222824886671)
22	46,0.0518900169581	(22, 0.040100222824886671)
22	132,0.052217279895	(22, 0.040100222824886671)
22	18,0.0614627116322	(22, 0.040100222824886671)
22	3,0.0636453959674	(22, 0.040100222824886671)
22	137,0.0657759377711	(22, 0.040100222824886671)
22	63,0.0658259996741	(22, 0.040100222824886671)
23	23,0.027695335217	(23, 0.027695335216996193)
23	61,0.0322800424788	(23, 0.027695335216996193)
23	26,0.0848827397829	(23, 0.027695335216996193)
23	63,0.101451416296	(23, 0.027695335216996193)
23	78,0.102361659196	(23, 0.027695335216996193)
23	121,0.104978060765	(23, 0.027695335216996193)
23	147,0.110255841119	(23, 0.027695335216996193)
23	76,0.11319979141	(23, 0.027695335216996193)
23	162,0.115899378328	(23, 0.027695335216996193)
23	70,0.12169623462	(23, 0.027695335216996193)
24	24,0.0406813919302	(24, 0.040681391930163728)
24	107,0.101803823369	(24, 0.040681391930163728)
24	27,0.103691254919	(24, 0.040681391930163728)
24	61,0.123231066917	(24, 0.040681391930163728)
24	158,0.125207703402	(24, 0.040681391930163728)
24	50,0.126577779661	(24, 0.040681391930163728)
24	135,0.133541607998	(24, 0.040681391930163728)
24	22,0.135596963921	(24, 0.040681391930163728)
24	73,0.136687059927	(24, 0.040681391930163728)
24	12,0.139026803898	(24, 0.040681391930163728)
25	69,0.0399181157869	(25, 0.048389118983025933)
25	25,0.048389118983	(25, 0.048389118983025933)
25	40,0.0541453090577	(25, 0.048389118983025933)
25	4,0.0668612092986	(25, 0.048389118983025933)
25	15,0.0712337641737	(25, 0.048389118983025933)
25	148,0.0817806556737	(25, 0.048389118983025933)
25	79,0.0950111298549	(25, 0.048389118983025933)
25	154,0.0986685781472	(25, 0.048389118983025933)
25	56,0.107306615613	(25, 0.048389118983025933)
25	17,0.112111662405	(25, 0.048389118983025933)
26	63,0.0431467778252	(26, 0.10613087051447535)
26	162,0.0466299613734	(26, 0.10613087051447535)
26	121,0.0479392356431	(26, 0.10613087051447535)
26	3,0.0489403767509	(26, 0.10613087051447535)
26	18,0.0492071051921	(26, 0.10613087051447535)
26	76,0.0507838937701	(26, 0.10613087051447535)
26	117,0.0522522838277	(26, 0.10613087051447535)
26	11,0.053742469165	(26, 0.10613087051447535)
26	150,0.0551944754049	(26, 0.10613087051447535)
26	147,0.057839971006	(26, 0.10613087051447535)
27	78,0.0827730370126	(27, 0.1146053784637735)
27	73,0.0903173233733	(27, 0.1146053784637735)
27	170,0.0924802052961	(27, 0.1146053784637735)
27	26,0.0962669706958	(27, 0.1146053784637735)
27	121,0.0971885642693	(27, 0.1146053784637735)
27	61,0.0998577125418	(27, 0.1146053784637735)
27	128,0.113422312633	(27, 0.1146053784637735)
27	27,0.114605378464	(27, 0.1146053784637735)
27	101,0.119666186933	(27, 0.1146053784637735)
27	107,0.121987228576	(27, 0.1146053784637735)
28	1,0.0742298615956	(28, 0.1010450007774058)
28	13,0.0902190087481	(28, 0.1010450007774058)
28	3,0.0906006493867	(28, 0.1010450007774058)
28	73,0.0967512974209	(28, 0.1010450007774058)
28	28,0.101045000777	(28, 0.1010450007774058)
28	26,0.119284607957	(28, 0.1010450007774058)
28	53,0.120930033576	(28, 0.1010450007774058)
28	155,0.121276915595	(28, 0.1010450007774058)
28	93,0.124127235117	(28, 0.1010450007774058)
28	83,0.125338403732	(28, 0.1010450007774058)
29	29,0.0463244093098	(29, 0.046324409309798385)
29	77,0.0511052797205	(29, 0.046324409309798385)
29	71,0.0724125111097	(29, 0.046324409309798385)
29	135,0.0768011805467	(29, 0.046324409309798385)
29	73,0.0843990605834	(29, 0.046324409309798385)
29	13,0.0901881594975	(29, 0.046324409309798385)
29	1,0.091203703798	(29, 0.046324409309798385)
29	172,0.0923172378053	(29, 0.046324409309798385)
29	3,0.092442682213	(29, 0.046324409309798385)
29	11,0.0935531831306	(29, 0.046324409309798385)
30	30,0.110915676567	(30, 0.11091567656669506)
30	91,0.14011731623	(30, 0.11091567656669506)
30	28,0.155748715192	(30, 0.11091567656669506)
30	103,0.168493642591	(30, 0.11091567656669506)
30	153,0.194213782381	(30, 0.11091567656669506)
30	1,0.195712946452	(30, 0.11091567656669506)
30	53,0.209781923218	(30, 0.11091567656669506)
30	102,0.210675196615	(30, 0.11091567656669506)
30	133,0.221257563457	(30, 0.11091567656669506)
30	155,0.22224194526	(30, 0.11091567656669506)
31	166,0.119702335193	(31, 0.13804792573785757)
31	31,0.138047925738	(31, 0.13804792573785757)
31	72,0.169193264682	(31, 0.13804792573785757)
31	116,0.181728183132	(31, 0.13804792573785757)
31	131,0.203597221066	(31, 0.13804792573785757)
31	144,0.206913879162	(31, 0.13804792573785757)
31	124,0.209579351204	(31, 0.13804792573785757)
31	104,0.210607349087	(31, 0.13804792573785757)
31	69,0.218234206292	(31, 0.13804792573785757)
31	123,0.224479958029	(31, 0.13804792573785757)
32	156,0.098816657225	(32, 0.10106326497951253)
32	32,0.10106326498	(32, 0.10106326497951253)
32	27,0.112461429438	(32, 0.10106326497951253)
32	164,0.138770816223	(32, 0.10106326497951253)
32	73,0.147371896362	(32, 0.10106326497951253)
32	50,0.149098084276	(32, 0.10106326497951253)
32	107,0.16149962304	(32, 0.10106326497951253)
32	131,0.185398040287	(32, 0.10106326497951253)
32	144,0.190227351853	(32, 0.10106326497951253)
32	109,0.194279524256	(32, 0.10106326497951253)
33	33,0.0911308295321	(33, 0.091130829532124827)
33	4,0.133846127814	(33, 0.091130829532124827)
33	116,0.144535629096	(33, 0.091130829532124827)
33	106,0.147305342237	(33, 0.091130829532124827)
33	69,0.148454109662	(33, 0.091130829532124827)
33	28,0.167876052228	(33, 0.091130829532124827)
33	156,0.168963834362	(33, 0.091130829532124827)
33	73,0.172099874926	(33, 0.091130829532124827)
33	93,0.173772468213	(33, 0.091130829532124827)
33	40,0.177157216605	(33, 0.091130829532124827)
34	15,0.0563710789783	(34, 0.15004212703321851)
34	17,0.0600923503381	(34, 0.15004212703321851)
34	69,0.0701015730809	(34, 0.15004212703321851)
34	120,0.0765398827141	(34, 0.15004212703321851)
34	40,0.0771073030142	(34, 0.15004212703321851)
34	172,0.0785333995092	(34, 0.15004212703321851)
34	148,0.0823711763799	(34, 0.15004212703321851)
34	174,0.0825618996042	(34, 0.15004212703321851)
34	4,0.0853786757683	(34, 0.15004212703321851)
34	83,0.0939106986306	(34, 0.15004212703321851)
35	35,0.0341411922701	(35, 0.034141192270111573)
35	18,0.0565909992526	(35, 0.034141192270111573)
35	88,0.0587350978813	(35, 0.034141192270111573)
35	12,0.0818298344857	(35, 0.034141192270111573)
35	22,0.0888004130804	(35, 0.034141192270111573)
35	152,0.0956820781997	(35, 0.034141192270111573)
35	121,0.0962158250665	(35, 0.034141192270111573)
35	139,0.0968934784782	(35, 0.034141192270111573)
35	159,0.0996657687965	(35, 0.034141192270111573)
35	38,0.0998094946009	(35, 0.034141192270111573)
36	147,0.0284678553054	(36, 0.042101119308337695)
36	76,0.0303896399001	(36, 0.042101119308337695)
36	46,0.03761742874	(36, 0.042101119308337695)
36	18,0.0394363623531	(36, 0.042101119308337695)
36	36,0.0421011193083	(36, 0.042101119308337695)
36	63,0.0443493576436	(36, 0.042101119308337695)
36	171,0.0527456798854	(36, 0.042101119308337695)
36	88,0.0561514335288	(36, 0.042101119308337695)
36	22,0.0622029949282	(36, 0.042101119308337695)
36	35,0.0641502142717	(36, 0.042101119308337695)
37	3,0.0399947758142	(37, 0.046125644475138491)
37	37,0.0461256444751	(37, 0.046125644475138491)
37	11,0.0485431597968	(37, 0.046125644475138491)
37	77,0.0548770959905	(37, 0.046125644475138491)
37	100,0.0558841318497	(37, 0.046125644475138491)
37	21,0.0679899070832	(37, 0.046125644475138491)
37	90,0.0680786884878	(37, 0.046125644475138491)
37	136,0.073375684689	(37, 0.046125644475138491)
37	143,0.0746145517253	(37, 0.046125644475138491)
37	81,0.0755542931057	(37, 0.046125644475138491)
38	38,0.0361964566526	(38, 0.036196456652553916)
38	12,0.0823018174148	(38, 0.036196456652553916)
38	14,0.0896883714492	(38, 0.036196456652553916)
38	55,0.0972282494119	(38, 0.036196456652553916)
38	43,0.126937526957	(38, 0.036196456652553916)
38	50,0.131896460959	(38, 0.036196456652553916)
38	105,0.134487905244	(38, 0.036196456652553916)
38	159,0.135644964608	(38, 0.036196456652553916)
38	107,0.138420831088	(38, 0.036196456652553916)
38	128,0.14251250364	(38, 0.036196456652553916)
39	39,0.0804659523215	(39, 0.080465952321468026)
39	99,0.182690152855	(39, 0.080465952321468026)
39	51,0.186881666546	(39, 0.080465952321468026)
39	169,0.187541417542	(39, 0.080465952321468026)
39	101,0.195008234078	(39, 0.080465952321468026)
39	84,0.196454886256	(39, 0.080465952321468026)
39	27,0.196991887371	(39, 0.080465952321468026)
39	156,0.198674491645	(39, 0.080465952321468026)
39	107,0.21487845827	(39, 0.080465952321468026)
39	138,0.220000796087	(39, 0.080465952321468026)
40	40,0.0317475239754	(40, 0.031747523975354255)
40	69,0.0521666102087	(40, 0.031747523975354255)
40	79,0.0670632391576	(40, 0.031747523975354255)
40	172,0.0683215274269	(40, 0.031747523975354255)
40	17,0.076470613892	(40, 0.031747523975354255)
40	148,0.078649697974	(40, 0.031747523975354255)
40	15,0.0787814192304	(40, 0.031747523975354255)
40	4,0.078912191904	(40, 0.031747523975354255)
40	25,0.0828194064918	(40, 0.031747523975354255)
40	56,0.0865108283178	(40, 0.031747523975354255)
41	41,0.0493232189549	(41, 0.049323218954916037)
41	155,0.0802515595949	(41, 0.049323218954916037)
41	1,0.132047557875	(41, 0.049323218954916037)
41	20,0.139025305335	(41, 0.049323218954916037)
41	91,0.139769728082	(41, 0.049323218954916037)
41	124,0.147506736977	(41, 0.049323218954916037)
41	101,0.155828573789	(41, 0.049323218954916037)
41	102,0.18017196058	(41, 0.049323218954916037)
41	71,0.180573890198	(41, 0.049323218954916037)
41	114,0.184920356935	(41, 0.049323218954916037)
42	163,0.150879765819	(42, 0.3132761280891232)
42	69,0.1871009318	(42, 0.3132761280891232)
42	53,0.195691589987	(42, 0.3132761280891232)
42	28,0.205075802701	(42, 0.3132761280891232)
42	118,0.215842539027	(42, 0.3132761280891232)
42	97,0.224375702941	(42, 0.3132761280891232)
42	140,0.230177844652	(42, 0.3132761280891232)
42	44,0.233115957292	(42, 0.3132761280891232)
42	34,0.233745993359	(42, 0.3132761280891232)
42	65,0.246256396314	(42, 0.3132761280891232)
43	22,0.0530318159178	(43, 0.10717292236188719)
43	12,0.0587665791888	(43, 0.10717292236188719)
43	121,0.067027799559	(43, 0.10717292236188719)
43	128,0.0679228258366	(43, 0.10717292236188719)
43	61,0.0688883915448	(43, 0.10717292236188719)
43	78,0.0699536854285	(43, 0.10717292236188719)
43	158,0.0700802851795	(43, 0.10717292236188719)
43	50,0.0762566483024	(43, 0.10717292236188719)
43	18,0.0762944163764	(43, 0.10717292236188719)
43	23,0.0800141967369	(43, 0.10717292236188719)
44	109,0.0782917149464	(44, 0.30997468854793314)
44	124,0.0910917160496	(44, 0.30997468854793314)
44	116,0.0965843495647	(44, 0.30997468854793314)
44	73,0.101804704934	(44, 0.30997468854793314)
44	93,0.109493943218	(44, 0.30997468854793314)
44	144,0.111791599829	(44, 0.30997468854793314)
44	84,0.120521983745	(44, 0.30997468854793314)
44	159,0.124426264032	(44, 0.30997468854793314)
44	12,0.12703230731	(44, 0.30997468854793314)
44	115,0.130312861405	(44, 0.30997468854793314)
45	45,0.121994100617	(45, 0.12199410061740878)
45	130,0.16003668134	(45, 0.12199410061740878)
45	34,0.17726148904	(45, 0.12199410061740878)
45	94,0.187428704268	(45, 0.12199410061740878)
45	15,0.210078354873	(45, 0.12199410061740878)
45	98,0.217707667828	(45, 0.12199410061740878)
45	25,0.220431511785	(45, 0.12199410061740878)
45	133,0.225605589873	(45, 0.12199410061740878)
45	53,0.233703801951	(45, 0.12199410061740878)
45	83,0.234487332468	(45, 0.12199410061740878)
46	46,0.0198818719094	(46, 0.019881871909413439)
46	36,0.030264553561	(46, 0.019881871909413439)
46	171,0.0360180787062	(46, 0.019881871909413439)
46	76,0.0427260412016	(46, 0.019881871909413439)
46	137,0.0460971052949	(46, 0.019881871909413439)
46	147,0.0518743838186	(46, 0.019881871909413439)
46	63,0.059286623803	(46, 0.019881871909413439)
46	18,0.0640443984014	(46, 0.019881871909413439)
46	139,0.0665884850847	(46, 0.019881871909413439)
46	146,0.0687341672257	(46, 0.019881871909413439)
47	99,0.150397520842	(47, 0.17963256174809927)
47	10,0.167271810574	(47, 0.17963256174809927)
47	19,0.176943658658	(47, 0.17963256174809927)
47	47,0.179632561748	(47, 0.17963256174809927)
47	27,0.184275534761	(47, 0.17963256174809927)
47	138,0.193169768391	(47, 0.17963256174809927)
47	84,0.200593934324	(47, 0.17963256174809927)
47	43,0.203427904665	(47, 0.17963256174809927)
47	0,0.227345568015	(47, 0.17963256174809927)
47	173,0.231543293838	(47, 0.17963256174809927)
48	56,0.0806444917053	(48, 0.089146029283284717)
48	120,0.0821563848491	(48, 0.089146029283284717)
48	48,0.0891460292833	(48, 0.089146029283284717)
48	69,0.0894509908302	(48, 0.089146029283284717)
48	97,0.0982050530122	(48, 0.089146029283284717)
48	40,0.102467366048	(48, 0.089146029283284717)
48	4,0.110367324174	(48, 0.089146029283284717)
48	174,0.115799130149	(48, 0.089146029283284717)
48	124,0.12133631517	(48, 0.089146029283284717)
48	154,0.125398192312	(48, 0.089146029283284717)
49	49,0.0661662410923	(49, 0.066166241092343994)
49	98,0.0754597646907	(49, 0.066166241092343994)
49	59,0.0817251151954	(49, 0.066166241092343994)
49	15,0.0894680337152	(49, 0.066166241092343994)
49	77,0.099383140819	(49, 0.066166241092343994)
49	100,0.103650085527	(49, 0.066166241092343994)
49	172,0.1135429264	(49, 0.066166241092343994)
49	83,0.11709760058	(49, 0.066166241092343994)
49	17,0.119544459177	(49, 0.066166241092343994)
49	37,0.137993358468	(49, 0.066166241092343994)
50	50,0.0334521249052	(50, 0.033452124905180104)
50	12,0.0915147168633	(50, 0.033452124905180104)
50	107,0.10117243712	(50, 0.033452124905180104)
50	158,0.10490788678	(50, 0.033452124905180104)
50	171,0.113015613217	(50, 0.033452124905180104)
50	128,0.114409532819	(50, 0.033452124905180104)
50	22,0.114823818631	(50, 0.033452124905180104)
50	38,0.12077294008	(50, 0.033452124905180104)
50	76,0.122317246241	(50, 0.033452124905180104)
50	88,0.133573422845	(50, 0.033452124905180104)
51	124,0.0585706977589	(51, 0.24591726277162743)
51	155,0.090872189166	(51, 0.24591726277162743)
51	73,0.0921798457469	(51, 0.24591726277162743)
51	53,0.106219689853	(51, 0.24591726277162743)
51	157,0.113655856758	(51, 0.24591726277162743)
51	93,0.128236183594	(51, 0.24591726277162743)
51	1,0.130903915592	(51, 0.24591726277162743)
51	28,0.134054838336	(51, 0.24591726277162743)
51	41,0.1355734398	(51, 0.24591726277162743)
51	20,0.137836203316	(51, 0.24591726277162743)
52	53,0.0865395154327	(52, 0.31739423928190685)
52	44,0.0936937283389	(52, 0.31739423928190685)
52	65,0.112207069761	(52, 0.31739423928190685)
52	155,0.112803953604	(52, 0.31739423928190685)
52	163,0.118089992245	(52, 0.31739423928190685)
52	13,0.119430575777	(52, 0.31739423928190685)
52	124,0.119450316316	(52, 0.31739423928190685)
52	161,0.126983537958	(52, 0.31739423928190685)
52	114,0.129313773369	(52, 0.31739423928190685)
52	120,0.145958215888	(52, 0.31739423928190685)
53	65,0.0648320874393	(53, 0.081912552036334102)
53	53,0.0819125520363	(53, 0.081912552036334102)
53	155,0.0922813244215	(53, 0.081912552036334102)
53	44,0.0936081391553	(53, 0.081912552036334102)
53	120,0.103237837699	(53, 0.081912552036334102)
53	161,0.107138373318	(53, 0.081912552036334102)
53	163,0.128483450544	(53, 0.081912552036334102)
53	114,0.131555738285	(53, 0.081912552036334102)
53	124,0.135445767004	(53, 0.081912552036334102)
53	13,0.138839234568	(53, 0.081912552036334102)
54	136,0.0361568259555	(54, 0.068522654419636606)
54	3,0.0667222274589	(54, 0.068522654419636606)
54	54,0.0685226544196	(54, 0.068522654419636606)
54	162,0.071534211638	(54, 0.068522654419636606)
54	11,0.0735815106224	(54, 0.068522654419636606)
54	137,0.0752709472166	(54, 0.068522654419636606)
54	17,0.0766460863425	(54, 0.068522654419636606)
54	71,0.0774308431693	(54, 0.068522654419636606)
54	37,0.0800533426845	(54, 0.068522654419636606)
54	63,0.0808388230197	(54, 0.068522654419636606)
55	12,0.0594397670806	(55, 0.073703095467499855)
55	55,0.0737030954675	(55, 0.073703095467499855)
55	159,0.0753043224906	(55, 0.073703095467499855)
55	121,0.0798427707247	(55, 0.073703095467499855)
55	38,0.0831346582607	(55, 0.073703095467499855)
55	18,0.0859447641155	(55, 0.073703095467499855)
55	152,0.0869373032306	(55, 0.073703095467499855)
55	134,0.0888469578439	(55, 0.073703095467499855)
55	128,0.0914911567283	(55, 0.073703095467499855)
55	151,0.0932779874194	(55, 0.073703095467499855)
56	56,0.0644851920342	(56, 0.064485192034247768)
56	15,0.0834850857232	(56, 0.064485192034247768)
56	120,0.0853885944777	(56, 0.064485192034247768)
56	174,0.123936671451	(56, 0.064485192034247768)
56	2,0.132555876478	(56, 0.064485192034247768)
56	113,0.138704048121	(56, 0.064485192034247768)
56	69,0.153735621479	(56, 0.064485192034247768)
56	97,0.163635531284	(56, 0.064485192034247768)
56	34,0.16396923637	(56, 0.064485192034247768)
56	44,0.166265974321	(56, 0.064485192034247768)
57	57,0.085734293128	(57, 0.085734293128024039)
57	122,0.164703823508	(57, 0.085734293128024039)
57	174,0.22642912052	(57, 0.085734293128024039)
57	15,0.235270921336	(57, 0.085734293128024039)
57	56,0.269672257526	(57, 0.085734293128024039)
57	2,0.275129983452	(57, 0.085734293128024039)
57	120,0.280674554514	(57, 0.085734293128024039)
57	108,0.307308473969	(57, 0.085734293128024039)
57	59,0.308507818428	(57, 0.085734293128024039)
57	113,0.310307807558	(57, 0.085734293128024039)
58	24,0.0787295481502	(58, 0.30318028089058563)
58	107,0.0922398990614	(58, 0.30318028089058563)
58	27,0.100013446344	(58, 0.30318028089058563)
58	50,0.11541971586	(58, 0.30318028089058563)
58	61,0.126652288351	(58, 0.30318028089058563)
58	43,0.136371825908	(58, 0.30318028089058563)
58	105,0.138472555743	(58, 0.30318028089058563)
58	158,0.146255896816	(58, 0.30318028089058563)
58	73,0.148859157795	(58, 0.30318028089058563)
58	23,0.150700965902	(58, 0.30318028089058563)
59	83,0.148963460075	(59, 0.1806530525377274)
59	15,0.151352177178	(59, 0.1806530525377274)
59	65,0.167965460847	(59, 0.1806530525377274)
59	94,0.172542650391	(59, 0.1806530525377274)
59	59,0.180653052538	(59, 0.1806530525377274)
59	113,0.186669371703	(59, 0.1806530525377274)
59	161,0.194319919155	(59, 0.1806530525377274)
59	120,0.197195249193	(59, 0.1806530525377274)
59	44,0.200591539745	(59, 0.1806530525377274)
59	97,0.213672030767	(59, 0.1806530525377274)
60	60,0.0653476517586	(60, 0.06534765175861168)
60	69,0.0662231559093	(60, 0.06534765175861168)
60	40,0.0753640179183	(60, 0.06534765175861168)
60	79,0.0769413230723	(60, 0.06534765175861168)
60	34,0.087311066056	(60, 0.06534765175861168)
60	4,0.0928283495061	(60, 0.06534765175861168)
60	25,0.0993562654163	(60, 0.06534765175861168)
60	15,0.101257701039	(60, 0.06534765175861168)
60	77,0.117383853977	(60, 0.06534765175861168)
60	172,0.123447111586	(60, 0.06534765175861168)
61	61,0.0405515707667	(61, 0.040551570766741929)
61	23,0.0418403049572	(61, 0.040551570766741929)
61	26,0.0592944664203	(61, 0.040551570766741929)
61	121,0.0676133214884	(61, 0.040551570766741929)
61	63,0.070936950179	(61, 0.040551570766741929)
61	78,0.0722268990325	(61, 0.040551570766741929)
61	162,0.0733594543467	(61, 0.040551570766741929)
61	76,0.0748621304647	(61, 0.040551570766741929)
61	147,0.0770751386747	(61, 0.040551570766741929)
61	22,0.0804225806409	(61, 0.040551570766741929)
62	78,0.0755108244467	(62, 0.10564812503506062)
62	26,0.0781161916961	(62, 0.10564812503506062)
62	73,0.0875592606153	(62, 0.10564812503506062)
62	107,0.0950624450939	(62, 0.10564812503506062)
62	61,0.0991812085382	(62, 0.10564812503506062)
62	62,0.105648125035	(62, 0.10564812503506062)
62	158,0.118611640937	(62, 0.10564812503506062)
62	121,0.118749367955	(62, 0.10564812503506062)
62	1,0.121214223547	(62, 0.10564812503506062)
62	95,0.122966839752	(62, 0.10564812503506062)
63	3,0.0355003803337	(63, 0.054266950493422894)
63	77,0.052902632794	(63, 0.054266950493422894)
63	63,0.0542669504934	(63, 0.054266950493422894)
63	11,0.0577751150751	(63, 0.054266950493422894)
63	162,0.0591491374023	(63, 0.054266950493422894)
63	37,0.0695272745864	(63, 0.054266950493422894)
63	121,0.0710903810622	(63, 0.054266950493422894)
63	132,0.0712385760223	(63, 0.054266950493422894)
63	136,0.0727595194993	(63, 0.054266950493422894)
63	81,0.0729888925117	(63, 0.054266950493422894)
64	64,0.188030225053	(64, 0.18803022505316949)
64	118,0.336226011407	(64, 0.18803022505316949)
64	45,0.339657247468	(64, 0.18803022505316949)
64	130,0.360580322199	(64, 0.18803022505316949)
64	133,0.407364111138	(64, 0.18803022505316949)
64	33,0.428539735166	(64, 0.18803022505316949)
64	34,0.480987187537	(64, 0.18803022505316949)
64	113,0.489704576591	(64, 0.18803022505316949)
64	94,0.531509139737	(64, 0.18803022505316949)
64	15,0.551728035586	(64, 0.18803022505316949)
65	65,0.0519211106068	(65, 0.0519211106067511)
65	161,0.0566118429297	(65, 0.0519211106067511)
65	83,0.0751716540893	(65, 0.0519211106067511)
65	59,0.0957162001433	(65, 0.0519211106067511)
65	68,0.098082613697	(65, 0.0519211106067511)
65	155,0.0981956735908	(65, 0.0519211106067511)
65	17,0.102777146321	(65, 0.0519211106067511)
65	120,0.10793767871	(65, 0.0519211106067511)
65	13,0.108939182548	(65, 0.0519211106067511)
65	100,0.111252945309	(65, 0.0519211106067511)
66	66,0.17480752959	(66, 0.17480752958977355)
66	130,0.36928189887	(66, 0.17480752958977355)
66	133,0.425802904337	(66, 0.17480752958977355)
66	140,0.427094472932	(66, 0.17480752958977355)
66	118,0.468682838138	(66, 0.17480752958977355)
66	91,0.484441732842	(66, 0.17480752958977355)
66	33,0.49871776581	(66, 0.17480752958977355)
66	141,0.535150554318	(66, 0.17480752958977355)
66	169,0.538471112137	(66, 0.17480752958977355)
66	53,0.563382343874	(66, 0.17480752958977355)
67	67,0.148683102986	(67, 0.14868310298571233)
67	169,0.15699036674	(67, 0.14868310298571233)
67	84,0.165597299912	(67, 0.14868310298571233)
67	93,0.182057578921	(67, 0.14868310298571233)
67	28,0.185811342113	(67, 0.14868310298571233)
67	140,0.198803543018	(67, 0.14868310298571233)
67	109,0.203582669291	(67, 0.14868310298571233)
67	116,0.205414542439	(67, 0.14868310298571233)
67	149,0.206686285495	(67, 0.14868310298571233)
67	124,0.215714835602	(67, 0.14868310298571233)
68	68,0.0497135838483	(68, 0.04971358384832892)
68	70,0.0937012072603	(68, 0.04971358384832892)
68	23,0.0959479395201	(68, 0.04971358384832892)
68	61,0.101794611969	(68, 0.04971358384832892)
68	63,0.112662686205	(68, 0.04971358384832892)
68	147,0.117863280382	(68, 0.04971358384832892)
68	135,0.122591814221	(68, 0.04971358384832892)
68	26,0.125667637367	(68, 0.04971358384832892)
68	162,0.126067095421	(68, 0.04971358384832892)
68	77,0.128391386569	(68, 0.04971358384832892)
69	122,0.201229521541	(69, 0.22981587288370051)
69	15,0.212905356124	(69, 0.22981587288370051)
69	174,0.216370587549	(69, 0.22981587288370051)
69	69,0.229815872884	(69, 0.22981587288370051)
69	154,0.230372999977	(69, 0.22981587288370051)
69	56,0.238223858183	(69, 0.22981587288370051)
69	48,0.239590483586	(69, 0.22981587288370051)
69	2,0.249993814211	(69, 0.22981587288370051)
69	4,0.262592916056	(69, 0.22981587288370051)
69	33,0.266681435976	(69, 0.22981587288370051)
70	121,0.0607403719998	(70, 0.067590271972412061)
70	3,0.0634092811199	(70, 0.067590271972412061)
70	70,0.0675902719724	(70, 0.067590271972412061)
70	132,0.0778547322505	(70, 0.067590271972412061)
70	77,0.0783028940507	(70, 0.067590271972412061)
70	117,0.0795362128085	(70, 0.067590271972412061)
70	11,0.0803266203826	(70, 0.067590271972412061)
70	88,0.0814478772001	(70, 0.067590271972412061)
70	81,0.0828330470837	(70, 0.067590271972412061)
70	139,0.0847563497109	(70, 0.067590271972412061)
71	91,0.1245445826	(71, 0.32053403954981946)
71	133,0.143406926418	(71, 0.32053403954981946)
71	41,0.179421744159	(71, 0.32053403954981946)
71	102,0.181353326212	(71, 0.32053403954981946)
71	101,0.183682547034	(71, 0.32053403954981946)
71	28,0.190001897017	(71, 0.32053403954981946)
71	1,0.197826045969	(71, 0.32053403954981946)
71	155,0.199453469764	(71, 0.32053403954981946)
71	53,0.206852383723	(71, 0.32053403954981946)
71	103,0.216586886608	(71, 0.32053403954981946)
72	174,0.0939859561501	(72, 0.5567873905870091)
72	17,0.0961636591785	(72, 0.5567873905870091)
72	172,0.104501016464	(72, 0.5567873905870091)
72	148,0.107542609031	(72, 0.5567873905870091)
72	143,0.119099839382	(72, 0.5567873905870091)
72	77,0.132991386087	(72, 0.5567873905870091)
72	100,0.133612722159	(72, 0.5567873905870091)
72	40,0.140373234944	(72, 0.5567873905870091)
72	49,0.144168125835	(72, 0.5567873905870091)
72	15,0.14529636109	(72, 0.5567873905870091)
73	73,0.0479243377752	(73, 0.047924337775153494)
73	27,0.100062739296	(73, 0.047924337775153494)
73	13,0.101273117001	(73, 0.047924337775153494)
73	124,0.103095331751	(73, 0.047924337775153494)
73	157,0.109898537652	(73, 0.047924337775153494)
73	93,0.121099028249	(73, 0.047924337775153494)
73	109,0.121106888355	(73, 0.047924337775153494)
73	144,0.132239023176	(73, 0.047924337775153494)
73	156,0.136334185101	(73, 0.047924337775153494)
73	53,0.137259364015	(73, 0.047924337775153494)
74	136,0.0373869270951	(74, 0.041392561111701677)
74	74,0.0413925611117	(74, 0.041392561111701677)
74	17,0.0440725549502	(74, 0.041392561111701677)
74	37,0.0534099794287	(74, 0.041392561111701677)
74	77,0.0548002428486	(74, 0.041392561111701677)
74	100,0.0585347346467	(74, 0.041392561111701677)
74	90,0.0623414957558	(74, 0.041392561111701677)
74	127,0.0630024173424	(74, 0.041392561111701677)
74	49,0.0819382492072	(74, 0.041392561111701677)
74	11,0.0844239563045	(74, 0.041392561111701677)
75	75,0.318277194797	(75, 0.31827719479658884)
75	167,0.362366757421	(75, 0.31827719479658884)
75	47,0.517397920568	(75, 0.31827719479658884)
75	80,0.539709118047	(75, 0.31827719479658884)
75	10,0.549119998407	(75, 0.31827719479658884)
75	99,0.552347241828	(75, 0.31827719479658884)
75	85,0.554283286469	(75, 0.31827719479658884)
75	67,0.574269561491	(75, 0.31827719479658884)
75	84,0.598535753715	(75, 0.31827719479658884)
75	169,0.606154352361	(75, 0.31827719479658884)
76	76,0.0270670974087	(76, 0.027067097408739787)
76	147,0.0280581992443	(76, 0.027067097408739787)
76	63,0.0347535245266	(76, 0.027067097408739787)
76	137,0.0385981065373	(76, 0.027067097408739787)
76	171,0.0442755395366	(76, 0.027067097408739787)
76	3,0.0552082639604	(76, 0.027067097408739787)
76	46,0.0552913419686	(76, 0.027067097408739787)
76	22,0.0556108201011	(76, 0.027067097408739787)
76	18,0.0569718526496	(76, 0.027067097408739787)
76	132,0.0613171914847	(76, 0.027067097408739787)
77	136,0.0414597045363	(77, 0.043035069150183548)
77	90,0.0424363527009	(77, 0.043035069150183548)
77	162,0.0430002551151	(77, 0.043035069150183548)
77	77,0.0430350691502	(77, 0.043035069150183548)
77	147,0.0495993254692	(77, 0.043035069150183548)
77	3,0.0502669207539	(77, 0.043035069150183548)
77	63,0.0513270827709	(77, 0.043035069150183548)
77	11,0.0528563667649	(77, 0.043035069150183548)
77	137,0.053270897886	(77, 0.043035069150183548)
77	74,0.054433756885	(77, 0.043035069150183548)
78	76,0.0371944731551	(78, 0.066282053118466439)
78	151,0.0394270592669	(78, 0.066282053118466439)
78	63,0.0394772442063	(78, 0.066282053118466439)
78	22,0.0432004700237	(78, 0.066282053118466439)
78	132,0.0450588673454	(78, 0.066282053118466439)
78	147,0.0466840598738	(78, 0.066282053118466439)
78	18,0.049503703563	(78, 0.066282053118466439)
78	121,0.0523101736368	(78, 0.066282053118466439)
78	23,0.0596555059279	(78, 0.066282053118466439)
78	61,0.0604177603749	(78, 0.066282053118466439)
79	79,0.0316048415251	(79, 0.03160484152513756)
79	4,0.0424434734907	(79, 0.03160484152513756)
79	69,0.0509625959047	(79, 0.03160484152513756)
79	40,0.0615854820684	(79, 0.03160484152513756)
79	25,0.0767093983014	(79, 0.03160484152513756)
79	34,0.0831303166023	(79, 0.03160484152513756)
79	56,0.0890465164771	(79, 0.03160484152513756)
79	17,0.100741964077	(79, 0.03160484152513756)
79	148,0.103001047568	(79, 0.03160484152513756)
79	15,0.103238602472	(79, 0.03160484152513756)
80	80,0.169615276817	(80, 0.16961527681669666)
80	51,0.183386052898	(80, 0.16961527681669666)
80	167,0.239614074768	(80, 0.16961527681669666)
80	32,0.308704334783	(80, 0.16961527681669666)
80	27,0.410871210253	(80, 0.16961527681669666)
80	39,0.411317867768	(80, 0.16961527681669666)
80	169,0.414585658015	(80, 0.16961527681669666)
80	160,0.426364970073	(80, 0.16961527681669666)
80	58,0.428241897663	(80, 0.16961527681669666)
80	165,0.453696553307	(80, 0.16961527681669666)
81	81,0.0417929389987	(81, 0.041792938998668823)
81	3,0.0618940787507	(81, 0.041792938998668823)
81	117,0.0667181487828	(81, 0.041792938998668823)
81	11,0.0688116730605	(81, 0.041792938998668823)
81	121,0.0692207879678	(81, 0.041792938998668823)
81	132,0.0705813253227	(81, 0.041792938998668823)
81	77,0.0716368787003	(81, 0.041792938998668823)
81	22,0.0767111310136	(81, 0.041792938998668823)
81	151,0.0797437638979	(81, 0.041792938998668823)
81	12,0.0823130110291	(81, 0.041792938998668823)
82	27,0.117178638909	(82, 0.18921033308784907)
82	73,0.126680949764	(82, 0.18921033308784907)
82	13,0.133612518214	(82, 0.18921033308784907)
82	24,0.136533046434	(82, 0.18921033308784907)
82	12,0.150499429975	(82, 0.18921033308784907)
82	105,0.15123390503	(82, 0.18921033308784907)
82	107,0.155474568076	(82, 0.18921033308784907)
82	38,0.15647942494	(82, 0.18921033308784907)
82	29,0.159353806911	(82, 0.18921033308784907)
82	101,0.163004483276	(82, 0.18921033308784907)
83	13,0.0557852070753	(83, 0.076947233303648985)
83	155,0.0631557652953	(83, 0.076947233303648985)
83	161,0.07384793176	(83, 0.076947233303648985)
83	71,0.0745183245097	(83, 0.076947233303648985)
83	65,0.0763103566369	(83, 0.076947233303648985)
83	83,0.0769472333036	(83, 0.076947233303648985)
83	11,0.0878191901369	(83, 0.076947233303648985)
83	17,0.0881900296172	(83, 0.076947233303648985)
83	120,0.0883050821311	(83, 0.076947233303648985)
83	136,0.0911933832976	(83, 0.076947233303648985)
84	67,0.201488183179	(84, 0.20436894012412918)
84	84,0.204368940124	(84, 0.20436894012412918)
84	166,0.227882282739	(84, 0.20436894012412918)
84	169,0.235221692583	(84, 0.20436894012412918)
84	140,0.276843906907	(84, 0.20436894012412918)
84	99,0.283810129692	(84, 0.20436894012412918)
84	149,0.309625052492	(84, 0.20436894012412918)
84	144,0.32160010484	(84, 0.20436894012412918)
84	109,0.326982235511	(84, 0.20436894012412918)
84	156,0.330677110747	(84, 0.20436894012412918)
85	67,0.181983301871	(85, 0.26388877292864027)
85	85,0.263888772929	(85, 0.26388877292864027)
85	140,0.283900268853	(85, 0.26388877292864027)
85	166,0.315063073665	(85, 0.26388877292864027)
85	149,0.315854013753	(85, 0.26388877292864027)
85	84,0.331475766996	(85, 0.26388877292864027)
85	169,0.346512685266	(85, 0.26388877292864027)
85	144,0.391461907856	(85, 0.26388877292864027)
85	93,0.401260212801	(85, 0.26388877292864027)
85	99,0.405240593644	(85, 0.26388877292864027)
86	86,0.0410421438669	(86, 0.041042143866863806)
86	137,0.0514654733635	(86, 0.041042143866863806)
86	162,0.0578660944036	(86, 0.041042143866863806)
86	76,0.0584896944446	(86, 0.041042143866863806)
86	150,0.0606454590172	(86, 0.041042143866863806)
86	117,0.0611584120964	(86, 0.041042143866863806)
86	11,0.0623729779045	(86, 0.041042143866863806)
86	171,0.0625371088955	(86, 0.041042143866863806)
86	18,0.0625507034045	(86, 0.041042143866863806)
86	3,0.0655489716161	(86, 0.041042143866863806)
87	121,0.0748143667087	(87, 0.1797793764252526)
87	1,0.0772826742619	(87, 0.1797793764252526)
87	26,0.0776785617555	(87, 0.1797793764252526)
87	78,0.0832180672024	(87, 0.1797793764252526)
87	71,0.0941738685008	(87, 0.1797793764252526)
87	11,0.0952497216119	(87, 0.1797793764252526)
87	23,0.0981102564265	(87, 0.1797793764252526)
87	61,0.0991636645617	(87, 0.1797793764252526)
87	20,0.0997832798326	(87, 0.1797793764252526)
87	155,0.100707955942	(87, 0.1797793764252526)
88	18,0.0417545812566	(88, 0.05021965429112845)
88	147,0.0438330512736	(88, 0.05021965429112845)
88	76,0.0440065593585	(88, 0.05021965429112845)
88	88,0.0502196542911	(88, 0.05021965429112845)
88	117,0.0502795353066	(88, 0.05021965429112845)
88	63,0.0534668991018	(88, 0.05021965429112845)
88	35,0.0542018711982	(88, 0.05021965429112845)
88	22,0.0568040378746	(88, 0.05021965429112845)
88	46,0.0583696945695	(88, 0.05021965429112845)
88	171,0.0602161441259	(88, 0.05021965429112845)
89	124,0.0599978513974	(89, 0.10585540839027034)
89	155,0.0741202298276	(89, 0.10585540839027034)
89	53,0.0904242664815	(89, 0.10585540839027034)
89	1,0.104287870684	(89, 0.10585540839027034)
89	89,0.10585540839	(89, 0.10585540839027034)
89	73,0.106451202867	(89, 0.10585540839027034)
89	120,0.118253381209	(89, 0.10585540839027034)
89	71,0.120099619418	(89, 0.10585540839027034)
89	28,0.121254787573	(89, 0.10585540839027034)
89	13,0.12255428815	(89, 0.10585540839027034)
90	90,0.0338915632371	(90, 0.0338915632371381)
90	11,0.0545443166972	(90, 0.0338915632371381)
90	81,0.0563954677539	(90, 0.0338915632371381)
90	162,0.0582138177576	(90, 0.0338915632371381)
90	96,0.0639371783217	(90, 0.0338915632371381)
90	137,0.0663586795493	(90, 0.0338915632371381)
90	37,0.0704635581262	(90, 0.0338915632371381)
90	3,0.0707010792568	(90, 0.0338915632371381)
90	136,0.0709437660776	(90, 0.0338915632371381)
90	172,0.0726415768529	(90, 0.0338915632371381)
91	133,0.126018171569	(91, 0.18875518208172362)
91	91,0.188755182082	(91, 0.18875518208172362)
91	130,0.236358683903	(91, 0.18875518208172362)
91	103,0.313782257543	(91, 0.18875518208172362)
91	51,0.324214669742	(91, 0.18875518208172362)
91	66,0.34333248631	(91, 0.18875518208172362)
91	34,0.348789756964	(91, 0.18875518208172362)
91	102,0.372394755745	(91, 0.18875518208172362)
91	114,0.379864973178	(91, 0.18875518208172362)
91	53,0.384806889907	(91, 0.18875518208172362)
92	78,0.0540961318954	(92, 0.1631066067808194)
92	128,0.0800623986273	(92, 0.1631066067808194)
92	61,0.084473832358	(92, 0.1631066067808194)
92	158,0.0880979216941	(92, 0.1631066067808194)
92	26,0.0965756071012	(92, 0.1631066067808194)
92	24,0.0969423968142	(92, 0.1631066067808194)
92	12,0.100694395711	(92, 0.1631066067808194)
92	23,0.111620401938	(92, 0.1631066067808194)
92	22,0.111756689403	(92, 0.1631066067808194)
92	27,0.112938100474	(92, 0.1631066067808194)
93	22,0.0495924453481	(93, 0.076132803776424077)
93	132,0.0548281121876	(93, 0.076132803776424077)
93	158,0.0682286191247	(93, 0.076132803776424077)
93	3,0.0719089243629	(93, 0.076132803776424077)
93	121,0.0723211490199	(93, 0.076132803776424077)
93	76,0.0731785053799	(93, 0.076132803776424077)
93	128,0.0755889442432	(93, 0.076132803776424077)
93	93,0.0761328037764	(93, 0.076132803776424077)
93	171,0.079458484531	(93, 0.076132803776424077)
93	78,0.0816331186927	(93, 0.076132803776424077)
94	94,0.0928645514727	(94, 0.092864551472734452)
94	83,0.143449888937	(94, 0.092864551472734452)
94	155,0.181690693149	(94, 0.092864551472734452)
94	15,0.195830094635	(94, 0.092864551472734452)
94	59,0.199344508489	(94, 0.092864551472734452)
94	161,0.215271983194	(94, 0.092864551472734452)
94	120,0.224020878375	(94, 0.092864551472734452)
94	45,0.228547164294	(94, 0.092864551472734452)
94	65,0.229009106852	(94, 0.092864551472734452)
94	98,0.247451166588	(94, 0.092864551472734452)
95	99,0.0767449674345	(95, 0.26406060663899278)
95	107,0.107913507006	(95, 0.26406060663899278)
95	43,0.116196392564	(95, 0.26406060663899278)
95	27,0.124445408355	(95, 0.26406060663899278)
95	19,0.133100191713	(95, 0.26406060663899278)
95	128,0.135645913789	(95, 0.26406060663899278)
95	78,0.143728036921	(95, 0.26406060663899278)
95	138,0.146884863456	(95, 0.26406060663899278)
95	84,0.151400105848	(95, 0.26406060663899278)
95	50,0.159822927906	(95, 0.26406060663899278)
96	96,0.0460546901821	(96, 0.046054690182050294)
96	13,0.0670946993702	(96, 0.046054690182050294)
96	162,0.0753158077372	(96, 0.046054690182050294)
96	11,0.0778285340313	(96, 0.046054690182050294)
96	17,0.0793266202699	(96, 0.046054690182050294)
96	143,0.091739215836	(96, 0.046054690182050294)
96	161,0.0938688606941	(96, 0.046054690182050294)
96	119,0.0980559878555	(96, 0.046054690182050294)
96	112,0.0987096799468	(96, 0.046054690182050294)
96	4,0.10740302923	(96, 0.046054690182050294)
97	40,0.0530800949127	(97, 0.13413905325438519)
97	172,0.0583214065053	(97, 0.13413905325438519)
97	17,0.0625718065074	(97, 0.13413905325438519)
97	69,0.0654977035309	(97, 0.13413905325438519)
97	120,0.0699509686564	(97, 0.13413905325438519)
97	79,0.083849422509	(97, 0.13413905325438519)
97	4,0.087639448705	(97, 0.13413905325438519)
97	56,0.0987705752376	(97, 0.13413905325438519)
97	37,0.0989802465106	(97, 0.13413905325438519)
97	90,0.0995401629247	(97, 0.13413905325438519)
98	98,0.0368228276758	(98, 0.036822827675792466)
98	15,0.0791681841418	(98, 0.036822827675792466)
98	40,0.0872389523467	(98, 0.036822827675792466)
98	25,0.0901791437477	(98, 0.036822827675792466)
98	49,0.094373944818	(98, 0.036822827675792466)
98	172,0.106987962208	(98, 0.036822827675792466)
98	83,0.111554829867	(98, 0.036822827675792466)
98	154,0.113058975305	(98, 0.036822827675792466)
98	100,0.128711986548	(98, 0.036822827675792466)
98	17,0.128851209962	(98, 0.036822827675792466)
99	84,0.0783776845551	(99, 0.097487998781529681)
99	144,0.0868614522224	(99, 0.097487998781529681)
99	128,0.088880268912	(99, 0.097487998781529681)
99	109,0.0950977687905	(99, 0.097487998781529681)
99	99,0.0974879987815	(99, 0.097487998781529681)
99	78,0.0989918709131	(99, 0.097487998781529681)
99	73,0.0993424294441	(99, 0.097487998781529681)
99	38,0.104573495516	(99, 0.097487998781529681)
99	12,0.105479859763	(99, 0.097487998781529681)
99	93,0.107724187009	(99, 0.097487998781529681)
100	100,0.0374140289971	(100, 0.037414028997062254)
100	21,0.0564877317526	(100, 0.037414028997062254)
100	74,0.0574379688632	(100, 0.037414028997062254)
100	37,0.0601766295846	(100, 0.037414028997062254)
100	77,0.0603651442904	(100, 0.037414028997062254)
100	90,0.0617981413122	(100, 0.037414028997062254)
100	11,0.0669917110567	(100, 0.037414028997062254)
100	136,0.0678579454384	(100, 0.037414028997062254)
100	127,0.0682352904738	(100, 0.037414028997062254)
100	63,0.0713569747735	(100, 0.037414028997062254)
101	101,0.0977776070558	(101, 0.097777607055848689)
101	60,0.103396237438	(101, 0.097777607055848689)
101	1,0.104109576711	(101, 0.097777607055848689)
101	13,0.105447643851	(101, 0.097777607055848689)
101	73,0.106521822073	(101, 0.097777607055848689)
101	69,0.112534097005	(101, 0.097777607055848689)
101	29,0.113938542237	(101, 0.097777607055848689)
101	124,0.115706907686	(101, 0.097777607055848689)
101	4,0.123164456646	(101, 0.097777607055848689)
101	102,0.124508748309	(101, 0.097777607055848689)
102	91,0.120378340335	(102, 0.1250568848591134)
102	102,0.125056884859	(102, 0.1250568848591134)
102	114,0.127007119256	(102, 0.1250568848591134)
102	41,0.132798128771	(102, 0.1250568848591134)
102	155,0.135561072826	(102, 0.1250568848591134)
102	110,0.138770632556	(102, 0.1250568848591134)
102	101,0.142246882046	(102, 0.1250568848591134)
102	1,0.142668382615	(102, 0.1250568848591134)
102	53,0.159017652592	(102, 0.1250568848591134)
102	103,0.168224444871	(102, 0.1250568848591134)
103	103,0.0958317571213	(103, 0.0958317571213049)
103	73,0.128109778591	(103, 0.0958317571213049)
103	101,0.158502323138	(103, 0.0958317571213049)
103	93,0.167071356292	(103, 0.0958317571213049)
103	91,0.168410273378	(103, 0.0958317571213049)
103	26,0.17726031089	(103, 0.0958317571213049)
103	39,0.182457621011	(103, 0.0958317571213049)
103	1,0.184778020341	(103, 0.0958317571213049)
103	107,0.185887863965	(103, 0.0958317571213049)
103	51,0.187772536931	(103, 0.0958317571213049)
104	124,0.0595530137468	(104, 0.11997984980335198)
104	93,0.0874918718079	(104, 0.11997984980335198)
104	81,0.0954717307946	(104, 0.11997984980335198)
104	119,0.0973133390959	(104, 0.11997984980335198)
104	73,0.101626146574	(104, 0.11997984980335198)
104	115,0.10644170102	(104, 0.11997984980335198)
104	11,0.110079701378	(104, 0.11997984980335198)
104	104,0.119979849803	(104, 0.11997984980335198)
104	3,0.120163864779	(104, 0.11997984980335198)
104	37,0.128837553652	(104, 0.11997984980335198)
105	27,0.105283722548	(105, 0.13743481614027375)
105	43,0.110106212541	(105, 0.13743481614027375)
105	24,0.111678063749	(105, 0.13743481614027375)
105	38,0.125851995507	(105, 0.13743481614027375)
105	19,0.131931491483	(105, 0.13743481614027375)
105	107,0.135343235726	(105, 0.13743481614027375)
105	105,0.13743481614	(105, 0.13743481614027375)
105	99,0.139185015188	(105, 0.13743481614027375)
105	50,0.14333565455	(105, 0.13743481614027375)
105	12,0.147477541466	(105, 0.13743481614027375)
106	106,0.0480187184849	(106, 0.048018718484910045)
106	174,0.106683863142	(106, 0.048018718484910045)
106	157,0.129526335349	(106, 0.048018718484910045)
106	172,0.130491615985	(106, 0.048018718484910045)
106	54,0.140384975623	(106, 0.048018718484910045)
106	13,0.141243028574	(106, 0.048018718484910045)
106	116,0.141435604763	(106, 0.048018718484910045)
106	77,0.143339604906	(106, 0.048018718484910045)
106	2,0.158654175449	(106, 0.048018718484910045)
106	4,0.159332138865	(106, 0.048018718484910045)
107	107,0.0653243763795	(107, 0.065324376379536905)
107	26,0.0750233625854	(107, 0.065324376379536905)
107	22,0.0871370410328	(107, 0.065324376379536905)
107	78,0.0901639637764	(107, 0.065324376379536905)
107	61,0.0934353597482	(107, 0.065324376379536905)
107	158,0.0982757737035	(107, 0.065324376379536905)
107	139,0.0987727409405	(107, 0.065324376379536905)
107	1,0.0994784984452	(107, 0.065324376379536905)
107	23,0.10278284018	(107, 0.065324376379536905)
107	128,0.103926404112	(107, 0.065324376379536905)
108	77,0.057520425618	(108, 0.16978890174064001)
108	172,0.0840978409601	(108, 0.16978890174064001)
108	174,0.0905785980459	(108, 0.16978890174064001)
108	4,0.101541542626	(108, 0.16978890174064001)
108	40,0.103786869212	(108, 0.16978890174064001)
108	17,0.109262294689	(108, 0.16978890174064001)
108	100,0.112554771619	(108, 0.16978890174064001)
108	15,0.11423891378	(108, 0.16978890174064001)
108	49,0.114772811925	(108, 0.16978890174064001)
108	171,0.118195789597	(108, 0.16978890174064001)
109	109,0.06073769777	(109, 0.060737697770028465)
109	159,0.0666686641904	(109, 0.060737697770028465)
109	134,0.0841286185022	(109, 0.060737697770028465)
109	146,0.0890359366199	(109, 0.060737697770028465)
109	128,0.0969798054329	(109, 0.060737697770028465)
109	12,0.0981819444663	(109, 0.060737697770028465)
109	84,0.110227493857	(109, 0.060737697770028465)
109	152,0.11214810828	(109, 0.060737697770028465)
109	14,0.11270863775	(109, 0.060737697770028465)
109	38,0.121421070167	(109, 0.060737697770028465)
110	1,0.0646025918801	(110, 0.12316241210471994)
110	121,0.0793356616983	(110, 0.12316241210471994)
110	11,0.0813931573667	(110, 0.12316241210471994)
110	68,0.0915811647415	(110, 0.12316241210471994)
110	162,0.0931370450618	(110, 0.12316241210471994)
110	26,0.0941152517723	(110, 0.12316241210471994)
110	155,0.0975832323909	(110, 0.12316241210471994)
110	71,0.0981496073015	(110, 0.12316241210471994)
110	3,0.0992866903097	(110, 0.12316241210471994)
110	73,0.103324793492	(110, 0.12316241210471994)
111	73,0.0639895964051	(111, 0.24022697869948981)
111	124,0.0770117241589	(111, 0.24022697869948981)
111	93,0.0817744117324	(111, 0.24022697869948981)
111	157,0.0902582286041	(111, 0.24022697869948981)
111	13,0.102966698694	(111, 0.24022697869948981)
111	101,0.106712056481	(111, 0.24022697869948981)
111	128,0.126770197931	(111, 0.24022697869948981)
111	114,0.128317504199	(111, 0.24022697869948981)
111	1,0.129460473451	(111, 0.24022697869948981)
111	109,0.130830032429	(111, 0.24022697869948981)
112	11,0.0481271147201	(112, 0.058778387590132826)
112	90,0.0512852982643	(112, 0.058778387590132826)
112	100,0.0561112332415	(112, 0.058778387590132826)
112	112,0.0587783875901	(112, 0.058778387590132826)
112	3,0.0590820461418	(112, 0.058778387590132826)
112	162,0.060342232037	(112, 0.058778387590132826)
112	21,0.0605685832325	(112, 0.058778387590132826)
112	71,0.0648747366402	(112, 0.058778387590132826)
112	77,0.0691020787093	(112, 0.058778387590132826)
112	143,0.0710202009528	(112, 0.058778387590132826)
113	113,0.0725135272911	(113, 0.072513527291110325)
113	65,0.130581580844	(113, 0.072513527291110325)
113	130,0.193267321297	(113, 0.072513527291110325)
113	120,0.206538870238	(113, 0.072513527291110325)
113	44,0.213783901843	(113, 0.072513527291110325)
113	15,0.219561733435	(113, 0.072513527291110325)
113	97,0.229431330452	(113, 0.072513527291110325)
113	161,0.231723295208	(113, 0.072513527291110325)
113	155,0.245820439414	(113, 0.072513527291110325)
113	57,0.250783651272	(113, 0.072513527291110325)
114	73,0.0725348422218	(114, 0.083001685372775871)
114	124,0.0806185699637	(114, 0.083001685372775871)
114	53,0.0828210775907	(114, 0.083001685372775871)
114	114,0.0830016853728	(114, 0.083001685372775871)
114	104,0.105907144784	(114, 0.083001685372775871)
114	13,0.10668723634	(114, 0.083001685372775871)
114	93,0.113465790244	(114, 0.083001685372775871)
114	157,0.117536964364	(114, 0.083001685372775871)
114	109,0.119317276347	(114, 0.083001685372775871)
114	116,0.13416888801	(114, 0.083001685372775871)
115	119,0.0681518565697	(115, 0.076410688753248968)
115	115,0.0764106887532	(115, 0.076410688753248968)
115	11,0.0816382855889	(115, 0.076410688753248968)
115	37,0.0928515280506	(115, 0.076410688753248968)
115	96,0.0934807561545	(115, 0.076410688753248968)
115	81,0.101578808011	(115, 0.076410688753248968)
115	136,0.104515367027	(115, 0.076410688753248968)
115	3,0.105991916967	(115, 0.076410688753248968)
115	17,0.10655161224	(115, 0.076410688753248968)
115	172,0.114322783219	(115, 0.076410688753248968)
116	116,0.0550933646199	(116, 0.055093364619907492)
116	93,0.0635879050882	(116, 0.055093364619907492)
116	73,0.108444531138	(116, 0.055093364619907492)
116	109,0.119646009187	(116, 0.055093364619907492)
116	156,0.120357201178	(116, 0.055093364619907492)
116	144,0.121795022702	(116, 0.055093364619907492)
116	172,0.125618435941	(116, 0.055093364619907492)
116	3,0.135993983367	(116, 0.055093364619907492)
116	128,0.137734104491	(116, 0.055093364619907492)
116	131,0.138951110729	(116, 0.055093364619907492)
117	117,0.0239044347706	(117, 0.023904434770596665)
117	21,0.0573061618155	(117, 0.023904434770596665)
117	71,0.0577792149941	(117, 0.023904434770596665)
117	81,0.058843226876	(117, 0.023904434770596665)
117	11,0.0661580527857	(117, 0.023904434770596665)
117	22,0.0664043349451	(117, 0.023904434770596665)
117	76,0.0672615345417	(117, 0.023904434770596665)
117	121,0.0692632673227	(117, 0.023904434770596665)
117	162,0.071447267023	(117, 0.023904434770596665)
117	3,0.0734284195263	(117, 0.023904434770596665)
118	33,0.123222086052	(118, 0.15823065063511677)
118	118,0.158230650635	(118, 0.15823065063511677)
118	34,0.159652454905	(118, 0.15823065063511677)
118	133,0.247567790043	(118, 0.15823065063511677)
118	130,0.254381863312	(118, 0.15823065063511677)
118	69,0.259582368505	(118, 0.15823065063511677)
118	2,0.260931873723	(118, 0.15823065063511677)
118	4,0.280531467856	(118, 0.15823065063511677)
118	91,0.291567267782	(118, 0.15823065063511677)
118	113,0.296327926196	(118, 0.15823065063511677)
119	120,0.0714233547411	(119, 0.11883190194046578)
119	17,0.0826859003566	(119, 0.11883190194046578)
119	40,0.0870174972964	(119, 0.11883190194046578)
119	4,0.0878687417342	(119, 0.11883190194046578)
119	172,0.0897788052662	(119, 0.11883190194046578)
119	97,0.0954454212222	(119, 0.11883190194046578)
119	69,0.0971607821023	(119, 0.11883190194046578)
119	154,0.0994644230539	(119, 0.11883190194046578)
119	124,0.107591173418	(119, 0.11883190194046578)
119	56,0.108991079297	(119, 0.11883190194046578)
120	120,0.0453834298236	(120, 0.045383429823649048)
120	65,0.0650765979736	(120, 0.045383429823649048)
120	161,0.0837138671118	(120, 0.045383429823649048)
120	155,0.0952711716224	(120, 0.045383429823649048)
120	44,0.0998248972252	(120, 0.045383429823649048)
120	13,0.105901133612	(120, 0.045383429823649048)
120	53,0.111281733532	(120, 0.045383429823649048)
120	97,0.117460632784	(120, 0.045383429823649048)
120	124,0.12113472168	(120, 0.045383429823649048)
120	54,0.125986725926	(120, 0.045383429823649048)
121	121,0.055631230194	(121, 0.055631230194046304)
121	26,0.0621949783591	(121, 0.055631230194046304)
121	22,0.0629347691033	(121, 0.055631230194046304)
121	78,0.0641390299384	(121, 0.055631230194046304)
121	1,0.0753039669453	(121, 0.055631230194046304)
121	61,0.0830892241088	(121, 0.055631230194046304)
121	73,0.0862537569186	(121, 0.055631230194046304)
121	23,0.0892703034626	(121, 0.055631230194046304)
121	128,0.0906644221227	(121, 0.055631230194046304)
121	158,0.0919331237326	(121, 0.055631230194046304)
122	174,0.0893597532336	(122, 0.093189479624925783)
122	122,0.0931894796249	(122, 0.093189479624925783)
122	154,0.122093650733	(122, 0.093189479624925783)
122	2,0.138739819382	(122, 0.093189479624925783)
122	69,0.156414976407	(122, 0.093189479624925783)
122	116,0.168616286915	(122, 0.093189479624925783)
122	4,0.172335645771	(122, 0.093189479624925783)
122	48,0.175856947694	(122, 0.093189479624925783)
122	56,0.179542699018	(122, 0.093189479624925783)
122	172,0.180228882531	(122, 0.093189479624925783)
123	172,0.0630311549027	(123, 0.066629519381391958)
123	123,0.0666295193814	(123, 0.066629519381391958)
123	81,0.0908218009654	(123, 0.066629519381391958)
123	146,0.0979612714176	(123, 0.066629519381391958)
123	40,0.0980728105405	(123, 0.066629519381391958)
123	90,0.103488041666	(123, 0.066629519381391958)
123	119,0.104257447787	(123, 0.066629519381391958)
123	115,0.113470779874	(123, 0.066629519381391958)
123	37,0.113496246017	(123, 0.066629519381391958)
123	137,0.115141772443	(123, 0.066629519381391958)
124	124,0.0980210941792	(124, 0.098021094179156817)
124	101,0.140815047719	(124, 0.098021094179156817)
124	169,0.164128543123	(124, 0.098021094179156817)
124	157,0.167780803694	(124, 0.098021094179156817)
124	73,0.169843075654	(124, 0.098021094179156817)
124	41,0.170071127626	(124, 0.098021094179156817)
124	27,0.173919136135	(124, 0.098021094179156817)
124	53,0.181844463246	(124, 0.098021094179156817)
124	140,0.18272605425	(124, 0.098021094179156817)
124	144,0.188109762196	(124, 0.098021094179156817)
125	13,0.14404048661	(125, 0.16610785341411807)
125	73,0.15012835195	(125, 0.16610785341411807)
125	68,0.163255862223	(125, 0.16610785341411807)
125	125,0.166107853414	(125, 0.16610785341411807)
125	155,0.166755829084	(125, 0.16610785341411807)
125	65,0.168698556755	(125, 0.16610785341411807)
125	114,0.169258983515	(125, 0.16610785341411807)
125	23,0.171905086172	(125, 0.16610785341411807)
125	61,0.175492458571	(125, 0.16610785341411807)
125	41,0.177142112769	(125, 0.16610785341411807)
126	126,0.0622696209753	(126, 0.062269620975283636)
126	81,0.068190521722	(126, 0.062269620975283636)
126	119,0.0754547802028	(126, 0.062269620975283636)
126	3,0.0755314958949	(126, 0.062269620975283636)
126	11,0.0770990719596	(126, 0.062269620975283636)
126	121,0.0811861083912	(126, 0.062269620975283636)
126	12,0.0844202807866	(126, 0.062269620975283636)
126	132,0.0851690668009	(126, 0.062269620975283636)
126	128,0.0877523407259	(126, 0.062269620975283636)
126	151,0.0899397559007	(126, 0.062269620975283636)
127	17,0.0456555141879	(127, 0.056395105071307572)
127	74,0.049779986218	(127, 0.056395105071307572)
127	136,0.0530435589778	(127, 0.056395105071307572)
127	127,0.0563951050713	(127, 0.056395105071307572)
127	100,0.0670801318074	(127, 0.056395105071307572)
127	59,0.0732697838836	(127, 0.056395105071307572)
127	77,0.0743276442548	(127, 0.056395105071307572)
127	37,0.0777736628435	(127, 0.056395105071307572)
127	49,0.0870687427765	(127, 0.056395105071307572)
127	90,0.108097542993	(127, 0.056395105071307572)
128	128,0.0431662969542	(128, 0.043166296954171457)
128	121,0.0655425458729	(128, 0.043166296954171457)
128	78,0.06602327311	(128, 0.043166296954171457)
128	12,0.0663095592618	(128, 0.043166296954171457)
128	22,0.0721720777657	(128, 0.043166296954171457)
128	159,0.0800713666106	(128, 0.043166296954171457)
128	139,0.0820789275255	(128, 0.043166296954171457)
128	151,0.0823506016564	(128, 0.043166296954171457)
128	18,0.0824607911567	(128, 0.043166296954171457)
128	132,0.0839081530928	(128, 0.043166296954171457)
129	49,0.0970408463881	(129, 0.15956076115036708)
129	98,0.107712553641	(129, 0.15956076115036708)
129	100,0.13848153988	(129, 0.15956076115036708)
129	77,0.139878251723	(129, 0.15956076115036708)
129	59,0.143179236235	(129, 0.15956076115036708)
129	83,0.151254949117	(129, 0.15956076115036708)
129	15,0.152462631008	(129, 0.15956076115036708)
129	129,0.15956076115	(129, 0.15956076115036708)
129	94,0.16874263899	(129, 0.15956076115036708)
129	25,0.177385282905	(129, 0.15956076115036708)
130	130,0.144714665779	(130, 0.14471466577880676)
130	65,0.153963144115	(130, 0.14471466577880676)
130	13,0.161406125565	(130, 0.14471466577880676)
130	34,0.161927069134	(130, 0.14471466577880676)
130	91,0.165533600595	(130, 0.14471466577880676)
130	155,0.172191591934	(130, 0.14471466577880676)
130	53,0.178531598604	(130, 0.14471466577880676)
130	28,0.187917986453	(130, 0.14471466577880676)
130	1,0.189453040968	(130, 0.14471466577880676)
130	157,0.189950908784	(130, 0.14471466577880676)
131	166,0.119169188926	(131, 0.12914982988644697)
131	116,0.12524816789	(131, 0.12914982988644697)
131	131,0.129149829886	(131, 0.12914982988644697)
131	72,0.141223704587	(131, 0.12914982988644697)
131	144,0.165834625377	(131, 0.12914982988644697)
131	104,0.168205320352	(131, 0.12914982988644697)
131	156,0.186845865363	(131, 0.12914982988644697)
131	84,0.195757381926	(131, 0.12914982988644697)
131	165,0.197608160449	(131, 0.12914982988644697)
131	93,0.208891583336	(131, 0.12914982988644697)
132	22,0.0370917374773	(132, 0.039533106636575756)
132	18,0.0374138028524	(132, 0.039533106636575756)
132	132,0.0395331066366	(132, 0.039533106636575756)
132	76,0.0487445603319	(132, 0.039533106636575756)
132	139,0.0497867299961	(132, 0.039533106636575756)
132	46,0.051277582391	(132, 0.039533106636575756)
132	147,0.0547062677933	(132, 0.039533106636575756)
132	158,0.0560793021991	(132, 0.039533106636575756)
132	121,0.0578505733993	(132, 0.039533106636575756)
132	171,0.0603629658446	(132, 0.039533106636575756)
133	133,0.0507906906015	(133, 0.050790690601544709)
133	130,0.151711651958	(133, 0.050790690601544709)
133	34,0.155263002354	(133, 0.050790690601544709)
133	91,0.163561006719	(133, 0.050790690601544709)
133	102,0.166750308168	(133, 0.050790690601544709)
133	103,0.173203304768	(133, 0.050790690601544709)
133	114,0.190717442269	(133, 0.050790690601544709)
133	53,0.197018438044	(133, 0.050790690601544709)
133	153,0.203019956234	(133, 0.050790690601544709)
133	65,0.209214912047	(133, 0.050790690601544709)
134	121,0.0523606010191	(134, 0.068828125095042464)
134	128,0.0624640604264	(134, 0.068828125095042464)
134	134,0.068828125095	(134, 0.068828125095042464)
134	78,0.070262717144	(134, 0.068828125095042464)
134	18,0.0825968907341	(134, 0.068828125095042464)
134	22,0.0848333977409	(134, 0.068828125095042464)
134	12,0.0957806822577	(134, 0.068828125095042464)
134	151,0.0978681560848	(134, 0.068828125095042464)
134	109,0.0984600832906	(134, 0.068828125095042464)
134	73,0.102856711363	(134, 0.068828125095042464)
135	147,0.0334720644382	(135, 0.043710844766576759)
135	135,0.0437108447666	(135, 0.043710844766576759)
135	76,0.0445783037917	(135, 0.043710844766576759)
135	63,0.0498340029283	(135, 0.043710844766576759)
135	137,0.0530561390614	(135, 0.043710844766576759)
135	162,0.0557071723541	(135, 0.043710844766576759)
135	171,0.0656824035349	(135, 0.043710844766576759)
135	23,0.0698422523131	(135, 0.043710844766576759)
135	77,0.0733366905004	(135, 0.043710844766576759)
135	117,0.0766632828305	(135, 0.043710844766576759)
136	121,0.0853115222182	(136, 0.090610543495157625)
136	136,0.0906105434952	(136, 0.090610543495157625)
136	132,0.0917730406026	(136, 0.090610543495157625)
136	78,0.0968907490976	(136, 0.090610543495157625)
136	126,0.0986190094646	(136, 0.090610543495157625)
136	151,0.0988473749079	(136, 0.090610543495157625)
136	11,0.104090998775	(136, 0.090610543495157625)
136	3,0.107477188943	(136, 0.090610543495157625)
136	54,0.110253837493	(136, 0.090610543495157625)
136	119,0.115467378374	(136, 0.090610543495157625)
137	137,0.0247014971957	(137, 0.024701497195684131)
137	147,0.0274343749876	(137, 0.024701497195684131)
137	63,0.0294156408115	(137, 0.024701497195684131)
137	76,0.0452127977224	(137, 0.024701497195684131)
137	171,0.0512014654665	(137, 0.024701497195684131)
137	3,0.0550931726862	(137, 0.024701497195684131)
137	36,0.0576606293847	(137, 0.024701497195684131)
137	117,0.0661670904722	(137, 0.024701497195684131)
137	90,0.0683860186898	(137, 0.024701497195684131)
137	46,0.0690728046989	(137, 0.024701497195684131)
138	78,0.073560441879	(138, 0.095113924817638182)
138	128,0.0758387471016	(138, 0.095113924817638182)
138	158,0.076486176546	(138, 0.095113924817638182)
138	107,0.0824876504473	(138, 0.095113924817638182)
138	138,0.0951139248176	(138, 0.095113924817638182)
138	99,0.112320959507	(138, 0.095113924817638182)
138	139,0.11250152805	(138, 0.095113924817638182)
138	22,0.112598192969	(138, 0.095113924817638182)
138	55,0.112830267678	(138, 0.095113924817638182)
138	38,0.12073698423	(138, 0.095113924817638182)
139	139,0.0177368420736	(139, 0.017736842073603092)
139	46,0.0407176857728	(139, 0.017736842073603092)
139	18,0.0538932342469	(139, 0.017736842073603092)
139	76,0.059200537915	(139, 0.017736842073603092)
139	22,0.0595591938909	(139, 0.017736842073603092)
139	151,0.0628715995697	(139, 0.017736842073603092)
139	132,0.0670642938124	(139, 0.017736842073603092)
139	35,0.0684041623405	(139, 0.017736842073603092)
139	171,0.0757527163614	(139, 0.017736842073603092)
139	117,0.0788824142637	(139, 0.017736842073603092)
140	93,0.0990568461377	(140, 0.11066065191505696)
140	124,0.10832853563	(140, 0.11066065191505696)
140	140,0.110660651915	(140, 0.11066065191505696)
140	73,0.112070801044	(140, 0.11066065191505696)
140	157,0.115352913229	(140, 0.11066065191505696)
140	69,0.118810698529	(140, 0.11066065191505696)
140	116,0.121869169218	(140, 0.11066065191505696)
140	104,0.131675152189	(140, 0.11066065191505696)
140	144,0.139548951273	(140, 0.11066065191505696)
140	53,0.148065268757	(140, 0.11066065191505696)
141	124,0.171251951786	(141, 0.20795828726169482)
141	97,0.180185271255	(141, 0.20795828726169482)
141	48,0.193417239467	(141, 0.20795828726169482)
141	4,0.194382061892	(141, 0.20795828726169482)
141	33,0.206293220503	(141, 0.20795828726169482)
141	141,0.207958287262	(141, 0.20795828726169482)
141	155,0.213406113152	(141, 0.20795828726169482)
141	120,0.21657495607	(141, 0.20795828726169482)
141	53,0.217267815387	(141, 0.20795828726169482)
141	2,0.219385685136	(141, 0.20795828726169482)
142	12,0.11765862277	(142, 0.31465486018005584)
142	61,0.121507319849	(142, 0.31465486018005584)
142	38,0.124446011071	(142, 0.31465486018005584)
142	16,0.128631429501	(142, 0.31465486018005584)
142	73,0.129799244476	(142, 0.31465486018005584)
142	55,0.138218485971	(142, 0.31465486018005584)
142	23,0.14028129673	(142, 0.31465486018005584)
142	105,0.141470594489	(142, 0.31465486018005584)
142	78,0.14560451695	(142, 0.31465486018005584)
142	162,0.151656407795	(142, 0.31465486018005584)
143	143,0.0362096242659	(143, 0.036209624265914141)
143	3,0.0436981696698	(143, 0.036209624265914141)
143	112,0.0517060401442	(143, 0.036209624265914141)
143	90,0.0529235847315	(143, 0.036209624265914141)
143	11,0.05517049572	(143, 0.036209624265914141)
143	137,0.0563088650517	(143, 0.036209624265914141)
143	162,0.0567722683951	(143, 0.036209624265914141)
143	17,0.0645010358788	(143, 0.036209624265914141)
143	150,0.0686202972099	(143, 0.036209624265914141)
143	96,0.0716184379677	(143, 0.036209624265914141)
144	144,0.0538913962972	(144, 0.053891396297242496)
144	14,0.109195091623	(144, 0.053891396297242496)
144	38,0.110075457193	(144, 0.053891396297242496)
144	12,0.127334859294	(144, 0.053891396297242496)
144	145,0.146512789881	(144, 0.053891396297242496)
144	159,0.146831010771	(144, 0.053891396297242496)
144	50,0.146902299176	(144, 0.053891396297242496)
144	109,0.155575181543	(144, 0.053891396297242496)
144	116,0.158496239888	(144, 0.053891396297242496)
144	99,0.164899662317	(144, 0.053891396297242496)
145	145,0.084536548944	(145, 0.084536548944013565)
145	78,0.0901141262764	(145, 0.084536548944013565)
145	128,0.0905890526966	(145, 0.084536548944013565)
145	38,0.0918781369948	(145, 0.084536548944013565)
145	158,0.0924610001415	(145, 0.084536548944013565)
145	55,0.0944683125997	(145, 0.084536548944013565)
145	24,0.102762482135	(145, 0.084536548944013565)
145	12,0.116771027542	(145, 0.084536548944013565)
145	14,0.124112183511	(145, 0.084536548944013565)
145	99,0.124598488802	(145, 0.084536548944013565)
146	146,0.0243422857137	(146, 0.024342285713672137)
146	159,0.0616547610173	(146, 0.024342285713672137)
146	12,0.0873527379578	(146, 0.024342285713672137)
146	18,0.0939230085718	(146, 0.024342285713672137)
146	132,0.0980745909593	(146, 0.024342285713672137)
146	137,0.100435143538	(146, 0.024342285713672137)
146	46,0.101951371897	(146, 0.024342285713672137)
146	81,0.103150711514	(146, 0.024342285713672137)
146	151,0.104984461312	(146, 0.024342285713672137)
146	3,0.106261036635	(146, 0.024342285713672137)
147	63,0.02660930663	(147, 0.028250449046382593)
147	147,0.0282504490464	(147, 0.028250449046382593)
147	76,0.0305544794207	(147, 0.028250449046382593)
147	132,0.0486668557417	(147, 0.028250449046382593)
147	151,0.0492645961166	(147, 0.028250449046382593)
147	18,0.0504576433106	(147, 0.028250449046382593)
147	22,0.0547687240895	(147, 0.028250449046382593)
147	3,0.0556945234002	(147, 0.028250449046382593)
147	171,0.0591161198737	(147, 0.028250449046382593)
147	137,0.059296099408	(147, 0.028250449046382593)
148	148,0.0337311440989	(148, 0.03373114409888376)
148	17,0.0493567305662	(148, 0.03373114409888376)
148	143,0.0508998061059	(148, 0.03373114409888376)
148	100,0.0714459156358	(148, 0.03373114409888376)
148	90,0.0773816888542	(148, 0.03373114409888376)
148	112,0.0898791250251	(148, 0.03373114409888376)
148	49,0.0956610705994	(148, 0.03373114409888376)
148	172,0.0967825819584	(148, 0.03373114409888376)
148	3,0.102544869223	(148, 0.03373114409888376)
148	96,0.107083991597	(148, 0.03373114409888376)
149	149,0.101189669885	(149, 0.10118966988458232)
149	32,0.192604598066	(149, 0.10118966988458232)
149	169,0.213758573614	(149, 0.10118966988458232)
149	33,0.247750934052	(149, 0.10118966988458232)
149	156,0.339359812667	(149, 0.10118966988458232)
149	27,0.342821473548	(149, 0.10118966988458232)
149	165,0.35287373416	(149, 0.10118966988458232)
149	51,0.360276427721	(149, 0.10118966988458232)
149	111,0.362778593866	(149, 0.10118966988458232)
149	91,0.362839871514	(149, 0.10118966988458232)
150	3,0.0354920315846	(150, 0.056047258651150761)
150	11,0.042721211961	(150, 0.056047258651150761)
150	71,0.0458217791856	(150, 0.056047258651150761)
150	162,0.0485825997258	(150, 0.056047258651150761)
150	121,0.0560384261802	(150, 0.056047258651150761)
150	150,0.0560472586512	(150, 0.056047258651150761)
150	86,0.0569595935835	(150, 0.056047258651150761)
150	117,0.0589512321482	(150, 0.056047258651150761)
150	63,0.0602890720298	(150, 0.056047258651150761)
150	143,0.064837686533	(150, 0.056047258651150761)
151	121,0.0386005402898	(151, 0.056078132006822712)
151	132,0.0532950807472	(151, 0.056078132006822712)
151	151,0.0560781320068	(151, 0.056078132006822712)
151	70,0.0608160622553	(151, 0.056078132006822712)
151	3,0.0680394441032	(151, 0.056078132006822712)
151	22,0.0703922957744	(151, 0.056078132006822712)
151	81,0.0708705639939	(151, 0.056078132006822712)
151	63,0.0718673781817	(151, 0.056078132006822712)
151	11,0.0738812231109	(151, 0.056078132006822712)
151	78,0.0782662068145	(151, 0.056078132006822712)
152	152,0.0535165301851	(152, 0.053516530185066302)
152	121,0.062985169212	(152, 0.053516530185066302)
152	18,0.069273347925	(152, 0.053516530185066302)
152	35,0.0812400072813	(152, 0.053516530185066302)
152	88,0.0823216647744	(152, 0.053516530185066302)
152	117,0.0827833446551	(152, 0.053516530185066302)
152	22,0.0888682000412	(152, 0.053516530185066302)
152	12,0.0896573693462	(152, 0.053516530185066302)
152	139,0.091763047216	(152, 0.053516530185066302)
152	162,0.0999339372412	(152, 0.053516530185066302)
153	133,0.080773883345	(153, 0.13665217184859066)
153	153,0.136652171849	(153, 0.13665217184859066)
153	34,0.150680602102	(153, 0.13665217184859066)
153	130,0.153876344537	(153, 0.13665217184859066)
153	91,0.157342912013	(153, 0.13665217184859066)
153	102,0.166380132455	(153, 0.13665217184859066)
153	103,0.191923339226	(153, 0.13665217184859066)
153	95,0.213941791858	(153, 0.13665217184859066)
153	1,0.221929263812	(153, 0.13665217184859066)
153	28,0.225035298404	(153, 0.13665217184859066)
154	154,0.0334456193649	(154, 0.033445619364881357)
154	40,0.0885337604051	(154, 0.033445619364881357)
154	69,0.0948688066555	(154, 0.033445619364881357)
154	174,0.106283277649	(154, 0.033445619364881357)
154	48,0.115439370604	(154, 0.033445619364881357)
154	172,0.117797282139	(154, 0.033445619364881357)
154	4,0.128959548484	(154, 0.033445619364881357)
154	56,0.132746901262	(154, 0.033445619364881357)
154	116,0.13504528403	(154, 0.033445619364881357)
154	2,0.153706478952	(154, 0.033445619364881357)
155	71,0.0512856292709	(155, 0.087227802983896513)
155	11,0.0563278132553	(155, 0.087227802983896513)
155	162,0.0637945217097	(155, 0.087227802983896513)
155	117,0.0727922828927	(155, 0.087227802983896513)
155	1,0.073799037473	(155, 0.087227802983896513)
155	121,0.0803479513098	(155, 0.087227802983896513)
155	77,0.0853436130011	(155, 0.087227802983896513)
155	81,0.0864294232374	(155, 0.087227802983896513)
155	155,0.0872278029839	(155, 0.087227802983896513)
155	3,0.0914534818778	(155, 0.087227802983896513)
156	156,0.0697507180572	(156, 0.069750718057171493)
156	73,0.0727058211995	(156, 0.069750718057171493)
156	144,0.0966925322893	(156, 0.069750718057171493)
156	109,0.0979925504955	(156, 0.069750718057171493)
156	27,0.127318608279	(156, 0.069750718057171493)
156	107,0.12860543897	(156, 0.069750718057171493)
156	131,0.129202283278	(156, 0.069750718057171493)
156	93,0.130336510077	(156, 0.069750718057171493)
156	116,0.134059060668	(156, 0.069750718057171493)
156	50,0.141182065662	(156, 0.069750718057171493)
157	22,0.0555668943735	(157, 0.11201605149301595)
157	12,0.0702371191807	(157, 0.11201605149301595)
157	126,0.0716750291667	(157, 0.11201605149301595)
157	78,0.0735274435123	(157, 0.11201605149301595)
157	128,0.0735722364988	(157, 0.11201605149301595)
157	121,0.074507201671	(157, 0.11201605149301595)
157	73,0.0773813564472	(157, 0.11201605149301595)
157	76,0.0792329719439	(157, 0.11201605149301595)
157	132,0.0794823331651	(157, 0.11201605149301595)
157	158,0.0814043021291	(157, 0.11201605149301595)
158	77,0.0375254215637	(158, 0.14209925530106943)
158	3,0.0507839367391	(158, 0.14209925530106943)
158	37,0.0609635651037	(158, 0.14209925530106943)
158	136,0.0634643743306	(158, 0.14209925530106943)
158	11,0.0640578245796	(158, 0.14209925530106943)
158	171,0.0662985325524	(158, 0.14209925530106943)
158	137,0.0663545272812	(158, 0.14209925530106943)
158	63,0.0686633403521	(158, 0.14209925530106943)
158	76,0.0689763319571	(158, 0.14209925530106943)
158	147,0.0711284380189	(158, 0.14209925530106943)
159	146,0.0359008567103	(159, 0.084120744856312629)
159	81,0.0562636366554	(159, 0.084120744856312629)
159	3,0.0617752426113	(159, 0.084120744856312629)
159	137,0.0637180551512	(159, 0.084120744856312629)
159	150,0.0649764242907	(159, 0.084120744856312629)
159	18,0.0680597007677	(159, 0.084120744856312629)
159	151,0.0742106604988	(159, 0.084120744856312629)
159	90,0.0776652752285	(159, 0.084120744856312629)
159	117,0.0795248068285	(159, 0.084120744856312629)
159	46,0.0796822153501	(159, 0.084120744856312629)
160	164,0.111636452717	(160, 0.57514594047100109)
160	27,0.134538115512	(160, 0.57514594047100109)
160	73,0.137033739651	(160, 0.57514594047100109)
160	43,0.137505366369	(160, 0.57514594047100109)
160	38,0.1378020443	(160, 0.57514594047100109)
160	50,0.157795161806	(160, 0.57514594047100109)
160	107,0.158112790504	(160, 0.57514594047100109)
160	109,0.162057049144	(160, 0.57514594047100109)
160	105,0.164950591657	(160, 0.57514594047100109)
160	12,0.166557427997	(160, 0.57514594047100109)
161	161,0.0304990225437	(161, 0.030499022543661273)
161	65,0.0802887659006	(161, 0.030499022543661273)
161	17,0.0918405653711	(161, 0.030499022543661273)
161	44,0.0957470227762	(161, 0.030499022543661273)
161	155,0.0958475843749	(161, 0.030499022543661273)
161	83,0.0990557378418	(161, 0.030499022543661273)
161	68,0.103117878481	(161, 0.030499022543661273)
161	13,0.113711987733	(161, 0.030499022543661273)
161	100,0.113769178468	(161, 0.030499022543661273)
161	71,0.115710018077	(161, 0.030499022543661273)
162	162,0.043640271903	(162, 0.043640271902989289)
162	18,0.0558586912136	(162, 0.043640271902989289)
162	117,0.0581409931092	(162, 0.043640271902989289)
162	76,0.0603163256902	(162, 0.043640271902989289)
162	147,0.0631888003748	(162, 0.043640271902989289)
162	90,0.065495796358	(162, 0.043640271902989289)
162	88,0.0697338398359	(162, 0.043640271902989289)
162	150,0.0701119941359	(162, 0.043640271902989289)
162	12,0.0706993237113	(162, 0.043640271902989289)
162	11,0.071488268977	(162, 0.043640271902989289)
163	17,0.0657245102757	(163, 0.10450309911715788)
163	172,0.0790362383142	(163, 0.10450309911715788)
163	100,0.0798788028232	(163, 0.10450309911715788)
163	3,0.0822443300317	(163, 0.10450309911715788)
163	148,0.0833947832952	(163, 0.10450309911715788)
163	37,0.0880873956622	(163, 0.10450309911715788)
163	40,0.0895022080785	(163, 0.10450309911715788)
163	143,0.0940316149405	(163, 0.10450309911715788)
163	83,0.0978664292296	(163, 0.10450309911715788)
163	11,0.0978802251803	(163, 0.10450309911715788)
164	27,0.0950765320957	(164, 0.1125682520093666)
164	156,0.0961072729159	(164, 0.1125682520093666)
164	164,0.112568252009	(164, 0.1125682520093666)
164	73,0.119997635522	(164, 0.1125682520093666)
164	32,0.129556005837	(164, 0.1125682520093666)
164	144,0.129802615326	(164, 0.1125682520093666)
164	109,0.153054705665	(164, 0.1125682520093666)
164	131,0.153655892684	(164, 0.1125682520093666)
164	107,0.163666177504	(164, 0.1125682520093666)
164	157,0.175192022954	(164, 0.1125682520093666)
165	93,0.0817298434196	(165, 0.12897747587655228)
165	116,0.10651064411	(165, 0.12897747587655228)
165	157,0.114777985557	(165, 0.12897747587655228)
165	144,0.125757677769	(165, 0.12897747587655228)
165	165,0.128977475877	(165, 0.12897747587655228)
165	131,0.131661981076	(165, 0.12897747587655228)
165	73,0.133603959632	(165, 0.12897747587655228)
165	156,0.152144099227	(165, 0.12897747587655228)
165	124,0.163093939352	(165, 0.12897747587655228)
165	172,0.167105718544	(165, 0.12897747587655228)
166	116,0.122746105696	(166, 0.14551931735486762)
166	69,0.137536697306	(166, 0.14551931735486762)
166	166,0.145519317355	(166, 0.14551931735486762)
166	144,0.149824626036	(166, 0.14551931735486762)
166	124,0.15191842882	(166, 0.14551931735486762)
166	140,0.163031796431	(166, 0.14551931735486762)
166	13,0.176928713894	(166, 0.14551931735486762)
166	93,0.185933946336	(166, 0.14551931735486762)
166	33,0.186899326319	(166, 0.14551931735486762)
166	104,0.189980739991	(166, 0.14551931735486762)
167	51,0.143858116171	(167, 0.17569940821237928)
167	39,0.145211546925	(167, 0.17569940821237928)
167	27,0.171728389863	(167, 0.17569940821237928)
167	167,0.175699408212	(167, 0.17569940821237928)
167	32,0.187653522414	(167, 0.17569940821237928)
167	19,0.209720407436	(167, 0.17569940821237928)
167	138,0.234278710386	(167, 0.17569940821237928)
167	99,0.249505363677	(167, 0.17569940821237928)
167	164,0.250161410367	(167, 0.17569940821237928)
167	107,0.251165595898	(167, 0.17569940821237928)
168	12,0.083096396077	(168, 0.11218156456363178)
168	121,0.0905193010898	(168, 0.11218156456363178)
168	18,0.0916789786915	(168, 0.11218156456363178)
168	55,0.0941341139466	(168, 0.11218156456363178)
168	38,0.10305342647	(168, 0.11218156456363178)
168	61,0.108299270893	(168, 0.11218156456363178)
168	168,0.112181564564	(168, 0.11218156456363178)
168	151,0.112182828344	(168, 0.11218156456363178)
168	86,0.113505809574	(168, 0.11218156456363178)
168	152,0.114173904288	(168, 0.11218156456363178)
169	156,0.117249160478	(169, 0.13548771540535065)
169	73,0.12194883772	(169, 0.13548771540535065)
169	99,0.123559527256	(169, 0.13548771540535065)
169	169,0.135487715405	(169, 0.13548771540535065)
169	27,0.137069043579	(169, 0.13548771540535065)
169	109,0.139923530938	(169, 0.13548771540535065)
169	170,0.139976261412	(169, 0.13548771540535065)
169	144,0.140954809783	(169, 0.13548771540535065)
169	84,0.165182838003	(169, 0.13548771540535065)
169	19,0.167118802195	(169, 0.13548771540535065)
170	170,0.0950826282107	(170, 0.095082628210687997)
170	27,0.108494549227	(170, 0.095082628210687997)
170	99,0.114409796743	(170, 0.095082628210687997)
170	19,0.138898990079	(170, 0.095082628210687997)
170	144,0.148540300609	(170, 0.095082628210687997)
170	73,0.154981795546	(170, 0.095082628210687997)
170	0,0.171349685214	(170, 0.095082628210687997)
170	84,0.178007601209	(170, 0.095082628210687997)
170	114,0.183769251597	(170, 0.095082628210687997)
170	124,0.187054120359	(170, 0.095082628210687997)
171	156,0.0976096972504	(171, 0.33001288563400594)
171	27,0.117718633095	(171, 0.33001288563400594)
171	32,0.119778895821	(171, 0.33001288563400594)
171	73,0.139682297329	(171, 0.33001288563400594)
171	164,0.140178562999	(171, 0.33001288563400594)
171	169,0.155819411544	(171, 0.33001288563400594)
171	107,0.159753637271	(171, 0.33001288563400594)
171	144,0.174739989302	(171, 0.33001288563400594)
171	51,0.177770399166	(171, 0.33001288563400594)
171	102,0.181962845769	(171, 0.33001288563400594)
172	172,0.0234907820685	(172, 0.023490782068522179)
172	137,0.0415410246102	(172, 0.023490782068522179)
172	3,0.0600141519922	(172, 0.023490782068522179)
172	77,0.068433265881	(172, 0.023490782068522179)
172	90,0.0700217100423	(172, 0.023490782068522179)
172	17,0.0703515363837	(172, 0.023490782068522179)
172	81,0.0772340484183	(172, 0.023490782068522179)
172	171,0.0801178211358	(172, 0.023490782068522179)
172	37,0.082912220625	(172, 0.023490782068522179)
172	136,0.0837209500278	(172, 0.023490782068522179)
173	107,0.102754867549	(173, 0.16779921731579051)
173	158,0.105430701395	(173, 0.16779921731579051)
173	38,0.109491231345	(173, 0.16779921731579051)
173	27,0.120042479332	(173, 0.16779921731579051)
173	24,0.120746595	(173, 0.16779921731579051)
173	78,0.136850448559	(173, 0.16779921731579051)
173	128,0.137815575308	(173, 0.16779921731579051)
173	61,0.144598023136	(173, 0.16779921731579051)
173	156,0.148355633221	(173, 0.16779921731579051)
173	43,0.149303726568	(173, 0.16779921731579051)
174	174,0.0433690608695	(174, 0.043369060869547775)
174	15,0.0621764607257	(174, 0.043369060869547775)
174	56,0.074720008938	(174, 0.043369060869547775)
174	120,0.0955143188088	(174, 0.043369060869547775)
174	17,0.10265711679	(174, 0.043369060869547775)
174	69,0.104170074893	(174, 0.043369060869547775)
174	154,0.107774807648	(174, 0.043369060869547775)
174	4,0.119684345612	(174, 0.043369060869547775)
174	172,0.12127508481	(174, 0.043369060869547775)
174	2,0.125111998717	(174, 0.043369060869547775)
