0	0,0.000407673729856	(0, 0.00040767372985578117)
0	38,0.00111424801775	(0, 0.00040767372985578117)
0	84,0.00118263434037	(0, 0.00040767372985578117)
0	99,0.00126907430623	(0, 0.00040767372985578117)
0	14,0.00138512172682	(0, 0.00040767372985578117)
0	109,0.00139834281806	(0, 0.00040767372985578117)
0	144,0.00141718557307	(0, 0.00040767372985578117)
0	170,0.00144316617773	(0, 0.00040767372985578117)
0	55,0.00148617175947	(0, 0.00040767372985578117)
0	173,0.00149635082213	(0, 0.00040767372985578117)
1	1,0.000373439188128	(1, 0.00037343918812787747)
1	102,0.000604635272174	(1, 0.00037343918812787747)
1	28,0.000645604000291	(1, 0.00037343918812787747)
1	91,0.000647516447971	(1, 0.00037343918812787747)
1	103,0.000678147852013	(1, 0.00037343918812787747)
1	153,0.000680690145738	(1, 0.00037343918812787747)
1	155,0.000764510679957	(1, 0.00037343918812787747)
1	53,0.000881931028265	(1, 0.00037343918812787747)
1	114,0.000924567040891	(1, 0.00037343918812787747)
1	41,0.000942893334014	(1, 0.00037343918812787747)
2	154,0.000463301081943	(2, 0.00075407051810130765)
2	4,0.000506130899444	(2, 0.00075407051810130765)
2	174,0.000647906537658	(2, 0.00075407051810130765)
2	69,0.000680312982995	(2, 0.00075407051810130765)
2	40,0.000722053947008	(2, 0.00075407051810130765)
2	2,0.000754070518101	(2, 0.00075407051810130765)
2	172,0.000835781855698	(2, 0.00075407051810130765)
2	25,0.000962672107166	(2, 0.00075407051810130765)
2	15,0.000976256532829	(2, 0.00075407051810130765)
2	56,0.00104066183308	(2, 0.00075407051810130765)
3	3,0.00020469747143	(3, 0.000204697471429997)
3	63,0.000310669644079	(3, 0.000204697471429997)
3	162,0.00040612136881	(3, 0.000204697471429997)
3	11,0.000408282124811	(3, 0.000204697471429997)
3	81,0.000438605973354	(3, 0.000204697471429997)
3	132,0.000444966858778	(3, 0.000204697471429997)
3	112,0.000445950134042	(3, 0.000204697471429997)
3	90,0.000457019142554	(3, 0.000204697471429997)
3	150,0.000461874844212	(3, 0.000204697471429997)
3	151,0.000476754861008	(3, 0.000204697471429997)
4	172,0.000357704444118	(4, 0.00054958651310315298)
4	13,0.000440372653581	(4, 0.00054958651310315298)
4	40,0.000480703481522	(4, 0.00054958651310315298)
4	69,0.000508533474447	(4, 0.00054958651310315298)
4	17,0.000510776955551	(4, 0.00054958651310315298)
4	37,0.000530894268291	(4, 0.00054958651310315298)
4	4,0.000549586513103	(4, 0.00054958651310315298)
4	77,0.000598812612516	(4, 0.00054958651310315298)
4	120,0.000613794903896	(4, 0.00054958651310315298)
4	124,0.000639668886573	(4, 0.00054958651310315298)
5	73,0.000475838229463	(5, 0.0017396361103248449)
5	107,0.00079691694716	(5, 0.0017396361103248449)
5	93,0.000862592915824	(5, 0.0017396361103248449)
5	95,0.000879895662536	(5, 0.0017396361103248449)
5	26,0.00092320892932	(5, 0.0017396361103248449)
5	78,0.000926744906787	(5, 0.0017396361103248449)
5	1,0.000966404399653	(5, 0.0017396361103248449)
5	158,0.000973861302625	(5, 0.0017396361103248449)
5	128,0.000974145306081	(5, 0.0017396361103248449)
5	124,0.000987672065412	(5, 0.0017396361103248449)
6	139,0.000248574027471	(6, 0.00035901984017015353)
6	46,0.000289273999841	(6, 0.00035901984017015353)
6	6,0.00035901984017	(6, 0.00035901984017015353)
6	76,0.000400887995407	(6, 0.00035901984017015353)
6	22,0.000440054692354	(6, 0.00035901984017015353)
6	18,0.000491986374185	(6, 0.00035901984017015353)
6	171,0.000501168572148	(6, 0.00035901984017015353)
6	35,0.000511970352343	(6, 0.00035901984017015353)
6	158,0.000516034386781	(6, 0.00035901984017015353)
6	132,0.00052578121622	(6, 0.00035901984017015353)
7	66,0.00178043925219	(7, 0.0034486359201542933)
7	167,0.00278638076035	(7, 0.0034486359201542933)
7	80,0.00287769341394	(7, 0.0034486359201542933)
7	51,0.00294112673717	(7, 0.0034486359201542933)
7	32,0.00297115980617	(7, 0.0034486359201542933)
7	169,0.00299982997239	(7, 0.0034486359201542933)
7	160,0.00322128712677	(7, 0.0034486359201542933)
7	133,0.00324330389286	(7, 0.0034486359201542933)
7	149,0.00341343964838	(7, 0.0034486359201542933)
7	7,0.00344863592015	(7, 0.0034486359201542933)
8	11,0.000429680623016	(8, 0.00054343732183940812)
8	121,0.000462436130453	(8, 0.00054343732183940812)
8	162,0.000532142634434	(8, 0.00054343732183940812)
8	8,0.000543437321839	(8, 0.00054343732183940812)
8	3,0.000561612546	(8, 0.00054343732183940812)
8	71,0.000639176396077	(8, 0.00054343732183940812)
8	18,0.000644140652265	(8, 0.00054343732183940812)
8	70,0.00065047576687	(8, 0.00054343732183940812)
8	151,0.000665996554864	(8, 0.00054343732183940812)
8	78,0.00066711306586	(8, 0.00054343732183940812)
9	9,0.000689466023294	(9, 0.00068946602329377393)
9	155,0.00134725531999	(9, 0.00068946602329377393)
9	114,0.00146091013372	(9, 0.00068946602329377393)
9	91,0.00161907444283	(9, 0.00068946602329377393)
9	53,0.00163105107292	(9, 0.00068946602329377393)
9	124,0.00177245784483	(9, 0.00068946602329377393)
9	41,0.00203246777463	(9, 0.00068946602329377393)
9	65,0.00206316089411	(9, 0.00068946602329377393)
9	28,0.00213582195029	(9, 0.00068946602329377393)
9	1,0.00226513252925	(9, 0.00068946602329377393)
10	10,0.000924292696942	(10, 0.00092429269694225364)
10	47,0.00119044836988	(10, 0.00092429269694225364)
10	167,0.00231096879775	(10, 0.00092429269694225364)
10	99,0.00243042393636	(10, 0.00092429269694225364)
10	84,0.00243920342862	(10, 0.00092429269694225364)
10	173,0.00245680591757	(10, 0.00092429269694225364)
10	138,0.00268534429825	(10, 0.00092429269694225364)
10	166,0.00271113420416	(10, 0.00092429269694225364)
10	27,0.00276801678196	(10, 0.00092429269694225364)
10	14,0.0027749495467	(10, 0.00092429269694225364)
11	11,0.000195391564414	(11, 0.0001953915644138275)
11	119,0.000439615446961	(11, 0.0001953915644138275)
11	81,0.000474067707014	(11, 0.0001953915644138275)
11	115,0.000555335986741	(11, 0.0001953915644138275)
11	3,0.000566278562382	(11, 0.0001953915644138275)
11	96,0.000573303561053	(11, 0.0001953915644138275)
11	37,0.000575144812994	(11, 0.0001953915644138275)
11	13,0.00063790461125	(11, 0.0001953915644138275)
11	71,0.00067664207743	(11, 0.0001953915644138275)
11	112,0.000705254659523	(11, 0.0001953915644138275)
12	12,0.000296754900615	(12, 0.00029675490061526567)
12	22,0.000300013686435	(12, 0.00029675490061526567)
12	126,0.000319068826426	(12, 0.00029675490061526567)
12	76,0.000347667287184	(12, 0.00029675490061526567)
12	137,0.000388204464852	(12, 0.00029675490061526567)
12	121,0.00038952595135	(12, 0.00029675490061526567)
12	86,0.000396487717209	(12, 0.00029675490061526567)
12	151,0.000409558570627	(12, 0.00029675490061526567)
12	18,0.000431323257341	(12, 0.00029675490061526567)
12	132,0.000440168577138	(12, 0.00029675490061526567)
13	11,0.000318535677856	(13, 0.00045893953215696699)
13	17,0.000334513052764	(13, 0.00045893953215696699)
13	172,0.000348021907184	(13, 0.00045893953215696699)
13	162,0.000376518608842	(13, 0.00045893953215696699)
13	3,0.000408870448187	(13, 0.00045893953215696699)
13	90,0.000456880360805	(13, 0.00045893953215696699)
13	13,0.000458939532157	(13, 0.00045893953215696699)
13	143,0.000465172543017	(13, 0.00045893953215696699)
13	37,0.000469156047121	(13, 0.00045893953215696699)
13	77,0.000474113006981	(13, 0.00045893953215696699)
14	14,0.000501320611326	(14, 0.0005013206113257786)
14	72,0.000523130584185	(14, 0.0005013206113257786)
14	159,0.000643960499216	(14, 0.0005013206113257786)
14	123,0.000813590708251	(14, 0.0005013206113257786)
14	144,0.000874713035338	(14, 0.0005013206113257786)
14	109,0.000875886214777	(14, 0.0005013206113257786)
14	145,0.000876460001278	(14, 0.0005013206113257786)
14	84,0.000932477720628	(14, 0.0005013206113257786)
14	116,0.000958670242095	(14, 0.0005013206113257786)
14	12,0.00105383924958	(14, 0.0005013206113257786)
15	17,0.000319027345048	(15, 0.00038417810978539003)
15	15,0.000384178109785	(15, 0.00038417810978539003)
15	100,0.000415322861432	(15, 0.00038417810978539003)
15	49,0.000430659399179	(15, 0.00038417810978539003)
15	77,0.000444026566588	(15, 0.00038417810978539003)
15	172,0.000544454393782	(15, 0.00038417810978539003)
15	148,0.000590967153061	(15, 0.00038417810978539003)
15	79,0.000616649593569	(15, 0.00038417810978539003)
15	59,0.000621735285144	(15, 0.00038417810978539003)
15	69,0.000651952111614	(15, 0.00038417810978539003)
16	16,0.000550844669758	(16, 0.00055084466975816612)
16	170,0.000765036826875	(16, 0.00055084466975816612)
16	114,0.000981995289999	(16, 0.00055084466975816612)
16	19,0.000987038013748	(16, 0.00055084466975816612)
16	0,0.000989889947225	(16, 0.00055084466975816612)
16	101,0.00107396352035	(16, 0.00055084466975816612)
16	140,0.00112819543145	(16, 0.00055084466975816612)
16	73,0.00115305671062	(16, 0.00055084466975816612)
16	27,0.00116409731941	(16, 0.00055084466975816612)
16	144,0.00119993839646	(16, 0.00055084466975816612)
17	17,0.000215196798163	(17, 0.0002151967981628424)
17	172,0.000293085921532	(17, 0.0002151967981628424)
17	77,0.000405185266635	(17, 0.0002151967981628424)
17	100,0.000427261082996	(17, 0.0002151967981628424)
17	143,0.00045428570048	(17, 0.0002151967981628424)
17	90,0.000475323661071	(17, 0.0002151967981628424)
17	37,0.00049277692924	(17, 0.0002151967981628424)
17	3,0.000507429443664	(17, 0.0002151967981628424)
17	136,0.000539853882235	(17, 0.0002151967981628424)
17	49,0.000541052356316	(17, 0.0002151967981628424)
18	88,0.000258198675573	(18, 0.00028220108400400882)
18	18,0.000282201084004	(18, 0.00028220108400400882)
18	22,0.00032042936333	(18, 0.00028220108400400882)
18	76,0.000342135445962	(18, 0.00028220108400400882)
18	61,0.000348938396022	(18, 0.00028220108400400882)
18	35,0.000361582020078	(18, 0.00028220108400400882)
18	121,0.000363338704818	(18, 0.00028220108400400882)
18	139,0.000380354929036	(18, 0.00028220108400400882)
18	132,0.000386852466382	(18, 0.00028220108400400882)
18	147,0.000440774667498	(18, 0.00028220108400400882)
19	19,0.000758394412317	(19, 0.00075839441231651753)
19	27,0.000794793163476	(19, 0.00075839441231651753)
19	43,0.000983857780723	(19, 0.00075839441231651753)
19	99,0.000988358680981	(19, 0.00075839441231651753)
19	32,0.00124905146142	(19, 0.00075839441231651753)
19	164,0.00134554516253	(19, 0.00075839441231651753)
19	58,0.00136955433849	(19, 0.00075839441231651753)
19	39,0.0014162740369	(19, 0.00075839441231651753)
19	84,0.00144365697752	(19, 0.00075839441231651753)
19	107,0.00145174725333	(19, 0.00075839441231651753)
20	73,0.000515979257503	(20, 0.00060538202696045959)
20	20,0.00060538202696	(20, 0.00060538202696045959)
20	124,0.000622393770639	(20, 0.00060538202696045959)
20	93,0.000747450163493	(20, 0.00060538202696045959)
20	157,0.000789346189987	(20, 0.00060538202696045959)
20	1,0.000801023198127	(20, 0.00060538202696045959)
20	89,0.000811010597324	(20, 0.00060538202696045959)
20	109,0.000821928066785	(20, 0.00060538202696045959)
20	128,0.000861168820068	(20, 0.00060538202696045959)
20	155,0.000901925200918	(20, 0.00060538202696045959)
21	121,0.000300024989034	(21, 0.00055332843594838672)
21	71,0.000317937174347	(21, 0.00055332843594838672)
21	117,0.000337546875261	(21, 0.00055332843594838672)
21	11,0.000342469551781	(21, 0.00055332843594838672)
21	162,0.000357966176712	(21, 0.00055332843594838672)
21	22,0.000475470655166	(21, 0.00055332843594838672)
21	86,0.000487807266277	(21, 0.00055332843594838672)
21	23,0.000525426955562	(21, 0.00055332843594838672)
21	76,0.000534479219171	(21, 0.00055332843594838672)
21	21,0.000553328435948	(21, 0.00055332843594838672)
22	22,0.00025908912928	(22, 0.0002590891292802124)
22	117,0.000286318541704	(22, 0.0002590891292802124)
22	76,0.000316826715848	(22, 0.0002590891292802124)
22	139,0.000328041769706	(22, 0.0002590891292802124)
22	132,0.000357423515836	(22, 0.0002590891292802124)
22	46,0.000378309329227	(22, 0.0002590891292802124)
22	3,0.000400366612355	(22, 0.0002590891292802124)
22	63,0.000435161544843	(22, 0.0002590891292802124)
22	137,0.000437453425848	(22, 0.0002590891292802124)
22	171,0.000444370750308	(22, 0.0002590891292802124)
23	23,0.000160507000534	(23, 0.00016050700053371169)
23	61,0.000195086360143	(23, 0.00016050700053371169)
23	26,0.000555768666097	(23, 0.00016050700053371169)
23	78,0.000630477207788	(23, 0.00016050700053371169)
23	121,0.000639924848288	(23, 0.00016050700053371169)
23	76,0.000711634003166	(23, 0.00016050700053371169)
23	63,0.000720605907997	(23, 0.00016050700053371169)
23	147,0.000733227361715	(23, 0.00016050700053371169)
23	158,0.000737848225012	(23, 0.00016050700053371169)
23	162,0.000779492886475	(23, 0.00016050700053371169)
24	24,0.000252570737112	(24, 0.00025257073711241692)
24	107,0.000718108095057	(24, 0.00025257073711241692)
24	27,0.000815367456472	(24, 0.00025257073711241692)
24	61,0.000877443917103	(24, 0.00025257073711241692)
24	135,0.000906198497543	(24, 0.00025257073711241692)
24	50,0.000909586204459	(24, 0.00025257073711241692)
24	158,0.000937982474271	(24, 0.00025257073711241692)
24	12,0.00094960975708	(24, 0.00025257073711241692)
24	105,0.00097936315553	(24, 0.00025257073711241692)
24	22,0.000999742840001	(24, 0.00025257073711241692)
25	69,0.000263295672297	(25, 0.00035791569090625212)
25	40,0.000327663746976	(25, 0.00035791569090625212)
25	25,0.000357915690906	(25, 0.00035791569090625212)
25	15,0.000491981075317	(25, 0.00035791569090625212)
25	4,0.000520731380582	(25, 0.00035791569090625212)
25	148,0.000586392459609	(25, 0.00035791569090625212)
25	79,0.000678693101615	(25, 0.00035791569090625212)
25	154,0.000724578522595	(25, 0.00035791569090625212)
25	60,0.00072836006682	(25, 0.00035791569090625212)
25	172,0.000761283191091	(25, 0.00035791569090625212)
26	18,0.000239689678897	(26, 0.00077418242597408098)
26	63,0.000306630783284	(26, 0.00077418242597408098)
26	76,0.000310555508217	(26, 0.00077418242597408098)
26	151,0.000315283814147	(26, 0.00077418242597408098)
26	121,0.000327333749645	(26, 0.00077418242597408098)
26	11,0.000341511073071	(26, 0.00077418242597408098)
26	117,0.000350013612293	(26, 0.00077418242597408098)
26	3,0.000356938498346	(26, 0.00077418242597408098)
26	132,0.000371202854809	(26, 0.00077418242597408098)
26	147,0.000373898458787	(26, 0.00077418242597408098)
27	78,0.000623641270682	(27, 0.0007227839403062986)
27	170,0.000669958823112	(27, 0.0007227839403062986)
27	73,0.000695933293119	(27, 0.0007227839403062986)
27	27,0.000722783940306	(27, 0.0007227839403062986)
27	101,0.000736383969077	(27, 0.0007227839403062986)
27	26,0.000746122036706	(27, 0.0007227839403062986)
27	121,0.00076106772902	(27, 0.0007227839403062986)
27	19,0.000761862447819	(27, 0.0007227839403062986)
27	61,0.000765302847656	(27, 0.0007227839403062986)
27	107,0.000798120408785	(27, 0.0007227839403062986)
28	1,0.000512621565361	(28, 0.00064007745384170311)
28	13,0.000543547283504	(28, 0.00064007745384170311)
28	3,0.000612198612211	(28, 0.00064007745384170311)
28	28,0.000640077453842	(28, 0.00064007745384170311)
28	73,0.000727783870415	(28, 0.00064007745384170311)
28	83,0.000752934054747	(28, 0.00064007745384170311)
28	53,0.000801134404614	(28, 0.00064007745384170311)
28	155,0.000813409440448	(28, 0.00064007745384170311)
28	65,0.000847813401358	(28, 0.00064007745384170311)
28	93,0.000858097230821	(28, 0.00064007745384170311)
29	29,0.000336790775054	(29, 0.00033679077505362898)
29	77,0.000396913169701	(29, 0.00033679077505362898)
29	13,0.000551398929851	(29, 0.00033679077505362898)
29	73,0.000558176500656	(29, 0.00033679077505362898)
29	71,0.000569729381443	(29, 0.00033679077505362898)
29	135,0.000587251315613	(29, 0.00033679077505362898)
29	3,0.000611132054526	(29, 0.00033679077505362898)
29	172,0.000618914316714	(29, 0.00033679077505362898)
29	76,0.000632438274956	(29, 0.00033679077505362898)
29	1,0.000657487356526	(29, 0.00033679077505362898)
30	30,0.000786297621056	(30, 0.00078629762105574257)
30	28,0.00102062655001	(30, 0.00078629762105574257)
30	91,0.00102178548914	(30, 0.00078629762105574257)
30	53,0.00113484933374	(30, 0.00078629762105574257)
30	103,0.00119676128385	(30, 0.00078629762105574257)
30	153,0.00119799820252	(30, 0.00078629762105574257)
30	1,0.00131338925653	(30, 0.00078629762105574257)
30	102,0.00132207854815	(30, 0.00078629762105574257)
30	133,0.00134703550635	(30, 0.00078629762105574257)
30	114,0.00137532871141	(30, 0.00078629762105574257)
31	166,0.000791727566322	(31, 0.0010747315564913484)
31	72,0.00105132119386	(31, 0.0010747315564913484)
31	31,0.00107473155649	(31, 0.0010747315564913484)
31	116,0.00108456766029	(31, 0.0010747315564913484)
31	144,0.00110446895166	(31, 0.0010747315564913484)
31	131,0.00116060168415	(31, 0.0010747315564913484)
31	124,0.00118411340754	(31, 0.0010747315564913484)
31	104,0.00122734095624	(31, 0.0010747315564913484)
31	123,0.0013522207348	(31, 0.0010747315564913484)
31	84,0.0014209600022	(31, 0.0010747315564913484)
32	156,0.000651820250479	(32, 0.0007591108429158361)
32	32,0.000759110842916	(32, 0.0007591108429158361)
32	27,0.000960501007085	(32, 0.0007591108429158361)
32	73,0.00103754061765	(32, 0.0007591108429158361)
32	131,0.00107792783224	(32, 0.0007591108429158361)
32	50,0.00111755232583	(32, 0.0007591108429158361)
32	164,0.00121734262603	(32, 0.0007591108429158361)
32	165,0.00123471179924	(32, 0.0007591108429158361)
32	107,0.00127657164873	(32, 0.0007591108429158361)
32	106,0.00133588883728	(32, 0.0007591108429158361)
33	33,0.000545492299609	(33, 0.00054549229960908327)
33	4,0.000791210343462	(33, 0.00054549229960908327)
33	106,0.000911492052921	(33, 0.00054549229960908327)
33	69,0.00096691546452	(33, 0.00054549229960908327)
33	116,0.0010350011399	(33, 0.00054549229960908327)
33	40,0.00108662185449	(33, 0.00054549229960908327)
33	2,0.00116171365304	(33, 0.00054549229960908327)
33	73,0.00122577477767	(33, 0.00054549229960908327)
33	28,0.0012433582356	(33, 0.00054549229960908327)
33	13,0.00125943401053	(33, 0.00054549229960908327)
34	15,0.000351350050386	(34, 0.001014974110025795)
34	17,0.000393213610658	(34, 0.001014974110025795)
34	69,0.000413488910634	(34, 0.001014974110025795)
34	120,0.000478145190939	(34, 0.001014974110025795)
34	172,0.000487457857778	(34, 0.001014974110025795)
34	40,0.000488237431108	(34, 0.001014974110025795)
34	174,0.000566137439586	(34, 0.001014974110025795)
34	148,0.0005664228778	(34, 0.001014974110025795)
34	4,0.000593608204461	(34, 0.001014974110025795)
34	56,0.000626945576139	(34, 0.001014974110025795)
35	35,0.000246045114252	(35, 0.00024604511425177386)
35	88,0.000384782685712	(35, 0.00024604511425177386)
35	18,0.000427137037742	(35, 0.00024604511425177386)
35	12,0.000583606314024	(35, 0.00024604511425177386)
35	22,0.000608990805825	(35, 0.00024604511425177386)
35	139,0.000628256569678	(35, 0.00024604511425177386)
35	61,0.000628505466274	(35, 0.00024604511425177386)
35	38,0.000639047611074	(35, 0.00024604511425177386)
35	158,0.000663342921589	(35, 0.00024604511425177386)
35	121,0.000680581392726	(35, 0.00024604511425177386)
36	76,0.000217041463775	(36, 0.00029553063065355603)
36	147,0.000247226448004	(36, 0.00029553063065355603)
36	18,0.000266254772611	(36, 0.00029553063065355603)
36	46,0.00029507677944	(36, 0.00029553063065355603)
36	36,0.000295530630654	(36, 0.00029553063065355603)
36	63,0.000310967125573	(36, 0.00029553063065355603)
36	171,0.000394755876044	(36, 0.00029553063065355603)
36	88,0.000440319332637	(36, 0.00029553063065355603)
36	22,0.000447804286484	(36, 0.00029553063065355603)
36	150,0.000456664483373	(36, 0.00029553063065355603)
37	37,0.000313613831916	(37, 0.00031361383191637039)
37	3,0.000363161730286	(37, 0.00031361383191637039)
37	11,0.000365832405048	(37, 0.00031361383191637039)
37	90,0.000412942272597	(37, 0.00031361383191637039)
37	100,0.0004345903722	(37, 0.00031361383191637039)
37	77,0.000445397961528	(37, 0.00031361383191637039)
37	21,0.000523182615505	(37, 0.00031361383191637039)
37	70,0.000528056405741	(37, 0.00031361383191637039)
37	63,0.000561850071271	(37, 0.00031361383191637039)
37	17,0.00056489256281	(37, 0.00031361383191637039)
38	38,0.000217095538122	(38, 0.00021709553812214056)
38	12,0.000558957217887	(38, 0.00021709553812214056)
38	55,0.000601818917259	(38, 0.00021709553812214056)
38	14,0.000619086755858	(38, 0.00021709553812214056)
38	105,0.000850671046697	(38, 0.00021709553812214056)
38	43,0.000859615614122	(38, 0.00021709553812214056)
38	50,0.00086693281316	(38, 0.00021709553812214056)
38	24,0.000879479846821	(38, 0.00021709553812214056)
38	107,0.000939374428702	(38, 0.00021709553812214056)
38	128,0.000958940542581	(38, 0.00021709553812214056)
39	39,0.000471676378841	(39, 0.00047167637884140868)
39	51,0.00122087539827	(39, 0.00047167637884140868)
39	99,0.00122844842001	(39, 0.00047167637884140868)
39	84,0.00125649730505	(39, 0.00047167637884140868)
39	101,0.00128510378002	(39, 0.00047167637884140868)
39	107,0.00130516449129	(39, 0.00047167637884140868)
39	156,0.00131964784223	(39, 0.00047167637884140868)
39	27,0.00133625148792	(39, 0.00047167637884140868)
39	138,0.00138925923005	(39, 0.00047167637884140868)
39	169,0.00142391029035	(39, 0.00047167637884140868)
40	40,0.000342194454155	(40, 0.00034219445415488431)
40	79,0.000422075547731	(40, 0.00034219445415488431)
40	172,0.000466648040551	(40, 0.00034219445415488431)
40	4,0.000499540096882	(40, 0.00034219445415488431)
40	77,0.000524212811735	(40, 0.00034219445415488431)
40	69,0.000539937017427	(40, 0.00034219445415488431)
40	148,0.000569436405329	(40, 0.00034219445415488431)
40	17,0.000571733591022	(40, 0.00034219445415488431)
40	25,0.000607028613556	(40, 0.00034219445415488431)
40	100,0.000612841351941	(40, 0.00034219445415488431)
41	41,0.000328899335078	(41, 0.00032889933507804708)
41	155,0.000499249826399	(41, 0.00032889933507804708)
41	20,0.000829892692559	(41, 0.00032889933507804708)
41	1,0.000894135509531	(41, 0.00032889933507804708)
41	124,0.000969412759918	(41, 0.00032889933507804708)
41	91,0.000986961003504	(41, 0.00032889933507804708)
41	53,0.00100486501982	(41, 0.00032889933507804708)
41	114,0.00105246321615	(41, 0.00032889933507804708)
41	102,0.00115859022249	(41, 0.00032889933507804708)
41	65,0.00123782892838	(41, 0.00032889933507804708)
42	163,0.00121172346108	(42, 0.0019724459762537607)
42	69,0.00133624427003	(42, 0.0019724459762537607)
42	28,0.0013379616251	(42, 0.0019724459762537607)
42	140,0.00142308109236	(42, 0.0019724459762537607)
42	118,0.00151061367846	(42, 0.0019724459762537607)
42	53,0.001524320875	(42, 0.0019724459762537607)
42	97,0.00155950204284	(42, 0.0019724459762537607)
42	33,0.00162280974416	(42, 0.0019724459762537607)
42	34,0.0016757092963	(42, 0.0019724459762537607)
42	65,0.00179754967572	(42, 0.0019724459762537607)
43	12,0.000372463412679	(43, 0.00069234044701429011)
43	22,0.000409904435466	(43, 0.00069234044701429011)
43	128,0.000421945979362	(43, 0.00069234044701429011)
43	50,0.000475545751355	(43, 0.00069234044701429011)
43	78,0.000485386827754	(43, 0.00069234044701429011)
43	121,0.000492226463147	(43, 0.00069234044701429011)
43	158,0.000499028427548	(43, 0.00069234044701429011)
43	61,0.000508023822634	(43, 0.00069234044701429011)
43	107,0.000517315247402	(43, 0.00069234044701429011)
43	55,0.000537849101546	(43, 0.00069234044701429011)
44	93,0.000569995721995	(44, 0.0021559182200517292)
44	116,0.000590243093654	(44, 0.0021559182200517292)
44	124,0.000601865085072	(44, 0.0021559182200517292)
44	109,0.000650417097057	(44, 0.0021559182200517292)
44	73,0.000709951904999	(44, 0.0021559182200517292)
44	123,0.000807129927725	(44, 0.0021559182200517292)
44	144,0.000820132391548	(44, 0.0021559182200517292)
44	12,0.000851376067479	(44, 0.0021559182200517292)
44	159,0.00087198861096	(44, 0.0021559182200517292)
44	115,0.000893017954187	(44, 0.0021559182200517292)
45	45,0.000786670147816	(45, 0.00078667014781631653)
45	130,0.00117909226629	(45, 0.00078667014781631653)
45	94,0.00118379576591	(45, 0.00078667014781631653)
45	129,0.00150890103202	(45, 0.00078667014781631653)
45	34,0.00151423679802	(45, 0.00078667014781631653)
45	98,0.00154776458037	(45, 0.00078667014781631653)
45	133,0.00161685099814	(45, 0.00078667014781631653)
45	15,0.00168152573462	(45, 0.00078667014781631653)
45	83,0.00171597548628	(45, 0.00078667014781631653)
45	113,0.0017942351654	(45, 0.00078667014781631653)
46	46,0.000102891184154	(46, 0.00010289118415435687)
46	36,0.000246236538415	(46, 0.00010289118415435687)
46	171,0.000319636099194	(46, 0.00010289118415435687)
46	76,0.000323908401048	(46, 0.00010289118415435687)
46	137,0.000327463719316	(46, 0.00010289118415435687)
46	139,0.000404604621814	(46, 0.00010289118415435687)
46	147,0.000433566524163	(46, 0.00010289118415435687)
46	63,0.000446878458737	(46, 0.00010289118415435687)
46	146,0.000475652946142	(46, 0.00010289118415435687)
46	6,0.000491258822991	(46, 0.00010289118415435687)
47	99,0.00117756816925	(47, 0.0012024784676823662)
47	10,0.00119689051063	(47, 0.0012024784676823662)
47	47,0.00120247846768	(47, 0.0012024784676823662)
47	19,0.00149387572498	(47, 0.0012024784676823662)
47	27,0.00152331527066	(47, 0.0012024784676823662)
47	84,0.00163647787684	(47, 0.0012024784676823662)
47	138,0.0017208093017	(47, 0.0012024784676823662)
47	43,0.00178006934276	(47, 0.0012024784676823662)
47	0,0.00192488237873	(47, 0.0012024784676823662)
47	173,0.0019284141261	(47, 0.0012024784676823662)
48	56,0.000539960454636	(48, 0.0005945997343259873)
48	48,0.000594599734326	(48, 0.0005945997343259873)
48	120,0.000632643307849	(48, 0.0005945997343259873)
48	69,0.000643700812856	(48, 0.0005945997343259873)
48	97,0.000672439220404	(48, 0.0005945997343259873)
48	40,0.000715808294394	(48, 0.0005945997343259873)
48	174,0.000885047654629	(48, 0.0005945997343259873)
48	4,0.000898789027711	(48, 0.0005945997343259873)
48	124,0.000941953968074	(48, 0.0005945997343259873)
48	15,0.000948381518241	(48, 0.0005945997343259873)
49	49,0.000352137594611	(49, 0.00035213759461111678)
49	59,0.000467795783196	(49, 0.00035213759461111678)
49	98,0.000530599030079	(49, 0.00035213759461111678)
49	100,0.000596635100567	(49, 0.00035213759461111678)
49	77,0.000606534862447	(49, 0.00035213759461111678)
49	15,0.000653666749169	(49, 0.00035213759461111678)
49	17,0.00071345192906	(49, 0.00035213759461111678)
49	83,0.000719712531866	(49, 0.00035213759461111678)
49	172,0.000751926497022	(49, 0.00035213759461111678)
49	37,0.000806774242305	(49, 0.00035213759461111678)
50	50,0.000227959263077	(50, 0.00022795926307688394)
50	12,0.00060587069538	(50, 0.00022795926307688394)
50	107,0.0006532173091	(50, 0.00022795926307688394)
50	171,0.000700730799962	(50, 0.00022795926307688394)
50	158,0.000788079900953	(50, 0.00022795926307688394)
50	128,0.000800321716835	(50, 0.00022795926307688394)
50	76,0.000803052036572	(50, 0.00022795926307688394)
50	22,0.00081717641629	(50, 0.00022795926307688394)
50	38,0.000852246426677	(50, 0.00022795926307688394)
50	46,0.000875109634604	(50, 0.00022795926307688394)
51	124,0.000274083555782	(51, 0.0018021271498410102)
51	73,0.000624370246531	(51, 0.0018021271498410102)
51	155,0.000633230986271	(51, 0.0018021271498410102)
51	157,0.000649531678389	(51, 0.0018021271498410102)
51	53,0.000651663091029	(51, 0.0018021271498410102)
51	93,0.000863340362273	(51, 0.0018021271498410102)
51	20,0.000878336721933	(51, 0.0018021271498410102)
51	41,0.000883690963065	(51, 0.0018021271498410102)
51	28,0.000909485969979	(51, 0.0018021271498410102)
51	1,0.000918332260766	(51, 0.0018021271498410102)
52	53,0.00057581017718	(52, 0.0021346429193982415)
52	44,0.000625971385523	(52, 0.0021346429193982415)
52	163,0.000770776094959	(52, 0.0021346429193982415)
52	65,0.0008250178648	(52, 0.0021346429193982415)
52	124,0.00083825232088	(52, 0.0021346429193982415)
52	155,0.000841711273333	(52, 0.0021346429193982415)
52	114,0.000919064094402	(52, 0.0021346429193982415)
52	13,0.000931287980899	(52, 0.0021346429193982415)
52	161,0.000954297166837	(52, 0.0021346429193982415)
52	97,0.00100857685275	(52, 0.0021346429193982415)
53	65,0.000423582483969	(53, 0.00057884035516453239)
53	53,0.000578840355165	(53, 0.00057884035516453239)
53	44,0.000626184722878	(53, 0.00057884035516453239)
53	155,0.000697768623864	(53, 0.00057884035516453239)
53	161,0.000749429240582	(53, 0.00057884035516453239)
53	163,0.000765689682071	(53, 0.00057884035516453239)
53	120,0.000853179312381	(53, 0.00057884035516453239)
53	34,0.000909895216936	(53, 0.00057884035516453239)
53	28,0.00092091480157	(53, 0.00057884035516453239)
53	113,0.000936202498028	(53, 0.00057884035516453239)
54	136,0.00024980370703	(54, 0.00044672768703930116)
54	54,0.000446727687039	(54, 0.00044672768703930116)
54	3,0.000480493982161	(54, 0.00044672768703930116)
54	162,0.000484813635766	(54, 0.00044672768703930116)
54	137,0.00050883298967	(54, 0.00044672768703930116)
54	17,0.000512782861752	(54, 0.00044672768703930116)
54	11,0.000518836429697	(54, 0.00044672768703930116)
54	71,0.000534882842665	(54, 0.00044672768703930116)
54	37,0.000562316246884	(54, 0.00044672768703930116)
54	63,0.000575887897268	(54, 0.00044672768703930116)
55	12,0.000333451779999	(55, 0.0005022394391591096)
55	38,0.000496315521846	(55, 0.0005022394391591096)
55	55,0.000502239439159	(55, 0.0005022394391591096)
55	159,0.000503892335467	(55, 0.0005022394391591096)
55	128,0.000582912307561	(55, 0.0005022394391591096)
55	121,0.000592686204332	(55, 0.0005022394391591096)
55	134,0.000597754371626	(55, 0.0005022394391591096)
55	152,0.000610507175561	(55, 0.0005022394391591096)
55	18,0.000622255989694	(55, 0.0005022394391591096)
55	151,0.000634894088092	(55, 0.0005022394391591096)
56	56,0.000353517640923	(56, 0.00035351764092267298)
56	15,0.000528548183788	(56, 0.00035351764092267298)
56	120,0.000572213890832	(56, 0.00035351764092267298)
56	174,0.000806945655399	(56, 0.00035351764092267298)
56	97,0.000875218897764	(56, 0.00035351764092267298)
56	69,0.000902347427445	(56, 0.00035351764092267298)
56	113,0.000930757102626	(56, 0.00035351764092267298)
56	2,0.00097533335793	(56, 0.00035351764092267298)
56	4,0.000991486205345	(56, 0.00035351764092267298)
56	44,0.001008626955	(56, 0.00035351764092267298)
57	57,0.000603307772922	(57, 0.00060330777292216982)
57	122,0.00143611154278	(57, 0.00060330777292216982)
57	174,0.00185423907083	(57, 0.00060330777292216982)
57	15,0.00194087799851	(57, 0.00060330777292216982)
57	56,0.00210327099988	(57, 0.00060330777292216982)
57	59,0.00224822103315	(57, 0.00060330777292216982)
57	108,0.00228954255243	(57, 0.00060330777292216982)
57	120,0.00235914999735	(57, 0.00060330777292216982)
57	2,0.00241908795166	(57, 0.00060330777292216982)
57	113,0.00261723569475	(57, 0.00060330777292216982)
58	24,0.000507028560671	(58, 0.0020013621743199812)
58	107,0.000630576807538	(58, 0.0020013621743199812)
58	50,0.000714648536967	(58, 0.0020013621743199812)
58	27,0.000723884435517	(58, 0.0020013621743199812)
58	61,0.00086979549476	(58, 0.0020013621743199812)
58	43,0.000919239053973	(58, 0.0020013621743199812)
58	38,0.000950402152735	(58, 0.0020013621743199812)
58	158,0.000968730359952	(58, 0.0020013621743199812)
58	105,0.000986989359577	(58, 0.0020013621743199812)
58	12,0.00100216386578	(58, 0.0020013621743199812)
59	15,0.00107596969955	(59, 0.0013139136401996933)
59	94,0.0011174327953	(59, 0.0013139136401996933)
59	83,0.00114023125304	(59, 0.0013139136401996933)
59	65,0.00123302113042	(59, 0.0013139136401996933)
59	113,0.00125854758185	(59, 0.0013139136401996933)
59	59,0.0013139136402	(59, 0.0013139136401996933)
59	120,0.00137597202214	(59, 0.0013139136401996933)
59	130,0.00143713315156	(59, 0.0013139136401996933)
59	161,0.00149219104595	(59, 0.0013139136401996933)
59	45,0.00149295073109	(59, 0.0013139136401996933)
60	69,0.000399610881171	(60, 0.00041075490660545075)
60	60,0.000410754906605	(60, 0.00041075490660545075)
60	40,0.000467465640233	(60, 0.00041075490660545075)
60	79,0.000539968851361	(60, 0.00041075490660545075)
60	4,0.00064995356566	(60, 0.00041075490660545075)
60	172,0.000733522565466	(60, 0.00041075490660545075)
60	25,0.000757488474159	(60, 0.00041075490660545075)
60	34,0.000764779675478	(60, 0.00041075490660545075)
60	15,0.000807703529296	(60, 0.00041075490660545075)
60	77,0.000829083907268	(60, 0.00041075490660545075)
61	61,0.000250541437245	(61, 0.00025054143724507984)
61	23,0.000353743451187	(61, 0.00025054143724507984)
61	26,0.000391260364244	(61, 0.00025054143724507984)
61	121,0.000426299600105	(61, 0.00025054143724507984)
61	162,0.000457020373661	(61, 0.00025054143724507984)
61	78,0.000482714386838	(61, 0.00025054143724507984)
61	76,0.000509270377797	(61, 0.00025054143724507984)
61	147,0.000509440562379	(61, 0.00025054143724507984)
61	63,0.000526726649966	(61, 0.00025054143724507984)
61	22,0.000543875374878	(61, 0.00025054143724507984)
62	26,0.000485749905047	(62, 0.00058414796140556511)
62	78,0.000493699729105	(62, 0.00058414796140556511)
62	107,0.000535290394759	(62, 0.00058414796140556511)
62	62,0.000584147961406	(62, 0.00058414796140556511)
62	61,0.000624524049677	(62, 0.00058414796140556511)
62	73,0.000653153702489	(62, 0.00058414796140556511)
62	139,0.00074575860701	(62, 0.00058414796140556511)
62	158,0.000765502023099	(62, 0.00058414796140556511)
62	121,0.000768299032824	(62, 0.00058414796140556511)
62	128,0.000776862957019	(62, 0.00058414796140556511)
63	3,0.000282393439929	(63, 0.00037304852903922558)
63	77,0.000355495759714	(63, 0.00037304852903922558)
63	63,0.000373048529039	(63, 0.00037304852903922558)
63	11,0.000415577719675	(63, 0.00037304852903922558)
63	37,0.000433193372506	(63, 0.00037304852903922558)
63	162,0.000447382828263	(63, 0.00037304852903922558)
63	147,0.000463700230551	(63, 0.00037304852903922558)
63	76,0.000474682922951	(63, 0.00037304852903922558)
63	71,0.000482218884643	(63, 0.00037304852903922558)
63	121,0.000484333269353	(63, 0.00037304852903922558)
64	64,0.00121746941647	(64, 0.0012174694164732243)
64	45,0.00236463896514	(64, 0.0012174694164732243)
64	118,0.00241065289509	(64, 0.0012174694164732243)
64	130,0.00250889360837	(64, 0.0012174694164732243)
64	33,0.00298045866009	(64, 0.0012174694164732243)
64	133,0.00302652952712	(64, 0.0012174694164732243)
64	34,0.00343438708294	(64, 0.0012174694164732243)
64	113,0.00348469476086	(64, 0.0012174694164732243)
64	94,0.00363458229635	(64, 0.0012174694164732243)
64	15,0.00391819546459	(64, 0.0012174694164732243)
65	161,0.000409532813737	(65, 0.00041310853541824503)
65	65,0.000413108535418	(65, 0.00041310853541824503)
65	83,0.000486947046379	(65, 0.00041310853541824503)
65	68,0.000545379110953	(65, 0.00041310853541824503)
65	59,0.000661672981503	(65, 0.00041310853541824503)
65	100,0.000708881770132	(65, 0.00041310853541824503)
65	17,0.000725541734185	(65, 0.00041310853541824503)
65	155,0.00074158856962	(65, 0.00041310853541824503)
65	13,0.000757301437682	(65, 0.00041310853541824503)
65	120,0.000766875389369	(65, 0.00041310853541824503)
66	66,0.00138763926627	(66, 0.001387639266265007)
66	130,0.00297361267637	(66, 0.001387639266265007)
66	133,0.00313913529088	(66, 0.001387639266265007)
66	118,0.00332921388212	(66, 0.001387639266265007)
66	140,0.0034178857571	(66, 0.001387639266265007)
66	91,0.00360390758676	(66, 0.001387639266265007)
66	33,0.00371874013299	(66, 0.001387639266265007)
66	141,0.00376850107767	(66, 0.001387639266265007)
66	169,0.00405397031817	(66, 0.001387639266265007)
66	149,0.00427922741954	(66, 0.001387639266265007)
67	67,0.000826297668415	(67, 0.00082629766841452656)
67	84,0.00104248601046	(67, 0.00082629766841452656)
67	169,0.00113465561405	(67, 0.00082629766841452656)
67	93,0.00120526281891	(67, 0.00082629766841452656)
67	116,0.00133313304231	(67, 0.00082629766841452656)
67	149,0.00133361285425	(67, 0.00082629766841452656)
67	131,0.00134651787705	(67, 0.00082629766841452656)
67	140,0.00139799388948	(67, 0.00082629766841452656)
67	109,0.00140605914269	(67, 0.00082629766841452656)
67	156,0.0014587342318	(67, 0.00082629766841452656)
68	68,0.000324349511892	(68, 0.0003243495118915556)
68	70,0.000611237434711	(68, 0.0003243495118915556)
68	23,0.000615037410253	(68, 0.0003243495118915556)
68	61,0.000669058774795	(68, 0.0003243495118915556)
68	26,0.00075147045386	(68, 0.0003243495118915556)
68	63,0.000767598384638	(68, 0.0003243495118915556)
68	162,0.000795252588983	(68, 0.0003243495118915556)
68	77,0.000808252395146	(68, 0.0003243495118915556)
68	71,0.000821656042384	(68, 0.0003243495118915556)
68	135,0.000832231734873	(68, 0.0003243495118915556)
69	122,0.00138730068306	(69, 0.0017230312605421437)
69	15,0.00143963467528	(69, 0.0017230312605421437)
69	174,0.00153744661703	(69, 0.0017230312605421437)
69	113,0.00162270060374	(69, 0.0017230312605421437)
69	154,0.00165069528306	(69, 0.0017230312605421437)
69	48,0.00169189569378	(69, 0.0017230312605421437)
69	56,0.00170862106616	(69, 0.0017230312605421437)
69	69,0.00172303126054	(69, 0.0017230312605421437)
69	2,0.00173669224088	(69, 0.0017230312605421437)
69	33,0.00176005825325	(69, 0.0017230312605421437)
70	121,0.000383897890596	(70, 0.00045435996367128306)
70	3,0.0003888952687	(70, 0.00045435996367128306)
70	70,0.000454359963671	(70, 0.00045435996367128306)
70	11,0.000458945622869	(70, 0.00045435996367128306)
70	77,0.000462050424432	(70, 0.00045435996367128306)
70	117,0.000480156476635	(70, 0.00045435996367128306)
70	162,0.000522805136303	(70, 0.00045435996367128306)
70	132,0.000532487665434	(70, 0.00045435996367128306)
70	21,0.000539464612905	(70, 0.00045435996367128306)
70	71,0.000555481842424	(70, 0.00045435996367128306)
71	91,0.000808589458075	(71, 0.0025847925968087875)
71	133,0.00118857140723	(71, 0.0025847925968087875)
71	101,0.00138996963494	(71, 0.0025847925968087875)
71	28,0.00142329727806	(71, 0.0025847925968087875)
71	41,0.00145363115269	(71, 0.0025847925968087875)
71	102,0.00158684691294	(71, 0.0025847925968087875)
71	155,0.00158740493329	(71, 0.0025847925968087875)
71	53,0.00161647341198	(71, 0.0025847925968087875)
71	169,0.00163499741992	(71, 0.0025847925968087875)
71	124,0.00163862808205	(71, 0.0025847925968087875)
72	174,0.000585713151787	(72, 0.0038784682247866653)
72	17,0.000647087446784	(72, 0.0038784682247866653)
72	172,0.000704863493497	(72, 0.0038784682247866653)
72	148,0.000741419180592	(72, 0.0038784682247866653)
72	143,0.000788453365244	(72, 0.0038784682247866653)
72	100,0.000885352431614	(72, 0.0038784682247866653)
72	49,0.000901775490076	(72, 0.0038784682247866653)
72	77,0.000910054636111	(72, 0.0038784682247866653)
72	15,0.000932362283047	(72, 0.0038784682247866653)
72	4,0.000947639030792	(72, 0.0038784682247866653)
73	73,0.000364910532466	(73, 0.00036491053246607956)
73	13,0.00056079504831	(73, 0.00036491053246607956)
73	124,0.000636597444093	(73, 0.00036491053246607956)
73	157,0.000719564092492	(73, 0.00036491053246607956)
73	27,0.000757838014472	(73, 0.00036491053246607956)
73	109,0.000804864914033	(73, 0.00036491053246607956)
73	93,0.000818227954026	(73, 0.00036491053246607956)
73	144,0.00087198959559	(73, 0.00036491053246607956)
73	53,0.000889483762941	(73, 0.00036491053246607956)
73	170,0.000904225651104	(73, 0.00036491053246607956)
74	17,0.000243176864969	(74, 0.00034568432148235269)
74	136,0.000276763068175	(74, 0.00034568432148235269)
74	74,0.000345684321482	(74, 0.00034568432148235269)
74	77,0.000402084252689	(74, 0.00034568432148235269)
74	37,0.000408029442287	(74, 0.00034568432148235269)
74	100,0.000430456283007	(74, 0.00034568432148235269)
74	90,0.000435387248654	(74, 0.00034568432148235269)
74	127,0.000543426899752	(74, 0.00034568432148235269)
74	11,0.000570486708374	(74, 0.00034568432148235269)
74	172,0.000586877511789	(74, 0.00034568432148235269)
75	75,0.00221759029374	(75, 0.0022175902937363592)
75	167,0.00238759507309	(75, 0.0022175902937363592)
75	80,0.00346338352625	(75, 0.0022175902937363592)
75	47,0.0036277040325	(75, 0.0022175902937363592)
75	99,0.00374770604776	(75, 0.0022175902937363592)
75	10,0.00382130710027	(75, 0.0022175902937363592)
75	67,0.00383271901973	(75, 0.0022175902937363592)
75	85,0.00391308385771	(75, 0.0022175902937363592)
75	84,0.00395786155171	(75, 0.0022175902937363592)
75	138,0.00400279836137	(75, 0.0022175902937363592)
76	76,0.000176629240884	(76, 0.0001766292408844106)
76	147,0.000250710782616	(76, 0.0001766292408844106)
76	63,0.000255255034654	(76, 0.0001766292408844106)
76	137,0.000257856102365	(76, 0.0001766292408844106)
76	171,0.000315600511875	(76, 0.0001766292408844106)
76	22,0.000350669350302	(76, 0.0001766292408844106)
76	3,0.000364961454376	(76, 0.0001766292408844106)
76	46,0.000380927005554	(76, 0.0001766292408844106)
76	18,0.000391222080253	(76, 0.0001766292408844106)
76	117,0.000404842140268	(76, 0.0001766292408844106)
77	90,0.000283409414454	(77, 0.00028516709477094734)
77	77,0.000285167094771	(77, 0.00028516709477094734)
77	162,0.000301716408946	(77, 0.00028516709477094734)
77	3,0.000308725139439	(77, 0.00028516709477094734)
77	136,0.000331761614084	(77, 0.00028516709477094734)
77	63,0.000337655764767	(77, 0.00028516709477094734)
77	11,0.0003579284195	(77, 0.00028516709477094734)
77	137,0.00036218006168	(77, 0.00028516709477094734)
77	147,0.000367136437818	(77, 0.00028516709477094734)
77	74,0.000396470254449	(77, 0.00028516709477094734)
78	151,0.000255639455761	(78, 0.00045223454457866063)
78	132,0.000276034501727	(78, 0.00045223454457866063)
78	63,0.000281727267123	(78, 0.00045223454457866063)
78	121,0.000301917738895	(78, 0.00045223454457866063)
78	18,0.000307338805106	(78, 0.00045223454457866063)
78	76,0.000309814565809	(78, 0.00045223454457866063)
78	22,0.000313894074184	(78, 0.00045223454457866063)
78	147,0.000343818520541	(78, 0.00045223454457866063)
78	61,0.000415937155466	(78, 0.00045223454457866063)
78	23,0.000436864112012	(78, 0.00045223454457866063)
79	69,0.00026769633767	(79, 0.0002734665230731894)
79	79,0.000273466523073	(79, 0.0002734665230731894)
79	40,0.000341811772466	(79, 0.0002734665230731894)
79	4,0.000363845570821	(79, 0.0002734665230731894)
79	25,0.00047190019285	(79, 0.0002734665230731894)
79	56,0.000590707624376	(79, 0.0002734665230731894)
79	15,0.000725478279778	(79, 0.0002734665230731894)
79	60,0.00072925220232	(79, 0.0002734665230731894)
79	148,0.000735588563992	(79, 0.0002734665230731894)
79	34,0.000736439513195	(79, 0.0002734665230731894)
80	51,0.00110737789019	(80, 0.0012462809599632925)
80	80,0.00124628095996	(80, 0.0012462809599632925)
80	167,0.00167051604662	(80, 0.0012462809599632925)
80	32,0.00203291150052	(80, 0.0012462809599632925)
80	39,0.00251711137008	(80, 0.0012462809599632925)
80	169,0.00267486442889	(80, 0.0012462809599632925)
80	27,0.00273931402019	(80, 0.0012462809599632925)
80	160,0.00275729933901	(80, 0.0012462809599632925)
80	58,0.00283199272341	(80, 0.0012462809599632925)
80	165,0.00297625743642	(80, 0.0012462809599632925)
81	81,0.000254234450366	(81, 0.00025423445036557339)
81	3,0.000418325171866	(81, 0.00025423445036557339)
81	117,0.000453361082859	(81, 0.00025423445036557339)
81	12,0.000463186110867	(81, 0.00025423445036557339)
81	132,0.000509601454272	(81, 0.00025423445036557339)
81	137,0.000522314824758	(81, 0.00025423445036557339)
81	172,0.000534064384762	(81, 0.00025423445036557339)
81	146,0.000541612199374	(81, 0.00025423445036557339)
81	77,0.00055252223454	(81, 0.00025423445036557339)
81	11,0.000558093669515	(81, 0.00025423445036557339)
82	105,0.000914053360569	(82, 0.0012440188727659922)
82	73,0.000982924484528	(82, 0.0012440188727659922)
82	12,0.000987196681054	(82, 0.0012440188727659922)
82	27,0.000987681036888	(82, 0.0012440188727659922)
82	13,0.000988059308798	(82, 0.0012440188727659922)
82	107,0.000998980966729	(82, 0.0012440188727659922)
82	29,0.00103347322893	(82, 0.0012440188727659922)
82	24,0.00103768731422	(82, 0.0012440188727659922)
82	164,0.00106656111523	(82, 0.0012440188727659922)
82	38,0.00109820494139	(82, 0.0012440188727659922)
83	13,0.000361875206259	(83, 0.00055930397196708921)
83	161,0.000473298481684	(83, 0.00055930397196708921)
83	17,0.000520303249979	(83, 0.00055930397196708921)
83	155,0.000525554933848	(83, 0.00055930397196708921)
83	71,0.000528472891017	(83, 0.00055930397196708921)
83	65,0.00054205804321	(83, 0.00055930397196708921)
83	83,0.000559303971967	(83, 0.00055930397196708921)
83	11,0.000571678113515	(83, 0.00055930397196708921)
83	3,0.000600187221942	(83, 0.00055930397196708921)
83	136,0.000605779298314	(83, 0.00055930397196708921)
84	84,0.00122531214257	(84, 0.0012253121425671082)
84	67,0.00125333648099	(84, 0.0012253121425671082)
84	166,0.00143515459145	(84, 0.0012253121425671082)
84	169,0.00160451826027	(84, 0.0012253121425671082)
84	140,0.00180314205288	(84, 0.0012253121425671082)
84	99,0.00186517304262	(84, 0.0012253121425671082)
84	109,0.00195213325396	(84, 0.0012253121425671082)
84	144,0.00202384687702	(84, 0.0012253121425671082)
84	156,0.0020660677004	(84, 0.0012253121425671082)
84	149,0.00212605905893	(84, 0.0012253121425671082)
85	67,0.00116389161266	(85, 0.0017731584765560036)
85	85,0.00177315847656	(85, 0.0017731584765560036)
85	140,0.0019031221327	(85, 0.0017731584765560036)
85	84,0.00223735835473	(85, 0.0017731584765560036)
85	166,0.00225187845658	(85, 0.0017731584765560036)
85	149,0.00236569015633	(85, 0.0017731584765560036)
85	169,0.00249282679927	(85, 0.0017731584765560036)
85	144,0.0026096909326	(85, 0.0017731584765560036)
85	99,0.00267597317115	(85, 0.0017731584765560036)
85	93,0.00283517169317	(85, 0.0017731584765560036)
86	86,0.000263886264325	(86, 0.00026388626432469415)
86	137,0.000311531517863	(86, 0.00026388626432469415)
86	162,0.000393252415549	(86, 0.00026388626432469415)
86	117,0.000406099245803	(86, 0.00026388626432469415)
86	150,0.000418833233095	(86, 0.00026388626432469415)
86	12,0.000424915809432	(86, 0.00026388626432469415)
86	171,0.000426805791319	(86, 0.00026388626432469415)
86	3,0.000428806508187	(86, 0.00026388626432469415)
86	76,0.00043657181106	(86, 0.00026388626432469415)
86	11,0.000452187937626	(86, 0.00026388626432469415)
87	121,0.000374877508772	(87, 0.0012363068101213996)
87	78,0.000404736310757	(87, 0.0012363068101213996)
87	26,0.000411802593179	(87, 0.0012363068101213996)
87	1,0.00053283497245	(87, 0.0012363068101213996)
87	61,0.000534708073248	(87, 0.0012363068101213996)
87	22,0.000571308432261	(87, 0.0012363068101213996)
87	11,0.000582492938608	(87, 0.0012363068101213996)
87	23,0.000588157535736	(87, 0.0012363068101213996)
87	71,0.00062009166557	(87, 0.0012363068101213996)
87	132,0.000657311366095	(87, 0.0012363068101213996)
88	18,0.000229510377868	(88, 0.00030793075099941358)
88	76,0.000255224033332	(88, 0.00030793075099941358)
88	147,0.000298108059045	(88, 0.00030793075099941358)
88	88,0.000307930750999	(88, 0.00030793075099941358)
88	139,0.000326030636071	(88, 0.00030793075099941358)
88	22,0.000331033567385	(88, 0.00030793075099941358)
88	63,0.000347438469988	(88, 0.00030793075099941358)
88	46,0.000355999060242	(88, 0.00030793075099941358)
88	35,0.000358480924695	(88, 0.00030793075099941358)
88	132,0.000387867939306	(88, 0.00030793075099941358)
89	124,0.00036128114332	(89, 0.00072945524911161214)
89	155,0.000541445829008	(89, 0.00072945524911161214)
89	53,0.000594017793711	(89, 0.00072945524911161214)
89	73,0.000676671485581	(89, 0.00072945524911161214)
89	89,0.000729455249112	(89, 0.00072945524911161214)
89	1,0.000746949243675	(89, 0.00072945524911161214)
89	20,0.000777901285728	(89, 0.00072945524911161214)
89	28,0.000815233472532	(89, 0.00072945524911161214)
89	13,0.000828028617115	(89, 0.00072945524911161214)
89	157,0.000830204864968	(89, 0.00072945524911161214)
90	90,0.000215691546821	(90, 0.00021569154682110216)
90	81,0.000411055725321	(90, 0.00021569154682110216)
90	172,0.000418461857913	(90, 0.00021569154682110216)
90	137,0.0004225295305	(90, 0.00021569154682110216)
90	11,0.00042777706121	(90, 0.00021569154682110216)
90	162,0.000428082369703	(90, 0.00021569154682110216)
90	96,0.000467540819333	(90, 0.00021569154682110216)
90	37,0.00047709464971	(90, 0.00021569154682110216)
90	3,0.000491015181849	(90, 0.00021569154682110216)
90	136,0.000504114388185	(90, 0.00021569154682110216)
91	133,0.00101517460674	(91, 0.001292936238421094)
91	91,0.00129293623842	(91, 0.001292936238421094)
91	130,0.00187348311644	(91, 0.001292936238421094)
91	66,0.00237267025276	(91, 0.001292936238421094)
91	103,0.0023781356754	(91, 0.001292936238421094)
91	51,0.00261918448003	(91, 0.001292936238421094)
91	34,0.00268776466716	(91, 0.001292936238421094)
91	102,0.00269894171417	(91, 0.001292936238421094)
91	53,0.00270381313714	(91, 0.001292936238421094)
91	155,0.00284476366211	(91, 0.001292936238421094)
92	78,0.000387837992626	(92, 0.00095706673176696637)
92	128,0.000527529875015	(92, 0.00095706673176696637)
92	24,0.000576949925009	(92, 0.00095706673176696637)
92	61,0.000593317680964	(92, 0.00095706673176696637)
92	158,0.000596447824486	(92, 0.00095706673176696637)
92	12,0.000607880548913	(92, 0.00095706673176696637)
92	26,0.000715512031423	(92, 0.00095706673176696637)
92	145,0.00074115147401	(92, 0.00095706673176696637)
92	22,0.000759799421714	(92, 0.00095706673176696637)
92	107,0.000764961809291	(92, 0.00095706673176696637)
93	22,0.000363869835752	(93, 0.00049624588858835565)
93	132,0.00039731386799	(93, 0.00049624588858835565)
93	128,0.000457635363888	(93, 0.00049624588858835565)
93	121,0.00047400989665	(93, 0.00049624588858835565)
93	93,0.000496245888588	(93, 0.00049624588858835565)
93	12,0.000501968263342	(93, 0.00049624588858835565)
93	3,0.00050398806007	(93, 0.00049624588858835565)
93	158,0.000516827920337	(93, 0.00049624588858835565)
93	76,0.000519169113756	(93, 0.00049624588858835565)
93	146,0.000532076298232	(93, 0.00049624588858835565)
94	94,0.000555808720759	(94, 0.00055580872075908087)
94	83,0.000980756270855	(94, 0.00055580872075908087)
94	155,0.00123021127469	(94, 0.00055580872075908087)
94	15,0.00131917923577	(94, 0.00055580872075908087)
94	59,0.00132177574899	(94, 0.00055580872075908087)
94	161,0.00148674878144	(94, 0.00055580872075908087)
94	120,0.00152182018723	(94, 0.00055580872075908087)
94	65,0.00156432616512	(94, 0.00055580872075908087)
94	45,0.00156475733753	(94, 0.00055580872075908087)
94	98,0.0015911223254	(94, 0.00055580872075908087)
95	99,0.000587078772879	(95, 0.0016651175858979448)
95	107,0.000637846840702	(95, 0.0016651175858979448)
95	43,0.00074687408659	(95, 0.0016651175858979448)
95	27,0.000831615001814	(95, 0.0016651175858979448)
95	19,0.000863111479493	(95, 0.0016651175858979448)
95	128,0.000891474596831	(95, 0.0016651175858979448)
95	78,0.000917535345181	(95, 0.0016651175858979448)
95	138,0.00100259121226	(95, 0.0016651175858979448)
95	39,0.00101366921198	(95, 0.0016651175858979448)
95	84,0.00106435186888	(95, 0.0016651175858979448)
96	96,0.000293627203323	(96, 0.00029362720332318823)
96	17,0.000505385709674	(96, 0.00029362720332318823)
96	13,0.000515596519738	(96, 0.00029362720332318823)
96	162,0.00060262438321	(96, 0.00029362720332318823)
96	161,0.000606590992529	(96, 0.00029362720332318823)
96	11,0.000626931053509	(96, 0.00029362720332318823)
96	119,0.000679702816273	(96, 0.00029362720332318823)
96	143,0.000689479213067	(96, 0.00029362720332318823)
96	4,0.000717777872542	(96, 0.00029362720332318823)
96	112,0.000733600176783	(96, 0.00029362720332318823)
97	172,0.000357346577403	(97, 0.0008955451553368613)
97	17,0.000416838077114	(97, 0.0008955451553368613)
97	40,0.000431264717426	(97, 0.0008955451553368613)
97	69,0.000476931458094	(97, 0.0008955451553368613)
97	120,0.000505986977105	(97, 0.0008955451553368613)
97	79,0.00058049316417	(97, 0.0008955451553368613)
97	37,0.000610298470996	(97, 0.0008955451553368613)
97	90,0.000614436465596	(97, 0.0008955451553368613)
97	4,0.000619027469499	(97, 0.0008955451553368613)
97	3,0.000625774716826	(97, 0.0008955451553368613)
98	98,0.000272811773308	(98, 0.00027281177330848173)
98	15,0.000523593499244	(98, 0.00027281177330848173)
98	40,0.000524226665444	(98, 0.00027281177330848173)
98	25,0.000655179608269	(98, 0.00027281177330848173)
98	154,0.000697085250033	(98, 0.00027281177330848173)
98	172,0.000754358182042	(98, 0.00027281177330848173)
98	49,0.000810329274984	(98, 0.00027281177330848173)
98	174,0.00085348404806	(98, 0.00027281177330848173)
98	69,0.000869485612297	(98, 0.00027281177330848173)
98	83,0.000892950767509	(98, 0.00027281177330848173)
99	84,0.000601258279014	(99, 0.00078104176532772795)
99	144,0.000644793873992	(99, 0.00078104176532772795)
99	93,0.000657870035824	(99, 0.00078104176532772795)
99	128,0.000691867116961	(99, 0.00078104176532772795)
99	159,0.000711940379459	(99, 0.00078104176532772795)
99	145,0.000729878246564	(99, 0.00078104176532772795)
99	156,0.00073795235158	(99, 0.00078104176532772795)
99	109,0.000746399660855	(99, 0.00078104176532772795)
99	78,0.000757123871451	(99, 0.00078104176532772795)
99	14,0.000762609228183	(99, 0.00078104176532772795)
100	100,0.000261536724814	(100, 0.00026153672481406026)
100	77,0.000371132800129	(100, 0.00026153672481406026)
100	74,0.000380107639937	(100, 0.00026153672481406026)
100	21,0.000383897265001	(100, 0.00026153672481406026)
100	37,0.000398623192737	(100, 0.00026153672481406026)
100	127,0.000426118408164	(100, 0.00026153672481406026)
100	90,0.000433175088687	(100, 0.00026153672481406026)
100	136,0.000455302516834	(100, 0.00026153672481406026)
100	63,0.000455953464886	(100, 0.00026153672481406026)
100	11,0.000468915605149	(100, 0.00026153672481406026)
101	73,0.00064278834219	(101, 0.00068372030640203208)
101	1,0.00068037430126	(101, 0.00068372030640203208)
101	101,0.000683720306402	(101, 0.00068372030640203208)
101	13,0.000688715759982	(101, 0.00068372030640203208)
101	60,0.000716091658911	(101, 0.00068372030640203208)
101	29,0.000736970933714	(101, 0.00068372030640203208)
101	77,0.000743561163636	(101, 0.00068372030640203208)
101	69,0.000759620386622	(101, 0.00068372030640203208)
101	124,0.000774245692748	(101, 0.00068372030640203208)
101	102,0.000815501094059	(101, 0.00068372030640203208)
102	114,0.000780515197196	(102, 0.00081770311366308613)
102	91,0.000807115462817	(102, 0.00081770311366308613)
102	102,0.000817703113663	(102, 0.00081770311366308613)
102	41,0.00087848384886	(102, 0.00081770311366308613)
102	101,0.000902006616012	(102, 0.00081770311366308613)
102	53,0.000925826640835	(102, 0.00081770311366308613)
102	155,0.000942578223026	(102, 0.00081770311366308613)
102	1,0.000951132278619	(102, 0.00081770311366308613)
102	110,0.000987002681979	(102, 0.00081770311366308613)
102	103,0.00100145076975	(102, 0.00081770311366308613)
103	103,0.000544662793533	(103, 0.00054466279353290259)
103	91,0.000970092229793	(103, 0.00054466279353290259)
103	73,0.00104994702653	(103, 0.00054466279353290259)
103	101,0.00107875971536	(103, 0.00054466279353290259)
103	51,0.00116286969526	(103, 0.00054466279353290259)
103	114,0.00117602711158	(103, 0.00054466279353290259)
103	39,0.00125757731671	(103, 0.00054466279353290259)
103	1,0.00126381777943	(103, 0.00054466279353290259)
103	26,0.00129785624462	(103, 0.00054466279353290259)
103	30,0.00131126226607	(103, 0.00054466279353290259)
104	124,0.000403746137346	(104, 0.00085077735489071983)
104	81,0.00060876719153	(104, 0.00085077735489071983)
104	93,0.000616099267899	(104, 0.00085077735489071983)
104	119,0.000631755538871	(104, 0.00085077735489071983)
104	11,0.000664133647142	(104, 0.00085077735489071983)
104	115,0.000666353573677	(104, 0.00085077735489071983)
104	73,0.000697887922206	(104, 0.00085077735489071983)
104	3,0.000773839188268	(104, 0.00085077735489071983)
104	13,0.00083952118063	(104, 0.00085077735489071983)
104	104,0.000850777354891	(104, 0.00085077735489071983)
105	24,0.0006812515136	(105, 0.0010388186460500749)
105	27,0.000684101954739	(105, 0.0010388186460500749)
105	43,0.000776027292778	(105, 0.0010388186460500749)
105	19,0.000894560929162	(105, 0.0010388186460500749)
105	38,0.000899550003702	(105, 0.0010388186460500749)
105	107,0.000922842799369	(105, 0.0010388186460500749)
105	99,0.00100782048616	(105, 0.0010388186460500749)
105	105,0.00103881864605	(105, 0.0010388186460500749)
105	50,0.0010392308806	(105, 0.0010388186460500749)
105	61,0.00105163440904	(105, 0.0010388186460500749)
106	106,0.000316086336787	(106, 0.00031608633678654503)
106	174,0.000885996742878	(106, 0.00031608633678654503)
106	116,0.000891612892245	(106, 0.00031608633678654503)
106	157,0.000926901804991	(106, 0.00031608633678654503)
106	172,0.000959766968563	(106, 0.00031608633678654503)
106	156,0.000963336058904	(106, 0.00031608633678654503)
106	13,0.000980885474652	(106, 0.00031608633678654503)
106	165,0.000988659047313	(106, 0.00031608633678654503)
106	54,0.00103787944606	(106, 0.00031608633678654503)
106	93,0.00106152560277	(106, 0.00031608633678654503)
107	22,0.000487310540851	(107, 0.0005197553684545285)
107	26,0.000493797408471	(107, 0.0005197553684545285)
107	107,0.000519755368455	(107, 0.0005197553684545285)
107	139,0.000541990470093	(107, 0.0005197553684545285)
107	76,0.000581558513769	(107, 0.0005197553684545285)
107	61,0.00060364505956	(107, 0.0005197553684545285)
107	78,0.000619551676434	(107, 0.0005197553684545285)
107	121,0.000620485040206	(107, 0.0005197553684545285)
107	128,0.000628442432417	(107, 0.0005197553684545285)
107	1,0.000640988825982	(107, 0.0005197553684545285)
108	77,0.000426261397129	(108, 0.0011311986685141652)
108	172,0.000578753247628	(108, 0.0011311986685141652)
108	4,0.000623976577262	(108, 0.0011311986685141652)
108	174,0.000624860921869	(108, 0.0011311986685141652)
108	40,0.000728306455286	(108, 0.0011311986685141652)
108	49,0.00073601753021	(108, 0.0011311986685141652)
108	17,0.00073929306215	(108, 0.0011311986685141652)
108	100,0.000756900802874	(108, 0.0011311986685141652)
108	171,0.000788213440205	(108, 0.0011311986685141652)
108	15,0.000792148977275	(108, 0.0011311986685141652)
109	159,0.000410108762601	(109, 0.0004272193048084697)
109	109,0.000427219304808	(109, 0.0004272193048084697)
109	134,0.000595638490117	(109, 0.0004272193048084697)
109	146,0.000630865594424	(109, 0.0004272193048084697)
109	128,0.000704702570424	(109, 0.0004272193048084697)
109	12,0.000710174670141	(109, 0.0004272193048084697)
109	152,0.0007434256646	(109, 0.0004272193048084697)
109	84,0.000747181955873	(109, 0.0004272193048084697)
109	14,0.000758011054875	(109, 0.0004272193048084697)
109	38,0.000786128303873	(109, 0.0004272193048084697)
110	121,0.000464127589602	(110, 0.00077395641939547865)
110	1,0.000476014789076	(110, 0.00077395641939547865)
110	11,0.000557909243291	(110, 0.00077395641939547865)
110	162,0.000629210631867	(110, 0.00077395641939547865)
110	26,0.000631281326881	(110, 0.00077395641939547865)
110	3,0.000672427802125	(110, 0.00077395641939547865)
110	68,0.000675020563681	(110, 0.00077395641939547865)
110	73,0.000680828332098	(110, 0.00077395641939547865)
110	155,0.000711229887924	(110, 0.00077395641939547865)
110	13,0.000711989623882	(110, 0.00077395641939547865)
111	73,0.000527879629887	(111, 0.0018175793207174374)
111	124,0.000532502912035	(111, 0.0018175793207174374)
111	93,0.000599208678218	(111, 0.0018175793207174374)
111	101,0.000599354910025	(111, 0.0018175793207174374)
111	13,0.000700292595029	(111, 0.0018175793207174374)
111	157,0.000737253997195	(111, 0.0018175793207174374)
111	78,0.000828981069042	(111, 0.0018175793207174374)
111	128,0.000842884198997	(111, 0.0018175793207174374)
111	109,0.000868539836113	(111, 0.0018175793207174374)
111	41,0.000874186247876	(111, 0.0018175793207174374)
112	11,0.00030526731173	(112, 0.00040617719051909922)
112	3,0.000321036264725	(112, 0.00040617719051909922)
112	90,0.00032725320994	(112, 0.00040617719051909922)
112	162,0.000399061306464	(112, 0.00040617719051909922)
112	112,0.000406177190519	(112, 0.00040617719051909922)
112	100,0.000410001593006	(112, 0.00040617719051909922)
112	21,0.000424022780088	(112, 0.00040617719051909922)
112	77,0.000437561552541	(112, 0.00040617719051909922)
112	71,0.000458366810322	(112, 0.00040617719051909922)
112	81,0.000466372683843	(112, 0.00040617719051909922)
113	113,0.000497464087797	(113, 0.00049746408779746242)
113	65,0.000772441266065	(113, 0.00049746408779746242)
113	130,0.00109811868164	(113, 0.00049746408779746242)
113	44,0.00131009453837	(113, 0.00049746408779746242)
113	120,0.00137578168199	(113, 0.00049746408779746242)
113	53,0.00138353265561	(113, 0.00049746408779746242)
113	155,0.00141183109669	(113, 0.00049746408779746242)
113	161,0.00144301614415	(113, 0.00049746408779746242)
113	97,0.00145740526949	(113, 0.00049746408779746242)
113	15,0.00152132548067	(113, 0.00049746408779746242)
114	53,0.000551566171518	(114, 0.00058265881793778185)
114	114,0.000582658817938	(114, 0.00058265881793778185)
114	124,0.000591051539682	(114, 0.00058265881793778185)
114	73,0.000663545036608	(114, 0.00058265881793778185)
114	104,0.000676505452061	(114, 0.00058265881793778185)
114	93,0.000825293012328	(114, 0.00058265881793778185)
114	13,0.000852407223812	(114, 0.00058265881793778185)
114	109,0.000877016126048	(114, 0.00058265881793778185)
114	157,0.00088384754855	(114, 0.00058265881793778185)
114	140,0.000926755006288	(114, 0.00058265881793778185)
115	115,0.000470167630142	(115, 0.00047016763014191918)
115	119,0.000477747802018	(115, 0.00047016763014191918)
115	81,0.000623132516477	(115, 0.00047016763014191918)
115	11,0.000624391475881	(115, 0.00047016763014191918)
115	37,0.000661097570607	(115, 0.00047016763014191918)
115	96,0.000670881246555	(115, 0.00047016763014191918)
115	172,0.000679417650102	(115, 0.00047016763014191918)
115	123,0.000697236422245	(115, 0.00047016763014191918)
115	3,0.00071799443283	(115, 0.00047016763014191918)
115	17,0.000735566392702	(115, 0.00047016763014191918)
116	116,0.000342031911491	(116, 0.00034203191149132547)
116	93,0.000452341046079	(116, 0.00034203191149132547)
116	109,0.000769419461236	(116, 0.00034203191149132547)
116	144,0.000804811178151	(116, 0.00034203191149132547)
116	156,0.000829167229357	(116, 0.00034203191149132547)
116	73,0.000829612523795	(116, 0.00034203191149132547)
116	159,0.000842576920058	(116, 0.00034203191149132547)
116	131,0.000858483970949	(116, 0.00034203191149132547)
116	172,0.000936727059603	(116, 0.00034203191149132547)
116	146,0.000960732868878	(116, 0.00034203191149132547)
117	117,0.000147752684564	(117, 0.00014775268456431682)
117	21,0.00035027432616	(117, 0.00014775268456431682)
117	71,0.0003669198681	(117, 0.00014775268456431682)
117	81,0.000444362423601	(117, 0.00014775268456431682)
117	76,0.000449261970738	(117, 0.00014775268456431682)
117	77,0.00045202164272	(117, 0.00014775268456431682)
117	11,0.000466882256273	(117, 0.00014775268456431682)
117	22,0.000479580612501	(117, 0.00014775268456431682)
117	162,0.000493019439813	(117, 0.00014775268456431682)
117	3,0.000500697297984	(117, 0.00014775268456431682)
118	33,0.000806301981139	(118, 0.0014413886259258923)
118	118,0.00144138862593	(118, 0.0014413886259258923)
118	34,0.00144547467896	(118, 0.0014413886259258923)
118	69,0.00148123712059	(118, 0.0014413886259258923)
118	141,0.00161755307569	(118, 0.0014413886259258923)
118	45,0.00171385389915	(118, 0.0014413886259258923)
118	113,0.00178610712028	(118, 0.0014413886259258923)
118	15,0.00182368294167	(118, 0.0014413886259258923)
118	4,0.00183256275732	(118, 0.0014413886259258923)
118	2,0.00185779654521	(118, 0.0014413886259258923)
119	120,0.000557088229602	(119, 0.00057149067594731658)
119	119,0.000571490675947	(119, 0.00057149067594731658)
119	17,0.000582017889679	(119, 0.00057149067594731658)
119	172,0.000634995357718	(119, 0.00057149067594731658)
119	40,0.000639951927002	(119, 0.00057149067594731658)
119	96,0.000716522508956	(119, 0.00057149067594731658)
119	69,0.000717656676304	(119, 0.00057149067594731658)
119	97,0.000729235807716	(119, 0.00057149067594731658)
119	4,0.000732898703765	(119, 0.00057149067594731658)
119	37,0.000741884114391	(119, 0.00057149067594731658)
120	120,0.000315906021509	(120, 0.00031590602150859403)
120	65,0.000587284825303	(120, 0.00031590602150859403)
120	97,0.000613118389112	(120, 0.00031590602150859403)
120	44,0.000667512014784	(120, 0.00031590602150859403)
120	161,0.000749351459421	(120, 0.00031590602150859403)
120	17,0.00080291546093	(120, 0.00031590602150859403)
120	53,0.000804571306788	(120, 0.00031590602150859403)
120	124,0.000807882762849	(120, 0.00031590602150859403)
120	54,0.000808760934781	(120, 0.00031590602150859403)
120	155,0.00081763870078	(120, 0.00031590602150859403)
121	121,0.000386053381123	(121, 0.00038605338112287927)
121	26,0.000429244245777	(121, 0.00038605338112287927)
121	1,0.000438349845864	(121, 0.00038605338112287927)
121	22,0.00046685900707	(121, 0.00038605338112287927)
121	78,0.000509332753938	(121, 0.00038605338112287927)
121	61,0.000554418113914	(121, 0.00038605338112287927)
121	23,0.000587689243601	(121, 0.00038605338112287927)
121	73,0.00060789312147	(121, 0.00038605338112287927)
121	132,0.000634302600098	(121, 0.00038605338112287927)
121	11,0.000637132550108	(121, 0.00038605338112287927)
122	122,0.000518853835744	(122, 0.00051885383574415596)
122	174,0.000677471229416	(122, 0.00051885383574415596)
122	154,0.000829129485271	(122, 0.00051885383574415596)
122	2,0.000956211573962	(122, 0.00051885383574415596)
122	69,0.00109444336747	(122, 0.00051885383574415596)
122	48,0.00117246270564	(122, 0.00051885383574415596)
122	4,0.00121948431476	(122, 0.00051885383574415596)
122	116,0.00126332886344	(122, 0.00051885383574415596)
122	56,0.00128226700957	(122, 0.00051885383574415596)
122	172,0.00132728262804	(122, 0.00051885383574415596)
123	172,0.000446421395464	(123, 0.00044952252085642651)
123	123,0.000449522520856	(123, 0.00044952252085642651)
123	81,0.000640996193045	(123, 0.00044952252085642651)
123	40,0.000655190954193	(123, 0.00044952252085642651)
123	146,0.000665031682727	(123, 0.00044952252085642651)
123	119,0.000696156252708	(123, 0.00044952252085642651)
123	90,0.000729547324573	(123, 0.00044952252085642651)
123	115,0.000749590814083	(123, 0.00044952252085642651)
123	96,0.000783896039459	(123, 0.00044952252085642651)
123	137,0.000815007990331	(123, 0.00044952252085642651)
124	124,0.000594347428071	(124, 0.00059434742807080825)
124	101,0.000911547489994	(124, 0.00059434742807080825)
124	41,0.0010008266482	(124, 0.00059434742807080825)
124	73,0.00107641892083	(124, 0.00059434742807080825)
124	169,0.00108386997839	(124, 0.00059434742807080825)
124	157,0.00108479716791	(124, 0.00059434742807080825)
124	53,0.00109829019805	(124, 0.00059434742807080825)
124	114,0.00114046782621	(124, 0.00059434742807080825)
124	140,0.00117454343339	(124, 0.00059434742807080825)
124	155,0.00117921758753	(124, 0.00059434742807080825)
125	13,0.000843211664904	(125, 0.0013201838245958956)
125	65,0.000984247606536	(125, 0.0013201838245958956)
125	155,0.00103617235962	(125, 0.0013201838245958956)
125	73,0.001190408456	(125, 0.0013201838245958956)
125	161,0.00119712082314	(125, 0.0013201838245958956)
125	114,0.00124639969329	(125, 0.0013201838245958956)
125	41,0.00127124109377	(125, 0.0013201838245958956)
125	125,0.0013201838246	(125, 0.0013201838245958956)
125	54,0.00132370917198	(125, 0.0013201838245958956)
125	68,0.0014165590345	(125, 0.0013201838245958956)
126	81,0.000477387021622	(126, 0.00047751245318540698)
126	126,0.000477512453185	(126, 0.00047751245318540698)
126	132,0.000495221734206	(126, 0.00047751245318540698)
126	121,0.00049652683424	(126, 0.00047751245318540698)
126	3,0.000509471931375	(126, 0.00047751245318540698)
126	22,0.000559529802455	(126, 0.00047751245318540698)
126	128,0.000561337391277	(126, 0.00047751245318540698)
126	11,0.000572470224118	(126, 0.00047751245318540698)
126	151,0.000588595070759	(126, 0.00047751245318540698)
126	78,0.000609157665481	(126, 0.00047751245318540698)
127	17,0.000298838844442	(127, 0.00043182497664229864)
127	74,0.000341414156706	(127, 0.00043182497664229864)
127	136,0.000343775075093	(127, 0.00043182497664229864)
127	127,0.000431824976642	(127, 0.00043182497664229864)
127	59,0.000432770584129	(127, 0.00043182497664229864)
127	100,0.000437718179982	(127, 0.00043182497664229864)
127	77,0.00045702831434	(127, 0.00043182497664229864)
127	37,0.000501511928845	(127, 0.00043182497664229864)
127	49,0.000582729877231	(127, 0.00043182497664229864)
127	90,0.000725972572227	(127, 0.00043182497664229864)
128	128,0.000316337249843	(128, 0.00031633724984348794)
128	159,0.000439901295546	(128, 0.00031633724984348794)
128	12,0.000472553142773	(128, 0.00031633724984348794)
128	78,0.000519266624633	(128, 0.00031633724984348794)
128	22,0.000581439425095	(128, 0.00031633724984348794)
128	121,0.000589497119038	(128, 0.00031633724984348794)
128	158,0.000611088712476	(128, 0.00031633724984348794)
128	139,0.000617641471267	(128, 0.00031633724984348794)
128	151,0.000630283438712	(128, 0.00031633724984348794)
128	18,0.0006329305449	(128, 0.00031633724984348794)
129	49,0.000659210139051	(129, 0.001085520120253901)
129	98,0.00067299381431	(129, 0.001085520120253901)
129	100,0.000906152132502	(129, 0.001085520120253901)
129	59,0.000916698899609	(129, 0.001085520120253901)
129	83,0.000923913101962	(129, 0.001085520120253901)
129	15,0.000927224610393	(129, 0.001085520120253901)
129	94,0.000980744798339	(129, 0.001085520120253901)
129	77,0.00101150744503	(129, 0.001085520120253901)
129	129,0.00108552012025	(129, 0.001085520120253901)
129	25,0.00115019613291	(129, 0.001085520120253901)
130	130,0.000933782951713	(130, 0.00093378295171321266)
130	65,0.00102825075884	(130, 0.00093378295171321266)
130	13,0.00103122515173	(130, 0.00093378295171321266)
130	53,0.00110063744694	(130, 0.00093378295171321266)
130	91,0.00111591386645	(130, 0.00093378295171321266)
130	157,0.00111773830295	(130, 0.00093378295171321266)
130	28,0.00112222574779	(130, 0.00093378295171321266)
130	34,0.00117452039987	(130, 0.00093378295171321266)
130	73,0.00117750465875	(130, 0.00093378295171321266)
130	155,0.00120664488147	(130, 0.00093378295171321266)
131	166,0.00081408455163	(131, 0.00081808122618611445)
131	131,0.000818081226186	(131, 0.00081808122618611445)
131	116,0.000849131503039	(131, 0.00081808122618611445)
131	72,0.000877526178581	(131, 0.00081808122618611445)
131	144,0.00104873951794	(131, 0.00081808122618611445)
131	104,0.00106393838878	(131, 0.00081808122618611445)
131	84,0.0011743183716	(131, 0.00081808122618611445)
131	156,0.00129030766839	(131, 0.00081808122618611445)
131	93,0.00141237792685	(131, 0.00081808122618611445)
131	73,0.0014525876471	(131, 0.00081808122618611445)
132	132,0.000274596689945	(132, 0.00027459668994491126)
132	22,0.000296069438407	(132, 0.00027459668994491126)
132	46,0.000325024401198	(132, 0.00027459668994491126)
132	18,0.000327552436957	(132, 0.00027459668994491126)
132	139,0.000337444896707	(132, 0.00027459668994491126)
132	76,0.000361159299668	(132, 0.00027459668994491126)
132	146,0.000362201313146	(132, 0.00027459668994491126)
132	158,0.000409318316693	(132, 0.00027459668994491126)
132	147,0.000416708924811	(132, 0.00027459668994491126)
132	151,0.000421549688156	(132, 0.00027459668994491126)
133	133,0.000366326528498	(133, 0.000366326528498202)
133	130,0.00112159577142	(133, 0.000366326528498202)
133	91,0.00114921051266	(133, 0.000366326528498202)
133	34,0.00120615541192	(133, 0.000366326528498202)
133	103,0.00131281035938	(133, 0.000366326528498202)
133	102,0.00140541733538	(133, 0.000366326528498202)
133	53,0.00147808622535	(133, 0.000366326528498202)
133	65,0.00148349473975	(133, 0.000366326528498202)
133	114,0.00151687579563	(133, 0.000366326528498202)
133	153,0.00155493928799	(133, 0.000366326528498202)
134	121,0.000321712795059	(134, 0.00058202201902740982)
134	128,0.000423705245476	(134, 0.00058202201902740982)
134	78,0.000458392302879	(134, 0.00058202201902740982)
134	22,0.000554721788178	(134, 0.00058202201902740982)
134	18,0.000564620059484	(134, 0.00058202201902740982)
134	134,0.000582022019027	(134, 0.00058202201902740982)
134	73,0.000649622115488	(134, 0.00058202201902740982)
134	26,0.000658592432654	(134, 0.00058202201902740982)
134	88,0.000670285847362	(134, 0.00058202201902740982)
134	61,0.000681182784378	(134, 0.00058202201902740982)
135	147,0.000251636020512	(135, 0.00032853426191559388)
135	137,0.000260273308937	(135, 0.00032853426191559388)
135	76,0.000292875341588	(135, 0.00032853426191559388)
135	63,0.000305298430341	(135, 0.00032853426191559388)
135	135,0.000328534261916	(135, 0.00032853426191559388)
135	171,0.000367454372203	(135, 0.00032853426191559388)
135	162,0.000368538639231	(135, 0.00032853426191559388)
135	77,0.000411586199081	(135, 0.00032853426191559388)
135	3,0.000424186276175	(135, 0.00032853426191559388)
135	117,0.000478019415972	(135, 0.00032853426191559388)
136	121,0.00063299171242	(136, 0.00064085151454216084)
136	54,0.000637367297672	(136, 0.00064085151454216084)
136	136,0.000640851514542	(136, 0.00064085151454216084)
136	78,0.000654214189338	(136, 0.00064085151454216084)
136	11,0.00070317587142	(136, 0.00064085151454216084)
136	126,0.000711272482713	(136, 0.00064085151454216084)
136	151,0.000734401010285	(136, 0.00064085151454216084)
136	132,0.000784919814241	(136, 0.00064085151454216084)
136	13,0.000787341180206	(136, 0.00064085151454216084)
136	162,0.000787717786985	(136, 0.00064085151454216084)
137	137,0.000150938475774	(137, 0.00015093847577445045)
137	147,0.000208147645312	(137, 0.00015093847577445045)
137	63,0.000232235269366	(137, 0.00015093847577445045)
137	171,0.000319685381023	(137, 0.00015093847577445045)
137	3,0.000329189843128	(137, 0.00015093847577445045)
137	76,0.000329697643218	(137, 0.00015093847577445045)
137	36,0.000427513702799	(137, 0.00015093847577445045)
137	90,0.000434138443053	(137, 0.00015093847577445045)
137	77,0.000444443231266	(137, 0.00015093847577445045)
137	136,0.000461131525219	(137, 0.00015093847577445045)
138	128,0.000436027329131	(138, 0.00063587261576804864)
138	78,0.000500291404966	(138, 0.00063587261576804864)
138	107,0.000560573396474	(138, 0.00063587261576804864)
138	158,0.000615227755833	(138, 0.00063587261576804864)
138	138,0.000635872615768	(138, 0.00063587261576804864)
138	99,0.000681038008949	(138, 0.00063587261576804864)
138	55,0.000711002251282	(138, 0.00063587261576804864)
138	159,0.000734153602691	(138, 0.00063587261576804864)
138	84,0.000764846321928	(138, 0.00063587261576804864)
138	139,0.000779857035025	(138, 0.00063587261576804864)
139	139,0.000141903018744	(139, 0.00014190301874350271)
139	46,0.0002871175735	(139, 0.00014190301874350271)
139	18,0.000381309008684	(139, 0.00014190301874350271)
139	151,0.000427271542707	(139, 0.00014190301874350271)
139	76,0.000430569622204	(139, 0.00014190301874350271)
139	22,0.000453921933243	(139, 0.00014190301874350271)
139	35,0.000477750174725	(139, 0.00014190301874350271)
139	132,0.000493789058245	(139, 0.00014190301874350271)
139	171,0.000520780811295	(139, 0.00014190301874350271)
139	12,0.000529009753844	(139, 0.00014190301874350271)
140	69,0.000635046349943	(140, 0.00076302451098678018)
140	124,0.000679311524488	(140, 0.00076302451098678018)
140	140,0.000763024510987	(140, 0.00076302451098678018)
140	93,0.000796879536651	(140, 0.00076302451098678018)
140	157,0.000835441319275	(140, 0.00076302451098678018)
140	73,0.000849471090096	(140, 0.00076302451098678018)
140	53,0.000911249505145	(140, 0.00076302451098678018)
140	116,0.00095267847051	(140, 0.00076302451098678018)
140	101,0.000963083383732	(140, 0.00076302451098678018)
140	28,0.000981792190726	(140, 0.00076302451098678018)
141	141,0.00115549118868	(141, 0.0011554911886761743)
141	48,0.00134507987572	(141, 0.0011554911886761743)
141	124,0.00137996665516	(141, 0.0011554911886761743)
141	33,0.001444882921	(141, 0.0011554911886761743)
141	2,0.00155810709587	(141, 0.0011554911886761743)
141	4,0.00158174128217	(141, 0.0011554911886761743)
141	120,0.00159529060195	(141, 0.0011554911886761743)
141	97,0.00162538665283	(141, 0.0011554911886761743)
141	56,0.00164122489122	(141, 0.0011554911886761743)
141	155,0.00166003405331	(141, 0.0011554911886761743)
142	61,0.000679309773757	(142, 0.0021381412961656533)
142	23,0.000864621235054	(142, 0.0021381412961656533)
142	73,0.000874824689642	(142, 0.0021381412961656533)
142	12,0.000874889481111	(142, 0.0021381412961656533)
142	16,0.000877596650981	(142, 0.0021381412961656533)
142	38,0.000909786142116	(142, 0.0021381412961656533)
142	105,0.000958463397463	(142, 0.0021381412961656533)
142	78,0.000972042546655	(142, 0.0021381412961656533)
142	29,0.00100904823612	(142, 0.0021381412961656533)
142	24,0.00101616496235	(142, 0.0021381412961656533)
143	143,0.000215447693462	(143, 0.00021544769346218013)
143	3,0.000273957692461	(143, 0.00021544769346218013)
143	162,0.000328752077966	(143, 0.00021544769346218013)
143	11,0.000333650475749	(143, 0.00021544769346218013)
143	112,0.000342603639031	(143, 0.00021544769346218013)
143	137,0.000380078286466	(143, 0.00021544769346218013)
143	90,0.000383825644451	(143, 0.00021544769346218013)
143	17,0.000403783694619	(143, 0.00021544769346218013)
143	136,0.000413636748609	(143, 0.00021544769346218013)
143	21,0.000444523939691	(143, 0.00021544769346218013)
144	144,0.000455582245148	(144, 0.00045558224514840115)
144	14,0.000719428372796	(144, 0.00045558224514840115)
144	12,0.000793436440876	(144, 0.00045558224514840115)
144	38,0.000799315577251	(144, 0.00045558224514840115)
144	145,0.000902137298447	(144, 0.00045558224514840115)
144	50,0.000923649070208	(144, 0.00045558224514840115)
144	116,0.000962706569515	(144, 0.00045558224514840115)
144	159,0.0010232492551	(144, 0.00045558224514840115)
144	131,0.00105341185663	(144, 0.00045558224514840115)
144	109,0.00106534159412	(144, 0.00045558224514840115)
145	145,0.000538429648761	(145, 0.00053842964876121629)
145	158,0.000540459686649	(145, 0.00053842964876121629)
145	128,0.000559981915936	(145, 0.00053842964876121629)
145	78,0.000562301196276	(145, 0.00053842964876121629)
145	24,0.00057734058877	(145, 0.00053842964876121629)
145	38,0.000613458901679	(145, 0.00053842964876121629)
145	55,0.000690312812334	(145, 0.00053842964876121629)
145	12,0.000720768786711	(145, 0.00053842964876121629)
145	22,0.000766399494967	(145, 0.00053842964876121629)
145	61,0.000831741413166	(145, 0.00053842964876121629)
146	146,0.000199079463693	(146, 0.00019907946369269303)
146	159,0.000438291322743	(146, 0.00019907946369269303)
146	12,0.000643071562604	(146, 0.00019907946369269303)
146	137,0.000719210835443	(146, 0.00019907946369269303)
146	81,0.00072289732478	(146, 0.00019907946369269303)
146	46,0.000734772741636	(146, 0.00019907946369269303)
146	18,0.000737401158207	(146, 0.00019907946369269303)
146	172,0.000739969343224	(146, 0.00019907946369269303)
146	3,0.000743738852559	(146, 0.00019907946369269303)
146	132,0.000748434549125	(146, 0.00019907946369269303)
147	63,0.000197406888834	(147, 0.00019926773291270927)
147	147,0.000199267732913	(147, 0.00019926773291270927)
147	76,0.000210115904784	(147, 0.00019926773291270927)
147	132,0.000325060085458	(147, 0.00019926773291270927)
147	22,0.000339762926125	(147, 0.00019926773291270927)
147	151,0.000362692570346	(147, 0.00019926773291270927)
147	18,0.000363927476052	(147, 0.00019926773291270927)
147	23,0.000386360159285	(147, 0.00019926773291270927)
147	121,0.00039487154784	(147, 0.00019926773291270927)
147	61,0.000407928031248	(147, 0.00019926773291270927)
148	148,0.000264603733969	(148, 0.00026460373396902729)
148	17,0.000299167348791	(148, 0.00026460373396902729)
148	143,0.00036328092867	(148, 0.00026460373396902729)
148	100,0.000438224958312	(148, 0.00026460373396902729)
148	90,0.000445077552507	(148, 0.00026460373396902729)
148	49,0.000573192417097	(148, 0.00026460373396902729)
148	172,0.000605820153293	(148, 0.00026460373396902729)
148	112,0.00060845708301	(148, 0.00026460373396902729)
148	37,0.000668762288999	(148, 0.00026460373396902729)
148	3,0.0006777033849	(148, 0.00026460373396902729)
149	149,0.000775411272997	(149, 0.00077541127299680099)
149	32,0.00126268319856	(149, 0.00077541127299680099)
149	33,0.00156092286131	(149, 0.00077541127299680099)
149	169,0.00161325097341	(149, 0.00077541127299680099)
149	111,0.00220450702064	(149, 0.00077541127299680099)
149	165,0.00220919544409	(149, 0.00077541127299680099)
149	156,0.00231432091392	(149, 0.00077541127299680099)
149	27,0.00231809908475	(149, 0.00077541127299680099)
149	91,0.0024429638682	(149, 0.00077541127299680099)
149	131,0.00248409199218	(149, 0.00077541127299680099)
150	3,0.000202439742835	(150, 0.00036476364129128786)
150	11,0.000268273275892	(150, 0.00036476364129128786)
150	162,0.000350158216555	(150, 0.00036476364129128786)
150	71,0.000351558661375	(150, 0.00036476364129128786)
150	121,0.000364702460968	(150, 0.00036476364129128786)
150	150,0.000364763641291	(150, 0.00036476364129128786)
150	117,0.000382415705372	(150, 0.00036476364129128786)
150	86,0.000387086215156	(150, 0.00036476364129128786)
150	81,0.000405209602821	(150, 0.00036476364129128786)
150	63,0.000421369304882	(150, 0.00036476364129128786)
151	121,0.000217198762406	(151, 0.0003733020226545925)
151	132,0.000350232963309	(151, 0.0003733020226545925)
151	151,0.000373302022655	(151, 0.0003733020226545925)
151	22,0.000410837636203	(151, 0.0003733020226545925)
151	70,0.000413913972438	(151, 0.0003733020226545925)
151	61,0.000445928888765	(151, 0.0003733020226545925)
151	78,0.000459412763964	(151, 0.0003733020226545925)
151	63,0.000484805993687	(151, 0.0003733020226545925)
151	23,0.000499161978546	(151, 0.0003733020226545925)
151	3,0.000502063706405	(151, 0.0003733020226545925)
152	121,0.000412303666188	(152, 0.00042293089956748888)
152	152,0.000422930899567	(152, 0.00042293089956748888)
152	18,0.000519410652352	(152, 0.00042293089956748888)
152	88,0.000545358723478	(152, 0.00042293089956748888)
152	117,0.000575278951816	(152, 0.00042293089956748888)
152	35,0.000600525749596	(152, 0.00042293089956748888)
152	22,0.000618950572172	(152, 0.00042293089956748888)
152	12,0.000633982571382	(152, 0.00042293089956748888)
152	139,0.000638956574025	(152, 0.00042293089956748888)
152	162,0.000672223806955	(152, 0.00042293089956748888)
153	133,0.000643427772785	(153, 0.00079794322436425001)
153	153,0.000797943224364	(153, 0.00079794322436425001)
153	34,0.000958979825965	(153, 0.00079794322436425001)
153	91,0.00101689730204	(153, 0.00079794322436425001)
153	130,0.00106449663782	(153, 0.00079794322436425001)
153	102,0.00109455089926	(153, 0.00079794322436425001)
153	103,0.00130742576265	(153, 0.00079794322436425001)
153	1,0.00142733867115	(153, 0.00079794322436425001)
153	95,0.00148063060023	(153, 0.00079794322436425001)
153	28,0.00149505223881	(153, 0.00079794322436425001)
154	154,0.00017647712032	(154, 0.00017647712031970041)
154	172,0.000485074032514	(154, 0.00017647712031970041)
154	40,0.000514822286622	(154, 0.00017647712031970041)
154	174,0.000668853942573	(154, 0.00017647712031970041)
154	69,0.000721816185655	(154, 0.00017647712031970041)
154	4,0.000758460865007	(154, 0.00017647712031970041)
154	17,0.000891366855794	(154, 0.00017647712031970041)
154	116,0.000918451435169	(154, 0.00017647712031970041)
154	123,0.000937687041274	(154, 0.00017647712031970041)
154	15,0.0010452277738	(154, 0.00017647712031970041)
155	11,0.00037237837128	(155, 0.00050889919879320547)
155	71,0.000475552770427	(155, 0.00050889919879320547)
155	155,0.000508899198793	(155, 0.00050889919879320547)
155	1,0.000521794703548	(155, 0.00050889919879320547)
155	162,0.000529844527161	(155, 0.00050889919879320547)
155	81,0.000584550515098	(155, 0.00050889919879320547)
155	3,0.000623812660751	(155, 0.00050889919879320547)
155	121,0.000645103305037	(155, 0.00050889919879320547)
155	13,0.000649771422626	(155, 0.00050889919879320547)
155	117,0.000687581361027	(155, 0.00050889919879320547)
156	73,0.000510020385202	(156, 0.00051868135780404161)
156	156,0.000518681357804	(156, 0.00051868135780404161)
156	107,0.000642365754523	(156, 0.00051868135780404161)
156	144,0.000647551430467	(156, 0.00051868135780404161)
156	109,0.00066527789827	(156, 0.00051868135780404161)
156	27,0.000711444622321	(156, 0.00051868135780404161)
156	128,0.000768604165156	(156, 0.00051868135780404161)
156	50,0.000788520557953	(156, 0.00051868135780404161)
156	99,0.000831108878648	(156, 0.00051868135780404161)
156	84,0.000858912320852	(156, 0.00051868135780404161)
157	22,0.000454485261263	(157, 0.00066952601154582662)
157	126,0.000471269291732	(157, 0.00066952601154582662)
157	12,0.000476506049296	(157, 0.00066952601154582662)
157	3,0.00048592292277	(157, 0.00066952601154582662)
157	73,0.000535413640084	(157, 0.00066952601154582662)
157	172,0.000537966447298	(157, 0.00066952601154582662)
157	76,0.000546958429041	(157, 0.00066952601154582662)
157	132,0.000555348709203	(157, 0.00066952601154582662)
157	121,0.000560642861106	(157, 0.00066952601154582662)
157	93,0.000562199129652	(157, 0.00066952601154582662)
158	77,0.000249593310355	(158, 0.00087169802587036137)
158	3,0.0003517223388	(158, 0.00087169802587036137)
158	136,0.000416505987827	(158, 0.00087169802587036137)
158	37,0.00042161263744	(158, 0.00087169802587036137)
158	171,0.00043042561739	(158, 0.00087169802587036137)
158	76,0.000433515645896	(158, 0.00087169802587036137)
158	137,0.000447732931843	(158, 0.00087169802587036137)
158	11,0.000449604609646	(158, 0.00087169802587036137)
158	63,0.000456749876937	(158, 0.00087169802587036137)
158	147,0.000459822999267	(158, 0.00087169802587036137)
159	146,0.000252897574404	(159, 0.00065298173325458602)
159	137,0.00032325491125	(159, 0.00065298173325458602)
159	3,0.000359208876543	(159, 0.00065298173325458602)
159	147,0.000372665306054	(159, 0.00065298173325458602)
159	63,0.000380452255054	(159, 0.00065298173325458602)
159	150,0.000414942790334	(159, 0.00065298173325458602)
159	46,0.000434693701531	(159, 0.00065298173325458602)
159	36,0.000437073921798	(159, 0.00065298173325458602)
159	90,0.000444443441705	(159, 0.00065298173325458602)
159	18,0.000445949810957	(159, 0.00065298173325458602)
160	164,0.00078458447495	(160, 0.0038509426450262893)
160	27,0.000946530734718	(160, 0.0038509426450262893)
160	73,0.000975598717167	(160, 0.0038509426450262893)
160	43,0.00101829972934	(160, 0.0038509426450262893)
160	38,0.00103771698222	(160, 0.0038509426450262893)
160	107,0.00105075485512	(160, 0.0038509426450262893)
160	105,0.00109064603591	(160, 0.0038509426450262893)
160	32,0.00110869579539	(160, 0.0038509426450262893)
160	109,0.00111836174268	(160, 0.0038509426450262893)
160	50,0.00113635263107	(160, 0.0038509426450262893)
161	161,0.000233954931435	(161, 0.00023395493143514757)
161	65,0.000504818832043	(161, 0.00023395493143514757)
161	44,0.000613347700213	(161, 0.00023395493143514757)
161	68,0.000621146274517	(161, 0.00023395493143514757)
161	155,0.000709835871804	(161, 0.00023395493143514757)
161	83,0.000721804729924	(161, 0.00023395493143514757)
161	17,0.000739942089627	(161, 0.00023395493143514757)
161	13,0.0008293801145	(161, 0.00023395493143514757)
161	120,0.000869151116113	(161, 0.00023395493143514757)
161	100,0.000883997261351	(161, 0.00023395493143514757)
162	162,0.000270336602936	(162, 0.00027033660293619704)
162	18,0.000355670968408	(162, 0.00027033660293619704)
162	117,0.00040037094435	(162, 0.00027033660293619704)
162	121,0.000418228902124	(162, 0.00027033660293619704)
162	88,0.000435416571487	(162, 0.00027033660293619704)
162	76,0.000438922215014	(162, 0.00027033660293619704)
162	11,0.000453963857588	(162, 0.00027033660293619704)
162	150,0.000459880098749	(162, 0.00027033660293619704)
162	90,0.000469820424925	(162, 0.00027033660293619704)
162	147,0.000484690032999	(162, 0.00027033660293619704)
163	17,0.000463928811078	(163, 0.00066565931206077574)
163	172,0.000497878492108	(163, 0.00066565931206077574)
163	40,0.000521870266801	(163, 0.00066565931206077574)
163	3,0.000592371433487	(163, 0.00066565931206077574)
163	37,0.000599725566648	(163, 0.00066565931206077574)
163	100,0.000609373508737	(163, 0.00066565931206077574)
163	83,0.000624262358709	(163, 0.00066565931206077574)
163	148,0.000643623497226	(163, 0.00066565931206077574)
163	11,0.000655370797118	(163, 0.00066565931206077574)
163	163,0.000665659312061	(163, 0.00066565931206077574)
164	27,0.000705808928177	(164, 0.00084442309387252289)
164	156,0.000706133516189	(164, 0.00084442309387252289)
164	73,0.000714151140809	(164, 0.00084442309387252289)
164	164,0.000844423093873	(164, 0.00084442309387252289)
164	144,0.000894894348977	(164, 0.00084442309387252289)
164	32,0.000999624665797	(164, 0.00084442309387252289)
164	109,0.00103076633325	(164, 0.00084442309387252289)
164	131,0.00105497158818	(164, 0.00084442309387252289)
164	13,0.00108246057563	(164, 0.00084442309387252289)
164	107,0.00110074024586	(164, 0.00084442309387252289)
165	93,0.000599265298892	(165, 0.00082951020866581758)
165	116,0.000713942818837	(165, 0.00082951020866581758)
165	165,0.000829510208666	(165, 0.00082951020866581758)
165	157,0.000829820222535	(165, 0.00082951020866581758)
165	144,0.000888697319428	(165, 0.00082951020866581758)
165	131,0.000928865073375	(165, 0.00082951020866581758)
165	73,0.000958626259407	(165, 0.00082951020866581758)
165	156,0.00103500527881	(165, 0.00082951020866581758)
165	124,0.00109990692489	(165, 0.00082951020866581758)
165	172,0.00110324622742	(165, 0.00082951020866581758)
166	116,0.00072506870211	(166, 0.00093752180125726775)
166	166,0.000937521801257	(166, 0.00093752180125726775)
166	124,0.000972589403572	(166, 0.00093752180125726775)
166	69,0.000975146835479	(166, 0.00093752180125726775)
166	144,0.000977356990326	(166, 0.00093752180125726775)
166	123,0.00112181998491	(166, 0.00093752180125726775)
166	104,0.00113292738762	(166, 0.00093752180125726775)
166	93,0.00116547447958	(166, 0.00093752180125726775)
166	140,0.0011967331436	(166, 0.00093752180125726775)
166	157,0.00123685316542	(166, 0.00093752180125726775)
167	51,0.000820739271485	(167, 0.001424030042876381)
167	39,0.00103488076773	(167, 0.001424030042876381)
167	32,0.00123290620556	(167, 0.001424030042876381)
167	27,0.00134215545078	(167, 0.001424030042876381)
167	167,0.00142403004288	(167, 0.001424030042876381)
167	138,0.0015537917958	(167, 0.001424030042876381)
167	19,0.0016102028328	(167, 0.001424030042876381)
167	169,0.00168486930436	(167, 0.001424030042876381)
167	107,0.00174314895564	(167, 0.001424030042876381)
167	156,0.00176545462291	(167, 0.001424030042876381)
168	12,0.00064775251139	(168, 0.00070687243609082111)
168	121,0.000656300831609	(168, 0.00070687243609082111)
168	55,0.000672810442091	(168, 0.00070687243609082111)
168	168,0.000706872436091	(168, 0.00070687243609082111)
168	86,0.000719150302449	(168, 0.00070687243609082111)
168	18,0.000729158947695	(168, 0.00070687243609082111)
168	152,0.000789573268325	(168, 0.00070687243609082111)
168	151,0.000798663600708	(168, 0.00070687243609082111)
168	61,0.000829336682014	(168, 0.00070687243609082111)
168	38,0.000829961931763	(168, 0.00070687243609082111)
169	169,0.000753877104726	(169, 0.00075387710472603179)
169	156,0.000854484908119	(169, 0.00075387710472603179)
169	73,0.000949069985013	(169, 0.00075387710472603179)
169	41,0.00108914794136	(169, 0.00075387710472603179)
169	144,0.00110533622285	(169, 0.00075387710472603179)
169	27,0.00110583848899	(169, 0.00075387710472603179)
169	124,0.00115682298478	(169, 0.00075387710472603179)
169	109,0.00116285464743	(169, 0.00075387710472603179)
169	99,0.0011640731599	(169, 0.00075387710472603179)
169	39,0.00121650843563	(169, 0.00075387710472603179)
170	170,0.000434030988401	(170, 0.00043403098840083423)
170	99,0.000686919849103	(170, 0.00043403098840083423)
170	27,0.000864764454963	(170, 0.00043403098840083423)
170	19,0.000888137181095	(170, 0.00043403098840083423)
170	144,0.00095587292953	(170, 0.00043403098840083423)
170	0,0.00095883661159	(170, 0.00043403098840083423)
170	73,0.00103726224434	(170, 0.00043403098840083423)
170	84,0.00112489885966	(170, 0.00043403098840083423)
170	109,0.0011650999092	(170, 0.00043403098840083423)
170	78,0.00124377464102	(170, 0.00043403098840083423)
171	27,0.000807024721607	(171, 0.0023424639830425544)
171	164,0.000827737160745	(171, 0.0023424639830425544)
171	156,0.000861149863376	(171, 0.0023424639830425544)
171	32,0.000871679615966	(171, 0.0023424639830425544)
171	73,0.000998173518541	(171, 0.0023424639830425544)
171	107,0.00107878433369	(171, 0.0023424639830425544)
171	102,0.0011296571682	(171, 0.0023424639830425544)
171	19,0.00120391709646	(171, 0.0023424639830425544)
171	169,0.0012302794983	(171, 0.0023424639830425544)
171	51,0.00128636773716	(171, 0.0023424639830425544)
172	172,0.000237248866204	(172, 0.00023724886620419587)
172	90,0.000334682798941	(172, 0.00023724886620419587)
172	3,0.000411840276874	(172, 0.00023724886620419587)
172	137,0.000415932626042	(172, 0.00023724886620419587)
172	17,0.000416233204234	(172, 0.00023724886620419587)
172	81,0.000474080944098	(172, 0.00023724886620419587)
172	37,0.000503164265703	(172, 0.00023724886620419587)
172	77,0.000535851226139	(172, 0.00023724886620419587)
172	136,0.000564783928223	(172, 0.00023724886620419587)
172	40,0.000612279999814	(172, 0.00023724886620419587)
173	107,0.00063389352644	(173, 0.0011199543223394683)
173	158,0.000708161905744	(173, 0.0011199543223394683)
173	38,0.000746192454942	(173, 0.0011199543223394683)
173	24,0.00076229929725	(173, 0.0011199543223394683)
173	27,0.000815063676479	(173, 0.0011199543223394683)
173	78,0.000876873254427	(173, 0.0011199543223394683)
173	61,0.000894996245446	(173, 0.0011199543223394683)
173	128,0.000944263583084	(173, 0.0011199543223394683)
173	156,0.00100669863289	(173, 0.0011199543223394683)
173	87,0.0010353766767	(173, 0.0011199543223394683)
174	174,0.000296048664048	(174, 0.0002960486640477431)
174	15,0.000405562855466	(174, 0.0002960486640477431)
174	56,0.000499733484656	(174, 0.0002960486640477431)
174	120,0.00054711828403	(174, 0.0002960486640477431)
174	17,0.000618665066749	(174, 0.0002960486640477431)
174	69,0.000618895346915	(174, 0.0002960486640477431)
174	4,0.000669647762255	(174, 0.0002960486640477431)
174	2,0.000759451748463	(174, 0.0002960486640477431)
174	172,0.000777992202295	(174, 0.0002960486640477431)
174	154,0.000849879771069	(174, 0.0002960486640477431)
