0	0,0.0878941152856	(0, 0.087894115285596611)
0	84,0.223006381885	(0, 0.087894115285596611)
0	38,0.248402391968	(0, 0.087894115285596611)
0	99,0.248604350672	(0, 0.087894115285596611)
0	109,0.252331531297	(0, 0.087894115285596611)
0	173,0.270041202773	(0, 0.087894115285596611)
0	144,0.275493968508	(0, 0.087894115285596611)
0	170,0.276254875827	(0, 0.087894115285596611)
0	138,0.289436858206	(0, 0.087894115285596611)
0	14,0.29756043895	(0, 0.087894115285596611)
1	1,0.086284199404	(1, 0.086284199403975956)
1	102,0.119543794848	(1, 0.086284199403975956)
1	28,0.122434438132	(1, 0.086284199403975956)
1	91,0.123454715203	(1, 0.086284199403975956)
1	103,0.127160536049	(1, 0.086284199403975956)
1	153,0.14809032806	(1, 0.086284199403975956)
1	155,0.150450742657	(1, 0.086284199403975956)
1	114,0.168352168339	(1, 0.086284199403975956)
1	53,0.175825629379	(1, 0.086284199403975956)
1	41,0.184058191066	(1, 0.086284199403975956)
2	154,0.098577151471	(2, 0.15459140747247724)
2	4,0.101430407153	(2, 0.15459140747247724)
2	69,0.124991448053	(2, 0.15459140747247724)
2	174,0.131056480318	(2, 0.15459140747247724)
2	40,0.144912634211	(2, 0.15459140747247724)
2	2,0.154591407472	(2, 0.15459140747247724)
2	172,0.176459758534	(2, 0.15459140747247724)
2	25,0.18262131662	(2, 0.15459140747247724)
2	15,0.190002838716	(2, 0.15459140747247724)
2	56,0.195710584082	(2, 0.15459140747247724)
3	3,0.0406907174912	(3, 0.040690717491219185)
3	63,0.0622416478171	(3, 0.040690717491219185)
3	132,0.0740056057223	(3, 0.040690717491219185)
3	81,0.0797933532467	(3, 0.040690717491219185)
3	121,0.0872407604354	(3, 0.040690717491219185)
3	162,0.0877382254521	(3, 0.040690717491219185)
3	147,0.0902042241849	(3, 0.040690717491219185)
3	11,0.0927911567176	(3, 0.040690717491219185)
3	150,0.094052051095	(3, 0.040690717491219185)
3	151,0.0977139842922	(3, 0.040690717491219185)
4	13,0.0715551783345	(4, 0.1061355759816188)
4	172,0.0757578056631	(4, 0.1061355759816188)
4	17,0.0891863410962	(4, 0.1061355759816188)
4	37,0.100300558068	(4, 0.1061355759816188)
4	4,0.106135575982	(4, 0.1061355759816188)
4	69,0.107741919008	(4, 0.1061355759816188)
4	40,0.108646248301	(4, 0.1061355759816188)
4	11,0.115446694021	(4, 0.1061355759816188)
4	120,0.117040909458	(4, 0.1061355759816188)
4	77,0.118876462716	(4, 0.1061355759816188)
5	73,0.0846160842833	(5, 0.319746297600144)
5	93,0.158882660877	(5, 0.319746297600144)
5	107,0.161314231524	(5, 0.319746297600144)
5	124,0.173578870581	(5, 0.319746297600144)
5	78,0.173703765415	(5, 0.319746297600144)
5	26,0.176484292326	(5, 0.319746297600144)
5	128,0.179422721126	(5, 0.319746297600144)
5	1,0.18523521867	(5, 0.319746297600144)
5	158,0.186258586942	(5, 0.319746297600144)
5	22,0.188986679627	(5, 0.319746297600144)
6	139,0.050392190163	(6, 0.073715901342393517)
6	46,0.0597774149489	(6, 0.073715901342393517)
6	6,0.0737159013424	(6, 0.073715901342393517)
6	76,0.0811470673975	(6, 0.073715901342393517)
6	22,0.0828588597587	(6, 0.073715901342393517)
6	158,0.0952470725046	(6, 0.073715901342393517)
6	18,0.0959489768411	(6, 0.073715901342393517)
6	171,0.0984558154777	(6, 0.073715901342393517)
6	35,0.099072909183	(6, 0.073715901342393517)
6	132,0.100325506807	(6, 0.073715901342393517)
7	66,0.372112745687	(7, 0.63818574302868325)
7	51,0.563222374584	(7, 0.63818574302868325)
7	167,0.56440409288	(7, 0.63818574302868325)
7	32,0.566927847841	(7, 0.63818574302868325)
7	169,0.568330368421	(7, 0.63818574302868325)
7	80,0.583365627621	(7, 0.63818574302868325)
7	160,0.610876093883	(7, 0.63818574302868325)
7	133,0.613535856773	(7, 0.63818574302868325)
7	7,0.638185743029	(7, 0.63818574302868325)
7	149,0.655269700138	(7, 0.63818574302868325)
8	11,0.081063325694	(8, 0.13763166553093489)
8	121,0.0991838069828	(8, 0.13763166553093489)
8	1,0.112246440879	(8, 0.13763166553093489)
8	73,0.112436520506	(8, 0.13763166553093489)
8	71,0.112556197292	(8, 0.13763166553093489)
8	162,0.114940472848	(8, 0.13763166553093489)
8	13,0.118781245648	(8, 0.13763166553093489)
8	3,0.123465666822	(8, 0.13763166553093489)
8	155,0.130850140606	(8, 0.13763166553093489)
8	78,0.132711846656	(8, 0.13763166553093489)
9	9,0.136907072331	(9, 0.13690707233122809)
9	155,0.261295361353	(9, 0.13690707233122809)
9	114,0.268765495152	(9, 0.13690707233122809)
9	53,0.31461754226	(9, 0.13690707233122809)
9	91,0.321324952105	(9, 0.13690707233122809)
9	124,0.340769143125	(9, 0.13690707233122809)
9	41,0.385003291481	(9, 0.13690707233122809)
9	65,0.415695859559	(9, 0.13690707233122809)
9	16,0.424059614121	(9, 0.13690707233122809)
9	28,0.435442077029	(9, 0.13690707233122809)
10	10,0.169457958134	(10, 0.16945795813364803)
10	47,0.222375046014	(10, 0.16945795813364803)
10	167,0.439573317072	(10, 0.16945795813364803)
10	99,0.450648377481	(10, 0.16945795813364803)
10	173,0.454202514849	(10, 0.16945795813364803)
10	84,0.479660654648	(10, 0.16945795813364803)
10	27,0.500071481031	(10, 0.16945795813364803)
10	14,0.50651274445	(10, 0.16945795813364803)
10	138,0.516729370468	(10, 0.16945795813364803)
10	166,0.524525520043	(10, 0.16945795813364803)
11	11,0.0437605167537	(11, 0.043760516753730751)
11	81,0.090631671791	(11, 0.043760516753730751)
11	119,0.0918280032073	(11, 0.043760516753730751)
11	37,0.110048143935	(11, 0.043760516753730751)
11	115,0.111097679722	(11, 0.043760516753730751)
11	3,0.113110698258	(11, 0.043760516753730751)
11	96,0.113137504581	(11, 0.043760516753730751)
11	13,0.124444093488	(11, 0.043760516753730751)
11	71,0.133722052695	(11, 0.043760516753730751)
11	112,0.138784689117	(11, 0.043760516753730751)
12	22,0.0521773716827	(12, 0.059168296271157043)
12	12,0.0591682962712	(12, 0.059168296271157043)
12	121,0.0658454099646	(12, 0.059168296271157043)
12	76,0.067950118131	(12, 0.059168296271157043)
12	151,0.0682905525989	(12, 0.059168296271157043)
12	126,0.0682942350918	(12, 0.059168296271157043)
12	18,0.0787607208342	(12, 0.059168296271157043)
12	132,0.0792291438114	(12, 0.059168296271157043)
12	86,0.086160508226	(12, 0.059168296271157043)
12	78,0.0903989219753	(12, 0.059168296271157043)
13	11,0.0539088389385	(13, 0.096360978413046819)
13	162,0.0714190074711	(13, 0.096360978413046819)
13	3,0.0731479600348	(13, 0.096360978413046819)
13	172,0.075871280078	(13, 0.096360978413046819)
13	81,0.0822357915682	(13, 0.096360978413046819)
13	17,0.0830576563237	(13, 0.096360978413046819)
13	90,0.0844893981391	(13, 0.096360978413046819)
13	37,0.0844907143632	(13, 0.096360978413046819)
13	77,0.0890081814399	(13, 0.096360978413046819)
13	71,0.0931142547804	(13, 0.096360978413046819)
14	14,0.0797569632339	(14, 0.079756963233852091)
14	72,0.0992947340523	(14, 0.079756963233852091)
14	159,0.117701037849	(14, 0.079756963233852091)
14	144,0.156230507787	(14, 0.079756963233852091)
14	109,0.156914421708	(14, 0.079756963233852091)
14	145,0.16426374377	(14, 0.079756963233852091)
14	84,0.164979008067	(14, 0.079756963233852091)
14	123,0.170319183355	(14, 0.079756963233852091)
14	12,0.184035979048	(14, 0.079756963233852091)
14	38,0.186346264868	(14, 0.079756963233852091)
15	15,0.0618762920049	(15, 0.06187629200490348)
15	17,0.0713262732416	(15, 0.06187629200490348)
15	77,0.0876956117508	(15, 0.06187629200490348)
15	100,0.10195328287	(15, 0.06187629200490348)
15	172,0.104772651821	(15, 0.06187629200490348)
15	49,0.105549575163	(15, 0.06187629200490348)
15	174,0.112119454226	(15, 0.06187629200490348)
15	69,0.119468896678	(15, 0.06187629200490348)
15	59,0.127124611679	(15, 0.06187629200490348)
15	4,0.128005622326	(15, 0.06187629200490348)
16	16,0.124413630231	(16, 0.12441363023067202)
16	170,0.138134996519	(16, 0.12441363023067202)
16	0,0.179297182772	(16, 0.12441363023067202)
16	19,0.180077662747	(16, 0.12441363023067202)
16	144,0.200503686031	(16, 0.12441363023067202)
16	101,0.203567687387	(16, 0.12441363023067202)
16	114,0.208697829613	(16, 0.12441363023067202)
16	73,0.213010698613	(16, 0.12441363023067202)
16	27,0.219497171372	(16, 0.12441363023067202)
16	109,0.231869040053	(16, 0.12441363023067202)
17	17,0.0392195943674	(17, 0.039219594367353734)
17	172,0.0561250314934	(17, 0.039219594367353734)
17	77,0.0790787708275	(17, 0.039219594367353734)
17	100,0.0841102659367	(17, 0.039219594367353734)
17	143,0.0881539435511	(17, 0.039219594367353734)
17	90,0.0964063178069	(17, 0.039219594367353734)
17	37,0.0981115149515	(17, 0.039219594367353734)
17	49,0.0991847301796	(17, 0.039219594367353734)
17	136,0.100166685389	(17, 0.039219594367353734)
17	3,0.104968485658	(17, 0.039219594367353734)
18	18,0.0453179942228	(18, 0.045317994222769088)
18	88,0.0561132911694	(18, 0.045317994222769088)
18	121,0.0629029452745	(18, 0.045317994222769088)
18	22,0.0635771119107	(18, 0.045317994222769088)
18	76,0.0710119904199	(18, 0.045317994222769088)
18	35,0.0713153318867	(18, 0.045317994222769088)
18	61,0.0733722952139	(18, 0.045317994222769088)
18	132,0.0753873553674	(18, 0.045317994222769088)
18	139,0.0772553294055	(18, 0.045317994222769088)
18	151,0.0865779059071	(18, 0.045317994222769088)
19	19,0.139305192696	(19, 0.13930519269595398)
19	43,0.155357017376	(19, 0.13930519269595398)
19	27,0.176385953993	(19, 0.13930519269595398)
19	99,0.189337923894	(19, 0.13930519269595398)
19	107,0.242033403713	(19, 0.13930519269595398)
19	32,0.25730297049	(19, 0.13930519269595398)
19	164,0.263672477168	(19, 0.13930519269595398)
19	39,0.269039367049	(19, 0.13930519269595398)
19	84,0.275466723681	(19, 0.13930519269595398)
19	170,0.302371872313	(19, 0.13930519269595398)
20	73,0.106353008093	(20, 0.13259374500828319)
20	124,0.129805533725	(20, 0.13259374500828319)
20	20,0.132593745008	(20, 0.13259374500828319)
20	93,0.13334377133	(20, 0.13259374500828319)
20	109,0.151126860853	(20, 0.13259374500828319)
20	157,0.162279455968	(20, 0.13259374500828319)
20	128,0.163844347533	(20, 0.13259374500828319)
20	1,0.170697335942	(20, 0.13259374500828319)
20	89,0.171134501451	(20, 0.13259374500828319)
20	101,0.179311535786	(20, 0.13259374500828319)
21	121,0.0559542684165	(21, 0.10781685626445398)
21	71,0.0648883319118	(21, 0.10781685626445398)
21	11,0.0669893535901	(21, 0.10781685626445398)
21	117,0.071142592478	(21, 0.10781685626445398)
21	162,0.0739232917583	(21, 0.10781685626445398)
21	22,0.0893957875641	(21, 0.10781685626445398)
21	23,0.0963943538197	(21, 0.10781685626445398)
21	76,0.0977583363367	(21, 0.10781685626445398)
21	70,0.100590110633	(21, 0.10781685626445398)
21	86,0.100593725768	(21, 0.10781685626445398)
22	22,0.0478300150861	(22, 0.047830015086081312)
22	117,0.056260063376	(22, 0.047830015086081312)
22	76,0.0623212212369	(22, 0.047830015086081312)
22	139,0.0625753510456	(22, 0.047830015086081312)
22	132,0.0644240911106	(22, 0.047830015086081312)
22	46,0.0750164686345	(22, 0.047830015086081312)
22	121,0.0809047267528	(22, 0.047830015086081312)
22	3,0.0810390456176	(22, 0.047830015086081312)
22	18,0.0818204747524	(22, 0.047830015086081312)
22	63,0.0847605344374	(22, 0.047830015086081312)
23	23,0.0374539820818	(23, 0.037453982081799841)
23	61,0.0382698686435	(23, 0.037453982081799841)
23	26,0.0930224863998	(23, 0.037453982081799841)
23	121,0.110975305824	(23, 0.037453982081799841)
23	78,0.121156803972	(23, 0.037453982081799841)
23	63,0.125335637409	(23, 0.037453982081799841)
23	162,0.12913056265	(23, 0.037453982081799841)
23	76,0.131413381136	(23, 0.037453982081799841)
23	70,0.136569575177	(23, 0.037453982081799841)
23	147,0.1366181295	(23, 0.037453982081799841)
24	24,0.0618576055323	(24, 0.061857605532297785)
24	107,0.135672126489	(24, 0.061857605532297785)
24	27,0.141023232732	(24, 0.061857605532297785)
24	61,0.164234458069	(24, 0.061857605532297785)
24	158,0.17252551929	(24, 0.061857605532297785)
24	135,0.174764333751	(24, 0.061857605532297785)
24	73,0.17910191418	(24, 0.061857605532297785)
24	50,0.179746404118	(24, 0.061857605532297785)
24	22,0.182744588818	(24, 0.061857605532297785)
24	12,0.18836049764	(24, 0.061857605532297785)
25	25,0.0631085253442	(25, 0.063108525344218264)
25	69,0.0701132661151	(25, 0.063108525344218264)
25	40,0.0803774097638	(25, 0.063108525344218264)
25	4,0.104134543784	(25, 0.063108525344218264)
25	15,0.111454509828	(25, 0.063108525344218264)
25	148,0.117921013843	(25, 0.063108525344218264)
25	154,0.130226587158	(25, 0.063108525344218264)
25	79,0.149560077727	(25, 0.063108525344218264)
25	172,0.162622052549	(25, 0.063108525344218264)
25	60,0.165893463663	(25, 0.063108525344218264)
26	121,0.0493306541365	(26, 0.13313093080545721)
26	18,0.0500461199468	(26, 0.13313093080545721)
26	63,0.0589332938379	(26, 0.13313093080545721)
26	151,0.0607824629884	(26, 0.13313093080545721)
26	3,0.0627215264419	(26, 0.13313093080545721)
26	22,0.0633421221924	(26, 0.13313093080545721)
26	132,0.0636350278027	(26, 0.13313093080545721)
26	11,0.0651560786261	(26, 0.13313093080545721)
26	76,0.0652671715826	(26, 0.13313093080545721)
26	162,0.0722150216466	(26, 0.13313093080545721)
27	78,0.109787342787	(27, 0.14950527369441824)
27	61,0.120958123246	(27, 0.14950527369441824)
27	26,0.128312748032	(27, 0.14950527369441824)
27	73,0.129379731259	(27, 0.14950527369441824)
27	121,0.132652731577	(27, 0.14950527369441824)
27	170,0.134302078992	(27, 0.14950527369441824)
27	107,0.144323420301	(27, 0.14950527369441824)
27	101,0.145686900911	(27, 0.14950527369441824)
27	27,0.149505273694	(27, 0.14950527369441824)
27	19,0.154035257655	(27, 0.14950527369441824)
28	13,0.0979147589283	(28, 0.12399930264819875)
28	1,0.0993007906422	(28, 0.12399930264819875)
28	28,0.123999302648	(28, 0.12399930264819875)
28	3,0.13217076949	(28, 0.12399930264819875)
28	73,0.132968379867	(28, 0.12399930264819875)
28	53,0.15561027776	(28, 0.12399930264819875)
28	155,0.15673531704	(28, 0.12399930264819875)
28	65,0.157546485076	(28, 0.12399930264819875)
28	157,0.158565995624	(28, 0.12399930264819875)
28	83,0.158592635243	(28, 0.12399930264819875)
29	29,0.0539940274922	(29, 0.053994027492155837)
29	77,0.076515881484	(29, 0.053994027492155837)
29	71,0.0917221417679	(29, 0.053994027492155837)
29	135,0.109530917493	(29, 0.053994027492155837)
29	13,0.11258587172	(29, 0.053994027492155837)
29	11,0.115174220223	(29, 0.053994027492155837)
29	73,0.121112924794	(29, 0.053994027492155837)
29	1,0.122547487168	(29, 0.053994027492155837)
29	76,0.123864992591	(29, 0.053994027492155837)
29	3,0.12641552414	(29, 0.053994027492155837)
30	30,0.121569935721	(30, 0.12156993572091564)
30	28,0.198024692144	(30, 0.12156993572091564)
30	91,0.200723940696	(30, 0.12156993572091564)
30	103,0.224454599056	(30, 0.12156993572091564)
30	153,0.234066615067	(30, 0.12156993572091564)
30	1,0.248117289084	(30, 0.12156993572091564)
30	53,0.250602513674	(30, 0.12156993572091564)
30	102,0.268472973799	(30, 0.12156993572091564)
30	73,0.28745232061	(30, 0.12156993572091564)
30	114,0.289813881821	(30, 0.12156993572091564)
31	166,0.18232852438	(31, 0.20446093449706931)
31	31,0.204460934497	(31, 0.20446093449706931)
31	116,0.233411634069	(31, 0.20446093449706931)
31	69,0.23512558226	(31, 0.20446093449706931)
31	104,0.239518586739	(31, 0.20446093449706931)
31	48,0.240691858646	(31, 0.20446093449706931)
31	72,0.248081814964	(31, 0.20446093449706931)
31	124,0.255958959016	(31, 0.20446093449706931)
31	131,0.267778401461	(31, 0.20446093449706931)
31	123,0.279202704318	(31, 0.20446093449706931)
32	156,0.124292193814	(32, 0.14997514452423608)
32	32,0.149975144524	(32, 0.14997514452423608)
32	27,0.157522121853	(32, 0.14997514452423608)
32	73,0.181265827692	(32, 0.14997514452423608)
32	50,0.191446397072	(32, 0.14997514452423608)
32	107,0.199359953193	(32, 0.14997514452423608)
32	164,0.20288190056	(32, 0.14997514452423608)
32	131,0.226106302912	(32, 0.14997514452423608)
32	144,0.245276020906	(32, 0.14997514452423608)
32	109,0.245478591956	(32, 0.14997514452423608)
33	33,0.0990307401964	(33, 0.09903074019642634)
33	4,0.184740852563	(33, 0.09903074019642634)
33	69,0.190499324794	(33, 0.09903074019642634)
33	116,0.198809372404	(33, 0.09903074019642634)
33	106,0.200676582649	(33, 0.09903074019642634)
33	156,0.225235858668	(33, 0.09903074019642634)
33	28,0.238127214765	(33, 0.09903074019642634)
33	40,0.238399844138	(33, 0.09903074019642634)
33	2,0.244137113451	(33, 0.09903074019642634)
33	93,0.246861350205	(33, 0.09903074019642634)
34	15,0.0692984455775	(34, 0.20876930736530938)
34	17,0.0770452618072	(34, 0.20876930736530938)
34	69,0.089573702162	(34, 0.20876930736530938)
34	172,0.0922093656714	(34, 0.20876930736530938)
34	40,0.0967934178148	(34, 0.20876930736530938)
34	120,0.103830186228	(34, 0.20876930736530938)
34	174,0.1068797286	(34, 0.20876930736530938)
34	148,0.110556998899	(34, 0.20876930736530938)
34	4,0.119351535332	(34, 0.20876930736530938)
34	56,0.124659547843	(34, 0.20876930736530938)
35	35,0.0497272552786	(35, 0.049727255278623435)
35	88,0.0779292889404	(35, 0.049727255278623435)
35	18,0.0857169582942	(35, 0.049727255278623435)
35	12,0.117859980679	(35, 0.049727255278623435)
35	22,0.118532361633	(35, 0.049727255278623435)
35	139,0.123642276471	(35, 0.049727255278623435)
35	121,0.13338811881	(35, 0.049727255278623435)
35	61,0.134786860968	(35, 0.049727255278623435)
35	38,0.135867457121	(35, 0.049727255278623435)
35	158,0.138108914643	(35, 0.049727255278623435)
36	76,0.0373611493185	(36, 0.049088533277401751)
36	147,0.0417392765422	(36, 0.049088533277401751)
36	36,0.0490885332774	(36, 0.049088533277401751)
36	46,0.0494803467217	(36, 0.049088533277401751)
36	18,0.0574413643534	(36, 0.049088533277401751)
36	63,0.0599428559755	(36, 0.049088533277401751)
36	171,0.062710296342	(36, 0.049088533277401751)
36	88,0.0823890655138	(36, 0.049088533277401751)
36	22,0.0877691436324	(36, 0.049088533277401751)
36	35,0.0884792052083	(36, 0.049088533277401751)
37	3,0.0626629021113	(37, 0.066588004553460325)
37	100,0.0636728219475	(37, 0.066588004553460325)
37	37,0.0665880045535	(37, 0.066588004553460325)
37	11,0.0732071584444	(37, 0.066588004553460325)
37	77,0.0745914802772	(37, 0.066588004553460325)
37	21,0.0911237674442	(37, 0.066588004553460325)
37	17,0.0912745270788	(37, 0.066588004553460325)
37	90,0.0997093428271	(37, 0.066588004553460325)
37	71,0.102261676688	(37, 0.066588004553460325)
37	143,0.103091100803	(37, 0.066588004553460325)
38	38,0.0485145752345	(38, 0.048514575234511699)
38	12,0.109831259797	(38, 0.048514575234511699)
38	55,0.114420320311	(38, 0.048514575234511699)
38	14,0.127099792368	(38, 0.048514575234511699)
38	43,0.159030295125	(38, 0.048514575234511699)
38	105,0.174068546685	(38, 0.048514575234511699)
38	50,0.17535873012	(38, 0.048514575234511699)
38	128,0.176211500667	(38, 0.048514575234511699)
38	107,0.177973196654	(38, 0.048514575234511699)
38	61,0.178432496239	(38, 0.048514575234511699)
39	39,0.105304052322	(39, 0.10530405232233184)
39	51,0.234008285036	(39, 0.10530405232233184)
39	169,0.244007769467	(39, 0.10530405232233184)
39	156,0.246318924415	(39, 0.10530405232233184)
39	101,0.262354623602	(39, 0.10530405232233184)
39	107,0.26722270957	(39, 0.10530405232233184)
39	99,0.267681411796	(39, 0.10530405232233184)
39	27,0.269057629952	(39, 0.10530405232233184)
39	84,0.270226799367	(39, 0.10530405232233184)
39	95,0.284233980125	(39, 0.10530405232233184)
40	40,0.0435515804152	(40, 0.04355158041519909)
40	69,0.0512158446898	(40, 0.04355158041519909)
40	79,0.0936829261262	(40, 0.04355158041519909)
40	4,0.0961871334888	(40, 0.04355158041519909)
40	148,0.104752520349	(40, 0.04355158041519909)
40	15,0.108153964557	(40, 0.04355158041519909)
40	172,0.112083899391	(40, 0.04355158041519909)
40	25,0.113210901466	(40, 0.04355158041519909)
40	60,0.127790975618	(40, 0.04355158041519909)
40	56,0.130723052397	(40, 0.04355158041519909)
41	41,0.0681322498401	(41, 0.068132249840095263)
41	155,0.117968032317	(41, 0.068132249840095263)
41	20,0.170570283932	(41, 0.068132249840095263)
41	1,0.179594453808	(41, 0.068132249840095263)
41	91,0.180173994627	(41, 0.068132249840095263)
41	124,0.208402521357	(41, 0.068132249840095263)
41	101,0.222332870811	(41, 0.068132249840095263)
41	102,0.223756485118	(41, 0.068132249840095263)
41	114,0.22609870336	(41, 0.068132249840095263)
41	53,0.231676903249	(41, 0.068132249840095263)
42	163,0.185581767207	(42, 0.38014656280617093)
42	53,0.246509344135	(42, 0.38014656280617093)
42	28,0.247698780147	(42, 0.38014656280617093)
42	69,0.252455671768	(42, 0.38014656280617093)
42	97,0.272860671923	(42, 0.38014656280617093)
42	34,0.288066413349	(42, 0.38014656280617093)
42	44,0.288712847422	(42, 0.38014656280617093)
42	140,0.292216617477	(42, 0.38014656280617093)
42	118,0.2929694457	(42, 0.38014656280617093)
42	65,0.297988628286	(42, 0.38014656280617093)
43	22,0.07525863317	(43, 0.14259440611115601)
43	12,0.0766200134818	(43, 0.14259440611115601)
43	128,0.0863868452722	(43, 0.14259440611115601)
43	121,0.0917422147069	(43, 0.14259440611115601)
43	50,0.0958212244915	(43, 0.14259440611115601)
43	78,0.0972914316989	(43, 0.14259440611115601)
43	158,0.0991975342706	(43, 0.14259440611115601)
43	61,0.099280733197	(43, 0.14259440611115601)
43	107,0.109464020436	(43, 0.14259440611115601)
43	55,0.113618769556	(43, 0.14259440611115601)
44	109,0.109923950687	(44, 0.46037268046170005)
44	116,0.124222586889	(44, 0.46037268046170005)
44	93,0.143499697824	(44, 0.46037268046170005)
44	144,0.145430490127	(44, 0.46037268046170005)
44	124,0.147871641996	(44, 0.46037268046170005)
44	159,0.154304764793	(44, 0.46037268046170005)
44	84,0.165033083431	(44, 0.46037268046170005)
44	12,0.171621692177	(44, 0.46037268046170005)
44	73,0.176108392872	(44, 0.46037268046170005)
44	115,0.177179659345	(44, 0.46037268046170005)
45	45,0.174433956365	(45, 0.17443395636537828)
45	130,0.211734537442	(45, 0.17443395636537828)
45	94,0.252654540426	(45, 0.17443395636537828)
45	34,0.254793192746	(45, 0.17443395636537828)
45	133,0.288409604027	(45, 0.17443395636537828)
45	98,0.296120589476	(45, 0.17443395636537828)
45	129,0.29757320866	(45, 0.17443395636537828)
45	53,0.31313799839	(45, 0.17443395636537828)
45	25,0.316745490003	(45, 0.17443395636537828)
45	83,0.324669626116	(45, 0.17443395636537828)
46	46,0.0226346456927	(46, 0.022634645692650033)
46	36,0.0403355991739	(46, 0.022634645692650033)
46	171,0.0529745687064	(46, 0.022634645692650033)
46	76,0.0592296746212	(46, 0.022634645692650033)
46	137,0.0631581124494	(46, 0.022634645692650033)
46	147,0.0734213324325	(46, 0.022634645692650033)
46	63,0.0863262412382	(46, 0.022634645692650033)
46	139,0.0890624401992	(46, 0.022634645692650033)
46	6,0.0899226657747	(46, 0.022634645692650033)
46	146,0.0983050410525	(46, 0.022634645692650033)
47	99,0.206339922582	(47, 0.2473085377779761)
47	10,0.22708374907	(47, 0.2473085377779761)
47	47,0.247308537778	(47, 0.2473085377779761)
47	138,0.249428272122	(47, 0.2473085377779761)
47	19,0.249885880496	(47, 0.2473085377779761)
47	27,0.258220667016	(47, 0.2473085377779761)
47	84,0.27448283702	(47, 0.2473085377779761)
47	43,0.298279370363	(47, 0.2473085377779761)
47	173,0.315313578041	(47, 0.2473085377779761)
47	0,0.323336578487	(47, 0.2473085377779761)
48	56,0.100494415483	(48, 0.11656983411225695)
48	120,0.107352953798	(48, 0.11656983411225695)
48	48,0.116569834112	(48, 0.11656983411225695)
48	69,0.129224748417	(48, 0.11656983411225695)
48	97,0.131201475789	(48, 0.11656983411225695)
48	40,0.151773028285	(48, 0.11656983411225695)
48	4,0.163519766217	(48, 0.11656983411225695)
48	174,0.163915008111	(48, 0.11656983411225695)
48	124,0.172982578649	(48, 0.11656983411225695)
48	154,0.18629156956	(48, 0.11656983411225695)
49	49,0.0873364259965	(49, 0.087336425996501682)
49	59,0.109380124989	(49, 0.087336425996501682)
49	15,0.11480612039	(49, 0.087336425996501682)
49	77,0.120857531217	(49, 0.087336425996501682)
49	172,0.121595598293	(49, 0.087336425996501682)
49	98,0.12637624772	(49, 0.087336425996501682)
49	17,0.136356763824	(49, 0.087336425996501682)
49	100,0.14268951034	(49, 0.087336425996501682)
49	174,0.152309916181	(49, 0.087336425996501682)
49	83,0.168305228199	(49, 0.087336425996501682)
50	50,0.0517812120694	(50, 0.05178121206943738)
50	107,0.121460352033	(50, 0.05178121206943738)
50	12,0.128614577799	(50, 0.05178121206943738)
50	171,0.142473398789	(50, 0.05178121206943738)
50	158,0.144339542901	(50, 0.05178121206943738)
50	76,0.158833617142	(50, 0.05178121206943738)
50	22,0.160916017338	(50, 0.05178121206943738)
50	38,0.165869577086	(50, 0.05178121206943738)
50	128,0.16675212016	(50, 0.05178121206943738)
50	46,0.177359792767	(50, 0.05178121206943738)
51	124,0.0703799379659	(51, 0.32454428681959857)
51	73,0.129200618104	(51, 0.32454428681959857)
51	157,0.136063934128	(51, 0.32454428681959857)
51	53,0.137642445597	(51, 0.32454428681959857)
51	155,0.140450331796	(51, 0.32454428681959857)
51	93,0.170828039258	(51, 0.32454428681959857)
51	1,0.178837701662	(51, 0.32454428681959857)
51	41,0.179397202875	(51, 0.32454428681959857)
51	20,0.180806159428	(51, 0.32454428681959857)
51	28,0.183495633545	(51, 0.32454428681959857)
52	53,0.116117904103	(52, 0.43042703581501696)
52	44,0.122471431785	(52, 0.43042703581501696)
52	155,0.142518400959	(52, 0.43042703581501696)
52	65,0.148509656466	(52, 0.43042703581501696)
52	124,0.149908007656	(52, 0.43042703581501696)
52	13,0.150452035776	(52, 0.43042703581501696)
52	163,0.156219737201	(52, 0.43042703581501696)
52	161,0.158859991057	(52, 0.43042703581501696)
52	114,0.1810916028	(52, 0.43042703581501696)
52	119,0.186591225643	(52, 0.43042703581501696)
53	65,0.0839009553986	(53, 0.11099995385090082)
53	53,0.110999953851	(53, 0.11099995385090082)
53	155,0.122143792816	(53, 0.11099995385090082)
53	44,0.132734382373	(53, 0.11099995385090082)
53	161,0.136417646295	(53, 0.11099995385090082)
53	120,0.150103642666	(53, 0.11099995385090082)
53	163,0.164124011408	(53, 0.11099995385090082)
53	114,0.177829360636	(53, 0.11099995385090082)
53	13,0.179493010434	(53, 0.11099995385090082)
53	34,0.179551112901	(53, 0.11099995385090082)
54	136,0.0479192749381	(54, 0.087950443490622393)
54	54,0.0879504434906	(54, 0.087950443490622393)
54	162,0.0897196070304	(54, 0.087950443490622393)
54	137,0.0911929845671	(54, 0.087950443490622393)
54	3,0.0927165546402	(54, 0.087950443490622393)
54	17,0.100436627726	(54, 0.087950443490622393)
54	63,0.101119044645	(54, 0.087950443490622393)
54	11,0.104776502623	(54, 0.087950443490622393)
54	71,0.106126035073	(54, 0.087950443490622393)
54	147,0.107869339959	(54, 0.087950443490622393)
55	12,0.0716037361471	(55, 0.0859645106846708)
55	55,0.0859645106847	(55, 0.0859645106846708)
55	38,0.101219107334	(55, 0.0859645106846708)
55	121,0.102411549496	(55, 0.0859645106846708)
55	159,0.106526844484	(55, 0.0859645106846708)
55	18,0.107210190916	(55, 0.0859645106846708)
55	128,0.112810262884	(55, 0.0859645106846708)
55	151,0.114949718542	(55, 0.0859645106846708)
55	78,0.12093061662	(55, 0.0859645106846708)
55	152,0.122725839416	(55, 0.0859645106846708)
56	56,0.0741645802022	(56, 0.074164580202163335)
56	15,0.0994195222668	(56, 0.074164580202163335)
56	120,0.115160013388	(56, 0.074164580202163335)
56	174,0.151697667983	(56, 0.074164580202163335)
56	2,0.178911859175	(56, 0.074164580202163335)
56	113,0.17904106552	(56, 0.074164580202163335)
56	69,0.17989956682	(56, 0.074164580202163335)
56	44,0.195085835439	(56, 0.074164580202163335)
56	4,0.19985443412	(56, 0.074164580202163335)
56	97,0.202495313099	(56, 0.074164580202163335)
57	57,0.112784612781	(57, 0.11278461278067581)
57	122,0.272935632629	(57, 0.11278461278067581)
57	15,0.310749654114	(57, 0.11278461278067581)
57	174,0.32217671928	(57, 0.11278461278067581)
57	56,0.343054658085	(57, 0.11278461278067581)
57	59,0.387913992288	(57, 0.11278461278067581)
57	120,0.395878725655	(57, 0.11278461278067581)
57	2,0.401544680257	(57, 0.11278461278067581)
57	108,0.409375737184	(57, 0.11278461278067581)
57	113,0.425832536404	(57, 0.11278461278067581)
58	24,0.104338929276	(58, 0.40289414526569878)
58	107,0.11601678484	(58, 0.40289414526569878)
58	27,0.138058768751	(58, 0.40289414526569878)
58	50,0.138299602609	(58, 0.40289414526569878)
58	61,0.161589535972	(58, 0.40289414526569878)
58	158,0.177127360583	(58, 0.40289414526569878)
58	43,0.184200805932	(58, 0.40289414526569878)
58	38,0.186550862282	(58, 0.40289414526569878)
58	105,0.190576767718	(58, 0.40289414526569878)
58	12,0.190614244643	(58, 0.40289414526569878)
59	15,0.196091148863	(59, 0.26162018307499252)
59	83,0.215010247136	(59, 0.26162018307499252)
59	113,0.216828527826	(59, 0.26162018307499252)
59	94,0.224069275944	(59, 0.26162018307499252)
59	65,0.239127162594	(59, 0.26162018307499252)
59	120,0.25033790691	(59, 0.26162018307499252)
59	130,0.259895075357	(59, 0.26162018307499252)
59	59,0.261620183075	(59, 0.26162018307499252)
59	97,0.264921385529	(59, 0.26162018307499252)
59	44,0.265661077505	(59, 0.26162018307499252)
60	60,0.0945450916369	(60, 0.094545091636857842)
60	79,0.0964644209128	(60, 0.094545091636857842)
60	69,0.106000086263	(60, 0.094545091636857842)
60	40,0.109384921588	(60, 0.094545091636857842)
60	34,0.125456704994	(60, 0.094545091636857842)
60	4,0.128944572046	(60, 0.094545091636857842)
60	25,0.13975887568	(60, 0.094545091636857842)
60	77,0.144382542743	(60, 0.094545091636857842)
60	172,0.149360872867	(60, 0.094545091636857842)
60	15,0.1501377624	(60, 0.094545091636857842)
61	61,0.0383783237354	(61, 0.038378323735411585)
61	23,0.0511668269471	(61, 0.038378323735411585)
61	26,0.0763506784731	(61, 0.038378323735411585)
61	121,0.0813122868616	(61, 0.038378323735411585)
61	63,0.0838154220543	(61, 0.038378323735411585)
61	162,0.086331767301	(61, 0.038378323735411585)
61	76,0.0897288541359	(61, 0.038378323735411585)
61	147,0.0938803873394	(61, 0.038378323735411585)
61	78,0.0940612025686	(61, 0.038378323735411585)
61	22,0.111528513424	(61, 0.038378323735411585)
62	26,0.0872213707262	(62, 0.12504209670948163)
62	78,0.0943933462993	(62, 0.12504209670948163)
62	61,0.109460919532	(62, 0.12504209670948163)
62	107,0.111338772083	(62, 0.12504209670948163)
62	73,0.124797960727	(62, 0.12504209670948163)
62	62,0.125042096709	(62, 0.12504209670948163)
62	121,0.140640136657	(62, 0.12504209670948163)
62	158,0.142518116925	(62, 0.12504209670948163)
62	139,0.145936413247	(62, 0.12504209670948163)
62	22,0.150550591362	(62, 0.12504209670948163)
63	3,0.0407996729202	(63, 0.062112974474184755)
63	11,0.0620346380339	(63, 0.062112974474184755)
63	63,0.0621129744742	(63, 0.062112974474184755)
63	77,0.0706918465857	(63, 0.062112974474184755)
63	162,0.0726342095834	(63, 0.062112974474184755)
63	121,0.0852590243809	(63, 0.062112974474184755)
63	37,0.0856686207699	(63, 0.062112974474184755)
63	132,0.0872121809276	(63, 0.062112974474184755)
63	171,0.0885779181871	(63, 0.062112974474184755)
63	76,0.0892968238372	(63, 0.062112974474184755)
64	64,0.263839101526	(64, 0.26383910152629353)
64	45,0.424308786649	(64, 0.26383910152629353)
64	118,0.428829212337	(64, 0.26383910152629353)
64	130,0.467967913953	(64, 0.26383910152629353)
64	33,0.53809031941	(64, 0.26383910152629353)
64	133,0.566864580858	(64, 0.26383910152629353)
64	34,0.62053602628	(64, 0.26383910152629353)
64	113,0.626789577567	(64, 0.26383910152629353)
64	94,0.684677569447	(64, 0.26383910152629353)
64	15,0.692327632572	(64, 0.26383910152629353)
65	65,0.0686220105199	(65, 0.06862201051992764)
65	161,0.0808508939465	(65, 0.06862201051992764)
65	83,0.0910259044206	(65, 0.06862201051992764)
65	68,0.104396354911	(65, 0.06862201051992764)
65	155,0.135242996163	(65, 0.06862201051992764)
65	59,0.142922802642	(65, 0.06862201051992764)
65	1,0.14639682106	(65, 0.06862201051992764)
65	44,0.156286261572	(65, 0.06862201051992764)
65	13,0.156750621971	(65, 0.06862201051992764)
65	100,0.160664987462	(65, 0.06862201051992764)
66	66,0.283551642607	(66, 0.28355164260688887)
66	130,0.527575651361	(66, 0.28355164260688887)
66	133,0.581008184403	(66, 0.28355164260688887)
66	118,0.61381309289	(66, 0.28355164260688887)
66	140,0.639988123482	(66, 0.28355164260688887)
66	91,0.652150619866	(66, 0.28355164260688887)
66	33,0.687351171251	(66, 0.28355164260688887)
66	141,0.693587048531	(66, 0.28355164260688887)
66	169,0.754761725298	(66, 0.28355164260688887)
66	53,0.786747801124	(66, 0.28355164260688887)
67	67,0.177445886779	(67, 0.17744588677908815)
67	84,0.221675220957	(67, 0.17744588677908815)
67	169,0.224397249055	(67, 0.17744588677908815)
67	93,0.244907542545	(67, 0.17744588677908815)
67	116,0.271334300888	(67, 0.17744588677908815)
67	28,0.276132142625	(67, 0.17744588677908815)
67	140,0.27896086578	(67, 0.17744588677908815)
67	109,0.280874489297	(67, 0.17744588677908815)
67	149,0.282302828527	(67, 0.17744588677908815)
67	131,0.284510469686	(67, 0.17744588677908815)
68	68,0.0710922225819	(68, 0.071092222581922743)
68	70,0.122957365333	(68, 0.071092222581922743)
68	23,0.125798496899	(68, 0.071092222581922743)
68	61,0.132283511879	(68, 0.071092222581922743)
68	63,0.149210989419	(68, 0.071092222581922743)
68	162,0.158314939699	(68, 0.071092222581922743)
68	147,0.164699555961	(68, 0.071092222581922743)
68	26,0.165962827528	(68, 0.071092222581922743)
68	135,0.1707214574	(68, 0.071092222581922743)
68	77,0.171768116463	(68, 0.071092222581922743)
69	15,0.246384973015	(69, 0.28254872246796858)
69	174,0.276435582702	(69, 0.28254872246796858)
69	122,0.279502468442	(69, 0.28254872246796858)
69	69,0.282548722468	(69, 0.28254872246796858)
69	154,0.289954639228	(69, 0.28254872246796858)
69	56,0.303943268191	(69, 0.28254872246796858)
69	48,0.307887606524	(69, 0.28254872246796858)
69	4,0.320293916384	(69, 0.28254872246796858)
69	2,0.32724898931	(69, 0.28254872246796858)
69	25,0.327417151228	(69, 0.28254872246796858)
70	121,0.0789754181424	(70, 0.10057896071516297)
70	3,0.0890983575	(70, 0.10057896071516297)
70	11,0.100574048908	(70, 0.10057896071516297)
70	70,0.100578960715	(70, 0.10057896071516297)
70	77,0.104459091021	(70, 0.10057896071516297)
70	132,0.109957291972	(70, 0.10057896071516297)
70	117,0.110528768796	(70, 0.10057896071516297)
70	1,0.114234281248	(70, 0.10057896071516297)
70	139,0.1145749504	(70, 0.10057896071516297)
70	162,0.116051376811	(70, 0.10057896071516297)
71	133,0.157297191252	(71, 0.43291044883486623)
71	91,0.158763962001	(71, 0.43291044883486623)
71	41,0.240726642739	(71, 0.43291044883486623)
71	102,0.242967250218	(71, 0.43291044883486623)
71	101,0.252988864552	(71, 0.43291044883486623)
71	155,0.261235521649	(71, 0.43291044883486623)
71	95,0.264400259824	(71, 0.43291044883486623)
71	28,0.275250305944	(71, 0.43291044883486623)
71	1,0.281494621075	(71, 0.43291044883486623)
71	103,0.284136303975	(71, 0.43291044883486623)
72	174,0.118189714904	(72, 0.73364131978636504)
72	17,0.123766702872	(72, 0.73364131978636504)
72	172,0.13605083475	(72, 0.73364131978636504)
72	148,0.141677492864	(72, 0.73364131978636504)
72	143,0.148354282431	(72, 0.73364131978636504)
72	100,0.176175873113	(72, 0.73364131978636504)
72	49,0.179751982888	(72, 0.73364131978636504)
72	77,0.179990159424	(72, 0.73364131978636504)
72	15,0.183253263656	(72, 0.73364131978636504)
72	40,0.189671622538	(72, 0.73364131978636504)
73	73,0.0657449909862	(73, 0.065744990986203525)
73	13,0.0974727323944	(73, 0.065744990986203525)
73	157,0.126489630244	(73, 0.065744990986203525)
73	124,0.133597360363	(73, 0.065744990986203525)
73	27,0.136675879571	(73, 0.065744990986203525)
73	53,0.159679007869	(73, 0.065744990986203525)
73	114,0.167025795921	(73, 0.065744990986203525)
73	109,0.178555713113	(73, 0.065744990986203525)
73	93,0.181524042608	(73, 0.065744990986203525)
73	1,0.188178494507	(73, 0.065744990986203525)
74	136,0.0541090652714	(74, 0.054543971004238474)
74	74,0.0545439710042	(74, 0.054543971004238474)
74	17,0.0598920064857	(74, 0.054543971004238474)
74	37,0.0672046238434	(74, 0.054543971004238474)
74	100,0.0704085762908	(74, 0.054543971004238474)
74	127,0.0735104468962	(74, 0.054543971004238474)
74	77,0.0814379198625	(74, 0.054543971004238474)
74	90,0.0831440818368	(74, 0.054543971004238474)
74	11,0.109155169014	(74, 0.054543971004238474)
74	49,0.111900713631	(74, 0.054543971004238474)
75	75,0.458617783553	(75, 0.45861778355281063)
75	167,0.475406788617	(75, 0.45861778355281063)
75	80,0.666433276976	(75, 0.45861778355281063)
75	67,0.689674673426	(75, 0.45861778355281063)
75	47,0.696733165349	(75, 0.45861778355281063)
75	10,0.703665943239	(75, 0.45861778355281063)
75	85,0.709539204673	(75, 0.45861778355281063)
75	99,0.711828978795	(75, 0.45861778355281063)
75	84,0.74264527696	(75, 0.45861778355281063)
75	166,0.744851513945	(75, 0.45861778355281063)
76	76,0.0349357252069	(76, 0.03493572520694694)
76	147,0.0408653433373	(76, 0.03493572520694694)
76	63,0.0468211850886	(76, 0.03493572520694694)
76	137,0.0533687143858	(76, 0.03493572520694694)
76	171,0.0579100440303	(76, 0.03493572520694694)
76	22,0.0732155727065	(76, 0.03493572520694694)
76	46,0.0747498701558	(76, 0.03493572520694694)
76	3,0.0748071135389	(76, 0.03493572520694694)
76	18,0.0755283333638	(76, 0.03493572520694694)
76	132,0.0803761361396	(76, 0.03493572520694694)
77	162,0.0543945367713	(77, 0.069698890390813242)
77	11,0.0581317196266	(77, 0.069698890390813242)
77	63,0.0581827625981	(77, 0.069698890390813242)
77	90,0.0615774344784	(77, 0.069698890390813242)
77	147,0.0642413576663	(77, 0.069698890390813242)
77	136,0.0680784544253	(77, 0.069698890390813242)
77	77,0.0696988903908	(77, 0.069698890390813242)
77	3,0.0697254915351	(77, 0.069698890390813242)
77	137,0.0797622323707	(77, 0.069698890390813242)
77	71,0.0823754396128	(77, 0.069698890390813242)
78	151,0.0492611043786	(78, 0.091848968947199364)
78	76,0.0513283641881	(78, 0.091848968947199364)
78	63,0.0549847244879	(78, 0.091848968947199364)
78	132,0.0594454769029	(78, 0.091848968947199364)
78	22,0.0642546315302	(78, 0.091848968947199364)
78	18,0.0645979445458	(78, 0.091848968947199364)
78	147,0.0659981382865	(78, 0.091848968947199364)
78	121,0.0684055478842	(78, 0.091848968947199364)
78	61,0.0741808154448	(78, 0.091848968947199364)
78	23,0.0831681490879	(78, 0.091848968947199364)
79	79,0.055721046854	(79, 0.055721046853964173)
79	4,0.0605336746756	(79, 0.055721046853964173)
79	69,0.0670625946053	(79, 0.055721046853964173)
79	40,0.0688299708476	(79, 0.055721046853964173)
79	25,0.107524683362	(79, 0.055721046853964173)
79	56,0.120667793801	(79, 0.055721046853964173)
79	172,0.132688782327	(79, 0.055721046853964173)
79	148,0.138350394085	(79, 0.055721046853964173)
79	17,0.142621178242	(79, 0.055721046853964173)
79	15,0.14353694398	(79, 0.055721046853964173)
80	80,0.197292378306	(80, 0.19729237830570975)
80	51,0.242432659221	(80, 0.19729237830570975)
80	167,0.298850785335	(80, 0.19729237830570975)
80	32,0.39176052032	(80, 0.19729237830570975)
80	27,0.525067789293	(80, 0.19729237830570975)
80	169,0.525283872222	(80, 0.19729237830570975)
80	39,0.528294755736	(80, 0.19729237830570975)
80	58,0.541247084889	(80, 0.19729237830570975)
80	160,0.543736754408	(80, 0.19729237830570975)
80	165,0.575857598286	(80, 0.19729237830570975)
81	81,0.0541719267005	(81, 0.054171926700542425)
81	132,0.0698818196502	(81, 0.054171926700542425)
81	3,0.0722301352663	(81, 0.054171926700542425)
81	11,0.0755224480742	(81, 0.054171926700542425)
81	121,0.0809003224853	(81, 0.054171926700542425)
81	22,0.0849610511648	(81, 0.054171926700542425)
81	117,0.0916800547758	(81, 0.054171926700542425)
81	151,0.0942700249418	(81, 0.054171926700542425)
81	77,0.100914938268	(81, 0.054171926700542425)
81	76,0.101364454329	(81, 0.054171926700542425)
82	38,0.155329942738	(82, 0.27710826097938074)
82	24,0.155485893789	(82, 0.27710826097938074)
82	12,0.15687762308	(82, 0.27710826097938074)
82	105,0.172289833696	(82, 0.27710826097938074)
82	27,0.1743426512	(82, 0.27710826097938074)
82	73,0.192199965539	(82, 0.27710826097938074)
82	50,0.198686010006	(82, 0.27710826097938074)
82	13,0.202136072708	(82, 0.27710826097938074)
82	144,0.209781574949	(82, 0.27710826097938074)
82	107,0.210613522722	(82, 0.27710826097938074)
83	13,0.0731469041768	(83, 0.099019390961130105)
83	71,0.0982754960932	(83, 0.099019390961130105)
83	155,0.0988861489734	(83, 0.099019390961130105)
83	83,0.0990193909611	(83, 0.099019390961130105)
83	161,0.0996669507418	(83, 0.099019390961130105)
83	17,0.103550755342	(83, 0.099019390961130105)
83	65,0.107006280752	(83, 0.099019390961130105)
83	11,0.109940528058	(83, 0.099019390961130105)
83	136,0.112735752107	(83, 0.099019390961130105)
83	3,0.113955763067	(83, 0.099019390961130105)
84	84,0.263088225523	(84, 0.26308822552273331)
84	67,0.276984606496	(84, 0.26308822552273331)
84	166,0.280248065643	(84, 0.26308822552273331)
84	169,0.298103167657	(84, 0.26308822552273331)
84	99,0.360076511963	(84, 0.26308822552273331)
84	140,0.37176130945	(84, 0.26308822552273331)
84	144,0.388688809574	(84, 0.26308822552273331)
84	156,0.395685693672	(84, 0.26308822552273331)
84	109,0.412398486484	(84, 0.26308822552273331)
84	149,0.418259501908	(84, 0.26308822552273331)
85	67,0.235001905687	(85, 0.35674430069152785)
85	85,0.356744300692	(85, 0.35674430069152785)
85	140,0.376234032784	(85, 0.35674430069152785)
85	149,0.414141362412	(85, 0.35674430069152785)
85	166,0.417773580269	(85, 0.35674430069152785)
85	84,0.423989647056	(85, 0.35674430069152785)
85	169,0.451967286841	(85, 0.35674430069152785)
85	144,0.499400320952	(85, 0.35674430069152785)
85	99,0.531216430316	(85, 0.35674430069152785)
85	93,0.540081789316	(85, 0.35674430069152785)
86	86,0.0565165755194	(86, 0.056516575519414608)
86	137,0.0664463200203	(86, 0.056516575519414608)
86	171,0.0780288575622	(86, 0.056516575519414608)
86	76,0.0790335626432	(86, 0.056516575519414608)
86	12,0.0818626814395	(86, 0.056516575519414608)
86	117,0.0830981737397	(86, 0.056516575519414608)
86	11,0.084923384703	(86, 0.056516575519414608)
86	162,0.0857117304867	(86, 0.056516575519414608)
86	3,0.0857260684099	(86, 0.056516575519414608)
86	126,0.0878232398937	(86, 0.056516575519414608)
87	121,0.0898610317094	(87, 0.23893375675453268)
87	1,0.0939030457537	(87, 0.23893375675453268)
87	26,0.101120335808	(87, 0.23893375675453268)
87	78,0.104348451726	(87, 0.23893375675453268)
87	71,0.110876212709	(87, 0.23893375675453268)
87	11,0.111697880612	(87, 0.23893375675453268)
87	61,0.124036960877	(87, 0.23893375675453268)
87	23,0.12638256872	(87, 0.23893375675453268)
87	20,0.127644682045	(87, 0.23893375675453268)
87	155,0.129427489769	(87, 0.23893375675453268)
88	76,0.0483157267586	(88, 0.072674349624067033)
88	147,0.0548397073705	(88, 0.072674349624067033)
88	18,0.0585269143405	(88, 0.072674349624067033)
88	171,0.0602605050918	(88, 0.072674349624067033)
88	22,0.067675768744	(88, 0.072674349624067033)
88	63,0.068267426121	(88, 0.072674349624067033)
88	46,0.0685739149175	(88, 0.072674349624067033)
88	117,0.0704410801944	(88, 0.072674349624067033)
88	88,0.0726743496241	(88, 0.072674349624067033)
88	139,0.0738700707899	(88, 0.072674349624067033)
89	124,0.0776386206069	(89, 0.1388467156257932)
89	155,0.0993729458028	(89, 0.1388467156257932)
89	53,0.10327276984	(89, 0.1388467156257932)
89	1,0.122440745634	(89, 0.1388467156257932)
89	73,0.127764117515	(89, 0.1388467156257932)
89	89,0.138846715626	(89, 0.1388467156257932)
89	20,0.148795565734	(89, 0.1388467156257932)
89	13,0.150371011031	(89, 0.1388467156257932)
89	28,0.159097656861	(89, 0.1388467156257932)
89	71,0.160623711685	(89, 0.1388467156257932)
90	90,0.0391790699919	(90, 0.039179069991919266)
90	11,0.0732635452122	(90, 0.039179069991919266)
90	162,0.0786350215628	(90, 0.039179069991919266)
90	81,0.0822454907459	(90, 0.039179069991919266)
90	96,0.0850058063078	(90, 0.039179069991919266)
90	137,0.0873716340308	(90, 0.039179069991919266)
90	172,0.0901253916136	(90, 0.039179069991919266)
90	136,0.0929255335708	(90, 0.039179069991919266)
90	37,0.0933879186014	(90, 0.039179069991919266)
90	17,0.098389448476	(90, 0.039179069991919266)
91	133,0.160770683784	(91, 0.22440429690736546)
91	91,0.224404296907	(91, 0.22440429690736546)
91	130,0.320112335712	(91, 0.22440429690736546)
91	103,0.413626137004	(91, 0.22440429690736546)
91	51,0.462079930615	(91, 0.22440429690736546)
91	102,0.465251242009	(91, 0.22440429690736546)
91	66,0.46970477051	(91, 0.22440429690736546)
91	34,0.471812600102	(91, 0.22440429690736546)
91	53,0.496211709513	(91, 0.22440429690736546)
91	114,0.505593350159	(91, 0.22440429690736546)
92	78,0.080590601523	(92, 0.22412430407842587)
92	61,0.0969357914756	(92, 0.22412430407842587)
92	24,0.103722508628	(92, 0.22412430407842587)
92	158,0.113331262892	(92, 0.22412430407842587)
92	128,0.113756265259	(92, 0.22412430407842587)
92	26,0.128435474834	(92, 0.22412430407842587)
92	12,0.131172125158	(92, 0.22412430407842587)
92	22,0.138418213561	(92, 0.22412430407842587)
92	107,0.146349094409	(92, 0.22412430407842587)
92	23,0.146789697405	(92, 0.22412430407842587)
93	22,0.0697092839479	(93, 0.089061051837833999)
93	132,0.073896023044	(93, 0.089061051837833999)
93	93,0.0890610518378	(93, 0.089061051837833999)
93	128,0.0898952446375	(93, 0.089061051837833999)
93	158,0.0930539883006	(93, 0.089061051837833999)
93	12,0.0965685899578	(93, 0.089061051837833999)
93	76,0.0988507444143	(93, 0.089061051837833999)
93	121,0.0999508228347	(93, 0.089061051837833999)
93	3,0.100250921938	(93, 0.089061051837833999)
93	78,0.105978779317	(93, 0.089061051837833999)
94	94,0.11302582453	(94, 0.11302582453033268)
94	83,0.206962966781	(94, 0.11302582453033268)
94	155,0.244538678174	(94, 0.11302582453033268)
94	59,0.271580106812	(94, 0.11302582453033268)
94	15,0.289383639517	(94, 0.11302582453033268)
94	45,0.30756232541	(94, 0.11302582453033268)
94	161,0.308563476832	(94, 0.11302582453033268)
94	120,0.309949238867	(94, 0.11302582453033268)
94	65,0.313985442532	(94, 0.11302582453033268)
94	98,0.316032081738	(94, 0.11302582453033268)
95	107,0.11775123781	(95, 0.29598681517770475)
95	99,0.121011367989	(95, 0.29598681517770475)
95	43,0.158339604722	(95, 0.29598681517770475)
95	138,0.163580545276	(95, 0.29598681517770475)
95	128,0.16400207426	(95, 0.29598681517770475)
95	27,0.168531465262	(95, 0.29598681517770475)
95	84,0.174030886066	(95, 0.29598681517770475)
95	19,0.175027630415	(95, 0.29598681517770475)
95	78,0.179797289705	(95, 0.29598681517770475)
95	50,0.189786039971	(95, 0.29598681517770475)
96	96,0.064949482665	(96, 0.064949482665003)
96	13,0.0949035084008	(96, 0.064949482665003)
96	162,0.0983324984715	(96, 0.064949482665003)
96	17,0.103289613638	(96, 0.064949482665003)
96	11,0.10464497258	(96, 0.064949482665003)
96	161,0.109718793815	(96, 0.064949482665003)
96	143,0.128945104265	(96, 0.064949482665003)
96	112,0.133395946603	(96, 0.064949482665003)
96	90,0.139609504864	(96, 0.064949482665003)
96	119,0.147943080904	(96, 0.064949482665003)
97	172,0.0688785646586	(97, 0.16863617667580011)
97	40,0.0752380416012	(97, 0.16863617667580011)
97	69,0.0823664322237	(97, 0.16863617667580011)
97	17,0.0973084329117	(97, 0.16863617667580011)
97	120,0.101436694891	(97, 0.16863617667580011)
97	4,0.120090771898	(97, 0.16863617667580011)
97	3,0.121076930287	(97, 0.16863617667580011)
97	79,0.12395580854	(97, 0.16863617667580011)
97	37,0.137388290492	(97, 0.16863617667580011)
97	119,0.139929015278	(97, 0.16863617667580011)
98	98,0.0500344299888	(98, 0.050034429988755041)
98	40,0.0975950331028	(98, 0.050034429988755041)
98	15,0.106145504775	(98, 0.050034429988755041)
98	25,0.120121546511	(98, 0.050034429988755041)
98	154,0.127096060767	(98, 0.050034429988755041)
98	172,0.131178621407	(98, 0.050034429988755041)
98	49,0.150517689175	(98, 0.050034429988755041)
98	4,0.161775973314	(98, 0.050034429988755041)
98	174,0.162033331352	(98, 0.050034429988755041)
98	83,0.163784772925	(98, 0.050034429988755041)
99	144,0.0982683123174	(99, 0.15138333121765787)
99	84,0.112607173171	(99, 0.15138333121765787)
99	73,0.116994332977	(99, 0.15138333121765787)
99	109,0.120432764302	(99, 0.15138333121765787)
99	93,0.1208198497	(99, 0.15138333121765787)
99	156,0.129625298178	(99, 0.15138333121765787)
99	116,0.135677246286	(99, 0.15138333121765787)
99	78,0.139521261551	(99, 0.15138333121765787)
99	128,0.142758418523	(99, 0.15138333121765787)
99	159,0.148064114713	(99, 0.15138333121765787)
100	100,0.0417352630901	(100, 0.041735263090066206)
100	77,0.0614798694394	(100, 0.041735263090066206)
100	74,0.0701798033865	(100, 0.041735263090066206)
100	90,0.0718481286496	(100, 0.041735263090066206)
100	37,0.0725188579936	(100, 0.041735263090066206)
100	21,0.0725938256113	(100, 0.041735263090066206)
100	17,0.0755680022563	(100, 0.041735263090066206)
100	11,0.0778121951	(100, 0.041735263090066206)
100	136,0.0786505434966	(100, 0.041735263090066206)
100	3,0.0843258676295	(100, 0.041735263090066206)
101	73,0.116872732734	(101, 0.12708874824095015)
101	13,0.122681783068	(101, 0.12708874824095015)
101	1,0.124180532834	(101, 0.12708874824095015)
101	101,0.127088748241	(101, 0.12708874824095015)
101	124,0.13716459954	(101, 0.12708874824095015)
101	69,0.140206295791	(101, 0.12708874824095015)
101	60,0.146036377743	(101, 0.12708874824095015)
101	29,0.152534360821	(101, 0.12708874824095015)
101	77,0.157449136191	(101, 0.12708874824095015)
101	102,0.160560509929	(101, 0.12708874824095015)
102	91,0.151087591169	(102, 0.1673505409608107)
102	102,0.167350540961	(102, 0.1673505409608107)
102	114,0.171099022006	(102, 0.1673505409608107)
102	155,0.175865703931	(102, 0.1673505409608107)
102	101,0.176160500147	(102, 0.1673505409608107)
102	41,0.178933331507	(102, 0.1673505409608107)
102	110,0.180376535813	(102, 0.1673505409608107)
102	1,0.188149030826	(102, 0.1673505409608107)
102	53,0.198801739514	(102, 0.1673505409608107)
102	103,0.203177884276	(102, 0.1673505409608107)
103	103,0.135416002541	(103, 0.13541600254101557)
103	73,0.179630149323	(103, 0.13541600254101557)
103	101,0.210564495148	(103, 0.13541600254101557)
103	91,0.227250416924	(103, 0.13541600254101557)
103	93,0.22760030145	(103, 0.13541600254101557)
103	114,0.233681246502	(103, 0.13541600254101557)
103	26,0.243570292589	(103, 0.13541600254101557)
103	128,0.246761355876	(103, 0.13541600254101557)
103	99,0.247040726787	(103, 0.13541600254101557)
103	51,0.248042555806	(103, 0.13541600254101557)
104	124,0.0806423446995	(104, 0.16009629519593066)
104	93,0.1256325282	(104, 0.16009629519593066)
104	119,0.131787894874	(104, 0.16009629519593066)
104	81,0.134339069276	(104, 0.16009629519593066)
104	115,0.1423536458	(104, 0.16009629519593066)
104	11,0.144935456102	(104, 0.16009629519593066)
104	73,0.145809266613	(104, 0.16009629519593066)
104	104,0.160096295196	(104, 0.16009629519593066)
104	3,0.166279171909	(104, 0.16009629519593066)
104	120,0.171337153641	(104, 0.16009629519593066)
105	43,0.135296659545	(105, 0.1830562191462147)
105	27,0.153698292329	(105, 0.1830562191462147)
105	24,0.155166280919	(105, 0.1830562191462147)
105	19,0.162065592571	(105, 0.1830562191462147)
105	107,0.181932563794	(105, 0.1830562191462147)
105	105,0.183056219146	(105, 0.1830562191462147)
105	38,0.193023098327	(105, 0.1830562191462147)
105	50,0.20243495329	(105, 0.1830562191462147)
105	99,0.203458832503	(105, 0.1830562191462147)
105	61,0.212524371217	(105, 0.1830562191462147)
106	106,0.0806227207642	(106, 0.080622720764151279)
106	157,0.146621447447	(106, 0.080622720764151279)
106	116,0.14787363299	(106, 0.080622720764151279)
106	174,0.155083712898	(106, 0.080622720764151279)
106	172,0.158895413781	(106, 0.080622720764151279)
106	93,0.162721934194	(106, 0.080622720764151279)
106	156,0.183108313449	(106, 0.080622720764151279)
106	54,0.18473570349	(106, 0.080622720764151279)
106	13,0.184903692288	(106, 0.080622720764151279)
106	171,0.194905998215	(106, 0.080622720764151279)
107	22,0.0976092505141	(107, 0.10606668833201377)
107	107,0.106066688332	(107, 0.10606668833201377)
107	26,0.106385278789	(107, 0.10606668833201377)
107	139,0.108733412886	(107, 0.10606668833201377)
107	76,0.112157071103	(107, 0.10606668833201377)
107	78,0.117372617585	(107, 0.10606668833201377)
107	121,0.120881332177	(107, 0.10606668833201377)
107	61,0.121981454398	(107, 0.10606668833201377)
107	77,0.123152115169	(107, 0.10606668833201377)
107	158,0.123899498729	(107, 0.10606668833201377)
108	77,0.0780096527089	(108, 0.21907204310529943)
108	172,0.116090000585	(108, 0.21907204310529943)
108	174,0.130568492429	(108, 0.21907204310529943)
108	49,0.135090994615	(108, 0.21907204310529943)
108	17,0.138314981112	(108, 0.21907204310529943)
108	100,0.139024409408	(108, 0.21907204310529943)
108	4,0.14117610342	(108, 0.21907204310529943)
108	40,0.147305149352	(108, 0.21907204310529943)
108	15,0.1509562772	(108, 0.21907204310529943)
108	171,0.1523867243	(108, 0.21907204310529943)
109	109,0.0799723906183	(109, 0.079972390618343395)
109	159,0.085247392672	(109, 0.079972390618343395)
109	134,0.112438247825	(109, 0.079972390618343395)
109	146,0.12098180879	(109, 0.079972390618343395)
109	128,0.121479201764	(109, 0.079972390618343395)
109	12,0.129960189581	(109, 0.079972390618343395)
109	84,0.137903671192	(109, 0.079972390618343395)
109	152,0.140075124774	(109, 0.079972390618343395)
109	14,0.144968025369	(109, 0.079972390618343395)
109	38,0.145311470209	(109, 0.079972390618343395)
110	1,0.085485368884	(110, 0.14614168777041223)
110	121,0.100590990629	(110, 0.14614168777041223)
110	11,0.101134125182	(110, 0.14614168777041223)
110	162,0.119477994535	(110, 0.14614168777041223)
110	3,0.12679752629	(110, 0.14614168777041223)
110	73,0.129795937113	(110, 0.14614168777041223)
110	155,0.133347910761	(110, 0.14614168777041223)
110	13,0.134305370389	(110, 0.14614168777041223)
110	26,0.137510918126	(110, 0.14614168777041223)
110	68,0.138341367286	(110, 0.14614168777041223)
111	73,0.0948402244054	(111, 0.37103054455567441)
111	124,0.112308197123	(111, 0.37103054455567441)
111	101,0.112614813129	(111, 0.37103054455567441)
111	93,0.125421195726	(111, 0.37103054455567441)
111	13,0.132737027284	(111, 0.37103054455567441)
111	157,0.151608330548	(111, 0.37103054455567441)
111	78,0.158314695533	(111, 0.37103054455567441)
111	1,0.158426038255	(111, 0.37103054455567441)
111	109,0.159382899758	(111, 0.37103054455567441)
111	128,0.161885892685	(111, 0.37103054455567441)
112	90,0.0619725207437	(112, 0.082864023813193646)
112	11,0.066383762301	(112, 0.082864023813193646)
112	3,0.0737194362983	(112, 0.082864023813193646)
112	100,0.0790389355544	(112, 0.082864023813193646)
112	112,0.0828640238132	(112, 0.082864023813193646)
112	162,0.0850109744148	(112, 0.082864023813193646)
112	81,0.0899141238197	(112, 0.082864023813193646)
112	21,0.0921848615171	(112, 0.082864023813193646)
112	77,0.0926963684074	(112, 0.082864023813193646)
112	17,0.0934049570359	(112, 0.082864023813193646)
113	113,0.1243882158	(113, 0.12438821580001498)
113	65,0.157020476261	(113, 0.12438821580001498)
113	130,0.230791517913	(113, 0.12438821580001498)
113	155,0.276293595183	(113, 0.12438821580001498)
113	44,0.284723659359	(113, 0.12438821580001498)
113	161,0.288815972791	(113, 0.12438821580001498)
113	120,0.298257346654	(113, 0.12438821580001498)
113	53,0.300162904899	(113, 0.12438821580001498)
113	15,0.314165805586	(113, 0.12438821580001498)
113	97,0.323019668622	(113, 0.12438821580001498)
114	114,0.0868647085503	(114, 0.08686470855031081)
114	53,0.097304719999	(114, 0.08686470855031081)
114	124,0.103179092391	(114, 0.08686470855031081)
114	73,0.111414312854	(114, 0.08686470855031081)
114	13,0.150360510664	(114, 0.08686470855031081)
114	104,0.156660525862	(114, 0.08686470855031081)
114	157,0.161243164143	(114, 0.08686470855031081)
114	140,0.164238175569	(114, 0.08686470855031081)
114	155,0.165915762603	(114, 0.08686470855031081)
114	109,0.18146584521	(114, 0.08686470855031081)
115	119,0.0874213143958	(115, 0.097369685128281286)
115	11,0.0945293563981	(115, 0.097369685128281286)
115	115,0.0973696851283	(115, 0.097369685128281286)
115	37,0.114356696819	(115, 0.097369685128281286)
115	96,0.119263914311	(115, 0.097369685128281286)
115	81,0.130777605746	(115, 0.097369685128281286)
115	136,0.131820659196	(115, 0.097369685128281286)
115	3,0.132604277096	(115, 0.097369685128281286)
115	17,0.134714595753	(115, 0.097369685128281286)
115	172,0.143994387724	(115, 0.097369685128281286)
116	116,0.071666609174	(116, 0.071666609174049697)
116	93,0.0746713775904	(116, 0.071666609174049697)
116	109,0.137768888633	(116, 0.071666609174049697)
116	144,0.153849714678	(116, 0.071666609174049697)
116	73,0.154834361557	(116, 0.071666609174049697)
116	159,0.166807249901	(116, 0.071666609174049697)
116	131,0.172834010485	(116, 0.071666609174049697)
116	124,0.175668210366	(116, 0.071666609174049697)
116	128,0.176438871294	(116, 0.071666609174049697)
116	84,0.179250894435	(116, 0.071666609174049697)
117	117,0.0292709148442	(117, 0.029270914844163304)
117	71,0.0693602802025	(117, 0.029270914844163304)
117	21,0.0728361039631	(117, 0.029270914844163304)
117	76,0.0863440693177	(117, 0.029270914844163304)
117	22,0.0873996907446	(117, 0.029270914844163304)
117	11,0.0901591907318	(117, 0.029270914844163304)
117	162,0.0907249898518	(117, 0.029270914844163304)
117	121,0.091452529092	(117, 0.029270914844163304)
117	77,0.0946320280298	(117, 0.029270914844163304)
117	81,0.0972028464056	(117, 0.029270914844163304)
118	33,0.160660096114	(118, 0.28198554431939293)
118	34,0.21364869097	(118, 0.28198554431939293)
118	69,0.218674967894	(118, 0.28198554431939293)
118	113,0.243858176728	(118, 0.28198554431939293)
118	15,0.26567400613	(118, 0.28198554431939293)
118	2,0.272821132206	(118, 0.28198554431939293)
118	118,0.281985544319	(118, 0.28198554431939293)
118	4,0.283580652681	(118, 0.28198554431939293)
118	130,0.295995919702	(118, 0.28198554431939293)
118	25,0.311455531767	(118, 0.28198554431939293)
119	120,0.0977980601771	(119, 0.12479670036918666)
119	17,0.112173941319	(119, 0.12479670036918666)
119	172,0.115598055445	(119, 0.12479670036918666)
119	40,0.120426398854	(119, 0.12479670036918666)
119	154,0.122545455579	(119, 0.12479670036918666)
119	4,0.123242614814	(119, 0.12479670036918666)
119	119,0.124796700369	(119, 0.12479670036918666)
119	69,0.128286613994	(119, 0.12479670036918666)
119	97,0.130456236698	(119, 0.12479670036918666)
119	13,0.148386210912	(119, 0.12479670036918666)
120	120,0.0714385800171	(120, 0.07143858001709795)
120	65,0.104136575653	(120, 0.07143858001709795)
120	44,0.11528375517	(120, 0.07143858001709795)
120	161,0.127171545064	(120, 0.07143858001709795)
120	53,0.134593337965	(120, 0.07143858001709795)
120	97,0.136148336681	(120, 0.07143858001709795)
120	155,0.136916423709	(120, 0.07143858001709795)
120	124,0.147785560123	(120, 0.07143858001709795)
120	13,0.167124136413	(120, 0.07143858001709795)
120	17,0.1708176434	(120, 0.07143858001709795)
121	121,0.0729138179474	(121, 0.072913817947354506)
121	78,0.0816820431801	(121, 0.072913817947354506)
121	22,0.0872572128356	(121, 0.072913817947354506)
121	26,0.0874696881052	(121, 0.072913817947354506)
121	1,0.098513212084	(121, 0.072913817947354506)
121	61,0.107578031585	(121, 0.072913817947354506)
121	73,0.109382779188	(121, 0.072913817947354506)
121	128,0.115145750247	(121, 0.072913817947354506)
121	23,0.115972768738	(121, 0.072913817947354506)
121	158,0.122927711963	(121, 0.072913817947354506)
122	174,0.122608613073	(122, 0.12618145754113486)
122	122,0.126181457541	(122, 0.12618145754113486)
122	154,0.153936474129	(122, 0.12618145754113486)
122	2,0.178938235868	(122, 0.12618145754113486)
122	69,0.187927345509	(122, 0.12618145754113486)
122	48,0.209427503362	(122, 0.12618145754113486)
122	116,0.214024692315	(122, 0.12618145754113486)
122	4,0.223479044075	(122, 0.12618145754113486)
122	172,0.228152348782	(122, 0.12618145754113486)
122	56,0.236256338025	(122, 0.12618145754113486)
123	172,0.0865751612062	(123, 0.086711893840343737)
123	123,0.0867118938403	(123, 0.086711893840343737)
123	81,0.121921866617	(123, 0.086711893840343737)
123	146,0.130445149311	(123, 0.086711893840343737)
123	40,0.135679899376	(123, 0.086711893840343737)
123	119,0.137702922154	(123, 0.086711893840343737)
123	90,0.138085358119	(123, 0.086711893840343737)
123	115,0.14656902791	(123, 0.086711893840343737)
123	96,0.147748479578	(123, 0.086711893840343737)
123	137,0.157847185847	(123, 0.086711893840343737)
124	124,0.136565684684	(124, 0.13656568468363706)
124	101,0.178171110435	(124, 0.13656568468363706)
124	41,0.213500996706	(124, 0.13656568468363706)
124	169,0.224648109385	(124, 0.13656568468363706)
124	157,0.241101945567	(124, 0.13656568468363706)
124	53,0.241274210492	(124, 0.13656568468363706)
124	73,0.243154906933	(124, 0.13656568468363706)
124	155,0.248084209417	(124, 0.13656568468363706)
124	91,0.251240553288	(124, 0.13656568468363706)
124	140,0.255562255279	(124, 0.13656568468363706)
125	13,0.165016546903	(125, 0.22695074268995408)
125	73,0.184526673273	(125, 0.22695074268995408)
125	155,0.207269817664	(125, 0.22695074268995408)
125	61,0.21034955557	(125, 0.22695074268995408)
125	23,0.21111929682	(125, 0.22695074268995408)
125	114,0.219424640188	(125, 0.22695074268995408)
125	65,0.221381371746	(125, 0.22695074268995408)
125	41,0.224760778441	(125, 0.22695074268995408)
125	54,0.22476441837	(125, 0.22695074268995408)
125	125,0.22695074269	(125, 0.22695074268995408)
126	126,0.0876109171175	(126, 0.087610917117501241)
126	81,0.0969827200898	(126, 0.087610917117501241)
126	121,0.1020846043	(126, 0.087610917117501241)
126	132,0.102659781654	(126, 0.087610917117501241)
126	11,0.103724406014	(126, 0.087610917117501241)
126	3,0.106372910582	(126, 0.087610917117501241)
126	119,0.109013686622	(126, 0.087610917117501241)
126	12,0.115470008481	(126, 0.087610917117501241)
126	13,0.116301885488	(126, 0.087610917117501241)
126	22,0.118688789093	(126, 0.087610917117501241)
127	17,0.0602593614627	(127, 0.08066294885738623)
127	74,0.0736448839972	(127, 0.08066294885738623)
127	136,0.0754236026491	(127, 0.08066294885738623)
127	127,0.0806629488574	(127, 0.08066294885738623)
127	100,0.0920647342009	(127, 0.08066294885738623)
127	77,0.0941655362018	(127, 0.08066294885738623)
127	59,0.0958579164476	(127, 0.08066294885738623)
127	37,0.102938870692	(127, 0.08066294885738623)
127	49,0.119943251085	(127, 0.08066294885738623)
127	172,0.130385185887	(127, 0.08066294885738623)
128	128,0.0588462938616	(128, 0.0588462938615631)
128	12,0.0840545064266	(128, 0.0588462938615631)
128	78,0.092692996834	(128, 0.0588462938615631)
128	121,0.0940714530991	(128, 0.0588462938615631)
128	22,0.0941781277364	(128, 0.0588462938615631)
128	159,0.0970967131998	(128, 0.0588462938615631)
128	139,0.10205842717	(128, 0.0588462938615631)
128	158,0.107145175077	(128, 0.0588462938615631)
128	18,0.109466897819	(128, 0.0588462938615631)
128	55,0.112133723247	(128, 0.0588462938615631)
129	98,0.121783193153	(129, 0.22669789290164474)
129	49,0.12718221155	(129, 0.22669789290164474)
129	15,0.172413684373	(129, 0.22669789290164474)
129	100,0.179053789799	(129, 0.22669789290164474)
129	77,0.182507716137	(129, 0.22669789290164474)
129	59,0.184649105706	(129, 0.22669789290164474)
129	83,0.193003645552	(129, 0.22669789290164474)
129	25,0.208983725292	(129, 0.22669789290164474)
129	94,0.216494160797	(129, 0.22669789290164474)
129	129,0.226697892902	(129, 0.22669789290164474)
130	130,0.174957187759	(130, 0.17495718775873298)
130	13,0.209735743283	(130, 0.17495718775873298)
130	65,0.212472716491	(130, 0.17495718775873298)
130	34,0.212769112965	(130, 0.17495718775873298)
130	91,0.222015043945	(130, 0.17495718775873298)
130	53,0.24003774486	(130, 0.17495718775873298)
130	28,0.240296065137	(130, 0.17495718775873298)
130	157,0.24253855546	(130, 0.17495718775873298)
130	15,0.243222669196	(130, 0.17495718775873298)
130	155,0.251193537776	(130, 0.17495718775873298)
131	166,0.156100696772	(131, 0.16712032987202513)
131	116,0.15784895412	(131, 0.16712032987202513)
131	131,0.167120329872	(131, 0.16712032987202513)
131	72,0.177419900474	(131, 0.16712032987202513)
131	104,0.206498723956	(131, 0.16712032987202513)
131	144,0.213395715007	(131, 0.16712032987202513)
131	84,0.231537562284	(131, 0.16712032987202513)
131	93,0.257757859839	(131, 0.16712032987202513)
131	156,0.261475984883	(131, 0.16712032987202513)
131	124,0.298053996694	(131, 0.16712032987202513)
132	132,0.0506054202226	(132, 0.05060542022257325)
132	18,0.0591723705711	(132, 0.05060542022257325)
132	22,0.0618407638511	(132, 0.05060542022257325)
132	46,0.069585973303	(132, 0.05060542022257325)
132	139,0.0700017075391	(132, 0.05060542022257325)
132	146,0.0723284428246	(132, 0.05060542022257325)
132	76,0.0740275425843	(132, 0.05060542022257325)
132	158,0.0769420948884	(132, 0.05060542022257325)
132	171,0.0794525221576	(132, 0.05060542022257325)
132	147,0.0799032853167	(132, 0.05060542022257325)
133	133,0.0709336114805	(133, 0.070933611480532996)
133	34,0.185827841216	(133, 0.070933611480532996)
133	130,0.19339225813	(133, 0.070933611480532996)
133	91,0.197781604778	(133, 0.070933611480532996)
133	102,0.230020207213	(133, 0.070933611480532996)
133	103,0.242119638555	(133, 0.070933611480532996)
133	114,0.255772684676	(133, 0.070933611480532996)
133	53,0.260985236157	(133, 0.070933611480532996)
133	153,0.263329875514	(133, 0.070933611480532996)
133	101,0.275490305603	(133, 0.070933611480532996)
134	121,0.0734855885251	(134, 0.11244154287287071)
134	128,0.0813708525558	(134, 0.11244154287287071)
134	78,0.0916182283021	(134, 0.11244154287287071)
134	73,0.10780230714	(134, 0.11244154287287071)
134	22,0.108010756316	(134, 0.11244154287287071)
134	134,0.112441542873	(134, 0.11244154287287071)
134	18,0.113629440252	(134, 0.11244154287287071)
134	109,0.117718677327	(134, 0.11244154287287071)
134	88,0.130385008775	(134, 0.11244154287287071)
134	26,0.132672813753	(134, 0.11244154287287071)
135	147,0.0455916637543	(135, 0.069125441709334073)
135	137,0.0550038665583	(135, 0.069125441709334073)
135	76,0.0570453149715	(135, 0.069125441709334073)
135	63,0.059054244144	(135, 0.069125441709334073)
135	162,0.0681405901835	(135, 0.069125441709334073)
135	135,0.0691254417093	(135, 0.069125441709334073)
135	77,0.0735886661582	(135, 0.069125441709334073)
135	171,0.0763033273318	(135, 0.069125441709334073)
135	117,0.0784770760056	(135, 0.069125441709334073)
135	3,0.0894753179158	(135, 0.069125441709334073)
136	136,0.090052301012	(136, 0.090052301011988051)
136	54,0.106478820194	(136, 0.090052301011988051)
136	126,0.11736155016	(136, 0.090052301011988051)
136	11,0.118806614791	(136, 0.090052301011988051)
136	121,0.119423602116	(136, 0.090052301011988051)
136	132,0.134284161015	(136, 0.090052301011988051)
136	162,0.138132755148	(136, 0.090052301011988051)
136	3,0.138217668991	(136, 0.090052301011988051)
136	151,0.139740235361	(136, 0.090052301011988051)
136	78,0.142446455371	(136, 0.090052301011988051)
137	137,0.0326660284336	(137, 0.032666028433625816)
137	147,0.0436999817328	(137, 0.032666028433625816)
137	63,0.0453560704054	(137, 0.032666028433625816)
137	76,0.068674601025	(137, 0.032666028433625816)
137	171,0.0705740018334	(137, 0.032666028433625816)
137	3,0.0723540804289	(137, 0.032666028433625816)
137	90,0.0788223958731	(137, 0.032666028433625816)
137	36,0.0800568770096	(137, 0.032666028433625816)
137	117,0.0840503896238	(137, 0.032666028433625816)
137	77,0.0927544840827	(137, 0.032666028433625816)
138	128,0.10700187937	(138, 0.11253727214062122)
138	78,0.108804501237	(138, 0.11253727214062122)
138	138,0.112537272141	(138, 0.11253727214062122)
138	158,0.12197218287	(138, 0.11253727214062122)
138	107,0.125675562206	(138, 0.11253727214062122)
138	159,0.138432902681	(138, 0.11253727214062122)
138	55,0.147384797048	(138, 0.11253727214062122)
138	99,0.151490502618	(138, 0.11253727214062122)
138	84,0.160678156637	(138, 0.11253727214062122)
138	139,0.160686379597	(138, 0.11253727214062122)
139	139,0.0258214736538	(139, 0.025821473653766889)
139	46,0.0565127470134	(139, 0.025821473653766889)
139	18,0.0706088602351	(139, 0.025821473653766889)
139	151,0.0715973646219	(139, 0.025821473653766889)
139	76,0.0755791692405	(139, 0.025821473653766889)
139	22,0.0810182274105	(139, 0.025821473653766889)
139	132,0.0842698123058	(139, 0.025821473653766889)
139	171,0.0971592274675	(139, 0.025821473653766889)
139	146,0.0997212611701	(139, 0.025821473653766889)
139	35,0.101571793905	(139, 0.025821473653766889)
140	124,0.114623424726	(140, 0.15213503182793375)
140	73,0.124020374187	(140, 0.15213503182793375)
140	69,0.124509673833	(140, 0.15213503182793375)
140	93,0.136894361162	(140, 0.15213503182793375)
140	157,0.14889268624	(140, 0.15213503182793375)
140	140,0.152135031828	(140, 0.15213503182793375)
140	116,0.153571452416	(140, 0.15213503182793375)
140	53,0.15585171348	(140, 0.15213503182793375)
140	104,0.156448908702	(140, 0.15213503182793375)
140	13,0.169424601922	(140, 0.15213503182793375)
141	141,0.197888314721	(141, 0.19788831472086243)
141	48,0.23524025075	(141, 0.19788831472086243)
141	124,0.279512332525	(141, 0.19788831472086243)
141	33,0.287573955775	(141, 0.19788831472086243)
141	56,0.293767158366	(141, 0.19788831472086243)
141	4,0.294446366669	(141, 0.19788831472086243)
141	69,0.304001898253	(141, 0.19788831472086243)
141	97,0.305668139213	(141, 0.19788831472086243)
141	120,0.310926713709	(141, 0.19788831472086243)
141	2,0.323142285505	(141, 0.19788831472086243)
142	61,0.13229445846	(142, 0.4117043541520104)
142	23,0.169708489127	(142, 0.4117043541520104)
142	12,0.175399062041	(142, 0.4117043541520104)
142	16,0.178793157598	(142, 0.4117043541520104)
142	38,0.179018250063	(142, 0.4117043541520104)
142	105,0.180757604175	(142, 0.4117043541520104)
142	73,0.182139897056	(142, 0.4117043541520104)
142	24,0.188030096695	(142, 0.4117043541520104)
142	135,0.189291620607	(142, 0.4117043541520104)
142	55,0.192793625477	(142, 0.4117043541520104)
143	143,0.047151982352	(143, 0.047151982351994387)
143	3,0.0532323402533	(143, 0.047151982351994387)
143	112,0.0673583872631	(143, 0.047151982351994387)
143	11,0.0698179614704	(143, 0.047151982351994387)
143	162,0.0716869806021	(143, 0.047151982351994387)
143	90,0.0733858375109	(143, 0.047151982351994387)
143	137,0.0761813873531	(143, 0.047151982351994387)
143	17,0.0824936346103	(143, 0.047151982351994387)
143	150,0.0892281740483	(143, 0.047151982351994387)
143	21,0.0899555859858	(143, 0.047151982351994387)
144	144,0.0753182571151	(144, 0.075318257115141743)
144	38,0.142358785394	(144, 0.075318257115141743)
144	12,0.148964692625	(144, 0.075318257115141743)
144	14,0.150295598744	(144, 0.075318257115141743)
144	50,0.18201781611	(144, 0.075318257115141743)
144	159,0.19036141883	(144, 0.075318257115141743)
144	156,0.192789337248	(144, 0.075318257115141743)
144	116,0.193337601526	(144, 0.075318257115141743)
144	73,0.195808328025	(144, 0.075318257115141743)
144	109,0.203336587577	(144, 0.075318257115141743)
145	158,0.106187679686	(145, 0.11487489554680094)
145	78,0.108435867255	(145, 0.11487489554680094)
145	128,0.110429982713	(145, 0.11487489554680094)
145	145,0.114874895547	(145, 0.11487489554680094)
145	38,0.116315759017	(145, 0.11487489554680094)
145	24,0.120842667566	(145, 0.11487489554680094)
145	55,0.126926482259	(145, 0.11487489554680094)
145	12,0.143555970673	(145, 0.11487489554680094)
145	22,0.15264224226	(145, 0.11487489554680094)
145	61,0.15913078054	(145, 0.11487489554680094)
146	146,0.0374475200255	(146, 0.037447520025537188)
146	159,0.0837973595427	(146, 0.037447520025537188)
146	12,0.118031668631	(146, 0.037447520025537188)
146	137,0.135827738012	(146, 0.037447520025537188)
146	81,0.137484236871	(146, 0.037447520025537188)
146	132,0.138141601222	(146, 0.037447520025537188)
146	46,0.141530491741	(146, 0.037447520025537188)
146	18,0.14556186941	(146, 0.037447520025537188)
146	172,0.148351340556	(146, 0.037447520025537188)
146	3,0.149912358397	(146, 0.037447520025537188)
147	76,0.0453516442747	(147, 0.045874789617245657)
147	63,0.0455204879942	(147, 0.045874789617245657)
147	147,0.0458747896172	(147, 0.045874789617245657)
147	132,0.0558519789819	(147, 0.045874789617245657)
147	18,0.0632722074556	(147, 0.045874789617245657)
147	151,0.0639613053887	(147, 0.045874789617245657)
147	22,0.0659721400242	(147, 0.045874789617245657)
147	121,0.0689254786731	(147, 0.045874789617245657)
147	126,0.0750344943867	(147, 0.045874789617245657)
147	23,0.0785420984141	(147, 0.045874789617245657)
148	148,0.047015100601	(148, 0.047015100601011085)
148	17,0.0622942174725	(148, 0.047015100601011085)
148	143,0.0722869340272	(148, 0.047015100601011085)
148	100,0.0895522164877	(148, 0.047015100601011085)
148	90,0.0966222697648	(148, 0.047015100601011085)
148	172,0.114623192755	(148, 0.047015100601011085)
148	112,0.120418702644	(148, 0.047015100601011085)
148	49,0.120798696106	(148, 0.047015100601011085)
148	3,0.128275096026	(148, 0.047015100601011085)
148	37,0.133745470569	(148, 0.047015100601011085)
149	149,0.155633840138	(149, 0.15563384013801534)
149	32,0.254641736875	(149, 0.15563384013801534)
149	169,0.313364254828	(149, 0.15563384013801534)
149	33,0.330655438861	(149, 0.15563384013801534)
149	27,0.460731691497	(149, 0.15563384013801534)
149	111,0.462922594763	(149, 0.15563384013801534)
149	165,0.480311084894	(149, 0.15563384013801534)
149	156,0.483932744815	(149, 0.15563384013801534)
149	91,0.498008597417	(149, 0.15563384013801534)
149	45,0.500013394889	(149, 0.15563384013801534)
150	3,0.0387239549364	(150, 0.07500562301779054)
150	11,0.0567080089944	(150, 0.07500562301779054)
150	162,0.0666674127811	(150, 0.07500562301779054)
150	71,0.0711765288145	(150, 0.07500562301779054)
150	121,0.071662184185	(150, 0.07500562301779054)
150	150,0.0750056230178	(150, 0.07500562301779054)
150	86,0.0753618187582	(150, 0.07500562301779054)
150	63,0.078032476886	(150, 0.07500562301779054)
150	81,0.0850469190795	(150, 0.07500562301779054)
150	117,0.0854543966179	(150, 0.07500562301779054)
151	121,0.0384947089357	(151, 0.065649273373612871)
151	151,0.0656492733736	(151, 0.065649273373612871)
151	132,0.06970514141	(151, 0.065649273373612871)
151	22,0.0765173982981	(151, 0.065649273373612871)
151	78,0.078118612283	(151, 0.065649273373612871)
151	61,0.0789769597115	(151, 0.065649273373612871)
151	18,0.080162828841	(151, 0.065649273373612871)
151	76,0.0843463972437	(151, 0.065649273373612871)
151	162,0.0850864034064	(151, 0.065649273373612871)
151	63,0.0866826630134	(151, 0.065649273373612871)
152	152,0.0798225499451	(152, 0.079822549945053362)
152	121,0.0899537167994	(152, 0.079822549945053362)
152	18,0.10246859427	(152, 0.079822549945053362)
152	117,0.120506583654	(152, 0.079822549945053362)
152	139,0.12062536566	(152, 0.079822549945053362)
152	88,0.122316117371	(152, 0.079822549945053362)
152	35,0.123633854613	(152, 0.079822549945053362)
152	22,0.128452814549	(152, 0.079822549945053362)
152	12,0.130021053396	(152, 0.079822549945053362)
152	11,0.132329059396	(152, 0.079822549945053362)
153	133,0.103142084859	(153, 0.19477421565251574)
153	153,0.194774215653	(153, 0.19477421565251574)
153	130,0.196433961817	(153, 0.19477421565251574)
153	91,0.207054011694	(153, 0.19477421565251574)
153	34,0.219213099614	(153, 0.19477421565251574)
153	102,0.227911346265	(153, 0.19477421565251574)
153	103,0.245058059545	(153, 0.19477421565251574)
153	95,0.275051260571	(153, 0.19477421565251574)
153	1,0.288128728673	(153, 0.19477421565251574)
153	53,0.299485507108	(153, 0.19477421565251574)
154	154,0.0368528255219	(154, 0.036852825521927916)
154	40,0.102104398011	(154, 0.036852825521927916)
154	172,0.123415197663	(154, 0.036852825521927916)
154	69,0.132476003126	(154, 0.036852825521927916)
154	174,0.140078425433	(154, 0.036852825521927916)
154	4,0.142589759635	(154, 0.036852825521927916)
154	116,0.159067995744	(154, 0.036852825521927916)
154	2,0.193489749055	(154, 0.036852825521927916)
154	123,0.196955150527	(154, 0.036852825521927916)
154	48,0.197759545231	(154, 0.036852825521927916)
155	11,0.0793788225423	(155, 0.10656356644777162)
155	71,0.0891646830233	(155, 0.10656356644777162)
155	1,0.0939573397782	(155, 0.10656356644777162)
155	162,0.0949985041057	(155, 0.10656356644777162)
155	121,0.0987255777402	(155, 0.10656356644777162)
155	155,0.106563566448	(155, 0.10656356644777162)
155	73,0.112044495607	(155, 0.10656356644777162)
155	3,0.113094076168	(155, 0.10656356644777162)
155	77,0.115808085553	(155, 0.10656356644777162)
155	81,0.116566642782	(155, 0.10656356644777162)
156	156,0.103054851543	(156, 0.10305485154279218)
156	73,0.103801487301	(156, 0.10305485154279218)
156	109,0.123774466987	(156, 0.10305485154279218)
156	144,0.127840844745	(156, 0.10305485154279218)
156	107,0.136439594004	(156, 0.10305485154279218)
156	128,0.15577905548	(156, 0.10305485154279218)
156	27,0.159112020576	(156, 0.10305485154279218)
156	50,0.161527690385	(156, 0.10305485154279218)
156	38,0.169027651477	(156, 0.10305485154279218)
156	138,0.174053701453	(156, 0.10305485154279218)
157	22,0.078020147605	(157, 0.12930209086173769)
157	126,0.0938453194318	(157, 0.12930209086173769)
157	121,0.0977237451926	(157, 0.12930209086173769)
157	12,0.0983125452683	(157, 0.12930209086173769)
157	132,0.100529641062	(157, 0.12930209086173769)
157	73,0.101581199463	(157, 0.12930209086173769)
157	3,0.102553764823	(157, 0.12930209086173769)
157	76,0.105610464536	(157, 0.12930209086173769)
157	128,0.106967326977	(157, 0.12930209086173769)
157	78,0.107155427457	(157, 0.12930209086173769)
158	77,0.0528600664415	(158, 0.17441137171583818)
158	3,0.0698054203611	(158, 0.17441137171583818)
158	37,0.0790576080842	(158, 0.17441137171583818)
158	136,0.0816923427083	(158, 0.17441137171583818)
158	171,0.0837882404961	(158, 0.17441137171583818)
158	63,0.0838689278503	(158, 0.17441137171583818)
158	76,0.0853145548312	(158, 0.17441137171583818)
158	11,0.0857019900001	(158, 0.17441137171583818)
158	147,0.0862700580347	(158, 0.17441137171583818)
158	137,0.0939227960857	(158, 0.17441137171583818)
159	146,0.0423856819293	(159, 0.10270251487887626)
159	137,0.0798933192771	(159, 0.10270251487887626)
159	46,0.086736078384	(159, 0.10270251487887626)
159	147,0.087699417505	(159, 0.10270251487887626)
159	18,0.0910933589093	(159, 0.10270251487887626)
159	36,0.0917121092746	(159, 0.10270251487887626)
159	150,0.0955562841239	(159, 0.10270251487887626)
159	81,0.0984561971576	(159, 0.10270251487887626)
159	63,0.0999480318854	(159, 0.10270251487887626)
159	3,0.101278586969	(159, 0.10270251487887626)
160	164,0.1561359412	(160, 0.68484455170209813)
160	27,0.16707571946	(160, 0.68484455170209813)
160	73,0.187422967951	(160, 0.68484455170209813)
160	32,0.203055156527	(160, 0.68484455170209813)
160	43,0.208624812222	(160, 0.68484455170209813)
160	38,0.214310205823	(160, 0.68484455170209813)
160	107,0.222379723148	(160, 0.68484455170209813)
160	105,0.226771312817	(160, 0.68484455170209813)
160	109,0.23187133631	(160, 0.68484455170209813)
160	50,0.235840036581	(160, 0.68484455170209813)
161	161,0.0420618353922	(161, 0.042061835392210256)
161	65,0.0915328797436	(161, 0.042061835392210256)
161	44,0.11968726686	(161, 0.042061835392210256)
161	68,0.129015850771	(161, 0.042061835392210256)
161	17,0.132696085447	(161, 0.042061835392210256)
161	83,0.133416827992	(161, 0.042061835392210256)
161	155,0.13820772432	(161, 0.042061835392210256)
161	13,0.154516129414	(161, 0.042061835392210256)
161	100,0.161695251851	(161, 0.042061835392210256)
161	1,0.163778359432	(161, 0.042061835392210256)
162	162,0.0544051015443	(162, 0.054405101544295731)
162	76,0.0646999339796	(162, 0.054405101544295731)
162	117,0.0703436866343	(162, 0.054405101544295731)
162	147,0.0708648863328	(162, 0.054405101544295731)
162	18,0.0723665622062	(162, 0.054405101544295731)
162	88,0.0808444212213	(162, 0.054405101544295731)
162	63,0.0836308934574	(162, 0.054405101544295731)
162	150,0.0896483393506	(162, 0.054405101544295731)
162	121,0.0906267605921	(162, 0.054405101544295731)
162	90,0.0906378636082	(162, 0.054405101544295731)
163	17,0.095673510239	(163, 0.1355207495479058)
163	172,0.0992128657853	(163, 0.1355207495479058)
163	40,0.104758946951	(163, 0.1355207495479058)
163	3,0.104914556221	(163, 0.1355207495479058)
163	100,0.117707516751	(163, 0.1355207495479058)
163	148,0.117867032014	(163, 0.1355207495479058)
163	11,0.123316893167	(163, 0.1355207495479058)
163	37,0.123591666448	(163, 0.1355207495479058)
163	143,0.129921500187	(163, 0.1355207495479058)
163	163,0.135520749548	(163, 0.1355207495479058)
164	156,0.121893195087	(164, 0.15571290044658803)
164	27,0.145685497624	(164, 0.15571290044658803)
164	164,0.155712900447	(164, 0.15571290044658803)
164	144,0.17020411086	(164, 0.15571290044658803)
164	32,0.170876593639	(164, 0.15571290044658803)
164	73,0.172251357774	(164, 0.15571290044658803)
164	131,0.186451413023	(164, 0.15571290044658803)
164	109,0.204217877635	(164, 0.15571290044658803)
164	107,0.220051720109	(164, 0.15571290044658803)
164	84,0.22984893989	(164, 0.15571290044658803)
165	93,0.118553067676	(165, 0.17179685797699959)
165	116,0.15124073167	(165, 0.17179685797699959)
165	157,0.167510260032	(165, 0.17179685797699959)
165	165,0.171796857977	(165, 0.17179685797699959)
165	144,0.172993913688	(165, 0.17179685797699959)
165	73,0.178888382461	(165, 0.17179685797699959)
165	131,0.183284727713	(165, 0.17179685797699959)
165	124,0.20482342111	(165, 0.17179685797699959)
165	156,0.211655341223	(165, 0.17179685797699959)
165	13,0.223514388078	(165, 0.17179685797699959)
166	116,0.165341456985	(166, 0.20234202345215549)
166	144,0.171723073946	(166, 0.20234202345215549)
166	124,0.184458383148	(166, 0.20234202345215549)
166	104,0.198261054249	(166, 0.20234202345215549)
166	166,0.202342023452	(166, 0.20234202345215549)
166	69,0.203454368683	(166, 0.20234202345215549)
166	157,0.205343049978	(166, 0.20234202345215549)
166	140,0.205963884629	(166, 0.20234202345215549)
166	13,0.214978352441	(166, 0.20234202345215549)
166	93,0.219948528527	(166, 0.20234202345215549)
167	51,0.200476077689	(167, 0.24870189418983601)
167	39,0.21099796812	(167, 0.24870189418983601)
167	167,0.24870189419	(167, 0.24870189418983601)
167	27,0.277794572409	(167, 0.24870189418983601)
167	19,0.287791865124	(167, 0.24870189418983601)
167	32,0.291868958289	(167, 0.24870189418983601)
167	138,0.339284873033	(167, 0.24870189418983601)
167	169,0.341984090327	(167, 0.24870189418983601)
167	164,0.355349214734	(167, 0.24870189418983601)
167	107,0.372270772838	(167, 0.24870189418983601)
168	12,0.106581097304	(168, 0.13917456391650757)
168	55,0.115502843455	(168, 0.13917456391650757)
168	86,0.127817727117	(168, 0.13917456391650757)
168	152,0.130297696511	(168, 0.13917456391650757)
168	121,0.134386886216	(168, 0.13917456391650757)
168	38,0.137245268457	(168, 0.13917456391650757)
168	18,0.137834143315	(168, 0.13917456391650757)
168	168,0.139174563917	(168, 0.13917456391650757)
168	151,0.146980960028	(168, 0.13917456391650757)
168	134,0.155456411648	(168, 0.13917456391650757)
169	156,0.136653804178	(169, 0.15242882411488665)
169	169,0.152428824115	(169, 0.15242882411488665)
169	27,0.168497053985	(169, 0.15242882411488665)
169	73,0.175060331056	(169, 0.15242882411488665)
169	144,0.175679783534	(169, 0.15242882411488665)
169	99,0.188750556573	(169, 0.15242882411488665)
169	109,0.197372751175	(169, 0.15242882411488665)
169	84,0.207258060742	(169, 0.15242882411488665)
169	19,0.229417404577	(169, 0.15242882411488665)
169	170,0.237930014795	(169, 0.15242882411488665)
170	170,0.110225181089	(170, 0.11022518108949354)
170	99,0.137519873064	(170, 0.11022518108949354)
170	27,0.17461894935	(170, 0.11022518108949354)
170	144,0.178602672711	(170, 0.11022518108949354)
170	19,0.185263102201	(170, 0.11022518108949354)
170	73,0.198224116706	(170, 0.11022518108949354)
170	84,0.208148931568	(170, 0.11022518108949354)
170	109,0.210878151899	(170, 0.11022518108949354)
170	0,0.217037460484	(170, 0.11022518108949354)
170	114,0.227408267134	(170, 0.11022518108949354)
171	156,0.138646064787	(171, 0.43203515922638874)
171	27,0.153903688762	(171, 0.43203515922638874)
171	32,0.166817447071	(171, 0.43203515922638874)
171	164,0.171133334049	(171, 0.43203515922638874)
171	73,0.181803846084	(171, 0.43203515922638874)
171	107,0.203345106587	(171, 0.43203515922638874)
171	19,0.227147520996	(171, 0.43203515922638874)
171	169,0.227739487165	(171, 0.43203515922638874)
171	51,0.230517376287	(171, 0.43203515922638874)
171	102,0.233086819913	(171, 0.43203515922638874)
172	172,0.0264414642743	(172, 0.026441464274287157)
172	3,0.0695215821252	(172, 0.026441464274287157)
172	137,0.0721428384177	(172, 0.026441464274287157)
172	17,0.0745786993232	(172, 0.026441464274287157)
172	77,0.0853437154199	(172, 0.026441464274287157)
172	90,0.0885446051057	(172, 0.026441464274287157)
172	37,0.091370458492	(172, 0.026441464274287157)
172	81,0.0956413455855	(172, 0.026441464274287157)
172	136,0.0991201780531	(172, 0.026441464274287157)
172	11,0.109116425956	(172, 0.026441464274287157)
173	158,0.134304018182	(173, 0.23397151929217108)
173	107,0.135225470665	(173, 0.23397151929217108)
173	38,0.152474121653	(173, 0.23397151929217108)
173	24,0.15491949502	(173, 0.23397151929217108)
173	27,0.158618113831	(173, 0.23397151929217108)
173	61,0.178084041099	(173, 0.23397151929217108)
173	78,0.18714794241	(173, 0.23397151929217108)
173	128,0.193438413757	(173, 0.23397151929217108)
173	87,0.194594081154	(173, 0.23397151929217108)
173	55,0.208094353572	(173, 0.23397151929217108)
174	174,0.0556374431689	(174, 0.055637443168919873)
174	15,0.0856302711343	(174, 0.055637443168919873)
174	56,0.0990661732276	(174, 0.055637443168919873)
174	69,0.12540455921	(174, 0.055637443168919873)
174	120,0.130343068422	(174, 0.055637443168919873)
174	17,0.13705755252	(174, 0.055637443168919873)
174	4,0.147139546392	(174, 0.055637443168919873)
174	2,0.153797420745	(174, 0.055637443168919873)
174	154,0.158529594508	(174, 0.055637443168919873)
174	172,0.161489384631	(174, 0.055637443168919873)
