0	0,3.76741846589e-27	(0, 3.7674184658907638e-27)
0	84,5.35879811916e-27	(0, 3.7674184658907638e-27)
0	99,5.37603952517e-27	(0, 3.7674184658907638e-27)
0	27,6.6477310365e-27	(0, 3.7674184658907638e-27)
0	109,6.91550992642e-27	(0, 3.7674184658907638e-27)
0	170,7.10517133829e-27	(0, 3.7674184658907638e-27)
0	38,7.24593436186e-27	(0, 3.7674184658907638e-27)
0	144,7.63900147928e-27	(0, 3.7674184658907638e-27)
0	138,7.83561310744e-27	(0, 3.7674184658907638e-27)
0	19,7.94655861615e-27	(0, 3.7674184658907638e-27)
1	1,2.02754563249e-27	(1, 2.0275456324920466e-27)
1	102,3.14001840985e-27	(1, 2.0275456324920466e-27)
1	28,3.34288883362e-27	(1, 2.0275456324920466e-27)
1	103,3.36511184821e-27	(1, 2.0275456324920466e-27)
1	91,3.75491414265e-27	(1, 2.0275456324920466e-27)
1	153,4.01890951394e-27	(1, 2.0275456324920466e-27)
1	155,4.43614388222e-27	(1, 2.0275456324920466e-27)
1	114,4.51604343946e-27	(1, 2.0275456324920466e-27)
1	41,4.83377618922e-27	(1, 2.0275456324920466e-27)
1	53,4.84820689273e-27	(1, 2.0275456324920466e-27)
2	4,2.13303650304e-27	(2, 3.9905132169274975e-27)
2	154,2.67959243931e-27	(2, 3.9905132169274975e-27)
2	69,3.07553064942e-27	(2, 3.9905132169274975e-27)
2	40,3.69717721779e-27	(2, 3.9905132169274975e-27)
2	174,3.76591469896e-27	(2, 3.9905132169274975e-27)
2	2,3.99051321693e-27	(2, 3.9905132169274975e-27)
2	172,4.61449818114e-27	(2, 3.9905132169274975e-27)
2	25,4.9435695115e-27	(2, 3.9905132169274975e-27)
2	15,5.24024752657e-27	(2, 3.9905132169274975e-27)
2	56,5.458042707e-27	(2, 3.9905132169274975e-27)
3	3,8.67264701779e-28	(3, 8.672647017787631e-28)
3	63,1.51652759493e-27	(3, 8.672647017787631e-28)
3	150,2.10710809129e-27	(3, 8.672647017787631e-28)
3	162,2.15378696664e-27	(3, 8.672647017787631e-28)
3	132,2.15466997651e-27	(3, 8.672647017787631e-28)
3	81,2.21690223445e-27	(3, 8.672647017787631e-28)
3	137,2.33220559241e-27	(3, 8.672647017787631e-28)
3	121,2.3876812551e-27	(3, 8.672647017787631e-28)
3	11,2.40336756672e-27	(3, 8.672647017787631e-28)
3	151,2.40630131388e-27	(3, 8.672647017787631e-28)
4	13,1.69775983379e-27	(4, 2.7214683628992534e-27)
4	4,2.7214683629e-27	(4, 2.7214683628992534e-27)
4	172,2.83772464928e-27	(4, 2.7214683628992534e-27)
4	124,2.89908689026e-27	(4, 2.7214683628992534e-27)
4	37,3.02998432912e-27	(4, 2.7214683628992534e-27)
4	17,3.32573852667e-27	(4, 2.7214683628992534e-27)
4	73,3.38083360375e-27	(4, 2.7214683628992534e-27)
4	69,3.42767458383e-27	(4, 2.7214683628992534e-27)
4	11,3.46680810152e-27	(4, 2.7214683628992534e-27)
4	161,3.4711120122e-27	(4, 2.7214683628992534e-27)
5	73,2.37078044916e-27	(5, 9.6047783877038232e-27)
5	93,4.35736419817e-27	(5, 9.6047783877038232e-27)
5	107,4.61119764457e-27	(5, 9.6047783877038232e-27)
5	124,5.00741473174e-27	(5, 9.6047783877038232e-27)
5	26,5.07011179931e-27	(5, 9.6047783877038232e-27)
5	95,5.11436564622e-27	(5, 9.6047783877038232e-27)
5	1,5.17583996018e-27	(5, 9.6047783877038232e-27)
5	101,5.25865836613e-27	(5, 9.6047783877038232e-27)
5	78,5.36149635965e-27	(5, 9.6047783877038232e-27)
5	156,5.38388061424e-27	(5, 9.6047783877038232e-27)
6	46,1.38755922215e-27	(6, 1.4287528992940387e-27)
6	139,1.41344501253e-27	(6, 1.4287528992940387e-27)
6	6,1.42875289929e-27	(6, 1.4287528992940387e-27)
6	76,2.11022360817e-27	(6, 1.4287528992940387e-27)
6	171,2.45917332676e-27	(6, 1.4287528992940387e-27)
6	22,2.56832884348e-27	(6, 1.4287528992940387e-27)
6	18,2.81035048939e-27	(6, 1.4287528992940387e-27)
6	35,2.89939660253e-27	(6, 1.4287528992940387e-27)
6	36,2.9885884839e-27	(6, 1.4287528992940387e-27)
6	132,3.15618674951e-27	(6, 1.4287528992940387e-27)
7	66,1.2046223125e-26	(7, 1.6206180393807979e-26)
7	167,1.40379505254e-26	(7, 1.6206180393807979e-26)
7	80,1.4496011243e-26	(7, 1.6206180393807979e-26)
7	160,1.53944545581e-26	(7, 1.6206180393807979e-26)
7	7,1.62061803938e-26	(7, 1.6206180393807979e-26)
7	51,1.67766824572e-26	(7, 1.6206180393807979e-26)
7	32,1.68126585921e-26	(7, 1.6206180393807979e-26)
7	169,1.7882192837e-26	(7, 1.6206180393807979e-26)
7	149,1.91098407625e-26	(7, 1.6206180393807979e-26)
7	58,2.05435964912e-26	(7, 1.6206180393807979e-26)
8	11,2.07757967292e-27	(8, 3.3559934017981341e-27)
8	121,2.40458576852e-27	(8, 3.3559934017981341e-27)
8	1,3.17210778043e-27	(8, 3.3559934017981341e-27)
8	162,3.21568996406e-27	(8, 3.3559934017981341e-27)
8	71,3.31365500949e-27	(8, 3.3559934017981341e-27)
8	8,3.3559934018e-27	(8, 3.3559934017981341e-27)
8	73,3.45944629417e-27	(8, 3.3559934017981341e-27)
8	18,3.53133669314e-27	(8, 3.3559934017981341e-27)
8	70,3.65086485209e-27	(8, 3.3559934017981341e-27)
8	26,3.74911717026e-27	(8, 3.3559934017981341e-27)
9	9,3.32011038974e-27	(9, 3.3201103897368329e-27)
9	155,8.78717796166e-27	(9, 3.3201103897368329e-27)
9	114,9.71312495409e-27	(9, 3.3201103897368329e-27)
9	91,1.03200378341e-26	(9, 3.3201103897368329e-27)
9	53,1.14232260548e-26	(9, 3.3201103897368329e-27)
9	41,1.20573282462e-26	(9, 3.3201103897368329e-27)
9	124,1.22884024873e-26	(9, 3.3201103897368329e-27)
9	1,1.29604940035e-26	(9, 3.3201103897368329e-27)
9	28,1.31579231314e-26	(9, 3.3201103897368329e-27)
9	52,1.3427174336e-26	(9, 3.3201103897368329e-27)
10	10,4.41748540545e-27	(10, 4.4174854054530694e-27)
10	47,8.17100984913e-27	(10, 4.4174854054530694e-27)
10	167,1.22289018846e-26	(10, 4.4174854054530694e-27)
10	166,1.23334264982e-26	(10, 4.4174854054530694e-27)
10	84,1.33316367315e-26	(10, 4.4174854054530694e-27)
10	72,1.3752601921e-26	(10, 4.4174854054530694e-27)
10	173,1.378696934e-26	(10, 4.4174854054530694e-27)
10	99,1.40098984313e-26	(10, 4.4174854054530694e-27)
10	138,1.47822135094e-26	(10, 4.4174854054530694e-27)
10	14,1.51368832277e-26	(10, 4.4174854054530694e-27)
11	11,1.0161736092e-27	(11, 1.0161736091963111e-27)
11	81,2.29939360847e-27	(11, 1.0161736091963111e-27)
11	119,2.34850947748e-27	(11, 1.0161736091963111e-27)
11	3,2.72711709385e-27	(11, 1.0161736091963111e-27)
11	115,2.78093197942e-27	(11, 1.0161736091963111e-27)
11	37,3.10105571348e-27	(11, 1.0161736091963111e-27)
11	96,3.10514406078e-27	(11, 1.0161736091963111e-27)
11	86,3.38774960203e-27	(11, 1.0161736091963111e-27)
11	121,3.42510439328e-27	(11, 1.0161736091963111e-27)
11	71,3.62355987052e-27	(11, 1.0161736091963111e-27)
12	12,1.46968158759e-27	(12, 1.469681587592358e-27)
12	22,1.68315684463e-27	(12, 1.469681587592358e-27)
12	121,1.85320374451e-27	(12, 1.469681587592358e-27)
12	151,1.85586368554e-27	(12, 1.469681587592358e-27)
12	76,2.0729993172e-27	(12, 1.469681587592358e-27)
12	126,2.11378838253e-27	(12, 1.469681587592358e-27)
12	86,2.23979680871e-27	(12, 1.469681587592358e-27)
12	18,2.26880443775e-27	(12, 1.469681587592358e-27)
12	132,2.40512329197e-27	(12, 1.469681587592358e-27)
12	128,2.62870796846e-27	(12, 1.469681587592358e-27)
13	11,1.89636311757e-27	(13, 2.3646749366309236e-27)
13	172,2.19415840232e-27	(13, 2.3646749366309236e-27)
13	162,2.3156145223e-27	(13, 2.3646749366309236e-27)
13	13,2.36467493663e-27	(13, 2.3646749366309236e-27)
13	17,2.47844365208e-27	(13, 2.3646749366309236e-27)
13	81,2.578383265e-27	(13, 2.3646749366309236e-27)
13	3,2.73036981152e-27	(13, 2.3646749366309236e-27)
13	90,2.8795086294e-27	(13, 2.3646749366309236e-27)
13	96,2.91024640505e-27	(13, 2.3646749366309236e-27)
13	86,2.91861657317e-27	(13, 2.3646749366309236e-27)
14	14,2.39033341421e-27	(14, 2.3903334142122776e-27)
14	72,2.73570176961e-27	(14, 2.3903334142122776e-27)
14	159,3.27347634911e-27	(14, 2.3903334142122776e-27)
14	123,4.73854436369e-27	(14, 2.3903334142122776e-27)
14	144,4.82006213442e-27	(14, 2.3903334142122776e-27)
14	145,5.1341803075e-27	(14, 2.3903334142122776e-27)
14	109,5.29753108484e-27	(14, 2.3903334142122776e-27)
14	116,5.46369519759e-27	(14, 2.3903334142122776e-27)
14	84,5.48018194074e-27	(14, 2.3903334142122776e-27)
14	131,5.6954589863e-27	(14, 2.3903334142122776e-27)
15	15,1.90711586511e-27	(15, 1.9071158651098407e-27)
15	17,2.50587929876e-27	(15, 1.9071158651098407e-27)
15	100,2.61177570964e-27	(15, 1.9071158651098407e-27)
15	59,2.63199029533e-27	(15, 1.9071158651098407e-27)
15	49,2.64947189114e-27	(15, 1.9071158651098407e-27)
15	77,2.80684724672e-27	(15, 1.9071158651098407e-27)
15	174,3.4922966855e-27	(15, 1.9071158651098407e-27)
15	172,3.64370978289e-27	(15, 1.9071158651098407e-27)
15	161,3.66573047561e-27	(15, 1.9071158651098407e-27)
15	83,3.92460368374e-27	(15, 1.9071158651098407e-27)
16	16,3.47183906995e-27	(16, 3.471839069948069e-27)
16	170,3.60177001154e-27	(16, 3.471839069948069e-27)
16	19,4.47792473694e-27	(16, 3.471839069948069e-27)
16	0,5.25246906555e-27	(16, 3.471839069948069e-27)
16	27,5.30054175999e-27	(16, 3.471839069948069e-27)
16	101,5.66883241188e-27	(16, 3.471839069948069e-27)
16	114,5.69371042862e-27	(16, 3.471839069948069e-27)
16	144,6.05515249492e-27	(16, 3.471839069948069e-27)
16	140,6.27462432016e-27	(16, 3.471839069948069e-27)
16	73,6.63069425414e-27	(16, 3.471839069948069e-27)
17	17,1.10065881131e-27	(17, 1.100658811311284e-27)
17	172,1.51117918577e-27	(17, 1.100658811311284e-27)
17	90,2.13415446577e-27	(17, 1.100658811311284e-27)
17	77,2.21684544674e-27	(17, 1.100658811311284e-27)
17	143,2.31490267042e-27	(17, 1.100658811311284e-27)
17	100,2.46183927029e-27	(17, 1.100658811311284e-27)
17	37,2.53745408321e-27	(17, 1.100658811311284e-27)
17	3,2.60485548082e-27	(17, 1.100658811311284e-27)
17	136,2.72760163446e-27	(17, 1.100658811311284e-27)
17	137,2.89163708578e-27	(17, 1.100658811311284e-27)
18	18,1.25361075053e-27	(18, 1.2536107505262216e-27)
18	121,1.68342451625e-27	(18, 1.2536107505262216e-27)
18	88,1.70186579778e-27	(18, 1.2536107505262216e-27)
18	35,1.9135057784e-27	(18, 1.2536107505262216e-27)
18	22,2.08583502133e-27	(18, 1.2536107505262216e-27)
18	61,2.198180334e-27	(18, 1.2536107505262216e-27)
18	139,2.46780365694e-27	(18, 1.2536107505262216e-27)
18	132,2.52611645492e-27	(18, 1.2536107505262216e-27)
18	76,2.52874351392e-27	(18, 1.2536107505262216e-27)
18	151,2.62307530155e-27	(18, 1.2536107505262216e-27)
19	19,3.71900830587e-27	(19, 3.71900830586893e-27)
19	27,4.63775122611e-27	(19, 3.71900830586893e-27)
19	43,4.83380016442e-27	(19, 3.71900830586893e-27)
19	99,5.64827656439e-27	(19, 3.71900830586893e-27)
19	164,6.61780361954e-27	(19, 3.71900830586893e-27)
19	32,6.67417926929e-27	(19, 3.71900830586893e-27)
19	84,7.26835355e-27	(19, 3.71900830586893e-27)
19	107,7.83665609452e-27	(19, 3.71900830586893e-27)
19	144,8.00124142584e-27	(19, 3.71900830586893e-27)
19	10,8.23162223009e-27	(19, 3.71900830586893e-27)
20	20,2.90880857479e-27	(20, 2.9088085747856878e-27)
20	73,2.9531250112e-27	(20, 2.9088085747856878e-27)
20	124,3.13283184481e-27	(20, 2.9088085747856878e-27)
20	1,3.70616860687e-27	(20, 2.9088085747856878e-27)
20	157,3.84546250796e-27	(20, 2.9088085747856878e-27)
20	89,4.18664398266e-27	(20, 2.9088085747856878e-27)
20	155,4.18879051873e-27	(20, 2.9088085747856878e-27)
20	93,4.3242760803e-27	(20, 2.9088085747856878e-27)
20	41,4.51050477867e-27	(20, 2.9088085747856878e-27)
20	109,4.56018842164e-27	(20, 2.9088085747856878e-27)
21	121,1.33473405196e-27	(21, 3.1728067010580852e-27)
21	71,1.94942854338e-27	(21, 3.1728067010580852e-27)
21	11,1.98683127977e-27	(21, 3.1728067010580852e-27)
21	117,2.08887493453e-27	(21, 3.1728067010580852e-27)
21	22,2.12079026361e-27	(21, 3.1728067010580852e-27)
21	162,2.22679464181e-27	(21, 3.1728067010580852e-27)
21	23,2.48206236936e-27	(21, 3.1728067010580852e-27)
21	86,2.62838895449e-27	(21, 3.1728067010580852e-27)
21	76,2.71700337198e-27	(21, 3.1728067010580852e-27)
21	61,2.82314157237e-27	(21, 3.1728067010580852e-27)
22	22,1.54901388035e-27	(22, 1.5490138803488223e-27)
22	117,1.56126606587e-27	(22, 1.5490138803488223e-27)
22	76,1.72524673636e-27	(22, 1.5490138803488223e-27)
22	139,1.74195724816e-27	(22, 1.5490138803488223e-27)
22	132,1.95067504181e-27	(22, 1.5490138803488223e-27)
22	46,1.9821588135e-27	(22, 1.5490138803488223e-27)
22	3,2.0015286578e-27	(22, 1.5490138803488223e-27)
22	137,2.23422636883e-27	(22, 1.5490138803488223e-27)
22	171,2.25502999575e-27	(22, 1.5490138803488223e-27)
22	63,2.27290143247e-27	(22, 1.5490138803488223e-27)
23	23,1.1041603785e-27	(23, 1.1041603784966472e-27)
23	61,1.40443343799e-27	(23, 1.1041603784966472e-27)
23	26,2.99706569387e-27	(23, 1.1041603784966472e-27)
23	121,3.87554143754e-27	(23, 1.1041603784966472e-27)
23	78,3.95446403108e-27	(23, 1.1041603784966472e-27)
23	63,4.26632446661e-27	(23, 1.1041603784966472e-27)
23	76,4.28385149206e-27	(23, 1.1041603784966472e-27)
23	70,4.40141272139e-27	(23, 1.1041603784966472e-27)
23	162,4.44857135451e-27	(23, 1.1041603784966472e-27)
23	68,4.45299793311e-27	(23, 1.1041603784966472e-27)
24	24,1.28120268484e-27	(24, 1.2812026848382513e-27)
24	107,4.04301489856e-27	(24, 1.2812026848382513e-27)
24	27,4.09311611948e-27	(24, 1.2812026848382513e-27)
24	61,4.32604104683e-27	(24, 1.2812026848382513e-27)
24	135,4.54145255194e-27	(24, 1.2812026848382513e-27)
24	158,4.72968082773e-27	(24, 1.2812026848382513e-27)
24	73,4.8984361034e-27	(24, 1.2812026848382513e-27)
24	22,4.97024621345e-27	(24, 1.2812026848382513e-27)
24	50,5.03621655064e-27	(24, 1.2812026848382513e-27)
24	12,5.06528509385e-27	(24, 1.2812026848382513e-27)
25	69,1.44834042714e-27	(25, 2.058386190904412e-27)
25	40,1.77245760398e-27	(25, 2.058386190904412e-27)
25	25,2.0583861909e-27	(25, 2.058386190904412e-27)
25	4,2.42980499196e-27	(25, 2.058386190904412e-27)
25	15,2.97768570369e-27	(25, 2.058386190904412e-27)
25	148,3.50787403861e-27	(25, 2.058386190904412e-27)
25	154,3.63535288199e-27	(25, 2.058386190904412e-27)
25	79,3.78958691589e-27	(25, 2.058386190904412e-27)
25	60,4.13747464766e-27	(25, 2.058386190904412e-27)
25	172,4.15329712587e-27	(25, 2.058386190904412e-27)
26	121,1.40623305585e-27	(26, 3.3838787927104306e-27)
26	18,1.71219331419e-27	(26, 3.3838787927104306e-27)
26	3,1.78561111502e-27	(26, 3.3838787927104306e-27)
26	22,1.81957067648e-27	(26, 3.3838787927104306e-27)
26	76,1.8618787503e-27	(26, 3.3838787927104306e-27)
26	117,1.87535482068e-27	(26, 3.3838787927104306e-27)
26	11,1.89616789208e-27	(26, 3.3838787927104306e-27)
26	151,1.91319819569e-27	(26, 3.3838787927104306e-27)
26	162,1.95521653138e-27	(26, 3.3838787927104306e-27)
26	132,2.10428102623e-27	(26, 3.3838787927104306e-27)
27	78,3.25961137197e-27	(27, 3.3762144458632783e-27)
27	27,3.37621444586e-27	(27, 3.3762144458632783e-27)
27	170,3.55672492845e-27	(27, 3.3762144458632783e-27)
27	73,3.58558854222e-27	(27, 3.3762144458632783e-27)
27	101,3.61321246401e-27	(27, 3.3762144458632783e-27)
27	26,3.91894058955e-27	(27, 3.3762144458632783e-27)
27	107,3.96335844936e-27	(27, 3.3762144458632783e-27)
27	19,3.97689623017e-27	(27, 3.3762144458632783e-27)
27	61,4.00252910064e-27	(27, 3.3762144458632783e-27)
27	121,4.3907087648e-27	(27, 3.3762144458632783e-27)
28	13,2.570141371e-27	(28, 3.1657157662387729e-27)
28	1,2.70300391531e-27	(28, 3.1657157662387729e-27)
28	28,3.16571576624e-27	(28, 3.1657157662387729e-27)
28	73,3.52625041717e-27	(28, 3.1657157662387729e-27)
28	3,3.66987744343e-27	(28, 3.1657157662387729e-27)
28	155,4.16891257102e-27	(28, 3.1657157662387729e-27)
28	65,4.18852750642e-27	(28, 3.1657157662387729e-27)
28	114,4.25417790919e-27	(28, 3.1657157662387729e-27)
28	53,4.32410888004e-27	(28, 3.1657157662387729e-27)
28	101,4.44503017315e-27	(28, 3.1657157662387729e-27)
29	29,1.53976499409e-27	(29, 1.5397649940901142e-27)
29	77,1.88885102557e-27	(29, 1.5397649940901142e-27)
29	71,2.4681418628e-27	(29, 1.5397649940901142e-27)
29	135,2.81874339744e-27	(29, 1.5397649940901142e-27)
29	13,2.95383218582e-27	(29, 1.5397649940901142e-27)
29	73,3.15891253019e-27	(29, 1.5397649940901142e-27)
29	1,3.17631798467e-27	(29, 1.5397649940901142e-27)
29	3,3.30203852926e-27	(29, 1.5397649940901142e-27)
29	172,3.36117815373e-27	(29, 1.5397649940901142e-27)
29	11,3.37117423227e-27	(29, 1.5397649940901142e-27)
30	30,3.82143248791e-27	(30, 3.8214324879083372e-27)
30	153,4.73110832289e-27	(30, 3.8214324879083372e-27)
30	1,4.97733554188e-27	(30, 3.8214324879083372e-27)
30	28,5.21163486145e-27	(30, 3.8214324879083372e-27)
30	103,5.36354157264e-27	(30, 3.8214324879083372e-27)
30	102,5.39601346009e-27	(30, 3.8214324879083372e-27)
30	53,5.68293902181e-27	(30, 3.8214324879083372e-27)
30	73,6.1197044662e-27	(30, 3.8214324879083372e-27)
30	110,6.1565575207e-27	(30, 3.8214324879083372e-27)
30	91,6.31665030992e-27	(30, 3.8214324879083372e-27)
31	31,5.02284398698e-27	(31, 5.0228439869839343e-27)
31	166,5.79594294246e-27	(31, 5.0228439869839343e-27)
31	69,7.16883421222e-27	(31, 5.0228439869839343e-27)
31	72,7.24917961509e-27	(31, 5.0228439869839343e-27)
31	116,7.62713710841e-27	(31, 5.0228439869839343e-27)
31	131,7.77845044963e-27	(31, 5.0228439869839343e-27)
31	124,7.84412679254e-27	(31, 5.0228439869839343e-27)
31	48,7.97854120652e-27	(31, 5.0228439869839343e-27)
31	104,8.10388361185e-27	(31, 5.0228439869839343e-27)
31	4,8.58686581453e-27	(31, 5.0228439869839343e-27)
32	32,3.36588175434e-27	(32, 3.3658817543386748e-27)
32	156,3.99028896518e-27	(32, 3.3658817543386748e-27)
32	27,4.26781511174e-27	(32, 3.3658817543386748e-27)
32	73,5.43821323824e-27	(32, 3.3658817543386748e-27)
32	164,5.70869572106e-27	(32, 3.3658817543386748e-27)
32	107,6.40829149102e-27	(32, 3.3658817543386748e-27)
32	50,6.72414917338e-27	(32, 3.3658817543386748e-27)
32	131,6.73615369069e-27	(32, 3.3658817543386748e-27)
32	165,6.77352180049e-27	(32, 3.3658817543386748e-27)
32	106,7.45300936491e-27	(32, 3.3658817543386748e-27)
33	33,2.65343140199e-27	(33, 2.6534314019861529e-27)
33	4,4.32062718957e-27	(33, 2.6534314019861529e-27)
33	106,4.92193842123e-27	(33, 2.6534314019861529e-27)
33	69,5.37713394064e-27	(33, 2.6534314019861529e-27)
33	116,5.86558240466e-27	(33, 2.6534314019861529e-27)
33	2,6.05464480806e-27	(33, 2.6534314019861529e-27)
33	40,6.50245858408e-27	(33, 2.6534314019861529e-27)
33	28,6.62998205787e-27	(33, 2.6534314019861529e-27)
33	174,6.77004359826e-27	(33, 2.6534314019861529e-27)
33	13,6.84640137633e-27	(33, 2.6534314019861529e-27)
34	15,1.38654725118e-27	(34, 4.7879485000954966e-27)
34	69,2.47353362872e-27	(34, 4.7879485000954966e-27)
34	17,2.48100970275e-27	(34, 4.7879485000954966e-27)
34	120,2.57228272506e-27	(34, 4.7879485000954966e-27)
34	40,2.92564308942e-27	(34, 4.7879485000954966e-27)
34	56,3.03962242406e-27	(34, 4.7879485000954966e-27)
34	148,3.08071050405e-27	(34, 4.7879485000954966e-27)
34	174,3.1348957303e-27	(34, 4.7879485000954966e-27)
34	4,3.23723070241e-27	(34, 4.7879485000954966e-27)
34	172,3.31793725278e-27	(34, 4.7879485000954966e-27)
35	35,1.28619204605e-27	(35, 1.2861920460503849e-27)
35	88,1.9028729636e-27	(35, 1.2861920460503849e-27)
35	18,2.56674288027e-27	(35, 1.2861920460503849e-27)
35	38,3.08791587449e-27	(35, 1.2861920460503849e-27)
35	22,3.1189435887e-27	(35, 1.2861920460503849e-27)
35	12,3.32777997875e-27	(35, 1.2861920460503849e-27)
35	139,3.48635467611e-27	(35, 1.2861920460503849e-27)
35	61,3.50466802028e-27	(35, 1.2861920460503849e-27)
35	158,3.54051184953e-27	(35, 1.2861920460503849e-27)
35	121,3.71631688575e-27	(35, 1.2861920460503849e-27)
36	76,1.11757165519e-27	(36, 1.6164421032299618e-27)
36	147,1.16848679374e-27	(36, 1.6164421032299618e-27)
36	46,1.47622718264e-27	(36, 1.6164421032299618e-27)
36	18,1.48699159177e-27	(36, 1.6164421032299618e-27)
36	36,1.61644210323e-27	(36, 1.6164421032299618e-27)
36	63,1.76855766235e-27	(36, 1.6164421032299618e-27)
36	171,1.86527142903e-27	(36, 1.6164421032299618e-27)
36	88,1.90711372538e-27	(36, 1.6164421032299618e-27)
36	35,2.36775792058e-27	(36, 1.6164421032299618e-27)
36	132,2.40370981114e-27	(36, 1.6164421032299618e-27)
37	37,1.58314099199e-27	(37, 1.5831409919867615e-27)
37	3,1.74728121768e-27	(37, 1.5831409919867615e-27)
37	77,1.99481956363e-27	(37, 1.5831409919867615e-27)
37	100,2.10512512803e-27	(37, 1.5831409919867615e-27)
37	11,2.13116310808e-27	(37, 1.5831409919867615e-27)
37	90,2.60743724454e-27	(37, 1.5831409919867615e-27)
37	63,2.76589767982e-27	(37, 1.5831409919867615e-27)
37	172,2.77227675128e-27	(37, 1.5831409919867615e-27)
37	17,2.79243879098e-27	(37, 1.5831409919867615e-27)
37	21,2.83709749729e-27	(37, 1.5831409919867615e-27)
38	38,1.19452265188e-27	(38, 1.1945226518787557e-27)
38	14,2.7008280859e-27	(38, 1.1945226518787557e-27)
38	12,2.96909407674e-27	(38, 1.1945226518787557e-27)
38	55,3.29231750987e-27	(38, 1.1945226518787557e-27)
38	0,4.40157334026e-27	(38, 1.1945226518787557e-27)
38	159,4.45457784074e-27	(38, 1.1945226518787557e-27)
38	128,4.59593479915e-27	(38, 1.1945226518787557e-27)
38	43,4.65010192589e-27	(38, 1.1945226518787557e-27)
38	144,4.75935485741e-27	(38, 1.1945226518787557e-27)
38	50,4.77026845253e-27	(38, 1.1945226518787557e-27)
39	39,2.1869366863e-27	(39, 2.1869366863040122e-27)
39	27,5.56162763985e-27	(39, 2.1869366863040122e-27)
39	99,5.60698175024e-27	(39, 2.1869366863040122e-27)
39	107,5.76839550831e-27	(39, 2.1869366863040122e-27)
39	156,6.10489045648e-27	(39, 2.1869366863040122e-27)
39	51,6.20525887564e-27	(39, 2.1869366863040122e-27)
39	101,6.3172523512e-27	(39, 2.1869366863040122e-27)
39	84,6.52038383819e-27	(39, 2.1869366863040122e-27)
39	138,6.91493521206e-27	(39, 2.1869366863040122e-27)
39	128,6.99314816272e-27	(39, 2.1869366863040122e-27)
40	40,1.32841111541e-27	(40, 1.3284111154050809e-27)
40	69,1.61597954678e-27	(40, 1.3284111154050809e-27)
40	15,2.30598999408e-27	(40, 1.3284111154050809e-27)
40	79,2.64202578105e-27	(40, 1.3284111154050809e-27)
40	172,2.85960203381e-27	(40, 1.3284111154050809e-27)
40	4,2.90682002448e-27	(40, 1.3284111154050809e-27)
40	25,2.90954430879e-27	(40, 1.3284111154050809e-27)
40	17,3.05712226177e-27	(40, 1.3284111154050809e-27)
40	148,3.08917408482e-27	(40, 1.3284111154050809e-27)
40	56,3.24590651062e-27	(40, 1.3284111154050809e-27)
41	41,1.98197942616e-27	(41, 1.9819794261647394e-27)
41	155,3.48257716445e-27	(41, 1.9819794261647394e-27)
41	91,4.83282466624e-27	(41, 1.9819794261647394e-27)
41	1,5.15214040944e-27	(41, 1.9819794261647394e-27)
41	20,5.46803640219e-27	(41, 1.9819794261647394e-27)
41	124,5.63743441505e-27	(41, 1.9819794261647394e-27)
41	101,6.07436827262e-27	(41, 1.9819794261647394e-27)
41	114,6.32420518152e-27	(41, 1.9819794261647394e-27)
41	28,6.41779185993e-27	(41, 1.9819794261647394e-27)
41	53,6.43618322901e-27	(41, 1.9819794261647394e-27)
42	163,5.14083289102e-27	(42, 1.1198164401187364e-26)
42	53,7.5023140796e-27	(42, 1.1198164401187364e-26)
42	28,7.51178609759e-27	(42, 1.1198164401187364e-26)
42	97,7.66610201288e-27	(42, 1.1198164401187364e-26)
42	65,7.68193349667e-27	(42, 1.1198164401187364e-26)
42	69,7.6934587737e-27	(42, 1.1198164401187364e-26)
42	34,7.73494825076e-27	(42, 1.1198164401187364e-26)
42	44,7.95679809513e-27	(42, 1.1198164401187364e-26)
42	118,8.33775870103e-27	(42, 1.1198164401187364e-26)
42	140,8.36732824067e-27	(42, 1.1198164401187364e-26)
43	22,2.03464365999e-27	(43, 3.9823499655880818e-27)
43	12,2.24167031658e-27	(43, 3.9823499655880818e-27)
43	128,2.27170696213e-27	(43, 3.9823499655880818e-27)
43	50,2.50207267708e-27	(43, 3.9823499655880818e-27)
43	121,2.51879225125e-27	(43, 3.9823499655880818e-27)
43	158,2.59299225295e-27	(43, 3.9823499655880818e-27)
43	78,2.68807741454e-27	(43, 3.9823499655880818e-27)
43	61,2.69202295919e-27	(43, 3.9823499655880818e-27)
43	55,2.82859594442e-27	(43, 3.9823499655880818e-27)
43	88,2.92427178403e-27	(43, 3.9823499655880818e-27)
44	93,3.00848729214e-27	(44, 1.2138696302406391e-26)
44	116,3.03758183467e-27	(44, 1.2138696302406391e-26)
44	109,3.61047683878e-27	(44, 1.2138696302406391e-26)
44	123,3.86568350358e-27	(44, 1.2138696302406391e-26)
44	73,3.9463109956e-27	(44, 1.2138696302406391e-26)
44	159,4.09650789187e-27	(44, 1.2138696302406391e-26)
44	124,4.17192104321e-27	(44, 1.2138696302406391e-26)
44	12,4.30030111185e-27	(44, 1.2138696302406391e-26)
44	146,4.34621844011e-27	(44, 1.2138696302406391e-26)
44	172,4.48283803428e-27	(44, 1.2138696302406391e-26)
45	45,4.83659372423e-27	(45, 4.8365937242324309e-27)
45	130,5.63330510151e-27	(45, 4.8365937242324309e-27)
45	133,7.06126889118e-27	(45, 4.8365937242324309e-27)
45	34,8.3194759227e-27	(45, 4.8365937242324309e-27)
45	94,8.65392503481e-27	(45, 4.8365937242324309e-27)
45	113,8.88310163773e-27	(45, 4.8365937242324309e-27)
45	118,9.39707272127e-27	(45, 4.8365937242324309e-27)
45	129,1.00218545514e-26	(45, 4.8365937242324309e-27)
45	53,1.0920081084e-26	(45, 4.8365937242324309e-27)
45	15,1.09229607017e-26	(45, 4.8365937242324309e-27)
46	46,6.77790326263e-28	(46, 6.777903262627558e-28)
46	36,1.1896502218e-27	(46, 6.777903262627558e-28)
46	137,1.66487338855e-27	(46, 6.777903262627558e-28)
46	171,1.87157883165e-27	(46, 6.777903262627558e-28)
46	76,1.93930748347e-27	(46, 6.777903262627558e-28)
46	147,2.36708586285e-27	(46, 6.777903262627558e-28)
46	63,2.51360121617e-27	(46, 6.777903262627558e-28)
46	146,2.52504458573e-27	(46, 6.777903262627558e-28)
46	139,2.6209288694e-27	(46, 6.777903262627558e-28)
46	6,2.70192106485e-27	(46, 6.777903262627558e-28)
47	47,4.51369639815e-27	(47, 4.5136963981462611e-27)
47	10,5.86951127462e-27	(47, 4.5136963981462611e-27)
47	99,7.22718743895e-27	(47, 4.5136963981462611e-27)
47	19,7.94286133457e-27	(47, 4.5136963981462611e-27)
47	27,8.44996549413e-27	(47, 4.5136963981462611e-27)
47	138,8.83703107908e-27	(47, 4.5136963981462611e-27)
47	173,9.07856250013e-27	(47, 4.5136963981462611e-27)
47	43,9.1371321943e-27	(47, 4.5136963981462611e-27)
47	84,9.75084718587e-27	(47, 4.5136963981462611e-27)
47	167,9.94057036878e-27	(47, 4.5136963981462611e-27)
48	48,2.86775876896e-27	(48, 2.8677587689641325e-27)
48	56,2.92562525128e-27	(48, 2.8677587689641325e-27)
48	120,3.56850685955e-27	(48, 2.8677587689641325e-27)
48	174,3.95926179599e-27	(48, 2.8677587689641325e-27)
48	69,4.00005719717e-27	(48, 2.8677587689641325e-27)
48	97,4.47905515267e-27	(48, 2.8677587689641325e-27)
48	40,4.48967705204e-27	(48, 2.8677587689641325e-27)
48	154,4.76784785502e-27	(48, 2.8677587689641325e-27)
48	15,5.35186520048e-27	(48, 2.8677587689641325e-27)
48	4,5.58173777284e-27	(48, 2.8677587689641325e-27)
49	49,2.26553779409e-27	(49, 2.2655377940926509e-27)
49	59,2.35818367674e-27	(49, 2.2655377940926509e-27)
49	15,2.74131636015e-27	(49, 2.2655377940926509e-27)
49	98,2.8458834284e-27	(49, 2.2655377940926509e-27)
49	77,3.40568565407e-27	(49, 2.2655377940926509e-27)
49	100,3.45091441878e-27	(49, 2.2655377940926509e-27)
49	83,3.55827913624e-27	(49, 2.2655377940926509e-27)
49	17,3.68702433469e-27	(49, 2.2655377940926509e-27)
49	172,4.14456519166e-27	(49, 2.2655377940926509e-27)
49	174,4.17828978722e-27	(49, 2.2655377940926509e-27)
50	50,1.28446926563e-27	(50, 1.2844692656330183e-27)
50	12,2.9981434331e-27	(50, 1.2844692656330183e-27)
50	171,3.60086426784e-27	(50, 1.2844692656330183e-27)
50	107,3.68480422051e-27	(50, 1.2844692656330183e-27)
50	158,3.89798296778e-27	(50, 1.2844692656330183e-27)
50	22,4.09794216617e-27	(50, 1.2844692656330183e-27)
50	128,4.1298587897e-27	(50, 1.2844692656330183e-27)
50	76,4.1375473663e-27	(50, 1.2844692656330183e-27)
50	38,4.22394549123e-27	(50, 1.2844692656330183e-27)
50	46,4.46649487534e-27	(50, 1.2844692656330183e-27)
51	124,1.49408124682e-27	(51, 9.6344200482346939e-27)
51	73,2.92855753371e-27	(51, 9.6344200482346939e-27)
51	155,3.26331350722e-27	(51, 9.6344200482346939e-27)
51	157,3.41355713739e-27	(51, 9.6344200482346939e-27)
51	53,3.69927411249e-27	(51, 9.6344200482346939e-27)
51	20,4.28180436153e-27	(51, 9.6344200482346939e-27)
51	93,4.31090762535e-27	(51, 9.6344200482346939e-27)
51	28,4.5901091239e-27	(51, 9.6344200482346939e-27)
51	1,4.65518254706e-27	(51, 9.6344200482346939e-27)
51	41,4.71142506511e-27	(51, 9.6344200482346939e-27)
52	124,3.52445601413e-27	(52, 1.1113132754313774e-26)
52	53,3.63374641167e-27	(52, 1.1113132754313774e-26)
52	13,4.2064126309e-27	(52, 1.1113132754313774e-26)
52	155,4.49367752532e-27	(52, 1.1113132754313774e-26)
52	44,4.82409368996e-27	(52, 1.1113132754313774e-26)
52	119,4.89935928609e-27	(52, 1.1113132754313774e-26)
52	114,5.13945525624e-27	(52, 1.1113132754313774e-26)
52	4,5.27832513718e-27	(52, 1.1113132754313774e-26)
52	65,5.58391559504e-27	(52, 1.1113132754313774e-26)
52	73,5.75810442254e-27	(52, 1.1113132754313774e-26)
53	65,2.09509007702e-27	(53, 2.8763548336737964e-27)
53	53,2.87635483367e-27	(53, 2.8763548336737964e-27)
53	44,3.64832102004e-27	(53, 2.8763548336737964e-27)
53	155,3.80531578418e-27	(53, 2.8763548336737964e-27)
53	114,4.18834465405e-27	(53, 2.8763548336737964e-27)
53	161,4.2493697991e-27	(53, 2.8763548336737964e-27)
53	163,4.41434432282e-27	(53, 2.8763548336737964e-27)
53	28,4.61815486986e-27	(53, 2.8763548336737964e-27)
53	120,4.70176743353e-27	(53, 2.8763548336737964e-27)
53	124,4.72181203194e-27	(53, 2.8763548336737964e-27)
54	136,1.26623180678e-27	(54, 2.1232674258419967e-27)
54	54,2.12326742584e-27	(54, 2.1232674258419967e-27)
54	3,2.43976373703e-27	(54, 2.1232674258419967e-27)
54	137,2.63077731296e-27	(54, 2.1232674258419967e-27)
54	162,2.68602900334e-27	(54, 2.1232674258419967e-27)
54	37,2.76882888186e-27	(54, 2.1232674258419967e-27)
54	11,2.79796267544e-27	(54, 2.1232674258419967e-27)
54	17,2.81611396496e-27	(54, 2.1232674258419967e-27)
54	77,2.86708326896e-27	(54, 2.1232674258419967e-27)
54	63,2.8849528671e-27	(54, 2.1232674258419967e-27)
55	12,1.67745558791e-27	(55, 2.6808394722544495e-27)
55	159,2.66322688731e-27	(55, 2.6808394722544495e-27)
55	55,2.68083947225e-27	(55, 2.6808394722544495e-27)
55	38,2.69873571001e-27	(55, 2.6808394722544495e-27)
55	121,2.87226054114e-27	(55, 2.6808394722544495e-27)
55	86,3.02150799474e-27	(55, 2.6808394722544495e-27)
55	18,3.12315672276e-27	(55, 2.6808394722544495e-27)
55	128,3.12982980538e-27	(55, 2.6808394722544495e-27)
55	151,3.1568540646e-27	(55, 2.6808394722544495e-27)
55	152,3.18238421591e-27	(55, 2.6808394722544495e-27)
56	56,1.83551803416e-27	(56, 1.8355180341556365e-27)
56	15,2.73294990264e-27	(56, 1.8355180341556365e-27)
56	120,3.07435119717e-27	(56, 1.8355180341556365e-27)
56	174,4.46222322997e-27	(56, 1.8355180341556365e-27)
56	113,4.79227756559e-27	(56, 1.8355180341556365e-27)
56	2,4.93345645477e-27	(56, 1.8355180341556365e-27)
56	44,5.31800286405e-27	(56, 1.8355180341556365e-27)
56	69,5.33363352249e-27	(56, 1.8355180341556365e-27)
56	34,5.37059920627e-27	(56, 1.8355180341556365e-27)
56	4,5.58311982982e-27	(56, 1.8355180341556365e-27)
57	57,3.07822989321e-27	(57, 3.0782298932110896e-27)
57	122,6.41235608618e-27	(57, 3.0782298932110896e-27)
57	174,7.98133341793e-27	(57, 3.0782298932110896e-27)
57	15,8.02415431793e-27	(57, 3.0782298932110896e-27)
57	56,9.14810507139e-27	(57, 3.0782298932110896e-27)
57	113,9.61465552451e-27	(57, 3.0782298932110896e-27)
57	2,9.729138193e-27	(57, 3.0782298932110896e-27)
57	120,9.89563653056e-27	(57, 3.0782298932110896e-27)
57	59,1.0721829552e-26	(57, 3.0782298932110896e-27)
57	108,1.08040879015e-26	(57, 3.0782298932110896e-27)
58	24,2.54360454461e-27	(58, 1.1194714615192406e-26)
58	107,3.47102343797e-27	(58, 1.1194714615192406e-26)
58	50,3.84515905195e-27	(58, 1.1194714615192406e-26)
58	27,3.90727869863e-27	(58, 1.1194714615192406e-26)
58	61,4.4680614509e-27	(58, 1.1194714615192406e-26)
58	38,4.8244736728e-27	(58, 1.1194714615192406e-26)
58	158,4.93399113496e-27	(58, 1.1194714615192406e-26)
58	43,4.94978800115e-27	(58, 1.1194714615192406e-26)
58	105,5.06155072135e-27	(58, 1.1194714615192406e-26)
58	12,5.21432017211e-27	(58, 1.1194714615192406e-26)
59	15,5.41397721396e-27	(59, 7.9993480310596089e-27)
59	94,5.88989492729e-27	(59, 7.9993480310596089e-27)
59	113,6.19034080551e-27	(59, 7.9993480310596089e-27)
59	83,6.33685319915e-27	(59, 7.9993480310596089e-27)
59	65,6.84168440578e-27	(59, 7.9993480310596089e-27)
59	45,7.38082335303e-27	(59, 7.9993480310596089e-27)
59	130,7.41073946236e-27	(59, 7.9993480310596089e-27)
59	120,7.42694660672e-27	(59, 7.9993480310596089e-27)
59	34,7.66646694857e-27	(59, 7.9993480310596089e-27)
59	97,7.85781751505e-27	(59, 7.9993480310596089e-27)
60	69,2.62070805508e-27	(60, 2.8500728795595408e-27)
60	60,2.85007287956e-27	(60, 2.8500728795595408e-27)
60	79,2.9488135786e-27	(60, 2.8500728795595408e-27)
60	34,3.19247078457e-27	(60, 2.8500728795595408e-27)
60	40,3.23147384722e-27	(60, 2.8500728795595408e-27)
60	4,3.76460482699e-27	(60, 2.8500728795595408e-27)
60	77,3.95163240246e-27	(60, 2.8500728795595408e-27)
60	172,4.2711705265e-27	(60, 2.8500728795595408e-27)
60	15,4.29797455485e-27	(60, 2.8500728795595408e-27)
60	73,4.40267170153e-27	(60, 2.8500728795595408e-27)
61	61,1.10304844514e-27	(61, 1.1030484451370198e-27)
61	23,1.75824319274e-27	(61, 1.1030484451370198e-27)
61	26,1.92732667607e-27	(61, 1.1030484451370198e-27)
61	121,2.42199184733e-27	(61, 1.1030484451370198e-27)
61	135,2.56994977786e-27	(61, 1.1030484451370198e-27)
61	162,2.58566373865e-27	(61, 1.1030484451370198e-27)
61	78,2.75801831238e-27	(61, 1.1030484451370198e-27)
61	76,2.8380901621e-27	(61, 1.1030484451370198e-27)
61	147,3.0123393477e-27	(61, 1.1030484451370198e-27)
61	22,3.06194028769e-27	(61, 1.1030484451370198e-27)
62	78,2.25938435205e-27	(62, 2.6703785481775944e-27)
62	62,2.67037854818e-27	(62, 2.6703785481775944e-27)
62	26,2.90766134189e-27	(62, 2.6703785481775944e-27)
62	107,2.94797825984e-27	(62, 2.6703785481775944e-27)
62	61,3.13896247455e-27	(62, 2.6703785481775944e-27)
62	158,3.60125693581e-27	(62, 2.6703785481775944e-27)
62	23,3.97982836233e-27	(62, 2.6703785481775944e-27)
62	121,4.18173123979e-27	(62, 2.6703785481775944e-27)
62	73,4.20270290206e-27	(62, 2.6703785481775944e-27)
62	128,4.35572417765e-27	(62, 2.6703785481775944e-27)
63	3,1.2554830963e-27	(63, 1.5510802952040498e-27)
63	77,1.42407016104e-27	(63, 1.5510802952040498e-27)
63	63,1.5510802952e-27	(63, 1.5510802952040498e-27)
63	171,1.96826417572e-27	(63, 1.5510802952040498e-27)
63	11,2.08974822678e-27	(63, 1.5510802952040498e-27)
63	147,2.12610773523e-27	(63, 1.5510802952040498e-27)
63	162,2.23487929295e-27	(63, 1.5510802952040498e-27)
63	37,2.24664781419e-27	(63, 1.5510802952040498e-27)
63	76,2.2548597467e-27	(63, 1.5510802952040498e-27)
63	136,2.40379125744e-27	(63, 1.5510802952040498e-27)
64	64,5.85189009715e-27	(64, 5.8518900971459443e-27)
64	118,1.3234418494e-26	(64, 5.8518900971459443e-27)
64	45,1.33354121396e-26	(64, 5.8518900971459443e-27)
64	130,1.41462209109e-26	(64, 5.8518900971459443e-27)
64	33,1.69113218121e-26	(64, 5.8518900971459443e-27)
64	133,1.70165754078e-26	(64, 5.8518900971459443e-27)
64	34,1.88781339122e-26	(64, 5.8518900971459443e-27)
64	113,1.89096124971e-26	(64, 5.8518900971459443e-27)
64	94,2.0288750048e-26	(64, 5.8518900971459443e-27)
64	15,2.17611684588e-26	(64, 5.8518900971459443e-27)
65	161,1.75005381332e-27	(65, 2.2025546795278898e-27)
65	65,2.20255467953e-27	(65, 2.2025546795278898e-27)
65	83,2.36789802642e-27	(65, 2.2025546795278898e-27)
65	68,2.59242212132e-27	(65, 2.2025546795278898e-27)
65	155,3.16979718288e-27	(65, 2.2025546795278898e-27)
65	1,3.2058202277e-27	(65, 2.2025546795278898e-27)
65	13,3.40822631295e-27	(65, 2.2025546795278898e-27)
65	44,3.59627708858e-27	(65, 2.2025546795278898e-27)
65	71,3.89976954718e-27	(65, 2.2025546795278898e-27)
65	100,4.03161574614e-27	(65, 2.2025546795278898e-27)
66	66,6.86222807065e-27	(66, 6.8622280706456148e-27)
66	130,1.43762228009e-26	(66, 6.8622280706456148e-27)
66	133,1.50077868671e-26	(66, 6.8622280706456148e-27)
66	118,1.58682252407e-26	(66, 6.8622280706456148e-27)
66	140,1.65776686041e-26	(66, 6.8622280706456148e-27)
66	91,1.68210641016e-26	(66, 6.8622280706456148e-27)
66	33,1.80287725279e-26	(66, 6.8622280706456148e-27)
66	141,1.86357717654e-26	(66, 6.8622280706456148e-27)
66	169,1.92459516657e-26	(66, 6.8622280706456148e-27)
66	149,2.08881762739e-26	(66, 6.8622280706456148e-27)
67	67,4.87951759227e-27	(67, 4.8795175922654794e-27)
67	84,5.68605090682e-27	(67, 4.8795175922654794e-27)
67	93,5.78334443883e-27	(67, 4.8795175922654794e-27)
67	116,6.41869842665e-27	(67, 4.8795175922654794e-27)
67	169,6.52223591696e-27	(67, 4.8795175922654794e-27)
67	131,6.60770617541e-27	(67, 4.8795175922654794e-27)
67	140,6.7967554731e-27	(67, 4.8795175922654794e-27)
67	149,7.03476907004e-27	(67, 4.8795175922654794e-27)
67	28,7.12671526617e-27	(67, 4.8795175922654794e-27)
67	109,7.22670381277e-27	(67, 4.8795175922654794e-27)
68	68,1.85509818638e-27	(68, 1.8550981863771052e-27)
68	70,3.18582377823e-27	(68, 1.8550981863771052e-27)
68	23,3.3507972639e-27	(68, 1.8550981863771052e-27)
68	61,3.48855284067e-27	(68, 1.8550981863771052e-27)
68	26,4.24088937299e-27	(68, 1.8550981863771052e-27)
68	63,4.2413391275e-27	(68, 1.8550981863771052e-27)
68	135,4.42785732232e-27	(68, 1.8550981863771052e-27)
68	162,4.43933714625e-27	(68, 1.8550981863771052e-27)
68	147,4.62528210937e-27	(68, 1.8550981863771052e-27)
68	71,4.71224150797e-27	(68, 1.8550981863771052e-27)
69	122,7.2036503638e-27	(69, 9.2131111313600249e-27)
69	15,7.56287044218e-27	(69, 9.2131111313600249e-27)
69	174,7.69707988553e-27	(69, 9.2131111313600249e-27)
69	154,8.81733253011e-27	(69, 9.2131111313600249e-27)
69	69,9.21311113136e-27	(69, 9.2131111313600249e-27)
69	25,9.48080148714e-27	(69, 9.2131111313600249e-27)
69	2,9.51413545653e-27	(69, 9.2131111313600249e-27)
69	56,9.58252082741e-27	(69, 9.2131111313600249e-27)
69	4,9.70312252853e-27	(69, 9.2131111313600249e-27)
69	33,9.98090427571e-27	(69, 9.2131111313600249e-27)
70	77,2.11784594607e-27	(70, 3.090918269446812e-27)
70	117,2.52195121202e-27	(70, 3.090918269446812e-27)
70	3,2.59032394471e-27	(70, 3.090918269446812e-27)
70	71,2.70838814143e-27	(70, 3.090918269446812e-27)
70	121,2.7565545368e-27	(70, 3.090918269446812e-27)
70	11,3.05311129604e-27	(70, 3.090918269446812e-27)
70	70,3.09091826945e-27	(70, 3.090918269446812e-27)
70	21,3.18756543454e-27	(70, 3.090918269446812e-27)
70	1,3.25597958927e-27	(70, 3.090918269446812e-27)
70	88,3.25724625059e-27	(70, 3.090918269446812e-27)
71	91,4.88868780568e-27	(71, 1.5405023952620989e-26)
71	133,6.9745491615e-27	(71, 1.5405023952620989e-26)
71	169,7.21165255046e-27	(71, 1.5405023952620989e-26)
71	28,7.50917432986e-27	(71, 1.5405023952620989e-26)
71	101,7.88421623241e-27	(71, 1.5405023952620989e-26)
71	124,8.39678856612e-27	(71, 1.5405023952620989e-26)
71	53,8.44982577021e-27	(71, 1.5405023952620989e-26)
71	41,8.75485165681e-27	(71, 1.5405023952620989e-26)
71	155,9.27825535724e-27	(71, 1.5405023952620989e-26)
71	32,9.27881186489e-27	(71, 1.5405023952620989e-26)
72	174,3.20439254961e-27	(72, 2.0758214722255067e-26)
72	17,3.47493030722e-27	(72, 2.0758214722255067e-26)
72	172,3.5934941152e-27	(72, 2.0758214722255067e-26)
72	148,4.0164304848e-27	(72, 2.0758214722255067e-26)
72	143,4.03498664275e-27	(72, 2.0758214722255067e-26)
72	77,4.60715425331e-27	(72, 2.0758214722255067e-26)
72	100,4.63324246085e-27	(72, 2.0758214722255067e-26)
72	49,4.72465954557e-27	(72, 2.0758214722255067e-26)
72	59,4.84893635426e-27	(72, 2.0758214722255067e-26)
72	171,5.03653922353e-27	(72, 2.0758214722255067e-26)
73	73,1.84372344564e-27	(73, 1.8437234456421568e-27)
73	13,3.30421958262e-27	(73, 1.8437234456421568e-27)
73	124,3.41549349162e-27	(73, 1.8437234456421568e-27)
73	157,3.5208030014e-27	(73, 1.8437234456421568e-27)
73	53,3.82788670559e-27	(73, 1.8437234456421568e-27)
73	114,4.38825770616e-27	(73, 1.8437234456421568e-27)
73	27,4.40994980832e-27	(73, 1.8437234456421568e-27)
73	109,4.751904482e-27	(73, 1.8437234456421568e-27)
73	170,5.00934475074e-27	(73, 1.8437234456421568e-27)
73	93,5.04680454961e-27	(73, 1.8437234456421568e-27)
74	74,1.18874861892e-27	(74, 1.1887486189229018e-27)
74	17,1.58906263399e-27	(74, 1.1887486189229018e-27)
74	136,1.92638167616e-27	(74, 1.1887486189229018e-27)
74	100,1.99554930253e-27	(74, 1.1887486189229018e-27)
74	127,2.00201712425e-27	(74, 1.1887486189229018e-27)
74	90,2.14482429099e-27	(74, 1.1887486189229018e-27)
74	77,2.22853470298e-27	(74, 1.1887486189229018e-27)
74	37,2.55368788091e-27	(74, 1.1887486189229018e-27)
74	49,2.71826330693e-27	(74, 1.1887486189229018e-27)
74	59,3.36128686474e-27	(74, 1.1887486189229018e-27)
75	75,1.0906150602e-26	(75, 1.0906150601989011e-26)
75	167,1.28905486408e-26	(75, 1.0906150601989011e-26)
75	80,1.83884249496e-26	(75, 1.0906150601989011e-26)
75	85,1.94028102636e-26	(75, 1.0906150601989011e-26)
75	47,2.02140951453e-26	(75, 1.0906150601989011e-26)
75	99,2.19705562477e-26	(75, 1.0906150601989011e-26)
75	10,2.20178122901e-26	(75, 1.0906150601989011e-26)
75	166,2.21896758459e-26	(75, 1.0906150601989011e-26)
75	169,2.2582319178e-26	(75, 1.0906150601989011e-26)
75	67,2.29175624405e-26	(75, 1.0906150601989011e-26)
76	76,9.81720178765e-28	(76, 9.8172017876522767e-28)
76	147,1.29019908283e-27	(76, 9.8172017876522767e-28)
76	137,1.29668475598e-27	(76, 9.8172017876522767e-28)
76	63,1.3465592957e-27	(76, 9.8172017876522767e-28)
76	171,1.6777805872e-27	(76, 9.8172017876522767e-28)
76	3,1.92061649927e-27	(76, 9.8172017876522767e-28)
76	22,2.02642378421e-27	(76, 9.8172017876522767e-28)
76	18,2.03070370601e-27	(76, 9.8172017876522767e-28)
76	46,2.09766188792e-27	(76, 9.8172017876522767e-28)
76	126,2.10367977796e-27	(76, 9.8172017876522767e-28)
77	162,1.33880664657e-27	(77, 1.8551372796918542e-27)
77	11,1.55903386958e-27	(77, 1.8551372796918542e-27)
77	63,1.57005256017e-27	(77, 1.8551372796918542e-27)
77	136,1.57463635914e-27	(77, 1.8551372796918542e-27)
77	3,1.60815583364e-27	(77, 1.8551372796918542e-27)
77	90,1.70947406689e-27	(77, 1.8551372796918542e-27)
77	147,1.79710104463e-27	(77, 1.8551372796918542e-27)
77	77,1.85513727969e-27	(77, 1.8551372796918542e-27)
77	137,2.11807878925e-27	(77, 1.8551372796918542e-27)
77	37,2.1451233219e-27	(77, 1.8551372796918542e-27)
78	151,1.35831853096e-27	(78, 1.9898111949076481e-27)
78	76,1.44692678318e-27	(78, 1.9898111949076481e-27)
78	63,1.49608468826e-27	(78, 1.9898111949076481e-27)
78	132,1.59752586239e-27	(78, 1.9898111949076481e-27)
78	121,1.64975782998e-27	(78, 1.9898111949076481e-27)
78	22,1.6854008172e-27	(78, 1.9898111949076481e-27)
78	61,1.70695074318e-27	(78, 1.9898111949076481e-27)
78	18,1.71512403635e-27	(78, 1.9898111949076481e-27)
78	23,1.85606564622e-27	(78, 1.9898111949076481e-27)
78	147,1.88570834821e-27	(78, 1.9898111949076481e-27)
79	79,1.32597169085e-27	(79, 1.3259716908502905e-27)
79	69,1.52159408084e-27	(79, 1.3259716908502905e-27)
79	4,1.70705425474e-27	(79, 1.3259716908502905e-27)
79	40,2.30183439572e-27	(79, 1.3259716908502905e-27)
79	34,2.80809731119e-27	(79, 1.3259716908502905e-27)
79	25,3.22411402123e-27	(79, 1.3259716908502905e-27)
79	56,3.36676247808e-27	(79, 1.3259716908502905e-27)
79	15,3.64510025812e-27	(79, 1.3259716908502905e-27)
79	60,4.10269059354e-27	(79, 1.3259716908502905e-27)
79	17,4.10945503267e-27	(79, 1.3259716908502905e-27)
80	51,5.68756080236e-27	(80, 6.3209684848442312e-27)
80	80,6.32096848484e-27	(80, 6.3209684848442312e-27)
80	167,9.41229387468e-27	(80, 6.3209684848442312e-27)
80	32,1.13453906351e-26	(80, 6.3209684848442312e-27)
80	39,1.39545247381e-26	(80, 6.3209684848442312e-27)
80	169,1.46611628504e-26	(80, 6.3209684848442312e-27)
80	27,1.53154852794e-26	(80, 6.3209684848442312e-27)
80	165,1.59619910243e-26	(80, 6.3209684848442312e-27)
80	58,1.62948771597e-26	(80, 6.3209684848442312e-27)
80	160,1.64072110573e-26	(80, 6.3209684848442312e-27)
81	81,1.36047637846e-27	(81, 1.3604763784632815e-27)
81	132,1.95508193654e-27	(81, 1.3604763784632815e-27)
81	3,2.03607415229e-27	(81, 1.3604763784632815e-27)
81	121,2.41112733596e-27	(81, 1.3604763784632815e-27)
81	151,2.51110778308e-27	(81, 1.3604763784632815e-27)
81	11,2.58670478873e-27	(81, 1.3604763784632815e-27)
81	117,2.67954885065e-27	(81, 1.3604763784632815e-27)
81	22,2.7599200544e-27	(81, 1.3604763784632815e-27)
81	146,2.85749160848e-27	(81, 1.3604763784632815e-27)
81	18,2.86431161071e-27	(81, 1.3604763784632815e-27)
82	27,4.30803588981e-27	(82, 7.066099705323452e-27)
82	73,4.81209262526e-27	(82, 7.066099705323452e-27)
82	24,4.87447800553e-27	(82, 7.066099705323452e-27)
82	13,4.9432239217e-27	(82, 7.066099705323452e-27)
82	12,5.1676175071e-27	(82, 7.066099705323452e-27)
82	105,5.3101023625e-27	(82, 7.066099705323452e-27)
82	50,5.41369636058e-27	(82, 7.066099705323452e-27)
82	101,5.42110052958e-27	(82, 7.066099705323452e-27)
82	164,5.52571503661e-27	(82, 7.066099705323452e-27)
82	107,5.54212591567e-27	(82, 7.066099705323452e-27)
83	13,2.03779146619e-27	(83, 2.7029555303376741e-27)
83	155,2.36136656558e-27	(83, 2.7029555303376741e-27)
83	161,2.37010601764e-27	(83, 2.7029555303376741e-27)
83	65,2.40696703325e-27	(83, 2.7029555303376741e-27)
83	83,2.70295553034e-27	(83, 2.7029555303376741e-27)
83	71,2.81507468662e-27	(83, 2.7029555303376741e-27)
83	11,3.13921241691e-27	(83, 2.7029555303376741e-27)
83	1,3.30204043544e-27	(83, 2.7029555303376741e-27)
83	17,3.36136799766e-27	(83, 2.7029555303376741e-27)
83	120,3.50778814576e-27	(83, 2.7029555303376741e-27)
84	67,7.05716206178e-27	(84, 7.24441066503841e-27)
84	166,7.19235418516e-27	(84, 7.24441066503841e-27)
84	84,7.24441066504e-27	(84, 7.24441066503841e-27)
84	169,8.6670200286e-27	(84, 7.24441066503841e-27)
84	140,9.36047774169e-27	(84, 7.24441066503841e-27)
84	99,1.05050206559e-26	(84, 7.24441066503841e-27)
84	109,1.10937353093e-26	(84, 7.24441066503841e-27)
84	144,1.11785687519e-26	(84, 7.24441066503841e-27)
84	72,1.13749684957e-26	(84, 7.24441066503841e-27)
84	156,1.15423223556e-26	(84, 7.24441066503841e-27)
85	67,6.22908071535e-27	(85, 8.4469323095616711e-27)
85	85,8.44693230956e-27	(85, 8.4469323095616711e-27)
85	140,1.04336596503e-26	(85, 8.4469323095616711e-27)
85	166,1.15614604722e-26	(85, 8.4469323095616711e-27)
85	149,1.24396708625e-26	(85, 8.4469323095616711e-27)
85	84,1.26113095946e-26	(85, 8.4469323095616711e-27)
85	169,1.39785980725e-26	(85, 8.4469323095616711e-27)
85	144,1.40776391998e-26	(85, 8.4469323095616711e-27)
85	99,1.4763338429e-26	(85, 8.4469323095616711e-27)
85	93,1.55672059201e-26	(85, 8.4469323095616711e-27)
86	86,1.39674769761e-27	(86, 1.3967476976083356e-27)
86	137,1.41078939451e-27	(86, 1.3967476976083356e-27)
86	3,1.99589048697e-27	(86, 1.3967476976083356e-27)
86	162,2.10740569172e-27	(86, 1.3967476976083356e-27)
86	171,2.12392040832e-27	(86, 1.3967476976083356e-27)
86	117,2.16942751555e-27	(86, 1.3967476976083356e-27)
86	11,2.20017641926e-27	(86, 1.3967476976083356e-27)
86	126,2.29234328643e-27	(86, 1.3967476976083356e-27)
86	150,2.30924342383e-27	(86, 1.3967476976083356e-27)
86	76,2.40160166299e-27	(86, 1.3967476976083356e-27)
87	26,2.45097616433e-27	(87, 6.3428402609725931e-27)
87	1,2.70507483023e-27	(87, 6.3428402609725931e-27)
87	121,2.72981158416e-27	(87, 6.3428402609725931e-27)
87	78,2.81918867642e-27	(87, 6.3428402609725931e-27)
87	61,3.01279358989e-27	(87, 6.3428402609725931e-27)
87	20,3.16074377161e-27	(87, 6.3428402609725931e-27)
87	23,3.44161382185e-27	(87, 6.3428402609725931e-27)
87	71,3.4642797669e-27	(87, 6.3428402609725931e-27)
87	89,3.49908988242e-27	(87, 6.3428402609725931e-27)
87	11,3.52130230237e-27	(87, 6.3428402609725931e-27)
88	76,1.37944868637e-27	(88, 1.6999227385833178e-27)
88	18,1.43067196452e-27	(88, 1.6999227385833178e-27)
88	147,1.54624486821e-27	(88, 1.6999227385833178e-27)
88	88,1.69992273858e-27	(88, 1.6999227385833178e-27)
88	46,1.70434060576e-27	(88, 1.6999227385833178e-27)
88	139,1.82714781207e-27	(88, 1.6999227385833178e-27)
88	171,1.86523737419e-27	(88, 1.6999227385833178e-27)
88	22,1.91737326854e-27	(88, 1.6999227385833178e-27)
88	117,1.92177320477e-27	(88, 1.6999227385833178e-27)
88	63,1.94195800315e-27	(88, 1.6999227385833178e-27)
89	155,2.725785443e-27	(89, 3.1338100048660603e-27)
89	1,2.83638552771e-27	(89, 3.1338100048660603e-27)
89	124,3.00060957512e-27	(89, 3.1338100048660603e-27)
89	71,3.08121499661e-27	(89, 3.1338100048660603e-27)
89	89,3.13381000487e-27	(89, 3.1338100048660603e-27)
89	161,3.53703214222e-27	(89, 3.1338100048660603e-27)
89	20,3.6684663431e-27	(89, 3.1338100048660603e-27)
89	73,3.69349177406e-27	(89, 3.1338100048660603e-27)
89	53,3.75247319406e-27	(89, 3.1338100048660603e-27)
89	11,3.90029171196e-27	(89, 3.1338100048660603e-27)
90	90,1.07393463906e-27	(90, 1.0739346390619328e-27)
90	162,2.10983684222e-27	(90, 1.0739346390619328e-27)
90	11,2.24204327479e-27	(90, 1.0739346390619328e-27)
90	137,2.27471297765e-27	(90, 1.0739346390619328e-27)
90	81,2.35798520688e-27	(90, 1.0739346390619328e-27)
90	172,2.48367899984e-27	(90, 1.0739346390619328e-27)
90	96,2.49173567782e-27	(90, 1.0739346390619328e-27)
90	147,2.54154506557e-27	(90, 1.0739346390619328e-27)
90	3,2.66634703165e-27	(90, 1.0739346390619328e-27)
90	37,2.67320122578e-27	(90, 1.0739346390619328e-27)
91	133,4.36822842846e-27	(91, 6.9063972367884777e-27)
91	91,6.90639723679e-27	(91, 6.9063972367884777e-27)
91	130,9.60086075649e-27	(91, 6.9063972367884777e-27)
91	66,1.20776374052e-26	(91, 6.9063972367884777e-27)
91	103,1.22844843543e-26	(91, 6.9063972367884777e-27)
91	34,1.29501781816e-26	(91, 6.9063972367884777e-27)
91	51,1.31405478728e-26	(91, 6.9063972367884777e-27)
91	102,1.35283345328e-26	(91, 6.9063972367884777e-27)
91	53,1.36514131626e-26	(91, 6.9063972367884777e-27)
91	114,1.42197073203e-26	(91, 6.9063972367884777e-27)
92	78,1.98053215139e-27	(92, 5.8451159119768531e-27)
92	128,2.47635304796e-27	(92, 5.8451159119768531e-27)
92	24,2.86776109922e-27	(92, 5.8451159119768531e-27)
92	61,2.9418710815e-27	(92, 5.8451159119768531e-27)
92	12,3.12456784867e-27	(92, 5.8451159119768531e-27)
92	158,3.17316674389e-27	(92, 5.8451159119768531e-27)
92	26,3.24249587923e-27	(92, 5.8451159119768531e-27)
92	22,3.45630140076e-27	(92, 5.8451159119768531e-27)
92	121,3.87573982858e-27	(92, 5.8451159119768531e-27)
92	107,3.97888619734e-27	(92, 5.8451159119768531e-27)
93	93,2.31037789874e-27	(93, 2.3103778987419219e-27)
93	132,2.43433837183e-27	(93, 2.3103778987419219e-27)
93	128,2.48579213618e-27	(93, 2.3103778987419219e-27)
93	22,2.49962682494e-27	(93, 2.3103778987419219e-27)
93	146,2.72729318512e-27	(93, 2.3103778987419219e-27)
93	12,2.92431972231e-27	(93, 2.3103778987419219e-27)
93	158,3.0578267181e-27	(93, 2.3103778987419219e-27)
93	3,3.09631218534e-27	(93, 2.3103778987419219e-27)
93	121,3.28143051767e-27	(93, 2.3103778987419219e-27)
93	76,3.52039433667e-27	(93, 2.3103778987419219e-27)
94	94,2.47136594772e-27	(94, 2.4713659477215967e-27)
94	83,5.42763701462e-27	(94, 2.4713659477215967e-27)
94	155,6.53460210147e-27	(94, 2.4713659477215967e-27)
94	15,6.62767401748e-27	(94, 2.4713659477215967e-27)
94	59,7.22200152042e-27	(94, 2.4713659477215967e-27)
94	120,7.87537952837e-27	(94, 2.4713659477215967e-27)
94	45,7.92737417806e-27	(94, 2.4713659477215967e-27)
94	98,8.17466292788e-27	(94, 2.4713659477215967e-27)
94	161,8.17517657985e-27	(94, 2.4713659477215967e-27)
94	65,8.8717416181e-27	(94, 2.4713659477215967e-27)
95	99,3.16573039221e-27	(95, 8.1416783355550674e-27)
95	107,3.364963816e-27	(95, 8.1416783355550674e-27)
95	27,3.90031588736e-27	(95, 8.1416783355550674e-27)
95	43,4.40605671934e-27	(95, 8.1416783355550674e-27)
95	128,4.54474440831e-27	(95, 8.1416783355550674e-27)
95	19,4.69205033436e-27	(95, 8.1416783355550674e-27)
95	50,4.90417191313e-27	(95, 8.1416783355550674e-27)
95	78,4.97956256502e-27	(95, 8.1416783355550674e-27)
95	156,4.98359261876e-27	(95, 8.1416783355550674e-27)
95	84,5.20452724667e-27	(95, 8.1416783355550674e-27)
96	96,1.44917034788e-27	(96, 1.449170347877367e-27)
96	13,2.72499948442e-27	(96, 1.449170347877367e-27)
96	17,2.79236868552e-27	(96, 1.449170347877367e-27)
96	11,2.95550248655e-27	(96, 1.449170347877367e-27)
96	162,2.96679975214e-27	(96, 1.449170347877367e-27)
96	161,3.25740094948e-27	(96, 1.449170347877367e-27)
96	119,3.42590063124e-27	(96, 1.449170347877367e-27)
96	143,3.44807547547e-27	(96, 1.449170347877367e-27)
96	4,3.64942477868e-27	(96, 1.449170347877367e-27)
96	112,3.68086852127e-27	(96, 1.449170347877367e-27)
97	40,1.97865712878e-27	(97, 4.4570611509269772e-27)
97	172,2.12319918853e-27	(97, 4.4570611509269772e-27)
97	69,2.23404260601e-27	(97, 4.4570611509269772e-27)
97	120,2.36915618894e-27	(97, 4.4570611509269772e-27)
97	17,2.46472710734e-27	(97, 4.4570611509269772e-27)
97	4,2.6822820287e-27	(97, 4.4570611509269772e-27)
97	79,2.80591178828e-27	(97, 4.4570611509269772e-27)
97	37,3.57863332088e-27	(97, 4.4570611509269772e-27)
97	56,3.60170741413e-27	(97, 4.4570611509269772e-27)
97	77,3.66742009427e-27	(97, 4.4570611509269772e-27)
98	98,1.353125458e-27	(98, 1.3531254579965654e-27)
98	15,2.92050976294e-27	(98, 1.3531254579965654e-27)
98	40,3.00086506577e-27	(98, 1.3531254579965654e-27)
98	25,3.66725981912e-27	(98, 1.3531254579965654e-27)
98	154,3.93869883953e-27	(98, 1.3531254579965654e-27)
98	172,4.10934984781e-27	(98, 1.3531254579965654e-27)
98	83,4.46041899593e-27	(98, 1.3531254579965654e-27)
98	174,4.57123506328e-27	(98, 1.3531254579965654e-27)
98	49,4.70579670014e-27	(98, 1.3531254579965654e-27)
98	69,4.79446035034e-27	(98, 1.3531254579965654e-27)
99	84,2.33894227786e-27	(99, 3.6807731501881303e-27)
99	144,3.42989160365e-27	(99, 3.6807731501881303e-27)
99	99,3.68077315019e-27	(99, 3.6807731501881303e-27)
99	109,4.05283495227e-27	(99, 3.6807731501881303e-27)
99	156,4.17447436793e-27	(99, 3.6807731501881303e-27)
99	128,4.22490938176e-27	(99, 3.6807731501881303e-27)
99	93,4.30428528851e-27	(99, 3.6807731501881303e-27)
99	38,4.39833427842e-27	(99, 3.6807731501881303e-27)
99	145,4.582780703e-27	(99, 3.6807731501881303e-27)
99	14,4.5891634341e-27	(99, 3.6807731501881303e-27)
100	100,1.62878312601e-27	(100, 1.6287831260102616e-27)
100	90,1.64960383876e-27	(100, 1.6287831260102616e-27)
100	77,1.70723570016e-27	(100, 1.6287831260102616e-27)
100	21,1.83667213716e-27	(100, 1.6287831260102616e-27)
100	11,1.94301151141e-27	(100, 1.6287831260102616e-27)
100	74,1.9714822067e-27	(100, 1.6287831260102616e-27)
100	117,2.13396158335e-27	(100, 1.6287831260102616e-27)
100	162,2.21175568526e-27	(100, 1.6287831260102616e-27)
100	37,2.23198675113e-27	(100, 1.6287831260102616e-27)
100	3,2.31466244413e-27	(100, 1.6287831260102616e-27)
101	73,3.57915854848e-27	(101, 3.7298204461567499e-27)
101	13,3.63753284105e-27	(101, 3.7298204461567499e-27)
101	60,3.67694922936e-27	(101, 3.7298204461567499e-27)
101	69,3.72198846613e-27	(101, 3.7298204461567499e-27)
101	101,3.72982044616e-27	(101, 3.7298204461567499e-27)
101	1,3.95243030429e-27	(101, 3.7298204461567499e-27)
101	34,4.11501912333e-27	(101, 3.7298204461567499e-27)
101	124,4.33103901635e-27	(101, 3.7298204461567499e-27)
101	4,4.36597290297e-27	(101, 3.7298204461567499e-27)
101	77,4.36928787552e-27	(101, 3.7298204461567499e-27)
102	114,4.49777462652e-27	(102, 4.8184870524260908e-27)
102	41,4.53564350032e-27	(102, 4.8184870524260908e-27)
102	91,4.75928953299e-27	(102, 4.8184870524260908e-27)
102	102,4.81848705243e-27	(102, 4.8184870524260908e-27)
102	101,4.89494929008e-27	(102, 4.8184870524260908e-27)
102	1,5.38025434093e-27	(102, 4.8184870524260908e-27)
102	155,5.54043591702e-27	(102, 4.8184870524260908e-27)
102	103,5.694807822e-27	(102, 4.8184870524260908e-27)
102	110,5.7073399755e-27	(102, 4.8184870524260908e-27)
102	53,5.81760523738e-27	(102, 4.8184870524260908e-27)
103	103,2.85579790595e-27	(103, 2.8557979059488736e-27)
103	91,5.62258449095e-27	(103, 2.8557979059488736e-27)
103	51,5.85361337618e-27	(103, 2.8557979059488736e-27)
103	73,5.98104755959e-27	(103, 2.8557979059488736e-27)
103	101,6.24723657807e-27	(103, 2.8557979059488736e-27)
103	39,6.61613286595e-27	(103, 2.8557979059488736e-27)
103	30,6.73494720926e-27	(103, 2.8557979059488736e-27)
103	114,6.74170358875e-27	(103, 2.8557979059488736e-27)
103	102,7.4408268456e-27	(103, 2.8557979059488736e-27)
103	1,7.55167055356e-27	(103, 2.8557979059488736e-27)
104	124,2.14347437146e-27	(104, 4.3660497987334241e-27)
104	119,3.26602948293e-27	(104, 4.3660497987334241e-27)
104	93,3.45289684341e-27	(104, 4.3660497987334241e-27)
104	81,3.51489107378e-27	(104, 4.3660497987334241e-27)
104	11,3.52872274348e-27	(104, 4.3660497987334241e-27)
104	115,3.62668152176e-27	(104, 4.3660497987334241e-27)
104	73,3.68919786452e-27	(104, 4.3660497987334241e-27)
104	3,4.18190190479e-27	(104, 4.3660497987334241e-27)
104	120,4.27129024319e-27	(104, 4.3660497987334241e-27)
104	13,4.31820216094e-27	(104, 4.3660497987334241e-27)
105	43,3.620185078e-27	(105, 5.7438632167473627e-27)
105	27,3.98474089162e-27	(105, 5.7438632167473627e-27)
105	38,4.31525719955e-27	(105, 5.7438632167473627e-27)
105	19,4.36002130577e-27	(105, 5.7438632167473627e-27)
105	24,4.43766991111e-27	(105, 5.7438632167473627e-27)
105	99,5.1285061391e-27	(105, 5.7438632167473627e-27)
105	107,5.14286295123e-27	(105, 5.7438632167473627e-27)
105	50,5.31148313036e-27	(105, 5.7438632167473627e-27)
105	105,5.74386321675e-27	(105, 5.7438632167473627e-27)
105	55,5.96262597927e-27	(105, 5.7438632167473627e-27)
106	106,1.9330185057e-27	(106, 1.933018505700812e-27)
106	116,4.01123161332e-27	(106, 1.933018505700812e-27)
106	157,4.20953779417e-27	(106, 1.933018505700812e-27)
106	174,4.22869540964e-27	(106, 1.933018505700812e-27)
106	93,4.58231345854e-27	(106, 1.933018505700812e-27)
106	172,4.85250731523e-27	(106, 1.933018505700812e-27)
106	13,4.85840413751e-27	(106, 1.933018505700812e-27)
106	156,5.10183315599e-27	(106, 1.933018505700812e-27)
106	4,5.50369030714e-27	(106, 1.933018505700812e-27)
106	3,5.60223033786e-27	(106, 1.933018505700812e-27)
107	107,2.71226370384e-27	(107, 2.7122637038379816e-27)
107	26,2.79327274018e-27	(107, 2.7122637038379816e-27)
107	1,2.9769655723e-27	(107, 2.7122637038379816e-27)
107	22,3.13117691427e-27	(107, 2.7122637038379816e-27)
107	73,3.47143384426e-27	(107, 2.7122637038379816e-27)
107	78,3.51705945393e-27	(107, 2.7122637038379816e-27)
107	77,3.70373042812e-27	(107, 2.7122637038379816e-27)
107	128,3.71016874918e-27	(107, 2.7122637038379816e-27)
107	139,3.7437193405e-27	(107, 2.7122637038379816e-27)
107	121,3.76164265262e-27	(107, 2.7122637038379816e-27)
108	77,1.89263879845e-27	(108, 5.7284828689963722e-27)
108	172,3.22430972747e-27	(108, 5.7284828689963722e-27)
108	174,3.50567244549e-27	(108, 5.7284828689963722e-27)
108	171,3.52882425058e-27	(108, 5.7284828689963722e-27)
108	49,3.94915830356e-27	(108, 5.7284828689963722e-27)
108	4,4.04818044195e-27	(108, 5.7284828689963722e-27)
108	100,4.05188462155e-27	(108, 5.7284828689963722e-27)
108	17,4.16884506123e-27	(108, 5.7284828689963722e-27)
108	37,4.24589225705e-27	(108, 5.7284828689963722e-27)
108	3,4.4444890054e-27	(108, 5.7284828689963722e-27)
109	109,2.21277020692e-27	(109, 2.2127702069173094e-27)
109	159,2.33223762643e-27	(109, 2.2127702069173094e-27)
109	134,2.88139411712e-27	(109, 2.2127702069173094e-27)
109	146,3.32487882635e-27	(109, 2.2127702069173094e-27)
109	128,3.42734152831e-27	(109, 2.2127702069173094e-27)
109	12,3.57125441269e-27	(109, 2.2127702069173094e-27)
109	152,3.70679962619e-27	(109, 2.2127702069173094e-27)
109	84,3.81408381324e-27	(109, 2.2127702069173094e-27)
109	14,4.11262658624e-27	(109, 2.2127702069173094e-27)
109	38,4.16542720213e-27	(109, 2.2127702069173094e-27)
110	121,2.1290599636e-27	(110, 4.3513236574544828e-27)
110	1,2.35053000039e-27	(110, 4.3513236574544828e-27)
110	11,2.35689117017e-27	(110, 4.3513236574544828e-27)
110	162,2.71536645377e-27	(110, 4.3513236574544828e-27)
110	3,3.06258431361e-27	(110, 4.3513236574544828e-27)
110	26,3.14104984097e-27	(110, 4.3513236574544828e-27)
110	71,3.52116620106e-27	(110, 4.3513236574544828e-27)
110	61,3.53416202783e-27	(110, 4.3513236574544828e-27)
110	70,3.55693532205e-27	(110, 4.3513236574544828e-27)
110	68,3.60100764547e-27	(110, 4.3513236574544828e-27)
111	73,2.32789891213e-27	(111, 9.0482209192816871e-27)
111	93,2.65913170609e-27	(111, 9.0482209192816871e-27)
111	157,2.93415434601e-27	(111, 9.0482209192816871e-27)
111	124,2.97071286507e-27	(111, 9.0482209192816871e-27)
111	13,3.6295763059e-27	(111, 9.0482209192816871e-27)
111	101,3.87717426548e-27	(111, 9.0482209192816871e-27)
111	78,4.26184381249e-27	(111, 9.0482209192816871e-27)
111	109,4.3094211562e-27	(111, 9.0482209192816871e-27)
111	128,4.33715640417e-27	(111, 9.0482209192816871e-27)
111	1,4.43851342474e-27	(111, 9.0482209192816871e-27)
112	11,1.27991119767e-27	(112, 2.0977167807044138e-27)
112	3,1.67981714786e-27	(112, 2.0977167807044138e-27)
112	162,2.01720574072e-27	(112, 2.0977167807044138e-27)
112	112,2.0977167807e-27	(112, 2.0977167807044138e-27)
112	90,2.10787465431e-27	(112, 2.0977167807044138e-27)
112	100,2.31113048073e-27	(112, 2.0977167807044138e-27)
112	71,2.34693404983e-27	(112, 2.0977167807044138e-27)
112	21,2.38026430826e-27	(112, 2.0977167807044138e-27)
112	77,2.39474157576e-27	(112, 2.0977167807044138e-27)
112	143,2.41265906324e-27	(112, 2.0977167807044138e-27)
113	113,2.74925906801e-27	(113, 2.749259068006059e-27)
113	65,4.36921767788e-27	(113, 2.749259068006059e-27)
113	130,5.89365247066e-27	(113, 2.749259068006059e-27)
113	44,6.93632260435e-27	(113, 2.749259068006059e-27)
113	53,7.14012613072e-27	(113, 2.749259068006059e-27)
113	97,7.46058139684e-27	(113, 2.749259068006059e-27)
113	155,7.76289053052e-27	(113, 2.749259068006059e-27)
113	120,7.85008310396e-27	(113, 2.749259068006059e-27)
113	161,8.09893966423e-27	(113, 2.749259068006059e-27)
113	15,8.52863865092e-27	(113, 2.749259068006059e-27)
114	114,2.4309096372e-27	(114, 2.4309096372034241e-27)
114	73,2.87789319054e-27	(114, 2.4309096372034241e-27)
114	53,3.05303052291e-27	(114, 2.4309096372034241e-27)
114	124,3.12957866788e-27	(114, 2.4309096372034241e-27)
114	13,4.27660566641e-27	(114, 2.4309096372034241e-27)
114	104,4.48568689687e-27	(114, 2.4309096372034241e-27)
114	157,4.54304305642e-27	(114, 2.4309096372034241e-27)
114	140,4.54310458492e-27	(114, 2.4309096372034241e-27)
114	170,4.63263153116e-27	(114, 2.4309096372034241e-27)
114	109,4.67465722125e-27	(114, 2.4309096372034241e-27)
115	119,2.31178639636e-27	(115, 2.3252481283796612e-27)
115	115,2.32524812838e-27	(115, 2.3252481283796612e-27)
115	11,2.34627366122e-27	(115, 2.3252481283796612e-27)
115	96,2.96957128854e-27	(115, 2.3252481283796612e-27)
115	81,3.2217745509e-27	(115, 2.3252481283796612e-27)
115	37,3.25859107657e-27	(115, 2.3252481283796612e-27)
115	17,3.70079771389e-27	(115, 2.3252481283796612e-27)
115	3,3.71801843492e-27	(115, 2.3252481283796612e-27)
115	90,3.7901213408e-27	(115, 2.3252481283796612e-27)
115	172,3.95820319686e-27	(115, 2.3252481283796612e-27)
116	116,1.97436114013e-27	(116, 1.9743611401332501e-27)
116	93,2.46693549571e-27	(116, 1.9743611401332501e-27)
116	144,3.54239823393e-27	(116, 1.9743611401332501e-27)
116	156,4.31897979551e-27	(116, 1.9743611401332501e-27)
116	109,4.34907437905e-27	(116, 1.9743611401332501e-27)
116	128,4.721756703e-27	(116, 1.9743611401332501e-27)
116	73,4.82386434535e-27	(116, 1.9743611401332501e-27)
116	84,4.97097451395e-27	(116, 1.9743611401332501e-27)
116	159,5.13128565997e-27	(116, 1.9743611401332501e-27)
116	131,5.32236099145e-27	(116, 1.9743611401332501e-27)
117	117,7.18235631545e-28	(117, 7.1823563154523253e-28)
117	71,1.83392094992e-27	(117, 7.1823563154523253e-28)
117	21,2.11340550816e-27	(117, 7.1823563154523253e-28)
117	76,2.3209926903e-27	(117, 7.1823563154523253e-28)
117	77,2.43033553566e-27	(117, 7.1823563154523253e-28)
117	22,2.45127325016e-27	(117, 7.1823563154523253e-28)
117	81,2.53943232081e-27	(117, 7.1823563154523253e-28)
117	121,2.59587295512e-27	(117, 7.1823563154523253e-28)
117	11,2.59802215321e-27	(117, 7.1823563154523253e-28)
117	162,2.61160530999e-27	(117, 7.1823563154523253e-28)
118	33,4.13639039913e-27	(118, 4.8779355525266134e-27)
118	118,4.87793555253e-27	(118, 4.8779355525266134e-27)
118	34,6.08674011358e-27	(118, 4.8779355525266134e-27)
118	113,7.28547884509e-27	(118, 4.8779355525266134e-27)
118	2,7.77583333781e-27	(118, 4.8779355525266134e-27)
118	130,8.02824696318e-27	(118, 4.8779355525266134e-27)
118	69,8.81121516993e-27	(118, 4.8779355525266134e-27)
118	4,8.94596213046e-27	(118, 4.8779355525266134e-27)
118	65,9.08878721282e-27	(118, 4.8779355525266134e-27)
118	28,9.80451569662e-27	(118, 4.8779355525266134e-27)
119	119,2.83990223007e-27	(119, 2.8399022300676714e-27)
119	120,3.28397956793e-27	(119, 2.8399022300676714e-27)
119	123,3.53900879446e-27	(119, 2.8399022300676714e-27)
119	96,3.63622754655e-27	(119, 2.8399022300676714e-27)
119	124,3.7275360435e-27	(119, 2.8399022300676714e-27)
119	4,3.76611660535e-27	(119, 2.8399022300676714e-27)
119	13,3.82628911365e-27	(119, 2.8399022300676714e-27)
119	69,3.85725037482e-27	(119, 2.8399022300676714e-27)
119	172,3.86335286388e-27	(119, 2.8399022300676714e-27)
119	17,3.91589865611e-27	(119, 2.8399022300676714e-27)
120	120,2.33347154352e-27	(120, 2.3334715435217272e-27)
120	65,2.67616355947e-27	(120, 2.3334715435217272e-27)
120	161,3.17768377389e-27	(120, 2.3334715435217272e-27)
120	44,3.54822051181e-27	(120, 2.3334715435217272e-27)
120	155,3.7509521356e-27	(120, 2.3334715435217272e-27)
120	83,4.03851574438e-27	(120, 2.3334715435217272e-27)
120	97,4.13228082404e-27	(120, 2.3334715435217272e-27)
120	53,4.18598852712e-27	(120, 2.3334715435217272e-27)
120	13,4.37833135308e-27	(120, 2.3334715435217272e-27)
120	124,4.63216815587e-27	(120, 2.3334715435217272e-27)
121	1,1.84669093828e-27	(121, 1.9030741773253732e-27)
121	121,1.90307417733e-27	(121, 1.9030741773253732e-27)
121	22,2.33903556694e-27	(121, 1.9030741773253732e-27)
121	26,2.46432765422e-27	(121, 1.9030741773253732e-27)
121	78,2.71021127931e-27	(121, 1.9030741773253732e-27)
121	73,2.85208563695e-27	(121, 1.9030741773253732e-27)
121	11,3.01961993138e-27	(121, 1.9030741773253732e-27)
121	128,3.29514707737e-27	(121, 1.9030741773253732e-27)
121	132,3.31361759328e-27	(121, 1.9030741773253732e-27)
121	71,3.44839637028e-27	(121, 1.9030741773253732e-27)
122	122,3.0238191196e-27	(122, 3.0238191195969979e-27)
122	174,3.47335903689e-27	(122, 3.0238191195969979e-27)
122	154,4.79492967208e-27	(122, 3.0238191195969979e-27)
122	2,4.99350062507e-27	(122, 3.0238191195969979e-27)
122	116,5.78574146362e-27	(122, 3.0238191195969979e-27)
122	69,5.86049114311e-27	(122, 3.0238191195969979e-27)
122	4,6.08265704978e-27	(122, 3.0238191195969979e-27)
122	48,6.38138287965e-27	(122, 3.0238191195969979e-27)
122	56,6.96532697782e-27	(122, 3.0238191195969979e-27)
122	172,7.16500624143e-27	(122, 3.0238191195969979e-27)
123	123,2.07485260148e-27	(123, 2.0748526014846709e-27)
123	172,2.21840877063e-27	(123, 2.0748526014846709e-27)
123	81,3.04007466865e-27	(123, 2.0748526014846709e-27)
123	146,3.35696683698e-27	(123, 2.0748526014846709e-27)
123	40,3.57261557829e-27	(123, 2.0748526014846709e-27)
123	90,3.76058638405e-27	(123, 2.0748526014846709e-27)
123	119,3.93165870765e-27	(123, 2.0748526014846709e-27)
123	137,4.08444346161e-27	(123, 2.0748526014846709e-27)
123	115,4.17730846506e-27	(123, 2.0748526014846709e-27)
123	37,4.21250366083e-27	(123, 2.0748526014846709e-27)
124	124,3.46151634208e-27	(124, 3.4615163420803534e-27)
124	101,5.02166006319e-27	(124, 3.4615163420803534e-27)
124	169,5.7799916244e-27	(124, 3.4615163420803534e-27)
124	73,6.02210338188e-27	(124, 3.4615163420803534e-27)
124	157,6.05023835037e-27	(124, 3.4615163420803534e-27)
124	140,6.15118778407e-27	(124, 3.4615163420803534e-27)
124	41,6.1784982639e-27	(124, 3.4615163420803534e-27)
124	144,6.37812843848e-27	(124, 3.4615163420803534e-27)
124	27,6.55034947378e-27	(124, 3.4615163420803534e-27)
124	93,6.72456404135e-27	(124, 3.4615163420803534e-27)
125	13,4.26911625311e-27	(125, 6.8958032477041331e-27)
125	114,5.45381544227e-27	(125, 6.8958032477041331e-27)
125	65,5.61005456104e-27	(125, 6.8958032477041331e-27)
125	73,5.82266418062e-27	(125, 6.8958032477041331e-27)
125	155,6.00636732738e-27	(125, 6.8958032477041331e-27)
125	41,6.22497888838e-27	(125, 6.8958032477041331e-27)
125	16,6.39601306365e-27	(125, 6.8958032477041331e-27)
125	170,6.59166289086e-27	(125, 6.8958032477041331e-27)
125	161,6.84302998854e-27	(125, 6.8958032477041331e-27)
125	29,6.88312464008e-27	(125, 6.8958032477041331e-27)
126	126,2.41494986942e-27	(126, 2.414949869421622e-27)
126	81,2.62219531565e-27	(126, 2.414949869421622e-27)
126	121,2.65140667797e-27	(126, 2.414949869421622e-27)
126	132,2.73094600918e-27	(126, 2.414949869421622e-27)
126	128,2.78674775773e-27	(126, 2.414949869421622e-27)
126	3,2.84839397355e-27	(126, 2.414949869421622e-27)
126	119,3.0746856531e-27	(126, 2.414949869421622e-27)
126	12,3.13486890102e-27	(126, 2.414949869421622e-27)
126	11,3.2021625034e-27	(126, 2.414949869421622e-27)
126	151,3.25080221545e-27	(126, 2.414949869421622e-27)
127	17,1.52885425263e-27	(127, 2.140531256045011e-27)
127	74,1.69266737578e-27	(127, 2.140531256045011e-27)
127	136,1.70968177457e-27	(127, 2.140531256045011e-27)
127	100,2.0772184193e-27	(127, 2.140531256045011e-27)
127	127,2.14053125605e-27	(127, 2.140531256045011e-27)
127	77,2.30478693102e-27	(127, 2.140531256045011e-27)
127	59,2.33654229151e-27	(127, 2.140531256045011e-27)
127	37,2.50262104971e-27	(127, 2.140531256045011e-27)
127	49,2.86465335584e-27	(127, 2.140531256045011e-27)
127	172,3.61716291185e-27	(127, 2.140531256045011e-27)
128	128,1.82586116796e-27	(128, 1.8258611679624693e-27)
128	12,2.56027751675e-27	(128, 1.8258611679624693e-27)
128	151,2.76217020621e-27	(128, 1.8258611679624693e-27)
128	139,2.76800688223e-27	(128, 1.8258611679624693e-27)
128	78,2.8216054277e-27	(128, 1.8258611679624693e-27)
128	22,3.0136912491e-27	(128, 1.8258611679624693e-27)
128	159,3.01663251239e-27	(128, 1.8258611679624693e-27)
128	146,3.11300557291e-27	(128, 1.8258611679624693e-27)
128	158,3.11424846611e-27	(128, 1.8258611679624693e-27)
128	121,3.16582370747e-27	(128, 1.8258611679624693e-27)
129	49,3.6603552015e-27	(129, 4.8601709566625868e-27)
129	98,3.89376298541e-27	(129, 4.8601709566625868e-27)
129	83,4.85190995717e-27	(129, 4.8601709566625868e-27)
129	129,4.86017095666e-27	(129, 4.8601709566625868e-27)
129	59,5.08175672603e-27	(129, 4.8601709566625868e-27)
129	100,5.15443176452e-27	(129, 4.8601709566625868e-27)
129	94,5.52261246107e-27	(129, 4.8601709566625868e-27)
129	15,5.62126080246e-27	(129, 4.8601709566625868e-27)
129	77,5.67411257224e-27	(129, 4.8601709566625868e-27)
129	102,6.37872115116e-27	(129, 4.8601709566625868e-27)
130	130,4.87125079497e-27	(130, 4.8712507949669007e-27)
130	65,5.19902318397e-27	(130, 4.8712507949669007e-27)
130	13,5.68201852195e-27	(130, 4.8712507949669007e-27)
130	34,6.09069193016e-27	(130, 4.8712507949669007e-27)
130	53,6.20589706168e-27	(130, 4.8712507949669007e-27)
130	28,6.2116659514e-27	(130, 4.8712507949669007e-27)
130	91,6.30387417532e-27	(130, 4.8712507949669007e-27)
130	157,6.51079868428e-27	(130, 4.8712507949669007e-27)
130	155,6.63300102293e-27	(130, 4.8712507949669007e-27)
130	1,6.66469304753e-27	(130, 4.8712507949669007e-27)
131	166,3.97588261009e-27	(131, 4.5997570619746526e-27)
131	116,4.39943636183e-27	(131, 4.5997570619746526e-27)
131	131,4.59975706197e-27	(131, 4.5997570619746526e-27)
131	72,5.57463812972e-27	(131, 4.5997570619746526e-27)
131	104,5.74821682944e-27	(131, 4.5997570619746526e-27)
131	144,6.11380475153e-27	(131, 4.5997570619746526e-27)
131	156,6.18385565531e-27	(131, 4.5997570619746526e-27)
131	84,6.6756218365e-27	(131, 4.5997570619746526e-27)
131	165,7.05646622965e-27	(131, 4.5997570619746526e-27)
131	93,7.55188198794e-27	(131, 4.5997570619746526e-27)
132	132,1.29559384608e-27	(132, 1.295593846079218e-27)
132	18,1.46938213555e-27	(132, 1.295593846079218e-27)
132	139,1.64234886548e-27	(132, 1.295593846079218e-27)
132	22,1.67528588086e-27	(132, 1.295593846079218e-27)
132	46,1.70603087407e-27	(132, 1.295593846079218e-27)
132	76,1.85033604244e-27	(132, 1.295593846079218e-27)
132	147,1.97263765641e-27	(132, 1.295593846079218e-27)
132	158,2.02577121467e-27	(132, 1.295593846079218e-27)
132	151,2.12222983334e-27	(132, 1.295593846079218e-27)
132	146,2.14341683908e-27	(132, 1.295593846079218e-27)
133	133,1.92134471983e-27	(133, 1.9213447198276604e-27)
133	130,5.8577183758e-27	(133, 1.9213447198276604e-27)
133	34,6.37586068291e-27	(133, 1.9213447198276604e-27)
133	91,6.60932112784e-27	(133, 1.9213447198276604e-27)
133	103,7.34035209812e-27	(133, 1.9213447198276604e-27)
133	102,8.19288269431e-27	(133, 1.9213447198276604e-27)
133	114,8.2776854135e-27	(133, 1.9213447198276604e-27)
133	101,8.52437583312e-27	(133, 1.9213447198276604e-27)
133	53,8.67078981815e-27	(133, 1.9213447198276604e-27)
133	65,8.75689703157e-27	(133, 1.9213447198276604e-27)
134	121,1.74387240136e-27	(134, 3.4071731172230103e-27)
134	128,2.449104111e-27	(134, 3.4071731172230103e-27)
134	78,2.52313397791e-27	(134, 3.4071731172230103e-27)
134	18,2.82419180828e-27	(134, 3.4071731172230103e-27)
134	22,2.83687532612e-27	(134, 3.4071731172230103e-27)
134	73,2.97783311263e-27	(134, 3.4071731172230103e-27)
134	134,3.40717311722e-27	(134, 3.4071731172230103e-27)
134	88,3.41929591654e-27	(134, 3.4071731172230103e-27)
134	61,3.50425745224e-27	(134, 3.4071731172230103e-27)
134	12,3.53756757457e-27	(134, 3.4071731172230103e-27)
135	147,1.25478385374e-27	(135, 1.5673025201943918e-27)
135	137,1.5089267455e-27	(135, 1.5673025201943918e-27)
135	135,1.56730252019e-27	(135, 1.5673025201943918e-27)
135	76,1.89140051607e-27	(135, 1.5673025201943918e-27)
135	63,1.8924157431e-27	(135, 1.5673025201943918e-27)
135	77,2.27962914994e-27	(135, 1.5673025201943918e-27)
135	3,2.31201896463e-27	(135, 1.5673025201943918e-27)
135	162,2.31777968938e-27	(135, 1.5673025201943918e-27)
135	171,2.35523859343e-27	(135, 1.5673025201943918e-27)
135	90,2.79018834539e-27	(135, 1.5673025201943918e-27)
136	54,2.90419152924e-27	(136, 3.0541511369003527e-27)
136	136,3.0541511369e-27	(136, 3.0541511369003527e-27)
136	11,3.27013749552e-27	(136, 3.0541511369003527e-27)
136	121,3.37354645128e-27	(136, 3.0541511369003527e-27)
136	13,3.77103778066e-27	(136, 3.0541511369003527e-27)
136	126,3.82827942419e-27	(136, 3.0541511369003527e-27)
136	132,3.91098844071e-27	(136, 3.0541511369003527e-27)
136	3,3.94857479179e-27	(136, 3.0541511369003527e-27)
136	78,4.0211017737e-27	(136, 3.0541511369003527e-27)
136	162,4.10061022241e-27	(136, 3.0541511369003527e-27)
137	137,9.66899643796e-28	(137, 9.6689964379622722e-28)
137	147,9.78239646481e-28	(137, 9.6689964379622722e-28)
137	63,1.06054724119e-27	(137, 9.6689964379622722e-28)
137	3,1.76348503593e-27	(137, 9.6689964379622722e-28)
137	171,1.89043626024e-27	(137, 9.6689964379622722e-28)
137	76,1.95205258265e-27	(137, 9.6689964379622722e-28)
137	36,2.18144139061e-27	(137, 9.6689964379622722e-28)
137	90,2.19811920359e-27	(137, 9.6689964379622722e-28)
137	132,2.37646472569e-27	(137, 9.6689964379622722e-28)
137	117,2.40277054629e-27	(137, 9.6689964379622722e-28)
138	78,2.15436366848e-27	(138, 3.1249960948110766e-27)
138	128,2.30457774351e-27	(138, 3.1249960948110766e-27)
138	158,2.91843168697e-27	(138, 3.1249960948110766e-27)
138	138,3.12499609481e-27	(138, 3.1249960948110766e-27)
138	107,3.20010101184e-27	(138, 3.1249960948110766e-27)
138	159,3.47648598468e-27	(138, 3.1249960948110766e-27)
138	139,3.76978636085e-27	(138, 3.1249960948110766e-27)
138	121,3.80669129654e-27	(138, 3.1249960948110766e-27)
138	22,3.86306028805e-27	(138, 3.1249960948110766e-27)
138	55,4.06278430766e-27	(138, 3.1249960948110766e-27)
139	139,7.52883836608e-28	(139, 7.5288383660809299e-28)
139	46,1.90417700778e-27	(139, 7.5288383660809299e-28)
139	18,2.15231187452e-27	(139, 7.5288383660809299e-28)
139	151,2.55930275256e-27	(139, 7.5288383660809299e-28)
139	22,2.5659577774e-27	(139, 7.5288383660809299e-28)
139	35,2.56635829589e-27	(139, 7.5288383660809299e-28)
139	76,2.60210988084e-27	(139, 7.5288383660809299e-28)
139	132,2.71170897859e-27	(139, 7.5288383660809299e-28)
139	88,2.93173703473e-27	(139, 7.5288383660809299e-28)
139	146,3.01300522711e-27	(139, 7.5288383660809299e-28)
140	140,2.96629545262e-27	(140, 2.9662954526219433e-27)
140	73,3.01142307778e-27	(140, 2.9662954526219433e-27)
140	124,3.52286833124e-27	(140, 2.9662954526219433e-27)
140	93,3.93985716264e-27	(140, 2.9662954526219433e-27)
140	101,3.96670530468e-27	(140, 2.9662954526219433e-27)
140	114,4.31788367548e-27	(140, 2.9662954526219433e-27)
140	157,4.38020531928e-27	(140, 2.9662954526219433e-27)
140	53,4.517662321e-27	(140, 2.9662954526219433e-27)
140	13,4.96999593428e-27	(140, 2.9662954526219433e-27)
140	104,5.11492829508e-27	(140, 2.9662954526219433e-27)
141	141,5.43304117856e-27	(141, 5.4330411785611534e-27)
141	48,7.18187292506e-27	(141, 5.4330411785611534e-27)
141	33,7.62183984151e-27	(141, 5.4330411785611534e-27)
141	124,7.90898279803e-27	(141, 5.4330411785611534e-27)
141	4,8.40692489079e-27	(141, 5.4330411785611534e-27)
141	97,8.54266398277e-27	(141, 5.4330411785611534e-27)
141	2,8.7796877978e-27	(141, 5.4330411785611534e-27)
141	69,9.00502628731e-27	(141, 5.4330411785611534e-27)
141	56,9.04273054025e-27	(141, 5.4330411785611534e-27)
141	120,9.07627216125e-27	(141, 5.4330411785611534e-27)
142	105,4.78032278107e-27	(142, 1.0010984028101696e-26)
142	61,4.85999728968e-27	(142, 1.0010984028101696e-26)
142	12,4.91553392849e-27	(142, 1.0010984028101696e-26)
142	73,5.11606569511e-27	(142, 1.0010984028101696e-26)
142	38,5.21789828401e-27	(142, 1.0010984028101696e-26)
142	16,5.27883557427e-27	(142, 1.0010984028101696e-26)
142	29,5.35834444944e-27	(142, 1.0010984028101696e-26)
142	24,5.70184889989e-27	(142, 1.0010984028101696e-26)
142	23,5.7484419835e-27	(142, 1.0010984028101696e-26)
142	13,5.9619157878e-27	(142, 1.0010984028101696e-26)
143	143,1.12827673154e-27	(143, 1.1282767315356796e-27)
143	112,1.6903842276e-27	(143, 1.1282767315356796e-27)
143	3,1.84002128475e-27	(143, 1.1282767315356796e-27)
143	11,1.95647988535e-27	(143, 1.1282767315356796e-27)
143	162,1.96336282069e-27	(143, 1.1282767315356796e-27)
143	90,2.06331546903e-27	(143, 1.1282767315356796e-27)
143	17,2.1896362188e-27	(143, 1.1282767315356796e-27)
143	21,2.24868361574e-27	(143, 1.1282767315356796e-27)
143	137,2.31221212496e-27	(143, 1.1282767315356796e-27)
143	100,2.41437261236e-27	(143, 1.1282767315356796e-27)
144	144,1.96774612138e-27	(144, 1.9677461213817322e-27)
144	12,4.4951975484e-27	(144, 1.9677461213817322e-27)
144	14,4.5017837459e-27	(144, 1.9677461213817322e-27)
144	38,4.57149610956e-27	(144, 1.9677461213817322e-27)
144	50,4.78666167223e-27	(144, 1.9677461213817322e-27)
144	116,5.0674942948e-27	(144, 1.9677461213817322e-27)
144	159,5.51378423239e-27	(144, 1.9677461213817322e-27)
144	156,5.58209456924e-27	(144, 1.9677461213817322e-27)
144	145,5.6795414235e-27	(144, 1.9677461213817322e-27)
144	13,5.93424306519e-27	(144, 1.9677461213817322e-27)
145	145,2.77523150406e-27	(145, 2.7752315040589903e-27)
145	128,2.79704873546e-27	(145, 2.7752315040589903e-27)
145	38,2.86954059316e-27	(145, 2.7752315040589903e-27)
145	78,3.17922608021e-27	(145, 2.7752315040589903e-27)
145	158,3.29510472216e-27	(145, 2.7752315040589903e-27)
145	24,3.44783721087e-27	(145, 2.7752315040589903e-27)
145	55,3.47367578311e-27	(145, 2.7752315040589903e-27)
145	12,3.61069029502e-27	(145, 2.7752315040589903e-27)
145	14,3.85224149792e-27	(145, 2.7752315040589903e-27)
145	22,4.34624286963e-27	(145, 2.7752315040589903e-27)
146	146,9.59205548132e-28	(146, 9.5920554813172155e-28)
146	159,2.36748929829e-27	(146, 9.5920554813172155e-28)
146	12,3.57192011386e-27	(146, 9.5920554813172155e-28)
146	132,3.80200447337e-27	(146, 9.5920554813172155e-28)
146	46,3.84356855252e-27	(146, 9.5920554813172155e-28)
146	18,3.90076815213e-27	(146, 9.5920554813172155e-28)
146	137,3.96178063384e-27	(146, 9.5920554813172155e-28)
146	81,4.04074935619e-27	(146, 9.5920554813172155e-28)
146	3,4.19120905325e-27	(146, 9.5920554813172155e-28)
146	145,4.21566984054e-27	(146, 9.5920554813172155e-28)
147	63,1.18542031799e-27	(147, 1.2558156826732363e-27)
147	147,1.25581568267e-27	(147, 1.2558156826732363e-27)
147	76,1.48987008056e-27	(147, 1.2558156826732363e-27)
147	3,1.97263282002e-27	(147, 1.2558156826732363e-27)
147	132,2.03352872009e-27	(147, 1.2558156826732363e-27)
147	77,2.12494821554e-27	(147, 1.2558156826732363e-27)
147	11,2.17238732985e-27	(147, 1.2558156826732363e-27)
147	137,2.24590304584e-27	(147, 1.2558156826732363e-27)
147	171,2.27019916438e-27	(147, 1.2558156826732363e-27)
147	162,2.31488309072e-27	(147, 1.2558156826732363e-27)
148	148,1.33682090555e-27	(148, 1.3368209055528647e-27)
148	17,1.50200596244e-27	(148, 1.3368209055528647e-27)
148	143,1.92683917597e-27	(148, 1.3368209055528647e-27)
148	100,2.39279652617e-27	(148, 1.3368209055528647e-27)
148	90,2.66902542359e-27	(148, 1.3368209055528647e-27)
148	49,3.12370897548e-27	(148, 1.3368209055528647e-27)
148	172,3.32977822717e-27	(148, 1.3368209055528647e-27)
148	112,3.42575315104e-27	(148, 1.3368209055528647e-27)
148	79,3.63003383704e-27	(148, 1.3368209055528647e-27)
148	37,3.68908451591e-27	(148, 1.3368209055528647e-27)
149	149,3.16063362234e-27	(149, 3.1606336223444362e-27)
149	32,7.28266569835e-27	(149, 3.1606336223444362e-27)
149	169,7.58515580587e-27	(149, 3.1606336223444362e-27)
149	33,8.87790209543e-27	(149, 3.1606336223444362e-27)
149	156,1.18476734212e-26	(149, 3.1606336223444362e-27)
149	165,1.21408792229e-26	(149, 3.1606336223444362e-27)
149	111,1.22676321818e-26	(149, 3.1606336223444362e-27)
149	27,1.2384322689e-26	(149, 3.1606336223444362e-27)
149	51,1.26201165255e-26	(149, 3.1606336223444362e-27)
149	91,1.27870606313e-26	(149, 3.1606336223444362e-27)
150	3,9.47868389933e-28	(150, 2.0096431621840696e-27)
150	11,1.52104002871e-27	(150, 2.0096431621840696e-27)
150	121,1.83589658291e-27	(150, 2.0096431621840696e-27)
150	162,1.85776579813e-27	(150, 2.0096431621840696e-27)
150	71,1.86483578444e-27	(150, 2.0096431621840696e-27)
150	150,2.00964316218e-27	(150, 2.0096431621840696e-27)
150	86,2.0893446146e-27	(150, 2.0096431621840696e-27)
150	63,2.13864244705e-27	(150, 2.0096431621840696e-27)
150	117,2.19560574789e-27	(150, 2.0096431621840696e-27)
150	81,2.20767405273e-27	(150, 2.0096431621840696e-27)
151	121,1.06072790316e-27	(151, 1.7337035816489874e-27)
151	151,1.73370358165e-27	(151, 1.7337035816489874e-27)
151	132,2.08870290144e-27	(151, 1.7337035816489874e-27)
151	22,2.18195509041e-27	(151, 1.7337035816489874e-27)
151	78,2.26599924609e-27	(151, 1.7337035816489874e-27)
151	11,2.30540767589e-27	(151, 1.7337035816489874e-27)
151	18,2.38818013224e-27	(151, 1.7337035816489874e-27)
151	162,2.42907850904e-27	(151, 1.7337035816489874e-27)
151	3,2.48349836183e-27	(151, 1.7337035816489874e-27)
151	81,2.57207861954e-27	(151, 1.7337035816489874e-27)
152	121,2.30308290067e-27	(152, 2.5149587042208465e-27)
152	152,2.51495870422e-27	(152, 2.5149587042208465e-27)
152	18,3.05596252044e-27	(152, 2.5149587042208465e-27)
152	117,3.14795937537e-27	(152, 2.5149587042208465e-27)
152	88,3.30074535922e-27	(152, 2.5149587042208465e-27)
152	162,3.47927531069e-27	(152, 2.5149587042208465e-27)
152	11,3.5300547348e-27	(152, 2.5149587042208465e-27)
152	73,3.55761088298e-27	(152, 2.5149587042208465e-27)
152	12,3.62820121207e-27	(152, 2.5149587042208465e-27)
152	22,3.63316106676e-27	(152, 2.5149587042208465e-27)
153	133,3.46468576272e-27	(153, 3.8148407144740824e-27)
153	153,3.81484071447e-27	(153, 3.8148407144740824e-27)
153	34,5.21360838719e-27	(153, 3.8148407144740824e-27)
153	102,5.44569288654e-27	(153, 3.8148407144740824e-27)
153	91,5.92603104239e-27	(153, 3.8148407144740824e-27)
153	95,6.88233120901e-27	(153, 3.8148407144740824e-27)
153	103,7.42230503364e-27	(153, 3.8148407144740824e-27)
153	130,7.69255938641e-27	(153, 3.8148407144740824e-27)
153	1,7.74010913387e-27	(153, 3.8148407144740824e-27)
153	110,7.83928104631e-27	(153, 3.8148407144740824e-27)
154	154,1.4845679847e-27	(154, 1.4845679846958493e-27)
154	172,3.16177208978e-27	(154, 1.4845679846958493e-27)
154	40,3.24728946618e-27	(154, 1.4845679846958493e-27)
154	174,3.90344570606e-27	(154, 1.4845679846958493e-27)
154	4,4.18918948509e-27	(154, 1.4845679846958493e-27)
154	116,4.30172337106e-27	(154, 1.4845679846958493e-27)
154	69,4.31867838705e-27	(154, 1.4845679846958493e-27)
154	123,5.24485817072e-27	(154, 1.4845679846958493e-27)
154	2,5.55032151096e-27	(154, 1.4845679846958493e-27)
154	17,5.57181258031e-27	(154, 1.4845679846958493e-27)
155	11,1.71861430032e-27	(155, 4.5042122906370767e-27)
155	71,1.8770318588e-27	(155, 4.5042122906370767e-27)
155	121,1.94324215141e-27	(155, 4.5042122906370767e-27)
155	162,1.96708910328e-27	(155, 4.5042122906370767e-27)
155	117,2.1426308845e-27	(155, 4.5042122906370767e-27)
155	18,2.72542998258e-27	(155, 4.5042122906370767e-27)
155	3,2.91736498595e-27	(155, 4.5042122906370767e-27)
155	77,2.92555422208e-27	(155, 4.5042122906370767e-27)
155	1,2.95667075377e-27	(155, 4.5042122906370767e-27)
155	86,2.95856732456e-27	(155, 4.5042122906370767e-27)
156	73,2.6693359974e-27	(156, 3.117053654760514e-27)
156	156,3.11705365476e-27	(156, 3.117053654760514e-27)
156	144,3.19192579008e-27	(156, 3.117053654760514e-27)
156	109,3.76528883415e-27	(156, 3.117053654760514e-27)
156	27,4.02843714674e-27	(156, 3.117053654760514e-27)
156	107,4.28877317841e-27	(156, 3.117053654760514e-27)
156	19,4.40671200877e-27	(156, 3.117053654760514e-27)
156	50,4.53582477464e-27	(156, 3.117053654760514e-27)
156	99,4.7293016545e-27	(156, 3.117053654760514e-27)
156	138,4.77262086328e-27	(156, 3.117053654760514e-27)
157	22,2.46897534899e-27	(157, 3.2276187834222066e-27)
157	128,2.56747917896e-27	(157, 3.2276187834222066e-27)
157	12,2.62214360885e-27	(157, 3.2276187834222066e-27)
157	73,2.63209256815e-27	(157, 3.2276187834222066e-27)
157	93,2.77460108739e-27	(157, 3.2276187834222066e-27)
157	78,2.92057679696e-27	(157, 3.2276187834222066e-27)
157	121,2.97822084817e-27	(157, 3.2276187834222066e-27)
157	132,3.06384260925e-27	(157, 3.2276187834222066e-27)
157	126,3.17821700119e-27	(157, 3.2276187834222066e-27)
157	157,3.22761878342e-27	(157, 3.2276187834222066e-27)
158	77,1.2637920562e-27	(158, 4.7636645157719685e-27)
158	3,1.88193500976e-27	(158, 4.7636645157719685e-27)
158	37,1.89429368057e-27	(158, 4.7636645157719685e-27)
158	147,2.09431047288e-27	(158, 4.7636645157719685e-27)
158	136,2.1071789032e-27	(158, 4.7636645157719685e-27)
158	63,2.18064802745e-27	(158, 4.7636645157719685e-27)
158	171,2.20898537681e-27	(158, 4.7636645157719685e-27)
158	76,2.3099254411e-27	(158, 4.7636645157719685e-27)
158	137,2.40520419444e-27	(158, 4.7636645157719685e-27)
158	11,2.40778232018e-27	(158, 4.7636645157719685e-27)
159	146,1.07827439901e-27	(159, 3.2370675111981973e-27)
159	137,1.79260679071e-27	(159, 3.2370675111981973e-27)
159	3,2.15564724729e-27	(159, 3.2370675111981973e-27)
159	18,2.32292609458e-27	(159, 3.2370675111981973e-27)
159	81,2.35181551204e-27	(159, 3.2370675111981973e-27)
159	150,2.48137169201e-27	(159, 3.2370675111981973e-27)
159	46,2.50909713487e-27	(159, 3.2370675111981973e-27)
159	147,2.58004487196e-27	(159, 3.2370675111981973e-27)
159	36,2.58177608423e-27	(159, 3.2370675111981973e-27)
159	132,2.62050488194e-27	(159, 3.2370675111981973e-27)
160	164,4.47353775314e-27	(160, 1.9764803589168537e-26)
160	27,4.71536467003e-27	(160, 1.9764803589168537e-26)
160	73,5.15627798739e-27	(160, 1.9764803589168537e-26)
160	105,5.62465661089e-27	(160, 1.9764803589168537e-26)
160	38,5.86061037617e-27	(160, 1.9764803589168537e-26)
160	32,5.897173493e-27	(160, 1.9764803589168537e-26)
160	107,5.96901667392e-27	(160, 1.9764803589168537e-26)
160	43,6.03549399372e-27	(160, 1.9764803589168537e-26)
160	109,6.11625384295e-27	(160, 1.9764803589168537e-26)
160	50,6.4086653948e-27	(160, 1.9764803589168537e-26)
161	161,1.0992249825e-27	(161, 1.0992249824950893e-27)
161	65,2.92881686602e-27	(161, 1.0992249824950893e-27)
161	44,3.28188362526e-27	(161, 1.0992249824950893e-27)
161	17,3.51486519598e-27	(161, 1.0992249824950893e-27)
161	83,3.6372175414e-27	(161, 1.0992249824950893e-27)
161	68,3.77609360793e-27	(161, 1.0992249824950893e-27)
161	155,4.22115039644e-27	(161, 1.0992249824950893e-27)
161	100,4.26628022721e-27	(161, 1.0992249824950893e-27)
161	120,4.38746172782e-27	(161, 1.0992249824950893e-27)
161	13,4.50646532354e-27	(161, 1.0992249824950893e-27)
162	117,1.41194776729e-27	(162, 1.4903158250955395e-27)
162	162,1.4903158251e-27	(162, 1.4903158250955395e-27)
162	18,1.79379407298e-27	(162, 1.4903158250955395e-27)
162	147,1.84721026279e-27	(162, 1.4903158250955395e-27)
162	150,1.94065689489e-27	(162, 1.4903158250955395e-27)
162	76,1.97024821559e-27	(162, 1.4903158250955395e-27)
162	86,2.02898445275e-27	(162, 1.4903158250955395e-27)
162	90,2.0944174624e-27	(162, 1.4903158250955395e-27)
162	11,2.10594835717e-27	(162, 1.4903158250955395e-27)
162	137,2.13147960314e-27	(162, 1.4903158250955395e-27)
163	17,2.5625519354e-27	(163, 3.3556270093103382e-27)
163	172,2.86232791355e-27	(163, 3.3556270093103382e-27)
163	3,2.89644612105e-27	(163, 3.3556270093103382e-27)
163	11,2.94573371548e-27	(163, 3.3556270093103382e-27)
163	40,2.95778841178e-27	(163, 3.3556270093103382e-27)
163	37,3.08629372278e-27	(163, 3.3556270093103382e-27)
163	148,3.28894621066e-27	(163, 3.3556270093103382e-27)
163	163,3.35562700931e-27	(163, 3.3556270093103382e-27)
163	100,3.40219971333e-27	(163, 3.3556270093103382e-27)
163	143,3.51087743236e-27	(163, 3.3556270093103382e-27)
164	156,3.27958206628e-27	(164, 4.6858007507336294e-27)
164	27,3.47862933394e-27	(164, 4.6858007507336294e-27)
164	144,4.38663642564e-27	(164, 4.6858007507336294e-27)
164	73,4.45754328509e-27	(164, 4.6858007507336294e-27)
164	164,4.68580075073e-27	(164, 4.6858007507336294e-27)
164	50,5.17232579428e-27	(164, 4.6858007507336294e-27)
164	109,5.3298552268e-27	(164, 4.6858007507336294e-27)
164	107,5.36000958932e-27	(164, 4.6858007507336294e-27)
164	32,5.36733465835e-27	(164, 4.6858007507336294e-27)
164	131,5.39506644212e-27	(164, 4.6858007507336294e-27)
165	93,3.2881383e-27	(165, 4.2596391655956827e-27)
165	157,3.78386409711e-27	(165, 4.2596391655956827e-27)
165	116,4.19747528595e-27	(165, 4.2596391655956827e-27)
165	165,4.2596391656e-27	(165, 4.2596391655956827e-27)
165	144,4.33258064534e-27	(165, 4.2596391655956827e-27)
165	73,4.52628744013e-27	(165, 4.2596391655956827e-27)
165	156,5.03060116316e-27	(165, 4.2596391655956827e-27)
165	131,5.1630657152e-27	(165, 4.2596391655956827e-27)
165	124,5.39843624274e-27	(165, 4.2596391655956827e-27)
165	27,5.77744922778e-27	(165, 4.2596391655956827e-27)
166	116,4.05821122953e-27	(166, 5.8703990580400531e-27)
166	69,4.79430380469e-27	(166, 5.8703990580400531e-27)
166	124,5.39892649689e-27	(166, 5.8703990580400531e-27)
166	144,5.72270018074e-27	(166, 5.8703990580400531e-27)
166	166,5.87039905804e-27	(166, 5.8703990580400531e-27)
166	93,6.43261339568e-27	(166, 5.8703990580400531e-27)
166	140,6.43541435343e-27	(166, 5.8703990580400531e-27)
166	123,6.44091096464e-27	(166, 5.8703990580400531e-27)
166	48,6.54385766504e-27	(166, 5.8703990580400531e-27)
166	104,6.56019409363e-27	(166, 5.8703990580400531e-27)
167	51,4.84203948568e-27	(167, 7.3353775813157599e-27)
167	39,5.41763143028e-27	(167, 7.3353775813157599e-27)
167	167,7.33537758132e-27	(167, 7.3353775813157599e-27)
167	27,7.33756925052e-27	(167, 7.3353775813157599e-27)
167	32,8.21589380215e-27	(167, 7.3353775813157599e-27)
167	19,8.673528412e-27	(167, 7.3353775813157599e-27)
167	138,9.34573007501e-27	(167, 7.3353775813157599e-27)
167	107,1.04348427433e-26	(167, 7.3353775813157599e-27)
167	164,1.08059868828e-26	(167, 7.3353775813157599e-27)
167	169,1.08103234927e-26	(167, 7.3353775813157599e-27)
168	55,3.64768931004e-27	(168, 5.6839166117239702e-27)
168	12,3.86826038117e-27	(168, 5.6839166117239702e-27)
168	38,4.07386586785e-27	(168, 5.6839166117239702e-27)
168	121,4.58640316243e-27	(168, 5.6839166117239702e-27)
168	105,4.68056243738e-27	(168, 5.6839166117239702e-27)
168	61,4.702283103e-27	(168, 5.6839166117239702e-27)
168	43,4.70992380416e-27	(168, 5.6839166117239702e-27)
168	78,4.79907106849e-27	(168, 5.6839166117239702e-27)
168	128,5.10100879108e-27	(168, 5.6839166117239702e-27)
168	18,5.18701456328e-27	(168, 5.6839166117239702e-27)
169	27,3.80353613316e-27	(169, 5.2333670599273074e-27)
169	156,4.29037298593e-27	(169, 5.2333670599273074e-27)
169	99,4.64205669916e-27	(169, 5.2333670599273074e-27)
169	73,4.85521241578e-27	(169, 5.2333670599273074e-27)
169	169,5.23336705993e-27	(169, 5.2333670599273074e-27)
169	144,5.34344531338e-27	(169, 5.2333670599273074e-27)
169	170,5.36058231862e-27	(169, 5.2333670599273074e-27)
169	19,5.45906516814e-27	(169, 5.2333670599273074e-27)
169	109,6.00373371916e-27	(169, 5.2333670599273074e-27)
169	164,6.03927138412e-27	(169, 5.2333670599273074e-27)
170	170,2.22046489278e-27	(170, 2.2204648927816136e-27)
170	99,3.70442006687e-27	(170, 2.2204648927816136e-27)
170	27,4.83188216897e-27	(170, 2.2204648927816136e-27)
170	19,4.92561267898e-27	(170, 2.2204648927816136e-27)
170	144,5.4777490783e-27	(170, 2.2204648927816136e-27)
170	0,6.04653823055e-27	(170, 2.2204648927816136e-27)
170	73,6.37327071507e-27	(170, 2.2204648927816136e-27)
170	84,6.73195715383e-27	(170, 2.2204648927816136e-27)
170	109,6.94421601642e-27	(170, 2.2204648927816136e-27)
170	114,6.99818419755e-27	(170, 2.2204648927816136e-27)
171	156,3.04643242154e-27	(171, 1.2058864358837097e-26)
171	27,4.02273757718e-27	(171, 1.2058864358837097e-26)
171	32,4.16021933606e-27	(171, 1.2058864358837097e-26)
171	73,4.81377788887e-27	(171, 1.2058864358837097e-26)
171	164,4.93117935389e-27	(171, 1.2058864358837097e-26)
171	169,5.87037576383e-27	(171, 1.2058864358837097e-26)
171	107,5.92703830452e-27	(171, 1.2058864358837097e-26)
171	51,5.99089828391e-27	(171, 1.2058864358837097e-26)
171	144,6.32457874333e-27	(171, 1.2058864358837097e-26)
171	131,6.70781971318e-27	(171, 1.2058864358837097e-26)
172	172,6.57951829229e-28	(172, 6.5795182922939486e-28)
172	137,1.69221892546e-27	(172, 6.5795182922939486e-28)
172	77,1.93301098803e-27	(172, 6.5795182922939486e-28)
172	3,2.25576195369e-27	(172, 6.5795182922939486e-28)
172	37,2.61181361921e-27	(172, 6.5795182922939486e-28)
172	171,2.65957081703e-27	(172, 6.5795182922939486e-28)
172	81,2.72998957378e-27	(172, 6.5795182922939486e-28)
172	90,2.77365131691e-27	(172, 6.5795182922939486e-28)
172	17,3.00358393294e-27	(172, 6.5795182922939486e-28)
172	136,3.17183250676e-27	(172, 6.5795182922939486e-28)
173	107,3.46412909012e-27	(173, 5.9060359039719351e-27)
173	158,3.81433245463e-27	(173, 5.9060359039719351e-27)
173	38,4.09865470734e-27	(173, 5.9060359039719351e-27)
173	24,4.43827051031e-27	(173, 5.9060359039719351e-27)
173	27,4.73188065353e-27	(173, 5.9060359039719351e-27)
173	156,4.80063963822e-27	(173, 5.9060359039719351e-27)
173	78,5.00471600245e-27	(173, 5.9060359039719351e-27)
173	61,5.07097129599e-27	(173, 5.9060359039719351e-27)
173	128,5.15897180755e-27	(173, 5.9060359039719351e-27)
173	138,5.2922867735e-27	(173, 5.9060359039719351e-27)
174	174,2.00088735774e-27	(174, 2.0008873577429401e-27)
174	15,2.03174451547e-27	(174, 2.0008873577429401e-27)
174	56,2.28249850929e-27	(174, 2.0008873577429401e-27)
174	120,3.14680241258e-27	(174, 2.0008873577429401e-27)
174	17,3.72101856059e-27	(174, 2.0008873577429401e-27)
174	69,3.91499491905e-27	(174, 2.0008873577429401e-27)
174	4,4.17102684213e-27	(174, 2.0008873577429401e-27)
174	154,4.54428769303e-27	(174, 2.0008873577429401e-27)
174	2,4.59148094602e-27	(174, 2.0008873577429401e-27)
174	172,4.90031197188e-27	(174, 2.0008873577429401e-27)
