0	0,0.0357142857143	(0, 0.03571428571428571)
0	1,0.0	(0, 0.03571428571428571)
0	2,0.0	(0, 0.03571428571428571)
0	3,0.0	(0, 0.03571428571428571)
0	4,0.0	(0, 0.03571428571428571)
0	5,0.0	(0, 0.03571428571428571)
0	6,0.0	(0, 0.03571428571428571)
0	7,0.0	(0, 0.03571428571428571)
0	8,0.0	(0, 0.03571428571428571)
0	9,0.0	(0, 0.03571428571428571)
1	1,0.047619047619	(1, 0.047619047619047616)
1	18,0.0227272727273	(1, 0.047619047619047616)
1	0,0.0	(1, 0.047619047619047616)
1	2,0.0	(1, 0.047619047619047616)
1	3,0.0	(1, 0.047619047619047616)
1	4,0.0	(1, 0.047619047619047616)
1	5,0.0	(1, 0.047619047619047616)
1	6,0.0	(1, 0.047619047619047616)
1	7,0.0	(1, 0.047619047619047616)
1	8,0.0	(1, 0.047619047619047616)
2	66,0.0625	(2, 0.05555555555555555)
2	2,0.0555555555556	(2, 0.05555555555555555)
2	105,0.04	(2, 0.05555555555555555)
2	100,0.0384615384615	(2, 0.05555555555555555)
2	157,0.0344827586207	(2, 0.05555555555555555)
2	86,0.0333333333333	(2, 0.05555555555555555)
2	0,0.0	(2, 0.05555555555555555)
2	1,0.0	(2, 0.05555555555555555)
2	3,0.0	(2, 0.05555555555555555)
2	4,0.0	(2, 0.05555555555555555)
3	0,0.0	(3, 0.0)
3	1,0.0	(3, 0.0)
3	2,0.0	(3, 0.0)
3	3,0.0	(3, 0.0)
3	4,0.0	(3, 0.0)
3	5,0.0	(3, 0.0)
3	6,0.0	(3, 0.0)
3	7,0.0	(3, 0.0)
3	8,0.0	(3, 0.0)
3	9,0.0	(3, 0.0)
4	17,0.03125	(4, 0.0)
4	123,0.0285714285714	(4, 0.0)
4	0,0.0	(4, 0.0)
4	1,0.0	(4, 0.0)
4	2,0.0	(4, 0.0)
4	3,0.0	(4, 0.0)
4	4,0.0	(4, 0.0)
4	5,0.0	(4, 0.0)
4	6,0.0	(4, 0.0)
4	7,0.0	(4, 0.0)
5	0,0.0	(5, 0.0)
5	1,0.0	(5, 0.0)
5	2,0.0	(5, 0.0)
5	3,0.0	(5, 0.0)
5	4,0.0	(5, 0.0)
5	5,0.0	(5, 0.0)
5	6,0.0	(5, 0.0)
5	7,0.0	(5, 0.0)
5	8,0.0	(5, 0.0)
5	9,0.0	(5, 0.0)
6	0,0.0	(6, 0.0)
6	1,0.0	(6, 0.0)
6	2,0.0	(6, 0.0)
6	3,0.0	(6, 0.0)
6	4,0.0	(6, 0.0)
6	5,0.0	(6, 0.0)
6	6,0.0	(6, 0.0)
6	7,0.0	(6, 0.0)
6	8,0.0	(6, 0.0)
6	9,0.0	(6, 0.0)
7	0,0.0	(7, 0.0)
7	1,0.0	(7, 0.0)
7	2,0.0	(7, 0.0)
7	3,0.0	(7, 0.0)
7	4,0.0	(7, 0.0)
7	5,0.0	(7, 0.0)
7	6,0.0	(7, 0.0)
7	7,0.0	(7, 0.0)
7	8,0.0	(7, 0.0)
7	9,0.0	(7, 0.0)
8	0,0.0	(8, 0.0)
8	1,0.0	(8, 0.0)
8	2,0.0	(8, 0.0)
8	3,0.0	(8, 0.0)
8	4,0.0	(8, 0.0)
8	5,0.0	(8, 0.0)
8	6,0.0	(8, 0.0)
8	7,0.0	(8, 0.0)
8	8,0.0	(8, 0.0)
8	9,0.0	(8, 0.0)
9	17,0.03125	(9, 0.0)
9	123,0.0285714285714	(9, 0.0)
9	0,0.0	(9, 0.0)
9	1,0.0	(9, 0.0)
9	2,0.0	(9, 0.0)
9	3,0.0	(9, 0.0)
9	4,0.0	(9, 0.0)
9	5,0.0	(9, 0.0)
9	6,0.0	(9, 0.0)
9	7,0.0	(9, 0.0)
10	47,0.02	(10, 0.0)
10	55,0.0196078431373	(10, 0.0)
10	0,0.0	(10, 0.0)
10	1,0.0	(10, 0.0)
10	2,0.0	(10, 0.0)
10	3,0.0	(10, 0.0)
10	4,0.0	(10, 0.0)
10	5,0.0	(10, 0.0)
10	6,0.0	(10, 0.0)
10	7,0.0	(10, 0.0)
11	0,0.0	(11, 0.0)
11	1,0.0	(11, 0.0)
11	2,0.0	(11, 0.0)
11	3,0.0	(11, 0.0)
11	4,0.0	(11, 0.0)
11	5,0.0	(11, 0.0)
11	6,0.0	(11, 0.0)
11	7,0.0	(11, 0.0)
11	8,0.0	(11, 0.0)
11	9,0.0	(11, 0.0)
12	17,0.0294117647059	(12, 0.020833333333333332)
12	123,0.027027027027	(12, 0.020833333333333332)
12	142,0.0222222222222	(12, 0.020833333333333332)
12	12,0.0208333333333	(12, 0.020833333333333332)
12	31,0.0185185185185	(12, 0.020833333333333332)
12	0,0.0	(12, 0.020833333333333332)
12	1,0.0	(12, 0.020833333333333332)
12	2,0.0	(12, 0.020833333333333332)
12	3,0.0	(12, 0.020833333333333332)
12	4,0.0	(12, 0.020833333333333332)
13	49,0.0285714285714	(13, 0.017857142857142856)
13	79,0.0263157894737	(13, 0.017857142857142856)
13	13,0.0178571428571	(13, 0.017857142857142856)
13	0,0.0	(13, 0.017857142857142856)
13	1,0.0	(13, 0.017857142857142856)
13	2,0.0	(13, 0.017857142857142856)
13	3,0.0	(13, 0.017857142857142856)
13	4,0.0	(13, 0.017857142857142856)
13	5,0.0	(13, 0.017857142857142856)
13	6,0.0	(13, 0.017857142857142856)
14	0,0.0	(14, 0.0)
14	1,0.0	(14, 0.0)
14	2,0.0	(14, 0.0)
14	3,0.0	(14, 0.0)
14	4,0.0	(14, 0.0)
14	5,0.0	(14, 0.0)
14	6,0.0	(14, 0.0)
14	7,0.0	(14, 0.0)
14	8,0.0	(14, 0.0)
14	9,0.0	(14, 0.0)
15	112,0.0526315789474	(15, 0.041666666666666664)
15	15,0.0416666666667	(15, 0.041666666666666664)
15	0,0.0	(15, 0.041666666666666664)
15	1,0.0	(15, 0.041666666666666664)
15	2,0.0	(15, 0.041666666666666664)
15	3,0.0	(15, 0.041666666666666664)
15	4,0.0	(15, 0.041666666666666664)
15	5,0.0	(15, 0.041666666666666664)
15	6,0.0	(15, 0.041666666666666664)
15	7,0.0	(15, 0.041666666666666664)
16	16,0.103448275862	(16, 0.10344827586206896)
16	33,0.0625	(16, 0.10344827586206896)
16	174,0.037037037037	(16, 0.10344827586206896)
16	86,0.0294117647059	(16, 0.10344827586206896)
16	85,0.027027027027	(16, 0.10344827586206896)
16	154,0.0238095238095	(16, 0.10344827586206896)
16	0,0.0	(16, 0.10344827586206896)
16	1,0.0	(16, 0.10344827586206896)
16	2,0.0	(16, 0.10344827586206896)
16	3,0.0	(16, 0.10344827586206896)
17	17,0.0333333333333	(17, 0.03333333333333333)
17	33,0.0294117647059	(17, 0.03333333333333333)
17	78,0.025	(17, 0.03333333333333333)
17	168,0.0232558139535	(17, 0.03333333333333333)
17	0,0.0	(17, 0.03333333333333333)
17	1,0.0	(17, 0.03333333333333333)
17	2,0.0	(17, 0.03333333333333333)
17	3,0.0	(17, 0.03333333333333333)
17	4,0.0	(17, 0.03333333333333333)
17	5,0.0	(17, 0.03333333333333333)
18	18,0.0487804878049	(18, 0.04878048780487805)
18	130,0.04	(18, 0.04878048780487805)
18	141,0.027027027027	(18, 0.04878048780487805)
18	30,0.0263157894737	(18, 0.04878048780487805)
18	164,0.0196078431373	(18, 0.04878048780487805)
18	0,0.0	(18, 0.04878048780487805)
18	1,0.0	(18, 0.04878048780487805)
18	2,0.0	(18, 0.04878048780487805)
18	3,0.0	(18, 0.04878048780487805)
18	4,0.0	(18, 0.04878048780487805)
19	17,0.030303030303	(19, 0.0)
19	123,0.0277777777778	(19, 0.0)
19	0,0.0	(19, 0.0)
19	1,0.0	(19, 0.0)
19	2,0.0	(19, 0.0)
19	3,0.0	(19, 0.0)
19	4,0.0	(19, 0.0)
19	5,0.0	(19, 0.0)
19	6,0.0	(19, 0.0)
19	7,0.0	(19, 0.0)
20	0,0.0	(20, 0.0)
20	1,0.0	(20, 0.0)
20	2,0.0	(20, 0.0)
20	3,0.0	(20, 0.0)
20	4,0.0	(20, 0.0)
20	5,0.0	(20, 0.0)
20	6,0.0	(20, 0.0)
20	7,0.0	(20, 0.0)
20	8,0.0	(20, 0.0)
20	9,0.0	(20, 0.0)
21	46,0.0322580645161	(21, 0.03125)
21	21,0.03125	(21, 0.03125)
21	0,0.0	(21, 0.03125)
21	1,0.0	(21, 0.03125)
21	2,0.0	(21, 0.03125)
21	3,0.0	(21, 0.03125)
21	4,0.0	(21, 0.03125)
21	5,0.0	(21, 0.03125)
21	6,0.0	(21, 0.03125)
21	7,0.0	(21, 0.03125)
22	22,0.0434782608696	(22, 0.043478260869565216)
22	0,0.0	(22, 0.043478260869565216)
22	1,0.0	(22, 0.043478260869565216)
22	2,0.0	(22, 0.043478260869565216)
22	3,0.0	(22, 0.043478260869565216)
22	4,0.0	(22, 0.043478260869565216)
22	5,0.0	(22, 0.043478260869565216)
22	6,0.0	(22, 0.043478260869565216)
22	7,0.0	(22, 0.043478260869565216)
22	8,0.0	(22, 0.043478260869565216)
23	23,0.037037037037	(23, 0.037037037037037035)
23	146,0.0344827586207	(23, 0.037037037037037035)
23	0,0.0	(23, 0.037037037037037035)
23	1,0.0	(23, 0.037037037037037035)
23	2,0.0	(23, 0.037037037037037035)
23	3,0.0	(23, 0.037037037037037035)
23	4,0.0	(23, 0.037037037037037035)
23	5,0.0	(23, 0.037037037037037035)
23	6,0.0	(23, 0.037037037037037035)
23	7,0.0	(23, 0.037037037037037035)
24	17,0.0384615384615	(24, 0.0)
24	21,0.0357142857143	(24, 0.0)
24	123,0.0344827586207	(24, 0.0)
24	0,0.0	(24, 0.0)
24	1,0.0	(24, 0.0)
24	2,0.0	(24, 0.0)
24	3,0.0	(24, 0.0)
24	4,0.0	(24, 0.0)
24	5,0.0	(24, 0.0)
24	6,0.0	(24, 0.0)
25	0,0.0	(25, 0.0)
25	1,0.0	(25, 0.0)
25	2,0.0	(25, 0.0)
25	3,0.0	(25, 0.0)
25	4,0.0	(25, 0.0)
25	5,0.0	(25, 0.0)
25	6,0.0	(25, 0.0)
25	7,0.0	(25, 0.0)
25	8,0.0	(25, 0.0)
25	9,0.0	(25, 0.0)
26	17,0.030303030303	(26, 0.0)
26	123,0.0277777777778	(26, 0.0)
26	0,0.0	(26, 0.0)
26	1,0.0	(26, 0.0)
26	2,0.0	(26, 0.0)
26	3,0.0	(26, 0.0)
26	4,0.0	(26, 0.0)
26	5,0.0	(26, 0.0)
26	6,0.0	(26, 0.0)
26	7,0.0	(26, 0.0)
27	17,0.0357142857143	(27, 0.034482758620689655)
27	27,0.0344827586207	(27, 0.034482758620689655)
27	123,0.0322580645161	(27, 0.034482758620689655)
27	0,0.0	(27, 0.034482758620689655)
27	1,0.0	(27, 0.034482758620689655)
27	2,0.0	(27, 0.034482758620689655)
27	3,0.0	(27, 0.034482758620689655)
27	4,0.0	(27, 0.034482758620689655)
27	5,0.0	(27, 0.034482758620689655)
27	6,0.0	(27, 0.034482758620689655)
28	17,0.0322580645161	(28, 0.0)
28	123,0.0294117647059	(28, 0.0)
28	55,0.0192307692308	(28, 0.0)
28	0,0.0	(28, 0.0)
28	1,0.0	(28, 0.0)
28	2,0.0	(28, 0.0)
28	3,0.0	(28, 0.0)
28	4,0.0	(28, 0.0)
28	5,0.0	(28, 0.0)
28	6,0.0	(28, 0.0)
29	26,0.0243902439024	(29, 0.0)
29	0,0.0	(29, 0.0)
29	1,0.0	(29, 0.0)
29	2,0.0	(29, 0.0)
29	3,0.0	(29, 0.0)
29	4,0.0	(29, 0.0)
29	5,0.0	(29, 0.0)
29	6,0.0	(29, 0.0)
29	7,0.0	(29, 0.0)
29	8,0.0	(29, 0.0)
30	130,0.0416666666667	(30, 0.02702702702702703)
30	141,0.0277777777778	(30, 0.02702702702702703)
30	30,0.027027027027	(30, 0.02702702702702703)
30	18,0.0243902439024	(30, 0.02702702702702703)
30	164,0.02	(30, 0.02702702702702703)
30	0,0.0	(30, 0.02702702702702703)
30	1,0.0	(30, 0.02702702702702703)
30	2,0.0	(30, 0.02702702702702703)
30	3,0.0	(30, 0.02702702702702703)
30	4,0.0	(30, 0.02702702702702703)
31	17,0.0263157894737	(31, 0.017241379310344827)
31	123,0.0243902439024	(31, 0.017241379310344827)
31	142,0.0204081632653	(31, 0.017241379310344827)
31	58,0.0181818181818	(31, 0.017241379310344827)
31	31,0.0172413793103	(31, 0.017241379310344827)
31	0,0.0	(31, 0.017241379310344827)
31	1,0.0	(31, 0.017241379310344827)
31	2,0.0	(31, 0.017241379310344827)
31	3,0.0	(31, 0.017241379310344827)
31	4,0.0	(31, 0.017241379310344827)
32	0,0.0	(32, 0.0)
32	1,0.0	(32, 0.0)
32	2,0.0	(32, 0.0)
32	3,0.0	(32, 0.0)
32	4,0.0	(32, 0.0)
32	5,0.0	(32, 0.0)
32	6,0.0	(32, 0.0)
32	7,0.0	(32, 0.0)
32	8,0.0	(32, 0.0)
32	9,0.0	(32, 0.0)
33	33,0.0625	(33, 0.0625)
33	174,0.037037037037	(33, 0.0625)
33	16,0.0322580645161	(33, 0.0625)
33	86,0.0294117647059	(33, 0.0625)
33	85,0.027027027027	(33, 0.0625)
33	78,0.025641025641	(33, 0.0625)
33	168,0.0238095238095	(33, 0.0625)
33	0,0.0	(33, 0.0625)
33	1,0.0	(33, 0.0625)
33	2,0.0	(33, 0.0625)
34	1,0.0277777777778	(34, 0.0)
34	0,0.0	(34, 0.0)
34	2,0.0	(34, 0.0)
34	3,0.0	(34, 0.0)
34	4,0.0	(34, 0.0)
34	5,0.0	(34, 0.0)
34	6,0.0	(34, 0.0)
34	7,0.0	(34, 0.0)
34	8,0.0	(34, 0.0)
34	9,0.0	(34, 0.0)
35	35,0.0344827586207	(35, 0.034482758620689655)
35	0,0.0	(35, 0.034482758620689655)
35	1,0.0	(35, 0.034482758620689655)
35	2,0.0	(35, 0.034482758620689655)
35	3,0.0	(35, 0.034482758620689655)
35	4,0.0	(35, 0.034482758620689655)
35	5,0.0	(35, 0.034482758620689655)
35	6,0.0	(35, 0.034482758620689655)
35	7,0.0	(35, 0.034482758620689655)
35	8,0.0	(35, 0.034482758620689655)
36	17,0.03125	(36, 0.0)
36	123,0.0285714285714	(36, 0.0)
36	0,0.0	(36, 0.0)
36	1,0.0	(36, 0.0)
36	2,0.0	(36, 0.0)
36	3,0.0	(36, 0.0)
36	4,0.0	(36, 0.0)
36	5,0.0	(36, 0.0)
36	6,0.0	(36, 0.0)
36	7,0.0	(36, 0.0)
37	18,0.0277777777778	(37, 0.0)
37	142,0.0277777777778	(37, 0.0)
37	0,0.0	(37, 0.0)
37	1,0.0	(37, 0.0)
37	2,0.0	(37, 0.0)
37	3,0.0	(37, 0.0)
37	4,0.0	(37, 0.0)
37	5,0.0	(37, 0.0)
37	6,0.0	(37, 0.0)
37	7,0.0	(37, 0.0)
38	0,0.0	(38, 0.0)
38	1,0.0	(38, 0.0)
38	2,0.0	(38, 0.0)
38	3,0.0	(38, 0.0)
38	4,0.0	(38, 0.0)
38	5,0.0	(38, 0.0)
38	6,0.0	(38, 0.0)
38	7,0.0	(38, 0.0)
38	8,0.0	(38, 0.0)
38	9,0.0	(38, 0.0)
39	0,0.0	(39, 0.0)
39	1,0.0	(39, 0.0)
39	2,0.0	(39, 0.0)
39	3,0.0	(39, 0.0)
39	4,0.0	(39, 0.0)
39	5,0.0	(39, 0.0)
39	6,0.0	(39, 0.0)
39	7,0.0	(39, 0.0)
39	8,0.0	(39, 0.0)
39	9,0.0	(39, 0.0)
40	0,0.0	(40, 0.0)
40	1,0.0	(40, 0.0)
40	2,0.0	(40, 0.0)
40	3,0.0	(40, 0.0)
40	4,0.0	(40, 0.0)
40	5,0.0	(40, 0.0)
40	6,0.0	(40, 0.0)
40	7,0.0	(40, 0.0)
40	8,0.0	(40, 0.0)
40	9,0.0	(40, 0.0)
41	17,0.030303030303	(41, 0.0)
41	123,0.0277777777778	(41, 0.0)
41	0,0.0	(41, 0.0)
41	1,0.0	(41, 0.0)
41	2,0.0	(41, 0.0)
41	3,0.0	(41, 0.0)
41	4,0.0	(41, 0.0)
41	5,0.0	(41, 0.0)
41	6,0.0	(41, 0.0)
41	7,0.0	(41, 0.0)
42	17,0.0384615384615	(42, 0.0)
42	123,0.0344827586207	(42, 0.0)
42	0,0.0	(42, 0.0)
42	1,0.0	(42, 0.0)
42	2,0.0	(42, 0.0)
42	3,0.0	(42, 0.0)
42	4,0.0	(42, 0.0)
42	5,0.0	(42, 0.0)
42	6,0.0	(42, 0.0)
42	7,0.0	(42, 0.0)
43	0,0.0	(43, 0.0)
43	1,0.0	(43, 0.0)
43	2,0.0	(43, 0.0)
43	3,0.0	(43, 0.0)
43	4,0.0	(43, 0.0)
43	5,0.0	(43, 0.0)
43	6,0.0	(43, 0.0)
43	7,0.0	(43, 0.0)
43	8,0.0	(43, 0.0)
43	9,0.0	(43, 0.0)
44	17,0.037037037037	(44, 0.03571428571428571)
44	44,0.0357142857143	(44, 0.03571428571428571)
44	123,0.0333333333333	(44, 0.03571428571428571)
44	0,0.0	(44, 0.03571428571428571)
44	1,0.0	(44, 0.03571428571428571)
44	2,0.0	(44, 0.03571428571428571)
44	3,0.0	(44, 0.03571428571428571)
44	4,0.0	(44, 0.03571428571428571)
44	5,0.0	(44, 0.03571428571428571)
44	6,0.0	(44, 0.03571428571428571)
45	22,0.0384615384615	(45, 0.03571428571428571)
45	45,0.0357142857143	(45, 0.03571428571428571)
45	17,0.0333333333333	(45, 0.03571428571428571)
45	123,0.030303030303	(45, 0.03571428571428571)
45	0,0.0	(45, 0.03571428571428571)
45	1,0.0	(45, 0.03571428571428571)
45	2,0.0	(45, 0.03571428571428571)
45	3,0.0	(45, 0.03571428571428571)
45	4,0.0	(45, 0.03571428571428571)
45	5,0.0	(45, 0.03571428571428571)
46	46,0.0666666666667	(46, 0.06666666666666667)
46	123,0.030303030303	(46, 0.06666666666666667)
46	161,0.0263157894737	(46, 0.06666666666666667)
46	0,0.0	(46, 0.06666666666666667)
46	1,0.0	(46, 0.06666666666666667)
46	2,0.0	(46, 0.06666666666666667)
46	3,0.0	(46, 0.06666666666666667)
46	4,0.0	(46, 0.06666666666666667)
46	5,0.0	(46, 0.06666666666666667)
46	6,0.0	(46, 0.06666666666666667)
47	55,0.0212765957447	(47, 0.0)
47	0,0.0	(47, 0.0)
47	1,0.0	(47, 0.0)
47	2,0.0	(47, 0.0)
47	3,0.0	(47, 0.0)
47	4,0.0	(47, 0.0)
47	5,0.0	(47, 0.0)
47	6,0.0	(47, 0.0)
47	7,0.0	(47, 0.0)
47	8,0.0	(47, 0.0)
48	48,0.0555555555556	(48, 0.05555555555555555)
48	0,0.0	(48, 0.05555555555555555)
48	1,0.0	(48, 0.05555555555555555)
48	2,0.0	(48, 0.05555555555555555)
48	3,0.0	(48, 0.05555555555555555)
48	4,0.0	(48, 0.05555555555555555)
48	5,0.0	(48, 0.05555555555555555)
48	6,0.0	(48, 0.05555555555555555)
48	7,0.0	(48, 0.05555555555555555)
48	8,0.0	(48, 0.05555555555555555)
49	149,0.05	(49, 0.038461538461538464)
49	49,0.0384615384615	(49, 0.038461538461538464)
49	59,0.0384615384615	(49, 0.038461538461538464)
49	17,0.0344827586207	(49, 0.038461538461538464)
49	50,0.0333333333333	(49, 0.038461538461538464)
49	127,0.0322580645161	(49, 0.038461538461538464)
49	123,0.03125	(49, 0.038461538461538464)
49	28,0.025641025641	(49, 0.038461538461538464)
49	36,0.025	(49, 0.038461538461538464)
49	83,0.025	(49, 0.038461538461538464)
50	0,0.0	(50, 0.0)
50	1,0.0	(50, 0.0)
50	2,0.0	(50, 0.0)
50	3,0.0	(50, 0.0)
50	4,0.0	(50, 0.0)
50	5,0.0	(50, 0.0)
50	6,0.0	(50, 0.0)
50	7,0.0	(50, 0.0)
50	8,0.0	(50, 0.0)
50	9,0.0	(50, 0.0)
51	51,0.0408163265306	(51, 0.04081632653061224)
51	0,0.0	(51, 0.04081632653061224)
51	1,0.0	(51, 0.04081632653061224)
51	2,0.0	(51, 0.04081632653061224)
51	3,0.0	(51, 0.04081632653061224)
51	4,0.0	(51, 0.04081632653061224)
51	5,0.0	(51, 0.04081632653061224)
51	6,0.0	(51, 0.04081632653061224)
51	7,0.0	(51, 0.04081632653061224)
51	8,0.0	(51, 0.04081632653061224)
52	52,0.0566037735849	(52, 0.05660377358490566)
52	17,0.0243902439024	(52, 0.05660377358490566)
52	123,0.0227272727273	(52, 0.05660377358490566)
52	0,0.0	(52, 0.05660377358490566)
52	1,0.0	(52, 0.05660377358490566)
52	2,0.0	(52, 0.05660377358490566)
52	3,0.0	(52, 0.05660377358490566)
52	4,0.0	(52, 0.05660377358490566)
52	5,0.0	(52, 0.05660377358490566)
52	6,0.0	(52, 0.05660377358490566)
53	86,0.0285714285714	(53, 0.0)
53	0,0.0	(53, 0.0)
53	1,0.0	(53, 0.0)
53	2,0.0	(53, 0.0)
53	3,0.0	(53, 0.0)
53	4,0.0	(53, 0.0)
53	5,0.0	(53, 0.0)
53	6,0.0	(53, 0.0)
53	7,0.0	(53, 0.0)
53	8,0.0	(53, 0.0)
54	54,0.0384615384615	(54, 0.038461538461538464)
54	168,0.0243902439024	(54, 0.038461538461538464)
54	0,0.0	(54, 0.038461538461538464)
54	1,0.0	(54, 0.038461538461538464)
54	2,0.0	(54, 0.038461538461538464)
54	3,0.0	(54, 0.038461538461538464)
54	4,0.0	(54, 0.038461538461538464)
54	5,0.0	(54, 0.038461538461538464)
54	6,0.0	(54, 0.038461538461538464)
54	7,0.0	(54, 0.038461538461538464)
55	0,0.0	(55, 0.0)
55	1,0.0	(55, 0.0)
55	2,0.0	(55, 0.0)
55	3,0.0	(55, 0.0)
55	4,0.0	(55, 0.0)
55	5,0.0	(55, 0.0)
55	6,0.0	(55, 0.0)
55	7,0.0	(55, 0.0)
55	8,0.0	(55, 0.0)
55	9,0.0	(55, 0.0)
56	56,0.025	(56, 0.025)
56	0,0.0	(56, 0.025)
56	1,0.0	(56, 0.025)
56	2,0.0	(56, 0.025)
56	3,0.0	(56, 0.025)
56	4,0.0	(56, 0.025)
56	5,0.0	(56, 0.025)
56	6,0.0	(56, 0.025)
56	7,0.0	(56, 0.025)
56	8,0.0	(56, 0.025)
57	0,0.0	(57, 0.0)
57	1,0.0	(57, 0.0)
57	2,0.0	(57, 0.0)
57	3,0.0	(57, 0.0)
57	4,0.0	(57, 0.0)
57	5,0.0	(57, 0.0)
57	6,0.0	(57, 0.0)
57	7,0.0	(57, 0.0)
57	8,0.0	(57, 0.0)
57	9,0.0	(57, 0.0)
58	17,0.03125	(58, 0.0)
58	123,0.0285714285714	(58, 0.0)
58	0,0.0	(58, 0.0)
58	1,0.0	(58, 0.0)
58	2,0.0	(58, 0.0)
58	3,0.0	(58, 0.0)
58	4,0.0	(58, 0.0)
58	5,0.0	(58, 0.0)
58	6,0.0	(58, 0.0)
58	7,0.0	(58, 0.0)
59	59,0.04	(59, 0.04)
59	108,0.0384615384615	(59, 0.04)
59	17,0.0357142857143	(59, 0.04)
59	19,0.0333333333333	(59, 0.04)
59	123,0.0322580645161	(59, 0.04)
59	1,0.0263157894737	(59, 0.04)
59	0,0.0	(59, 0.04)
59	2,0.0	(59, 0.04)
59	3,0.0	(59, 0.04)
59	4,0.0	(59, 0.04)
60	0,0.0	(60, 0.0)
60	1,0.0	(60, 0.0)
60	2,0.0	(60, 0.0)
60	3,0.0	(60, 0.0)
60	4,0.0	(60, 0.0)
60	5,0.0	(60, 0.0)
60	6,0.0	(60, 0.0)
60	7,0.0	(60, 0.0)
60	8,0.0	(60, 0.0)
60	9,0.0	(60, 0.0)
61	0,0.0	(61, 0.0)
61	1,0.0	(61, 0.0)
61	2,0.0	(61, 0.0)
61	3,0.0	(61, 0.0)
61	4,0.0	(61, 0.0)
61	5,0.0	(61, 0.0)
61	6,0.0	(61, 0.0)
61	7,0.0	(61, 0.0)
61	8,0.0	(61, 0.0)
61	9,0.0	(61, 0.0)
62	0,0.0	(62, 0.0)
62	1,0.0	(62, 0.0)
62	2,0.0	(62, 0.0)
62	3,0.0	(62, 0.0)
62	4,0.0	(62, 0.0)
62	5,0.0	(62, 0.0)
62	6,0.0	(62, 0.0)
62	7,0.0	(62, 0.0)
62	8,0.0	(62, 0.0)
62	9,0.0	(62, 0.0)
63	79,0.04	(63, 0.0)
63	86,0.0333333333333	(63, 0.0)
63	0,0.0	(63, 0.0)
63	1,0.0	(63, 0.0)
63	2,0.0	(63, 0.0)
63	3,0.0	(63, 0.0)
63	4,0.0	(63, 0.0)
63	5,0.0	(63, 0.0)
63	6,0.0	(63, 0.0)
63	7,0.0	(63, 0.0)
64	0,0.0	(64, 0.0)
64	1,0.0	(64, 0.0)
64	2,0.0	(64, 0.0)
64	3,0.0	(64, 0.0)
64	4,0.0	(64, 0.0)
64	5,0.0	(64, 0.0)
64	6,0.0	(64, 0.0)
64	7,0.0	(64, 0.0)
64	8,0.0	(64, 0.0)
64	9,0.0	(64, 0.0)
65	17,0.037037037037	(65, 0.0)
65	123,0.0333333333333	(65, 0.0)
65	0,0.0	(65, 0.0)
65	1,0.0	(65, 0.0)
65	2,0.0	(65, 0.0)
65	3,0.0	(65, 0.0)
65	4,0.0	(65, 0.0)
65	5,0.0	(65, 0.0)
65	6,0.0	(65, 0.0)
65	7,0.0	(65, 0.0)
66	0,0.0	(66, 0.0)
66	1,0.0	(66, 0.0)
66	2,0.0	(66, 0.0)
66	3,0.0	(66, 0.0)
66	4,0.0	(66, 0.0)
66	5,0.0	(66, 0.0)
66	6,0.0	(66, 0.0)
66	7,0.0	(66, 0.0)
66	8,0.0	(66, 0.0)
66	9,0.0	(66, 0.0)
67	73,0.05	(67, 0.0)
67	118,0.0263157894737	(67, 0.0)
67	51,0.0238095238095	(67, 0.0)
67	47,0.0217391304348	(67, 0.0)
67	150,0.0212765957447	(67, 0.0)
67	0,0.0	(67, 0.0)
67	1,0.0	(67, 0.0)
67	2,0.0	(67, 0.0)
67	3,0.0	(67, 0.0)
67	4,0.0	(67, 0.0)
68	0,0.0	(68, 0.0)
68	1,0.0	(68, 0.0)
68	2,0.0	(68, 0.0)
68	3,0.0	(68, 0.0)
68	4,0.0	(68, 0.0)
68	5,0.0	(68, 0.0)
68	6,0.0	(68, 0.0)
68	7,0.0	(68, 0.0)
68	8,0.0	(68, 0.0)
68	9,0.0	(68, 0.0)
69	17,0.0322580645161	(69, 0.0)
69	123,0.0294117647059	(69, 0.0)
69	55,0.0192307692308	(69, 0.0)
69	0,0.0	(69, 0.0)
69	1,0.0	(69, 0.0)
69	2,0.0	(69, 0.0)
69	3,0.0	(69, 0.0)
69	4,0.0	(69, 0.0)
69	5,0.0	(69, 0.0)
69	6,0.0	(69, 0.0)
70	0,0.0	(70, 0.0)
70	1,0.0	(70, 0.0)
70	2,0.0	(70, 0.0)
70	3,0.0	(70, 0.0)
70	4,0.0	(70, 0.0)
70	5,0.0	(70, 0.0)
70	6,0.0	(70, 0.0)
70	7,0.0	(70, 0.0)
70	8,0.0	(70, 0.0)
70	9,0.0	(70, 0.0)
71	71,0.0645161290323	(71, 0.06451612903225806)
71	131,0.037037037037	(71, 0.06451612903225806)
71	80,0.0333333333333	(71, 0.06451612903225806)
71	0,0.0	(71, 0.06451612903225806)
71	1,0.0	(71, 0.06451612903225806)
71	2,0.0	(71, 0.06451612903225806)
71	3,0.0	(71, 0.06451612903225806)
71	4,0.0	(71, 0.06451612903225806)
71	5,0.0	(71, 0.06451612903225806)
71	6,0.0	(71, 0.06451612903225806)
72	0,0.0	(72, 0.0)
72	1,0.0	(72, 0.0)
72	2,0.0	(72, 0.0)
72	3,0.0	(72, 0.0)
72	4,0.0	(72, 0.0)
72	5,0.0	(72, 0.0)
72	6,0.0	(72, 0.0)
72	7,0.0	(72, 0.0)
72	8,0.0	(72, 0.0)
72	9,0.0	(72, 0.0)
73	86,0.0333333333333	(73, 0.0)
73	0,0.0	(73, 0.0)
73	1,0.0	(73, 0.0)
73	2,0.0	(73, 0.0)
73	3,0.0	(73, 0.0)
73	4,0.0	(73, 0.0)
73	5,0.0	(73, 0.0)
73	6,0.0	(73, 0.0)
73	7,0.0	(73, 0.0)
73	8,0.0	(73, 0.0)
74	86,0.0322580645161	(74, 0.0)
74	0,0.0	(74, 0.0)
74	1,0.0	(74, 0.0)
74	2,0.0	(74, 0.0)
74	3,0.0	(74, 0.0)
74	4,0.0	(74, 0.0)
74	5,0.0	(74, 0.0)
74	6,0.0	(74, 0.0)
74	7,0.0	(74, 0.0)
74	8,0.0	(74, 0.0)
75	0,0.0	(75, 0.0)
75	1,0.0	(75, 0.0)
75	2,0.0	(75, 0.0)
75	3,0.0	(75, 0.0)
75	4,0.0	(75, 0.0)
75	5,0.0	(75, 0.0)
75	6,0.0	(75, 0.0)
75	7,0.0	(75, 0.0)
75	8,0.0	(75, 0.0)
75	9,0.0	(75, 0.0)
76	0,0.0	(76, 0.0)
76	1,0.0	(76, 0.0)
76	2,0.0	(76, 0.0)
76	3,0.0	(76, 0.0)
76	4,0.0	(76, 0.0)
76	5,0.0	(76, 0.0)
76	6,0.0	(76, 0.0)
76	7,0.0	(76, 0.0)
76	8,0.0	(76, 0.0)
76	9,0.0	(76, 0.0)
77	0,0.0	(77, 0.0)
77	1,0.0	(77, 0.0)
77	2,0.0	(77, 0.0)
77	3,0.0	(77, 0.0)
77	4,0.0	(77, 0.0)
77	5,0.0	(77, 0.0)
77	6,0.0	(77, 0.0)
77	7,0.0	(77, 0.0)
77	8,0.0	(77, 0.0)
77	9,0.0	(77, 0.0)
78	33,0.0285714285714	(78, 0.024390243902439025)
78	86,0.0277777777778	(78, 0.024390243902439025)
78	78,0.0243902439024	(78, 0.024390243902439025)
78	168,0.0227272727273	(78, 0.024390243902439025)
78	0,0.0	(78, 0.024390243902439025)
78	1,0.0	(78, 0.024390243902439025)
78	2,0.0	(78, 0.024390243902439025)
78	3,0.0	(78, 0.024390243902439025)
78	4,0.0	(78, 0.024390243902439025)
78	5,0.0	(78, 0.024390243902439025)
79	0,0.0	(79, 0.0)
79	1,0.0	(79, 0.0)
79	2,0.0	(79, 0.0)
79	3,0.0	(79, 0.0)
79	4,0.0	(79, 0.0)
79	5,0.0	(79, 0.0)
79	6,0.0	(79, 0.0)
79	7,0.0	(79, 0.0)
79	8,0.0	(79, 0.0)
79	9,0.0	(79, 0.0)
80	131,0.04	(80, 0.03571428571428571)
80	80,0.0357142857143	(80, 0.03571428571428571)
80	17,0.0333333333333	(80, 0.03571428571428571)
80	71,0.0333333333333	(80, 0.03571428571428571)
80	123,0.030303030303	(80, 0.03571428571428571)
80	0,0.0	(80, 0.03571428571428571)
80	1,0.0	(80, 0.03571428571428571)
80	2,0.0	(80, 0.03571428571428571)
80	3,0.0	(80, 0.03571428571428571)
80	4,0.0	(80, 0.03571428571428571)
81	66,0.0588235294118	(81, 0.0)
81	2,0.0526315789474	(81, 0.0)
81	105,0.0384615384615	(81, 0.0)
81	100,0.037037037037	(81, 0.0)
81	157,0.0333333333333	(81, 0.0)
81	86,0.0322580645161	(81, 0.0)
81	0,0.0	(81, 0.0)
81	1,0.0	(81, 0.0)
81	3,0.0	(81, 0.0)
81	4,0.0	(81, 0.0)
82	82,0.0769230769231	(82, 0.07692307692307693)
82	0,0.0	(82, 0.07692307692307693)
82	1,0.0	(82, 0.07692307692307693)
82	2,0.0	(82, 0.07692307692307693)
82	3,0.0	(82, 0.07692307692307693)
82	4,0.0	(82, 0.07692307692307693)
82	5,0.0	(82, 0.07692307692307693)
82	6,0.0	(82, 0.07692307692307693)
82	7,0.0	(82, 0.07692307692307693)
82	8,0.0	(82, 0.07692307692307693)
83	0,0.0	(83, 0.0)
83	1,0.0	(83, 0.0)
83	2,0.0	(83, 0.0)
83	3,0.0	(83, 0.0)
83	4,0.0	(83, 0.0)
83	5,0.0	(83, 0.0)
83	6,0.0	(83, 0.0)
83	7,0.0	(83, 0.0)
83	8,0.0	(83, 0.0)
83	9,0.0	(83, 0.0)
84	0,0.0	(84, 0.0)
84	1,0.0	(84, 0.0)
84	2,0.0	(84, 0.0)
84	3,0.0	(84, 0.0)
84	4,0.0	(84, 0.0)
84	5,0.0	(84, 0.0)
84	6,0.0	(84, 0.0)
84	7,0.0	(84, 0.0)
84	8,0.0	(84, 0.0)
84	9,0.0	(84, 0.0)
85	174,0.0333333333333	(85, 0.025)
85	17,0.03125	(85, 0.025)
85	16,0.0294117647059	(85, 0.025)
85	123,0.0285714285714	(85, 0.025)
85	33,0.0277777777778	(85, 0.025)
85	85,0.025	(85, 0.025)
85	0,0.0	(85, 0.025)
85	1,0.0	(85, 0.025)
85	2,0.0	(85, 0.025)
85	3,0.0	(85, 0.025)
86	66,0.0555555555556	(86, 0.03125)
86	2,0.05	(86, 0.03125)
86	17,0.037037037037	(86, 0.03125)
86	105,0.037037037037	(86, 0.03125)
86	100,0.0357142857143	(86, 0.03125)
86	123,0.0333333333333	(86, 0.03125)
86	157,0.0322580645161	(86, 0.03125)
86	86,0.03125	(86, 0.03125)
86	0,0.0	(86, 0.03125)
86	1,0.0	(86, 0.03125)
87	0,0.0	(87, 0.0)
87	1,0.0	(87, 0.0)
87	2,0.0	(87, 0.0)
87	3,0.0	(87, 0.0)
87	4,0.0	(87, 0.0)
87	5,0.0	(87, 0.0)
87	6,0.0	(87, 0.0)
87	7,0.0	(87, 0.0)
87	8,0.0	(87, 0.0)
87	9,0.0	(87, 0.0)
88	0,0.0	(88, 0.0)
88	1,0.0	(88, 0.0)
88	2,0.0	(88, 0.0)
88	3,0.0	(88, 0.0)
88	4,0.0	(88, 0.0)
88	5,0.0	(88, 0.0)
88	6,0.0	(88, 0.0)
88	7,0.0	(88, 0.0)
88	8,0.0	(88, 0.0)
88	9,0.0	(88, 0.0)
89	0,0.0	(89, 0.0)
89	1,0.0	(89, 0.0)
89	2,0.0	(89, 0.0)
89	3,0.0	(89, 0.0)
89	4,0.0	(89, 0.0)
89	5,0.0	(89, 0.0)
89	6,0.0	(89, 0.0)
89	7,0.0	(89, 0.0)
89	8,0.0	(89, 0.0)
89	9,0.0	(89, 0.0)
90	90,0.0952380952381	(90, 0.09523809523809523)
90	0,0.0	(90, 0.09523809523809523)
90	1,0.0	(90, 0.09523809523809523)
90	2,0.0	(90, 0.09523809523809523)
90	3,0.0	(90, 0.09523809523809523)
90	4,0.0	(90, 0.09523809523809523)
90	5,0.0	(90, 0.09523809523809523)
90	6,0.0	(90, 0.09523809523809523)
90	7,0.0	(90, 0.09523809523809523)
90	8,0.0	(90, 0.09523809523809523)
91	130,0.0526315789474	(91, 0.0)
91	87,0.0294117647059	(91, 0.0)
91	0,0.0	(91, 0.0)
91	1,0.0	(91, 0.0)
91	2,0.0	(91, 0.0)
91	3,0.0	(91, 0.0)
91	4,0.0	(91, 0.0)
91	5,0.0	(91, 0.0)
91	6,0.0	(91, 0.0)
91	7,0.0	(91, 0.0)
92	17,0.04	(92, 0.0)
92	123,0.0357142857143	(92, 0.0)
92	0,0.0	(92, 0.0)
92	1,0.0	(92, 0.0)
92	2,0.0	(92, 0.0)
92	3,0.0	(92, 0.0)
92	4,0.0	(92, 0.0)
92	5,0.0	(92, 0.0)
92	6,0.0	(92, 0.0)
92	7,0.0	(92, 0.0)
93	49,0.0526315789474	(93, 0.0)
93	0,0.0	(93, 0.0)
93	1,0.0	(93, 0.0)
93	2,0.0	(93, 0.0)
93	3,0.0	(93, 0.0)
93	4,0.0	(93, 0.0)
93	5,0.0	(93, 0.0)
93	6,0.0	(93, 0.0)
93	7,0.0	(93, 0.0)
93	8,0.0	(93, 0.0)
94	17,0.0333333333333	(94, 0.0)
94	123,0.030303030303	(94, 0.0)
94	0,0.0	(94, 0.0)
94	1,0.0	(94, 0.0)
94	2,0.0	(94, 0.0)
94	3,0.0	(94, 0.0)
94	4,0.0	(94, 0.0)
94	5,0.0	(94, 0.0)
94	6,0.0	(94, 0.0)
94	7,0.0	(94, 0.0)
95	0,0.0	(95, 0.0)
95	1,0.0	(95, 0.0)
95	2,0.0	(95, 0.0)
95	3,0.0	(95, 0.0)
95	4,0.0	(95, 0.0)
95	5,0.0	(95, 0.0)
95	6,0.0	(95, 0.0)
95	7,0.0	(95, 0.0)
95	8,0.0	(95, 0.0)
95	9,0.0	(95, 0.0)
96	3,0.0666666666667	(96, 0.02631578947368421)
96	96,0.0263157894737	(96, 0.02631578947368421)
96	154,0.025	(96, 0.02631578947368421)
96	12,0.0243902439024	(96, 0.02631578947368421)
96	165,0.0238095238095	(96, 0.02631578947368421)
96	152,0.0222222222222	(96, 0.02631578947368421)
96	0,0.0	(96, 0.02631578947368421)
96	1,0.0	(96, 0.02631578947368421)
96	2,0.0	(96, 0.02631578947368421)
96	4,0.0	(96, 0.02631578947368421)
97	97,0.125	(97, 0.125)
97	0,0.0	(97, 0.125)
97	1,0.0	(97, 0.125)
97	2,0.0	(97, 0.125)
97	3,0.0	(97, 0.125)
97	4,0.0	(97, 0.125)
97	5,0.0	(97, 0.125)
97	6,0.0	(97, 0.125)
97	7,0.0	(97, 0.125)
97	8,0.0	(97, 0.125)
98	0,0.0	(98, 0.0)
98	1,0.0	(98, 0.0)
98	2,0.0	(98, 0.0)
98	3,0.0	(98, 0.0)
98	4,0.0	(98, 0.0)
98	5,0.0	(98, 0.0)
98	6,0.0	(98, 0.0)
98	7,0.0	(98, 0.0)
98	8,0.0	(98, 0.0)
98	9,0.0	(98, 0.0)
99	0,0.0	(99, 0.0)
99	1,0.0	(99, 0.0)
99	2,0.0	(99, 0.0)
99	3,0.0	(99, 0.0)
99	4,0.0	(99, 0.0)
99	5,0.0	(99, 0.0)
99	6,0.0	(99, 0.0)
99	7,0.0	(99, 0.0)
99	8,0.0	(99, 0.0)
99	9,0.0	(99, 0.0)
100	100,0.0714285714286	(100, 0.07142857142857142)
100	66,0.0526315789474	(100, 0.07142857142857142)
100	2,0.047619047619	(100, 0.07142857142857142)
100	17,0.0357142857143	(100, 0.07142857142857142)
100	105,0.0357142857143	(100, 0.07142857142857142)
100	27,0.0344827586207	(100, 0.07142857142857142)
100	123,0.0322580645161	(100, 0.07142857142857142)
100	157,0.03125	(100, 0.07142857142857142)
100	86,0.030303030303	(100, 0.07142857142857142)
100	0,0.0	(100, 0.07142857142857142)
101	0,0.0	(101, 0.0)
101	1,0.0	(101, 0.0)
101	2,0.0	(101, 0.0)
101	3,0.0	(101, 0.0)
101	4,0.0	(101, 0.0)
101	5,0.0	(101, 0.0)
101	6,0.0	(101, 0.0)
101	7,0.0	(101, 0.0)
101	8,0.0	(101, 0.0)
101	9,0.0	(101, 0.0)
102	17,0.027027027027	(102, 0.0)
102	123,0.025	(102, 0.0)
102	0,0.0	(102, 0.0)
102	1,0.0	(102, 0.0)
102	2,0.0	(102, 0.0)
102	3,0.0	(102, 0.0)
102	4,0.0	(102, 0.0)
102	5,0.0	(102, 0.0)
102	6,0.0	(102, 0.0)
102	7,0.0	(102, 0.0)
103	0,0.0	(103, 0.0)
103	1,0.0	(103, 0.0)
103	2,0.0	(103, 0.0)
103	3,0.0	(103, 0.0)
103	4,0.0	(103, 0.0)
103	5,0.0	(103, 0.0)
103	6,0.0	(103, 0.0)
103	7,0.0	(103, 0.0)
103	8,0.0	(103, 0.0)
103	9,0.0	(103, 0.0)
104	17,0.030303030303	(104, 0.023255813953488372)
104	123,0.0277777777778	(104, 0.023255813953488372)
104	104,0.0232558139535	(104, 0.023255813953488372)
104	89,0.0227272727273	(104, 0.023255813953488372)
104	0,0.0	(104, 0.023255813953488372)
104	1,0.0	(104, 0.023255813953488372)
104	2,0.0	(104, 0.023255813953488372)
104	3,0.0	(104, 0.023255813953488372)
104	4,0.0	(104, 0.023255813953488372)
104	5,0.0	(104, 0.023255813953488372)
105	66,0.0416666666667	(105, 0.030303030303030304)
105	2,0.0384615384615	(105, 0.030303030303030304)
105	105,0.030303030303	(105, 0.030303030303030304)
105	100,0.0294117647059	(105, 0.030303030303030304)
105	157,0.027027027027	(105, 0.030303030303030304)
105	86,0.0263157894737	(105, 0.030303030303030304)
105	0,0.0	(105, 0.030303030303030304)
105	1,0.0	(105, 0.030303030303030304)
105	3,0.0	(105, 0.030303030303030304)
105	4,0.0	(105, 0.030303030303030304)
106	106,0.0434782608696	(106, 0.043478260869565216)
106	17,0.0357142857143	(106, 0.043478260869565216)
106	123,0.0322580645161	(106, 0.043478260869565216)
106	0,0.0	(106, 0.043478260869565216)
106	1,0.0	(106, 0.043478260869565216)
106	2,0.0	(106, 0.043478260869565216)
106	3,0.0	(106, 0.043478260869565216)
106	4,0.0	(106, 0.043478260869565216)
106	5,0.0	(106, 0.043478260869565216)
106	6,0.0	(106, 0.043478260869565216)
107	0,0.0	(107, 0.0)
107	1,0.0	(107, 0.0)
107	2,0.0	(107, 0.0)
107	3,0.0	(107, 0.0)
107	4,0.0	(107, 0.0)
107	5,0.0	(107, 0.0)
107	6,0.0	(107, 0.0)
107	7,0.0	(107, 0.0)
107	8,0.0	(107, 0.0)
107	9,0.0	(107, 0.0)
108	59,0.0416666666667	(108, 0.04)
108	108,0.04	(108, 0.04)
108	19,0.0344827586207	(108, 0.04)
108	1,0.027027027027	(108, 0.04)
108	0,0.0	(108, 0.04)
108	2,0.0	(108, 0.04)
108	3,0.0	(108, 0.04)
108	4,0.0	(108, 0.04)
108	5,0.0	(108, 0.04)
108	6,0.0	(108, 0.04)
109	17,0.0344827586207	(109, 0.0)
109	123,0.03125	(109, 0.0)
109	0,0.0	(109, 0.0)
109	1,0.0	(109, 0.0)
109	2,0.0	(109, 0.0)
109	3,0.0	(109, 0.0)
109	4,0.0	(109, 0.0)
109	5,0.0	(109, 0.0)
109	6,0.0	(109, 0.0)
109	7,0.0	(109, 0.0)
110	0,0.0	(110, 0.0)
110	1,0.0	(110, 0.0)
110	2,0.0	(110, 0.0)
110	3,0.0	(110, 0.0)
110	4,0.0	(110, 0.0)
110	5,0.0	(110, 0.0)
110	6,0.0	(110, 0.0)
110	7,0.0	(110, 0.0)
110	8,0.0	(110, 0.0)
110	9,0.0	(110, 0.0)
111	0,0.0	(111, 0.0)
111	1,0.0	(111, 0.0)
111	2,0.0	(111, 0.0)
111	3,0.0	(111, 0.0)
111	4,0.0	(111, 0.0)
111	5,0.0	(111, 0.0)
111	6,0.0	(111, 0.0)
111	7,0.0	(111, 0.0)
111	8,0.0	(111, 0.0)
111	9,0.0	(111, 0.0)
112	112,0.1	(112, 0.1)
112	0,0.0	(112, 0.1)
112	1,0.0	(112, 0.1)
112	2,0.0	(112, 0.1)
112	3,0.0	(112, 0.1)
112	4,0.0	(112, 0.1)
112	5,0.0	(112, 0.1)
112	6,0.0	(112, 0.1)
112	7,0.0	(112, 0.1)
112	8,0.0	(112, 0.1)
113	49,0.0384615384615	(113, 0.0)
113	0,0.0	(113, 0.0)
113	1,0.0	(113, 0.0)
113	2,0.0	(113, 0.0)
113	3,0.0	(113, 0.0)
113	4,0.0	(113, 0.0)
113	5,0.0	(113, 0.0)
113	6,0.0	(113, 0.0)
113	7,0.0	(113, 0.0)
113	8,0.0	(113, 0.0)
114	17,0.0333333333333	(114, 0.0)
114	123,0.030303030303	(114, 0.0)
114	0,0.0	(114, 0.0)
114	1,0.0	(114, 0.0)
114	2,0.0	(114, 0.0)
114	3,0.0	(114, 0.0)
114	4,0.0	(114, 0.0)
114	5,0.0	(114, 0.0)
114	6,0.0	(114, 0.0)
114	7,0.0	(114, 0.0)
115	115,0.0204081632653	(115, 0.02040816326530612)
115	173,0.0188679245283	(115, 0.02040816326530612)
115	0,0.0	(115, 0.02040816326530612)
115	1,0.0	(115, 0.02040816326530612)
115	2,0.0	(115, 0.02040816326530612)
115	3,0.0	(115, 0.02040816326530612)
115	4,0.0	(115, 0.02040816326530612)
115	5,0.0	(115, 0.02040816326530612)
115	6,0.0	(115, 0.02040816326530612)
115	7,0.0	(115, 0.02040816326530612)
116	0,0.0	(116, 0.0)
116	1,0.0	(116, 0.0)
116	2,0.0	(116, 0.0)
116	3,0.0	(116, 0.0)
116	4,0.0	(116, 0.0)
116	5,0.0	(116, 0.0)
116	6,0.0	(116, 0.0)
116	7,0.0	(116, 0.0)
116	8,0.0	(116, 0.0)
116	9,0.0	(116, 0.0)
117	17,0.0344827586207	(117, 0.0)
117	123,0.03125	(117, 0.0)
117	86,0.0294117647059	(117, 0.0)
117	0,0.0	(117, 0.0)
117	1,0.0	(117, 0.0)
117	2,0.0	(117, 0.0)
117	3,0.0	(117, 0.0)
117	4,0.0	(117, 0.0)
117	5,0.0	(117, 0.0)
117	6,0.0	(117, 0.0)
118	86,0.025641025641	(118, 0.021739130434782608)
118	118,0.0217391304348	(118, 0.021739130434782608)
118	0,0.0	(118, 0.021739130434782608)
118	1,0.0	(118, 0.021739130434782608)
118	2,0.0	(118, 0.021739130434782608)
118	3,0.0	(118, 0.021739130434782608)
118	4,0.0	(118, 0.021739130434782608)
118	5,0.0	(118, 0.021739130434782608)
118	6,0.0	(118, 0.021739130434782608)
118	7,0.0	(118, 0.021739130434782608)
119	93,0.05	(119, 0.0)
119	0,0.0	(119, 0.0)
119	1,0.0	(119, 0.0)
119	2,0.0	(119, 0.0)
119	3,0.0	(119, 0.0)
119	4,0.0	(119, 0.0)
119	5,0.0	(119, 0.0)
119	6,0.0	(119, 0.0)
119	7,0.0	(119, 0.0)
119	8,0.0	(119, 0.0)
120	0,0.0	(120, 0.0)
120	1,0.0	(120, 0.0)
120	2,0.0	(120, 0.0)
120	3,0.0	(120, 0.0)
120	4,0.0	(120, 0.0)
120	5,0.0	(120, 0.0)
120	6,0.0	(120, 0.0)
120	7,0.0	(120, 0.0)
120	8,0.0	(120, 0.0)
120	9,0.0	(120, 0.0)
121	17,0.0357142857143	(121, 0.0)
121	123,0.0322580645161	(121, 0.0)
121	86,0.030303030303	(121, 0.0)
121	0,0.0	(121, 0.0)
121	1,0.0	(121, 0.0)
121	2,0.0	(121, 0.0)
121	3,0.0	(121, 0.0)
121	4,0.0	(121, 0.0)
121	5,0.0	(121, 0.0)
121	6,0.0	(121, 0.0)
122	122,0.0588235294118	(122, 0.058823529411764705)
122	0,0.0	(122, 0.058823529411764705)
122	1,0.0	(122, 0.058823529411764705)
122	2,0.0	(122, 0.058823529411764705)
122	3,0.0	(122, 0.058823529411764705)
122	4,0.0	(122, 0.058823529411764705)
122	5,0.0	(122, 0.058823529411764705)
122	6,0.0	(122, 0.058823529411764705)
122	7,0.0	(122, 0.058823529411764705)
122	8,0.0	(122, 0.058823529411764705)
123	0,0.0	(123, 0.0)
123	1,0.0	(123, 0.0)
123	2,0.0	(123, 0.0)
123	3,0.0	(123, 0.0)
123	4,0.0	(123, 0.0)
123	5,0.0	(123, 0.0)
123	6,0.0	(123, 0.0)
123	7,0.0	(123, 0.0)
123	8,0.0	(123, 0.0)
123	9,0.0	(123, 0.0)
124	0,0.0	(124, 0.0)
124	1,0.0	(124, 0.0)
124	2,0.0	(124, 0.0)
124	3,0.0	(124, 0.0)
124	4,0.0	(124, 0.0)
124	5,0.0	(124, 0.0)
124	6,0.0	(124, 0.0)
124	7,0.0	(124, 0.0)
124	8,0.0	(124, 0.0)
124	9,0.0	(124, 0.0)
125	86,0.0243902439024	(125, 0.023255813953488372)
125	125,0.0232558139535	(125, 0.023255813953488372)
125	0,0.0	(125, 0.023255813953488372)
125	1,0.0	(125, 0.023255813953488372)
125	2,0.0	(125, 0.023255813953488372)
125	3,0.0	(125, 0.023255813953488372)
125	4,0.0	(125, 0.023255813953488372)
125	5,0.0	(125, 0.023255813953488372)
125	6,0.0	(125, 0.023255813953488372)
125	7,0.0	(125, 0.023255813953488372)
126	0,0.0	(126, 0.0)
126	1,0.0	(126, 0.0)
126	2,0.0	(126, 0.0)
126	3,0.0	(126, 0.0)
126	4,0.0	(126, 0.0)
126	5,0.0	(126, 0.0)
126	6,0.0	(126, 0.0)
126	7,0.0	(126, 0.0)
126	8,0.0	(126, 0.0)
126	9,0.0	(126, 0.0)
127	17,0.0384615384615	(127, 0.0)
127	123,0.0344827586207	(127, 0.0)
127	0,0.0	(127, 0.0)
127	1,0.0	(127, 0.0)
127	2,0.0	(127, 0.0)
127	3,0.0	(127, 0.0)
127	4,0.0	(127, 0.0)
127	5,0.0	(127, 0.0)
127	6,0.0	(127, 0.0)
127	7,0.0	(127, 0.0)
128	99,0.0344827586207	(128, 0.0)
128	171,0.03125	(128, 0.0)
128	155,0.0277777777778	(128, 0.0)
128	17,0.0263157894737	(128, 0.0)
128	123,0.0243902439024	(128, 0.0)
128	109,0.0181818181818	(128, 0.0)
128	0,0.0	(128, 0.0)
128	1,0.0	(128, 0.0)
128	2,0.0	(128, 0.0)
128	3,0.0	(128, 0.0)
129	0,0.0	(129, 0.0)
129	1,0.0	(129, 0.0)
129	2,0.0	(129, 0.0)
129	3,0.0	(129, 0.0)
129	4,0.0	(129, 0.0)
129	5,0.0	(129, 0.0)
129	6,0.0	(129, 0.0)
129	7,0.0	(129, 0.0)
129	8,0.0	(129, 0.0)
129	9,0.0	(129, 0.0)
130	130,0.0526315789474	(130, 0.05263157894736842)
130	0,0.0	(130, 0.05263157894736842)
130	1,0.0	(130, 0.05263157894736842)
130	2,0.0	(130, 0.05263157894736842)
130	3,0.0	(130, 0.05263157894736842)
130	4,0.0	(130, 0.05263157894736842)
130	5,0.0	(130, 0.05263157894736842)
130	6,0.0	(130, 0.05263157894736842)
130	7,0.0	(130, 0.05263157894736842)
130	8,0.0	(130, 0.05263157894736842)
131	131,0.05	(131, 0.05)
131	80,0.0434782608696	(131, 0.05)
131	71,0.04	(131, 0.05)
131	0,0.0	(131, 0.05)
131	1,0.0	(131, 0.05)
131	2,0.0	(131, 0.05)
131	3,0.0	(131, 0.05)
131	4,0.0	(131, 0.05)
131	5,0.0	(131, 0.05)
131	6,0.0	(131, 0.05)
132	0,0.0	(132, 0.0)
132	1,0.0	(132, 0.0)
132	2,0.0	(132, 0.0)
132	3,0.0	(132, 0.0)
132	4,0.0	(132, 0.0)
132	5,0.0	(132, 0.0)
132	6,0.0	(132, 0.0)
132	7,0.0	(132, 0.0)
132	8,0.0	(132, 0.0)
132	9,0.0	(132, 0.0)
133	0,0.0	(133, 0.0)
133	1,0.0	(133, 0.0)
133	2,0.0	(133, 0.0)
133	3,0.0	(133, 0.0)
133	4,0.0	(133, 0.0)
133	5,0.0	(133, 0.0)
133	6,0.0	(133, 0.0)
133	7,0.0	(133, 0.0)
133	8,0.0	(133, 0.0)
133	9,0.0	(133, 0.0)
134	0,0.0	(134, 0.0)
134	1,0.0	(134, 0.0)
134	2,0.0	(134, 0.0)
134	3,0.0	(134, 0.0)
134	4,0.0	(134, 0.0)
134	5,0.0	(134, 0.0)
134	6,0.0	(134, 0.0)
134	7,0.0	(134, 0.0)
134	8,0.0	(134, 0.0)
134	9,0.0	(134, 0.0)
135	149,0.0588235294118	(135, 0.0)
135	59,0.0434782608696	(135, 0.0)
135	156,0.0416666666667	(135, 0.0)
135	50,0.037037037037	(135, 0.0)
135	127,0.0357142857143	(135, 0.0)
135	28,0.0277777777778	(135, 0.0)
135	36,0.027027027027	(135, 0.0)
135	83,0.027027027027	(135, 0.0)
135	164,0.0217391304348	(135, 0.0)
135	0,0.0	(135, 0.0)
136	17,0.03125	(136, 0.0)
136	123,0.0285714285714	(136, 0.0)
136	0,0.0	(136, 0.0)
136	1,0.0	(136, 0.0)
136	2,0.0	(136, 0.0)
136	3,0.0	(136, 0.0)
136	4,0.0	(136, 0.0)
136	5,0.0	(136, 0.0)
136	6,0.0	(136, 0.0)
136	7,0.0	(136, 0.0)
137	17,0.0285714285714	(137, 0.021739130434782608)
137	123,0.0263157894737	(137, 0.021739130434782608)
137	137,0.0217391304348	(137, 0.021739130434782608)
137	0,0.0	(137, 0.021739130434782608)
137	1,0.0	(137, 0.021739130434782608)
137	2,0.0	(137, 0.021739130434782608)
137	3,0.0	(137, 0.021739130434782608)
137	4,0.0	(137, 0.021739130434782608)
137	5,0.0	(137, 0.021739130434782608)
137	6,0.0	(137, 0.021739130434782608)
138	0,0.0	(138, 0.0)
138	1,0.0	(138, 0.0)
138	2,0.0	(138, 0.0)
138	3,0.0	(138, 0.0)
138	4,0.0	(138, 0.0)
138	5,0.0	(138, 0.0)
138	6,0.0	(138, 0.0)
138	7,0.0	(138, 0.0)
138	8,0.0	(138, 0.0)
138	9,0.0	(138, 0.0)
139	59,0.037037037037	(139, 0.0)
139	108,0.0357142857143	(139, 0.0)
139	19,0.03125	(139, 0.0)
139	86,0.0285714285714	(139, 0.0)
139	1,0.025	(139, 0.0)
139	0,0.0	(139, 0.0)
139	2,0.0	(139, 0.0)
139	3,0.0	(139, 0.0)
139	4,0.0	(139, 0.0)
139	5,0.0	(139, 0.0)
140	0,0.0	(140, 0.0)
140	1,0.0	(140, 0.0)
140	2,0.0	(140, 0.0)
140	3,0.0	(140, 0.0)
140	4,0.0	(140, 0.0)
140	5,0.0	(140, 0.0)
140	6,0.0	(140, 0.0)
140	7,0.0	(140, 0.0)
140	8,0.0	(140, 0.0)
140	9,0.0	(140, 0.0)
141	17,0.0333333333333	(141, 0.0)
141	123,0.030303030303	(141, 0.0)
141	0,0.0	(141, 0.0)
141	1,0.0	(141, 0.0)
141	2,0.0	(141, 0.0)
141	3,0.0	(141, 0.0)
141	4,0.0	(141, 0.0)
141	5,0.0	(141, 0.0)
141	6,0.0	(141, 0.0)
141	7,0.0	(141, 0.0)
142	142,0.046511627907	(142, 0.046511627906976744)
142	17,0.030303030303	(142, 0.046511627906976744)
142	123,0.0277777777778	(142, 0.046511627906976744)
142	18,0.0227272727273	(142, 0.046511627906976744)
142	31,0.0188679245283	(142, 0.046511627906976744)
142	0,0.0	(142, 0.046511627906976744)
142	1,0.0	(142, 0.046511627906976744)
142	2,0.0	(142, 0.046511627906976744)
142	3,0.0	(142, 0.046511627906976744)
142	4,0.0	(142, 0.046511627906976744)
143	22,0.04	(143, 0.03571428571428571)
143	143,0.0357142857143	(143, 0.03571428571428571)
143	86,0.0294117647059	(143, 0.03571428571428571)
143	0,0.0	(143, 0.03571428571428571)
143	1,0.0	(143, 0.03571428571428571)
143	2,0.0	(143, 0.03571428571428571)
143	3,0.0	(143, 0.03571428571428571)
143	4,0.0	(143, 0.03571428571428571)
143	5,0.0	(143, 0.03571428571428571)
143	6,0.0	(143, 0.03571428571428571)
144	0,0.0	(144, 0.0)
144	1,0.0	(144, 0.0)
144	2,0.0	(144, 0.0)
144	3,0.0	(144, 0.0)
144	4,0.0	(144, 0.0)
144	5,0.0	(144, 0.0)
144	6,0.0	(144, 0.0)
144	7,0.0	(144, 0.0)
144	8,0.0	(144, 0.0)
144	9,0.0	(144, 0.0)
145	17,0.0333333333333	(145, 0.0)
145	123,0.030303030303	(145, 0.0)
145	47,0.02	(145, 0.0)
145	0,0.0	(145, 0.0)
145	1,0.0	(145, 0.0)
145	2,0.0	(145, 0.0)
145	3,0.0	(145, 0.0)
145	4,0.0	(145, 0.0)
145	5,0.0	(145, 0.0)
145	6,0.0	(145, 0.0)
146	23,0.0454545454545	(146, 0.041666666666666664)
146	146,0.0416666666667	(146, 0.041666666666666664)
146	0,0.0	(146, 0.041666666666666664)
146	1,0.0	(146, 0.041666666666666664)
146	2,0.0	(146, 0.041666666666666664)
146	3,0.0	(146, 0.041666666666666664)
146	4,0.0	(146, 0.041666666666666664)
146	5,0.0	(146, 0.041666666666666664)
146	6,0.0	(146, 0.041666666666666664)
146	7,0.0	(146, 0.041666666666666664)
147	0,0.0	(147, 0.0)
147	1,0.0	(147, 0.0)
147	2,0.0	(147, 0.0)
147	3,0.0	(147, 0.0)
147	4,0.0	(147, 0.0)
147	5,0.0	(147, 0.0)
147	6,0.0	(147, 0.0)
147	7,0.0	(147, 0.0)
147	8,0.0	(147, 0.0)
147	9,0.0	(147, 0.0)
148	43,0.0333333333333	(148, 0.02631578947368421)
148	148,0.0263157894737	(148, 0.02631578947368421)
148	55,0.02	(148, 0.02631578947368421)
148	0,0.0	(148, 0.02631578947368421)
148	1,0.0	(148, 0.02631578947368421)
148	2,0.0	(148, 0.02631578947368421)
148	3,0.0	(148, 0.02631578947368421)
148	4,0.0	(148, 0.02631578947368421)
148	5,0.0	(148, 0.02631578947368421)
148	6,0.0	(148, 0.02631578947368421)
149	117,0.03125	(149, 0.0)
149	0,0.0	(149, 0.0)
149	1,0.0	(149, 0.0)
149	2,0.0	(149, 0.0)
149	3,0.0	(149, 0.0)
149	4,0.0	(149, 0.0)
149	5,0.0	(149, 0.0)
149	6,0.0	(149, 0.0)
149	7,0.0	(149, 0.0)
149	8,0.0	(149, 0.0)
150	150,0.03125	(150, 0.03125)
150	73,0.0263157894737	(150, 0.03125)
150	17,0.0227272727273	(150, 0.03125)
150	123,0.0212765957447	(150, 0.03125)
150	118,0.0178571428571	(150, 0.03125)
150	51,0.0166666666667	(150, 0.03125)
150	47,0.015625	(150, 0.03125)
150	0,0.0	(150, 0.03125)
150	1,0.0	(150, 0.03125)
150	2,0.0	(150, 0.03125)
151	17,0.0357142857143	(151, 0.034482758620689655)
151	46,0.0344827586207	(151, 0.034482758620689655)
151	151,0.0344827586207	(151, 0.034482758620689655)
151	21,0.0333333333333	(151, 0.034482758620689655)
151	123,0.0322580645161	(151, 0.034482758620689655)
151	0,0.0	(151, 0.034482758620689655)
151	1,0.0	(151, 0.034482758620689655)
151	2,0.0	(151, 0.034482758620689655)
151	3,0.0	(151, 0.034482758620689655)
151	4,0.0	(151, 0.034482758620689655)
152	149,0.0357142857143	(152, 0.01818181818181818)
152	59,0.0294117647059	(152, 0.01818181818181818)
152	17,0.027027027027	(152, 0.01818181818181818)
152	50,0.0263157894737	(152, 0.01818181818181818)
152	127,0.025641025641	(152, 0.01818181818181818)
152	123,0.025	(152, 0.01818181818181818)
152	28,0.0212765957447	(152, 0.01818181818181818)
152	36,0.0208333333333	(152, 0.01818181818181818)
152	83,0.0208333333333	(152, 0.01818181818181818)
152	152,0.0181818181818	(152, 0.01818181818181818)
153	0,0.0	(153, 0.0)
153	1,0.0	(153, 0.0)
153	2,0.0	(153, 0.0)
153	3,0.0	(153, 0.0)
153	4,0.0	(153, 0.0)
153	5,0.0	(153, 0.0)
153	6,0.0	(153, 0.0)
153	7,0.0	(153, 0.0)
153	8,0.0	(153, 0.0)
153	9,0.0	(153, 0.0)
154	154,0.0425531914894	(154, 0.0425531914893617)
154	17,0.0285714285714	(154, 0.0425531914893617)
154	123,0.0263157894737	(154, 0.0425531914893617)
154	96,0.0217391304348	(154, 0.0425531914893617)
154	12,0.0204081632653	(154, 0.0425531914893617)
154	165,0.02	(154, 0.0425531914893617)
154	0,0.0	(154, 0.0425531914893617)
154	1,0.0	(154, 0.0425531914893617)
154	2,0.0	(154, 0.0425531914893617)
154	3,0.0	(154, 0.0425531914893617)
155	155,0.0384615384615	(155, 0.038461538461538464)
155	0,0.0	(155, 0.038461538461538464)
155	1,0.0	(155, 0.038461538461538464)
155	2,0.0	(155, 0.038461538461538464)
155	3,0.0	(155, 0.038461538461538464)
155	4,0.0	(155, 0.038461538461538464)
155	5,0.0	(155, 0.038461538461538464)
155	6,0.0	(155, 0.038461538461538464)
155	7,0.0	(155, 0.038461538461538464)
155	8,0.0	(155, 0.038461538461538464)
156	17,0.0357142857143	(156, 0.0)
156	123,0.0322580645161	(156, 0.0)
156	0,0.0	(156, 0.0)
156	1,0.0	(156, 0.0)
156	2,0.0	(156, 0.0)
156	3,0.0	(156, 0.0)
156	4,0.0	(156, 0.0)
156	5,0.0	(156, 0.0)
156	6,0.0	(156, 0.0)
156	7,0.0	(156, 0.0)
157	66,0.047619047619	(157, 0.029411764705882353)
157	149,0.047619047619	(157, 0.029411764705882353)
157	2,0.0434782608696	(157, 0.029411764705882353)
157	59,0.037037037037	(157, 0.029411764705882353)
157	105,0.0333333333333	(157, 0.029411764705882353)
157	50,0.0322580645161	(157, 0.029411764705882353)
157	100,0.0322580645161	(157, 0.029411764705882353)
157	127,0.03125	(157, 0.029411764705882353)
157	157,0.0294117647059	(157, 0.029411764705882353)
157	86,0.0285714285714	(157, 0.029411764705882353)
158	17,0.0333333333333	(158, 0.03333333333333333)
158	158,0.0333333333333	(158, 0.03333333333333333)
158	123,0.030303030303	(158, 0.03333333333333333)
158	0,0.0	(158, 0.03333333333333333)
158	1,0.0	(158, 0.03333333333333333)
158	2,0.0	(158, 0.03333333333333333)
158	3,0.0	(158, 0.03333333333333333)
158	4,0.0	(158, 0.03333333333333333)
158	5,0.0	(158, 0.03333333333333333)
158	6,0.0	(158, 0.03333333333333333)
159	17,0.0344827586207	(159, 0.02857142857142857)
159	123,0.03125	(159, 0.02857142857142857)
159	159,0.0285714285714	(159, 0.02857142857142857)
159	0,0.0	(159, 0.02857142857142857)
159	1,0.0	(159, 0.02857142857142857)
159	2,0.0	(159, 0.02857142857142857)
159	3,0.0	(159, 0.02857142857142857)
159	4,0.0	(159, 0.02857142857142857)
159	5,0.0	(159, 0.02857142857142857)
159	6,0.0	(159, 0.02857142857142857)
160	17,0.0333333333333	(160, 0.0)
160	123,0.030303030303	(160, 0.0)
160	0,0.0	(160, 0.0)
160	1,0.0	(160, 0.0)
160	2,0.0	(160, 0.0)
160	3,0.0	(160, 0.0)
160	4,0.0	(160, 0.0)
160	5,0.0	(160, 0.0)
160	6,0.0	(160, 0.0)
160	7,0.0	(160, 0.0)
161	147,0.0454545454545	(161, 0.025)
161	82,0.0333333333333	(161, 0.025)
161	46,0.030303030303	(161, 0.025)
161	161,0.025	(161, 0.025)
161	55,0.0188679245283	(161, 0.025)
161	0,0.0	(161, 0.025)
161	1,0.0	(161, 0.025)
161	2,0.0	(161, 0.025)
161	3,0.0	(161, 0.025)
161	4,0.0	(161, 0.025)
162	17,0.0357142857143	(162, 0.0)
162	123,0.0322580645161	(162, 0.0)
162	0,0.0	(162, 0.0)
162	1,0.0	(162, 0.0)
162	2,0.0	(162, 0.0)
162	3,0.0	(162, 0.0)
162	4,0.0	(162, 0.0)
162	5,0.0	(162, 0.0)
162	6,0.0	(162, 0.0)
162	7,0.0	(162, 0.0)
163	0,0.0	(163, 0.0)
163	1,0.0	(163, 0.0)
163	2,0.0	(163, 0.0)
163	3,0.0	(163, 0.0)
163	4,0.0	(163, 0.0)
163	5,0.0	(163, 0.0)
163	6,0.0	(163, 0.0)
163	7,0.0	(163, 0.0)
163	8,0.0	(163, 0.0)
163	9,0.0	(163, 0.0)
164	17,0.0243902439024	(164, 0.0)
164	123,0.0227272727273	(164, 0.0)
164	86,0.0217391304348	(164, 0.0)
164	0,0.0	(164, 0.0)
164	1,0.0	(164, 0.0)
164	2,0.0	(164, 0.0)
164	3,0.0	(164, 0.0)
164	4,0.0	(164, 0.0)
164	5,0.0	(164, 0.0)
164	6,0.0	(164, 0.0)
165	165,0.0377358490566	(165, 0.03773584905660377)
165	17,0.025641025641	(165, 0.03773584905660377)
165	123,0.0238095238095	(165, 0.03773584905660377)
165	55,0.0166666666667	(165, 0.03773584905660377)
165	0,0.0	(165, 0.03773584905660377)
165	1,0.0	(165, 0.03773584905660377)
165	2,0.0	(165, 0.03773584905660377)
165	3,0.0	(165, 0.03773584905660377)
165	4,0.0	(165, 0.03773584905660377)
165	5,0.0	(165, 0.03773584905660377)
166	17,0.0357142857143	(166, 0.0)
166	123,0.0322580645161	(166, 0.0)
166	0,0.0	(166, 0.0)
166	1,0.0	(166, 0.0)
166	2,0.0	(166, 0.0)
166	3,0.0	(166, 0.0)
166	4,0.0	(166, 0.0)
166	5,0.0	(166, 0.0)
166	6,0.0	(166, 0.0)
166	7,0.0	(166, 0.0)
167	167,0.05	(167, 0.05)
167	0,0.0	(167, 0.05)
167	1,0.0	(167, 0.05)
167	2,0.0	(167, 0.05)
167	3,0.0	(167, 0.05)
167	4,0.0	(167, 0.05)
167	5,0.0	(167, 0.05)
167	6,0.0	(167, 0.05)
167	7,0.0	(167, 0.05)
167	8,0.0	(167, 0.05)
168	168,0.0416666666667	(168, 0.041666666666666664)
168	54,0.0294117647059	(168, 0.041666666666666664)
168	17,0.0277777777778	(168, 0.041666666666666664)
168	123,0.025641025641	(168, 0.041666666666666664)
168	33,0.025	(168, 0.041666666666666664)
168	78,0.0217391304348	(168, 0.041666666666666664)
168	0,0.0	(168, 0.041666666666666664)
168	1,0.0	(168, 0.041666666666666664)
168	2,0.0	(168, 0.041666666666666664)
168	3,0.0	(168, 0.041666666666666664)
169	0,0.0	(169, 0.0)
169	1,0.0	(169, 0.0)
169	2,0.0	(169, 0.0)
169	3,0.0	(169, 0.0)
169	4,0.0	(169, 0.0)
169	5,0.0	(169, 0.0)
169	6,0.0	(169, 0.0)
169	7,0.0	(169, 0.0)
169	8,0.0	(169, 0.0)
169	9,0.0	(169, 0.0)
170	73,0.0454545454545	(170, 0.0)
170	17,0.0357142857143	(170, 0.0)
170	123,0.0322580645161	(170, 0.0)
170	118,0.025	(170, 0.0)
170	51,0.0227272727273	(170, 0.0)
170	47,0.0208333333333	(170, 0.0)
170	150,0.0204081632653	(170, 0.0)
170	0,0.0	(170, 0.0)
170	1,0.0	(170, 0.0)
170	2,0.0	(170, 0.0)
171	0,0.0	(171, 0.0)
171	1,0.0	(171, 0.0)
171	2,0.0	(171, 0.0)
171	3,0.0	(171, 0.0)
171	4,0.0	(171, 0.0)
171	5,0.0	(171, 0.0)
171	6,0.0	(171, 0.0)
171	7,0.0	(171, 0.0)
171	8,0.0	(171, 0.0)
171	9,0.0	(171, 0.0)
172	17,0.0333333333333	(172, 0.0)
172	123,0.030303030303	(172, 0.0)
172	0,0.0	(172, 0.0)
172	1,0.0	(172, 0.0)
172	2,0.0	(172, 0.0)
172	3,0.0	(172, 0.0)
172	4,0.0	(172, 0.0)
172	5,0.0	(172, 0.0)
172	6,0.0	(172, 0.0)
172	7,0.0	(172, 0.0)
173	173,0.0363636363636	(173, 0.03636363636363636)
173	115,0.0192307692308	(173, 0.03636363636363636)
173	0,0.0	(173, 0.03636363636363636)
173	1,0.0	(173, 0.03636363636363636)
173	2,0.0	(173, 0.03636363636363636)
173	3,0.0	(173, 0.03636363636363636)
173	4,0.0	(173, 0.03636363636363636)
173	5,0.0	(173, 0.03636363636363636)
173	6,0.0	(173, 0.03636363636363636)
173	7,0.0	(173, 0.03636363636363636)
174	174,0.0357142857143	(174, 0.03571428571428571)
174	16,0.03125	(174, 0.03571428571428571)
174	33,0.0294117647059	(174, 0.03571428571428571)
174	85,0.0263157894737	(174, 0.03571428571428571)
174	55,0.0196078431373	(174, 0.03571428571428571)
174	0,0.0	(174, 0.03571428571428571)
174	1,0.0	(174, 0.03571428571428571)
174	2,0.0	(174, 0.03571428571428571)
174	3,0.0	(174, 0.03571428571428571)
174	4,0.0	(174, 0.03571428571428571)
