0	(None, 0.0)	(0, 0.0)	0
1	(1, 0.03333333333333333)	(1, 0.03333333333333333)	0
2	(2, 0.07692307692307693)	(2, 0.07692307692307693)	0
3	(3, 0.03571428571428571)	(3, 0.03571428571428571)	0
4	(4, 0.0425531914893617)	(4, 0.0425531914893617)	0
5	(5, 0.09523809523809523)	(5, 0.09523809523809523)	0
6	(6, 0.03278688524590164)	(6, 0.03278688524590164)	0
7	(466, 0.03333333333333333)	(7, 0.0)	0
8	(8, 0.0625)	(8, 0.0625)	0
9	(None, 0.0)	(9, 0.0)	0
10	(61, 0.014705882352941176)	(10, 0.0)	0
11	(None, 0.0)	(11, 0.0)	0
12	(84, 0.03333333333333333)	(12, 0.020833333333333332)	0
13	(13, 0.058823529411764705)	(13, 0.058823529411764705)	0
14	(14, 0.08108108108108109)	(14, 0.08108108108108109)	0
15	(None, 0.0)	(15, 0.0)	0
16	(16, 0.0625)	(16, 0.0625)	0
17	(222, 0.04)	(17, 0.0)	0
18	(None, 0.0)	(18, 0.0)	0
19	(205, 0.06666666666666667)	(19, 0.030303030303030304)	0
20	(84, 0.041666666666666664)	(20, 0.0)	0
21	(195, 0.03571428571428571)	(21, 0.0)	0
22	(329, 0.019230769230769232)	(22, 0.0)	0
23	(23, 0.046511627906976744)	(23, 0.046511627906976744)	0
24	(84, 0.045454545454545456)	(24, 0.0)	0
25	(None, 0.0)	(25, 0.0)	0
26	(26, 0.04)	(26, 0.04)	0
27	(27, 0.08928571428571429)	(27, 0.08928571428571429)	0
28	(None, 0.0)	(28, 0.0)	0
29	(368, 0.04)	(29, 0.027777777777777776)	0
30	(None, 0.0)	(30, 0.0)	0
31	(84, 0.05)	(31, 0.047619047619047616)	0
32	(32, 0.025423728813559324)	(32, 0.025423728813559324)	0
33	(33, 0.08163265306122448)	(33, 0.08163265306122448)	0
34	(55, 0.04878048780487805)	(34, 0.024390243902439025)	0
35	(35, 0.13636363636363635)	(35, 0.13636363636363635)	0
36	(331, 0.03225806451612903)	(36, 0.0)	0
37	(50, 0.04878048780487805)	(37, 0.038461538461538464)	0
38	(321, 0.02564102564102564)	(38, 0.0)	0
39	(289, 0.04)	(39, 0.037037037037037035)	0
40	(40, 0.15789473684210525)	(40, 0.15789473684210525)	0
41	(84, 0.03225806451612903)	(41, 0.023255813953488372)	0
42	(42, 0.04)	(42, 0.04)	0
43	(312, 0.034482758620689655)	(43, 0.02)	0
44	(312, 0.03225806451612903)	(44, 0.0)	0
45	(45, 0.03225806451612903)	(45, 0.03225806451612903)	0
46	(46, 0.058823529411764705)	(46, 0.058823529411764705)	0
47	(47, 0.07407407407407407)	(47, 0.07407407407407407)	0
48	(48, 0.08571428571428572)	(48, 0.08571428571428572)	0
49	(84, 0.03571428571428571)	(49, 0.025)	0
50	(50, 0.09090909090909091)	(50, 0.09090909090909091)	0
51	(84, 0.03225806451612903)	(51, 0.0)	0
52	(84, 0.043478260869565216)	(52, 0.0)	0
53	(474, 0.047619047619047616)	(53, 0.0)	0
54	(216, 0.03571428571428571)	(54, 0.024390243902439025)	0
55	(55, 0.06976744186046512)	(55, 0.06976744186046512)	0
56	(274, 0.05263157894736842)	(56, 0.0)	0
57	(84, 0.045454545454545456)	(57, 0.0)	0
58	(58, 0.06666666666666667)	(58, 0.06666666666666667)	0
59	(None, 0.0)	(59, 0.0)	0
60	(84, 0.06896551724137931)	(60, 0.021739130434782608)	0
61	(247, 0.02702702702702703)	(61, 0.0)	0
62	(7, 0.03333333333333333)	(62, 0.024390243902439025)	0
63	(63, 0.04878048780487805)	(63, 0.04878048780487805)	0
64	(84, 0.05)	(64, 0.0)	0
65	(216, 0.037037037037037035)	(65, 0.0)	0
66	(66, 0.030303030303030304)	(66, 0.030303030303030304)	0
67	(368, 0.047619047619047616)	(67, 0.02631578947368421)	0
68	(None, 0.0)	(68, 0.0)	0
69	(69, 0.02857142857142857)	(69, 0.02857142857142857)	0
70	(70, 0.0625)	(70, 0.0625)	0
71	(None, 0.0)	(71, 0.0)	0
72	(72, 0.06818181818181818)	(72, 0.06818181818181818)	0
73	(73, 0.07692307692307693)	(73, 0.07692307692307693)	0
74	(74, 0.13636363636363635)	(74, 0.13636363636363635)	0
75	(48, 0.03125)	(75, 0.0)	0
76	(76, 0.05263157894736842)	(76, 0.05263157894736842)	0
77	(310, 0.029411764705882353)	(77, 0.0)	0
78	(78, 0.03125)	(78, 0.03125)	0
79	(None, 0.0)	(79, 0.0)	0
80	(329, 0.019230769230769232)	(80, 0.0)	0
81	(81, 0.019230769230769232)	(81, 0.019230769230769232)	0
82	(82, 0.047619047619047616)	(82, 0.047619047619047616)	0
83	(83, 0.06451612903225806)	(83, 0.06451612903225806)	0
84	(84, 0.047619047619047616)	(84, 0.047619047619047616)	0
85	(None, 0.0)	(85, 0.0)	0
86	(86, 0.05263157894736842)	(86, 0.05263157894736842)	0
87	(18, 0.038461538461538464)	(87, 0.022727272727272728)	0
88	(None, 0.0)	(88, 0.0)	0
89	(312, 0.05)	(89, 0.0)	0
90	(90, 0.09375)	(90, 0.09375)	0
91	(91, 0.02631578947368421)	(91, 0.02631578947368421)	0
92	(None, 0.0)	(92, 0.0)	0
93	(68, 0.03333333333333333)	(93, 0.02)	0
94	(84, 0.04)	(94, 0.0)	0
95	(None, 0.0)	(95, 0.0)	0
96	(84, 0.041666666666666664)	(96, 0.0)	0
97	(97, 0.05)	(97, 0.05)	0
98	(16, 0.045454545454545456)	(98, 0.0)	0
99	(None, 0.0)	(99, 0.0)	0
100	(100, 0.045454545454545456)	(100, 0.045454545454545456)	0
101	(84, 0.04)	(101, 0.027777777777777776)	0
102	(None, 0.0)	(102, 0.0)	0
103	(103, 0.05172413793103448)	(103, 0.05172413793103448)	0
104	(348, 0.030303030303030304)	(104, 0.0)	0
105	(366, 0.07142857142857142)	(105, 0.0)	0
106	(106, 0.16)	(106, 0.16)	0
107	(84, 0.03225806451612903)	(107, 0.0)	0
108	(None, 0.0)	(108, 0.0)	0
109	(346, 0.038461538461538464)	(109, 0.0)	0
110	(None, 0.0)	(110, 0.0)	0
111	(None, 0.0)	(111, 0.0)	0
112	(84, 0.041666666666666664)	(112, 0.0)	0
113	(16, 0.041666666666666664)	(113, 0.0)	0
114	(11, 0.029411764705882353)	(114, 0.0)	0
115	(16, 0.05555555555555555)	(115, 0.0)	0
116	(84, 0.041666666666666664)	(116, 0.0)	0
117	(453, 0.017543859649122806)	(117, 0.0)	0
118	(177, 0.058823529411764705)	(118, 0.02702702702702703)	0
119	(None, 0.0)	(119, 0.0)	0
120	(120, 0.05714285714285714)	(120, 0.05714285714285714)	0
121	(121, 0.031746031746031744)	(121, 0.031746031746031744)	0
122	(90, 0.023809523809523808)	(122, 0.01818181818181818)	0
123	(84, 0.043478260869565216)	(123, 0.0)	0
124	(124, 0.05263157894736842)	(124, 0.05263157894736842)	0
125	(125, 0.045454545454545456)	(125, 0.045454545454545456)	0
126	(126, 0.034482758620689655)	(126, 0.034482758620689655)	0
127	(None, 0.0)	(127, 0.0)	0
128	(251, 0.045454545454545456)	(128, 0.03278688524590164)	0
129	(129, 0.02857142857142857)	(129, 0.02857142857142857)	0
130	(130, 0.04)	(130, 0.04)	0
131	(131, 0.03571428571428571)	(131, 0.03571428571428571)	0
132	(None, 0.0)	(132, 0.0)	0
133	(133, 0.038461538461538464)	(133, 0.038461538461538464)	0
134	(84, 0.037037037037037035)	(134, 0.022727272727272728)	0
135	(135, 0.05263157894736842)	(135, 0.05263157894736842)	0
136	(474, 0.034482758620689655)	(136, 0.018867924528301886)	0
137	(11, 0.034482758620689655)	(137, 0.03278688524590164)	0
138	(84, 0.04)	(138, 0.0)	0
139	(409, 0.015151515151515152)	(139, 0.0)	0
140	(84, 0.022727272727272728)	(140, 0.012658227848101266)	0
141	(None, 0.0)	(141, 0.0)	0
142	(None, 0.0)	(142, 0.0)	0
143	(143, 0.125)	(143, 0.125)	0
144	(250, 0.05263157894736842)	(144, 0.03571428571428571)	0
145	(84, 0.023809523809523808)	(145, 0.013513513513513514)	0
146	(146, 0.0392156862745098)	(146, 0.0392156862745098)	0
147	(337, 0.03333333333333333)	(147, 0.0)	0
148	(180, 0.022727272727272728)	(148, 0.0)	0
149	(222, 0.03333333333333333)	(149, 0.0)	0
150	(None, 0.0)	(150, 0.0)	0
151	(150, 0.03225806451612903)	(151, 0.0)	0
152	(None, 0.0)	(152, 0.0)	0
153	(None, 0.0)	(153, 0.0)	0
154	(154, 0.0784313725490196)	(154, 0.0784313725490196)	0
155	(155, 0.05263157894736842)	(155, 0.05263157894736842)	0
156	(84, 0.045454545454545456)	(156, 0.0)	0
157	(78, 0.029411764705882353)	(157, 0.027777777777777776)	0
158	(158, 0.03896103896103896)	(158, 0.03896103896103896)	0
159	(470, 0.03125)	(159, 0.0)	0
160	(160, 0.037037037037037035)	(160, 0.037037037037037035)	0
161	(161, 0.1111111111111111)	(161, 0.1111111111111111)	0
162	(84, 0.04)	(162, 0.0)	0
163	(329, 0.02040816326530612)	(163, 0.0)	0
164	(369, 0.043478260869565216)	(164, 0.02631578947368421)	0
165	(165, 0.027777777777777776)	(165, 0.027777777777777776)	0
166	(343, 0.041666666666666664)	(166, 0.0)	0
167	(166, 0.03225806451612903)	(167, 0.0)	0
168	(168, 0.04918032786885246)	(168, 0.04918032786885246)	0
169	(273, 0.047619047619047616)	(169, 0.038461538461538464)	0
170	(228, 0.04)	(170, 0.0)	0
171	(84, 0.045454545454545456)	(171, 0.041666666666666664)	0
172	(221, 0.03225806451612903)	(172, 0.0)	0
173	(25, 0.037037037037037035)	(173, 0.0)	0
174	(11, 0.058823529411764705)	(174, 0.058823529411764705)	0
175	(84, 0.045454545454545456)	(175, 0.043478260869565216)	0
176	(176, 0.13333333333333333)	(176, 0.13333333333333333)	0
177	(177, 0.125)	(177, 0.125)	0
178	(366, 0.047619047619047616)	(178, 0.0)	0
179	(84, 0.04)	(179, 0.0)	0
180	(282, 0.027777777777777776)	(180, 0.02127659574468085)	0
181	(361, 0.06666666666666667)	(181, 0.04)	0
182	(84, 0.03571428571428571)	(182, 0.02631578947368421)	0
183	(84, 0.043478260869565216)	(183, 0.0)	0
184	(84, 0.030303030303030304)	(184, 0.015384615384615385)	0
185	(462, 0.03571428571428571)	(185, 0.0)	0
186	(247, 0.045454545454545456)	(186, 0.041666666666666664)	0
187	(180, 0.023255813953488372)	(187, 0.0)	0
188	(84, 0.02857142857142857)	(188, 0.016129032258064516)	0
189	(None, 0.0)	(189, 0.0)	0
190	(368, 0.041666666666666664)	(190, 0.023809523809523808)	0
191	(191, 0.0625)	(191, 0.0625)	0
192	(192, 0.06)	(192, 0.06)	0
193	(84, 0.03333333333333333)	(193, 0.023255813953488372)	0
194	(11, 0.043478260869565216)	(194, 0.02564102564102564)	0
195	(None, 0.0)	(195, 0.0)	0
196	(84, 0.045454545454545456)	(196, 0.0)	0
197	(197, 0.125)	(197, 0.125)	0
198	(198, 0.047619047619047616)	(198, 0.047619047619047616)	0
199	(None, 0.0)	(199, 0.0)	0
200	(312, 0.030303030303030304)	(200, 0.0)	0
201	(None, 0.0)	(201, 0.0)	0
202	(202, 0.045454545454545456)	(202, 0.045454545454545456)	0
203	(None, 0.0)	(203, 0.0)	0
204	(84, 0.045454545454545456)	(204, 0.0)	0
205	(None, 0.0)	(205, 0.0)	0
206	(84, 0.04)	(206, 0.0)	0
207	(453, 0.0196078431372549)	(207, 0.0)	0
208	(208, 0.125)	(208, 0.125)	0
209	(84, 0.0625)	(209, 0.046153846153846156)	0
210	(195, 0.029411764705882353)	(210, 0.0136986301369863)	0
211	(211, 0.08108108108108109)	(211, 0.08108108108108109)	0
212	(185, 0.030303030303030304)	(212, 0.028169014084507043)	0
213	(213, 0.046511627906976744)	(213, 0.046511627906976744)	0
214	(347, 0.07142857142857142)	(214, 0.0)	0
215	(446, 0.037037037037037035)	(215, 0.0)	0
216	(216, 0.058823529411764705)	(216, 0.058823529411764705)	0
217	(84, 0.04)	(217, 0.029411764705882353)	0
218	(84, 0.023809523809523808)	(218, 0.0)	0
219	(84, 0.02857142857142857)	(219, 0.0)	0
220	(220, 0.08333333333333333)	(220, 0.08333333333333333)	0
221	(84, 0.037037037037037035)	(221, 0.02857142857142857)	0
222	(120, 0.03125)	(222, 0.0)	0
223	(223, 0.07692307692307693)	(223, 0.07692307692307693)	0
224	(11, 0.05263157894736842)	(224, 0.03571428571428571)	0
225	(None, 0.0)	(225, 0.0)	0
226	(84, 0.045454545454545456)	(226, 0.0)	0
227	(None, 0.0)	(227, 0.0)	0
228	(84, 0.038461538461538464)	(228, 0.030303030303030304)	0
229	(None, 0.0)	(229, 0.0)	0
230	(None, 0.0)	(230, 0.0)	0
231	(None, 0.0)	(231, 0.0)	0
232	(None, 0.0)	(232, 0.0)	0
233	(337, 0.02631578947368421)	(233, 0.01639344262295082)	0
234	(None, 0.0)	(234, 0.0)	0
235	(235, 0.045454545454545456)	(235, 0.045454545454545456)	0
236	(476, 0.045454545454545456)	(236, 0.02631578947368421)	0
237	(222, 0.041666666666666664)	(237, 0.027777777777777776)	0
238	(None, 0.0)	(238, 0.0)	0
239	(429, 0.041666666666666664)	(239, 0.0)	0
240	(240, 0.05454545454545454)	(240, 0.05454545454545454)	0
241	(84, 0.05555555555555555)	(241, 0.015873015873015872)	0
242	(492, 0.03333333333333333)	(242, 0.02127659574468085)	0
243	(None, 0.0)	(243, 0.0)	0
244	(25, 0.04)	(244, 0.0)	0
245	(84, 0.03225806451612903)	(245, 0.0)	0
246	(84, 0.03571428571428571)	(246, 0.027777777777777776)	0
247	(358, 0.025)	(247, 0.0)	0
248	(248, 0.05555555555555555)	(248, 0.05555555555555555)	0
249	(84, 0.03571428571428571)	(249, 0.02702702702702703)	0
250	(15, 0.045454545454545456)	(250, 0.045454545454545456)	0
251	(251, 0.3333333333333333)	(251, 0.3333333333333333)	0
252	(252, 0.020833333333333332)	(252, 0.020833333333333332)	0
253	(288, 0.024390243902439025)	(253, 0.0196078431372549)	0
254	(254, 0.03125)	(254, 0.03125)	0
255	(195, 0.03571428571428571)	(255, 0.023255813953488372)	0
256	(166, 0.02631578947368421)	(256, 0.0)	0
257	(None, 0.0)	(257, 0.0)	0
258	(166, 0.03571428571428571)	(258, 0.03125)	0
259	(259, 0.05263157894736842)	(259, 0.05263157894736842)	0
260	(11, 0.05263157894736842)	(260, 0.03125)	0
261	(261, 0.10526315789473684)	(261, 0.10526315789473684)	0
262	(84, 0.043478260869565216)	(262, 0.0)	0
263	(263, 0.06666666666666667)	(263, 0.06666666666666667)	0
264	(329, 0.0196078431372549)	(264, 0.0)	0
265	(265, 0.11764705882352941)	(265, 0.11764705882352941)	0
266	(80, 0.037037037037037035)	(266, 0.0)	0
267	(11, 0.0625)	(267, 0.0)	0
268	(268, 0.05555555555555555)	(268, 0.05555555555555555)	0
269	(84, 0.041666666666666664)	(269, 0.0)	0
270	(None, 0.0)	(270, 0.0)	0
271	(271, 0.07692307692307693)	(271, 0.07692307692307693)	0
272	(272, 0.029411764705882353)	(272, 0.029411764705882353)	0
273	(273, 0.058823529411764705)	(273, 0.058823529411764705)	0
274	(274, 0.10526315789473684)	(274, 0.10526315789473684)	0
275	(84, 0.043478260869565216)	(275, 0.0)	0
276	(276, 0.0425531914893617)	(276, 0.0425531914893617)	0
277	(329, 0.021739130434782608)	(277, 0.0)	0
278	(278, 0.05714285714285714)	(278, 0.05714285714285714)	0
279	(18, 0.041666666666666664)	(279, 0.0)	0
280	(76, 0.029411764705882353)	(280, 0.0)	0
281	(343, 0.041666666666666664)	(281, 0.0)	0
282	(282, 0.13793103448275862)	(282, 0.13793103448275862)	0
283	(288, 0.02564102564102564)	(283, 0.0)	0
284	(222, 0.041666666666666664)	(284, 0.030303030303030304)	0
285	(114, 0.02127659574468085)	(285, 0.0)	0
286	(None, 0.0)	(286, 0.0)	0
287	(7, 0.045454545454545456)	(287, 0.03125)	0
288	(288, 0.11904761904761904)	(288, 0.11904761904761904)	0
289	(84, 0.041666666666666664)	(289, 0.0)	0
290	(290, 0.075)	(290, 0.075)	0
291	(413, 0.03571428571428571)	(291, 0.0196078431372549)	0
292	(292, 0.0410958904109589)	(292, 0.0410958904109589)	0
293	(84, 0.041666666666666664)	(293, 0.029411764705882353)	0
294	(None, 0.0)	(294, 0.0)	0
295	(312, 0.037037037037037035)	(295, 0.0)	0
296	(296, 0.04)	(296, 0.04)	0
297	(414, 0.022727272727272728)	(297, 0.0)	0
298	(235, 0.03571428571428571)	(298, 0.022727272727272728)	0
299	(11, 0.043478260869565216)	(299, 0.023255813953488372)	0
300	(84, 0.041666666666666664)	(300, 0.0)	0
301	(191, 0.04)	(301, 0.029411764705882353)	0
302	(302, 0.03225806451612903)	(302, 0.03225806451612903)	0
303	(303, 0.018691588785046728)	(303, 0.018691588785046728)	0
304	(304, 0.05714285714285714)	(304, 0.05714285714285714)	0
305	(305, 0.024390243902439025)	(305, 0.024390243902439025)	0
306	(84, 0.045454545454545456)	(306, 0.0)	0
307	(307, 0.0625)	(307, 0.0625)	0
308	(177, 0.034482758620689655)	(308, 0.014084507042253521)	0
309	(368, 0.043478260869565216)	(309, 0.0)	0
310	(310, 0.02702702702702703)	(310, 0.02702702702702703)	0
311	(491, 0.02702702702702703)	(311, 0.022727272727272728)	0
312	(312, 0.0625)	(312, 0.0625)	0
313	(177, 0.058823529411764705)	(313, 0.058823529411764705)	0
314	(None, 0.0)	(314, 0.0)	0
315	(315, 0.0625)	(315, 0.0625)	0
316	(182, 0.027777777777777776)	(316, 0.02702702702702703)	0
317	(84, 0.03571428571428571)	(317, 0.029411764705882353)	0
318	(318, 0.04)	(318, 0.04)	0
319	(312, 0.041666666666666664)	(319, 0.02564102564102564)	0
320	(18, 0.041666666666666664)	(320, 0.0)	0
321	(18, 0.03571428571428571)	(321, 0.02040816326530612)	0
322	(84, 0.07692307692307693)	(322, 0.05)	0
323	(323, 0.07692307692307693)	(323, 0.07692307692307693)	0
324	(None, 0.0)	(324, 0.0)	0
325	(235, 0.02702702702702703)	(325, 0.015873015873015872)	0
326	(166, 0.027777777777777776)	(326, 0.0)	0
327	(327, 0.07317073170731707)	(327, 0.07317073170731707)	0
328	(433, 0.047619047619047616)	(328, 0.023809523809523808)	0
329	(366, 0.029411764705882353)	(329, 0.014925373134328358)	0
330	(330, 0.047619047619047616)	(330, 0.047619047619047616)	0
331	(247, 0.05555555555555555)	(331, 0.0)	0
332	(317, 0.02631578947368421)	(332, 0.02040816326530612)	0
333	(None, 0.0)	(333, 0.0)	0
334	(334, 0.07317073170731707)	(334, 0.07317073170731707)	0
335	(None, 0.0)	(335, 0.0)	0
336	(155, 0.043478260869565216)	(336, 0.0)	0
337	(None, 0.0)	(337, 0.0)	0
338	(338, 0.029850746268656716)	(338, 0.029850746268656716)	0
339	(429, 0.041666666666666664)	(339, 0.0)	0
340	(84, 0.030303030303030304)	(340, 0.0)	0
341	(341, 0.08)	(341, 0.08)	0
342	(None, 0.0)	(342, 0.0)	0
343	(343, 0.16666666666666666)	(343, 0.16666666666666666)	0
344	(338, 0.01818181818181818)	(344, 0.0)	0
345	(None, 0.0)	(345, 0.0)	0
346	(150, 0.03571428571428571)	(346, 0.0)	0
347	(347, 0.06666666666666667)	(347, 0.06666666666666667)	0
348	(348, 0.0425531914893617)	(348, 0.0425531914893617)	0
349	(349, 0.058823529411764705)	(349, 0.058823529411764705)	0
350	(None, 0.0)	(350, 0.0)	0
351	(84, 0.03125)	(351, 0.0)	0
352	(337, 0.043478260869565216)	(352, 0.0)	0
353	(None, 0.0)	(353, 0.0)	0
354	(354, 0.07407407407407407)	(354, 0.07407407407407407)	0
355	(None, 0.0)	(355, 0.0)	0
356	(84, 0.03125)	(356, 0.02)	0
357	(84, 0.038461538461538464)	(357, 0.0)	0
358	(84, 0.034482758620689655)	(358, 0.02)	0
359	(359, 0.038461538461538464)	(359, 0.038461538461538464)	0
360	(None, 0.0)	(360, 0.0)	0
361	(84, 0.045454545454545456)	(361, 0.0)	0
362	(84, 0.034482758620689655)	(362, 0.02127659574468085)	0
363	(84, 0.03571428571428571)	(363, 0.024390243902439025)	0
364	(312, 0.03571428571428571)	(364, 0.0)	0
365	(None, 0.0)	(365, 0.0)	0
366	(366, 0.06666666666666667)	(366, 0.06666666666666667)	0
367	(367, 0.047619047619047616)	(367, 0.047619047619047616)	0
368	(183, 0.038461538461538464)	(368, 0.0)	0
369	(369, 0.07142857142857142)	(369, 0.07142857142857142)	0
370	(68, 0.041666666666666664)	(370, 0.037037037037037035)	0
371	(84, 0.038461538461538464)	(371, 0.027777777777777776)	0
372	(247, 0.037037037037037035)	(372, 0.016666666666666666)	0
373	(None, 0.0)	(373, 0.0)	0
374	(374, 0.04878048780487805)	(374, 0.04878048780487805)	0
375	(None, 0.0)	(375, 0.0)	0
376	(247, 0.05)	(376, 0.0)	0
377	(377, 0.06451612903225806)	(377, 0.06451612903225806)	0
378	(183, 0.038461538461538464)	(378, 0.0)	0
379	(150, 0.03333333333333333)	(379, 0.0)	0
380	(26, 0.03571428571428571)	(380, 0.02702702702702703)	0
381	(None, 0.0)	(381, 0.0)	0
382	(247, 0.038461538461538464)	(382, 0.02)	0
383	(427, 0.03225806451612903)	(383, 0.0)	0
384	(384, 0.057692307692307696)	(384, 0.057692307692307696)	0
385	(429, 0.04)	(385, 0.030303030303030304)	0
386	(386, 0.03225806451612903)	(386, 0.03225806451612903)	0
387	(387, 0.058823529411764705)	(387, 0.058823529411764705)	0
388	(388, 0.07692307692307693)	(388, 0.07692307692307693)	0
389	(384, 0.02702702702702703)	(389, 0.0)	0
390	(84, 0.045454545454545456)	(390, 0.0)	0
391	(None, 0.0)	(391, 0.0)	0
392	(455, 0.025)	(392, 0.0)	0
393	(393, 0.025)	(393, 0.025)	0
394	(171, 0.05)	(394, 0.043478260869565216)	0
395	(84, 0.037037037037037035)	(395, 0.022222222222222223)	0
396	(396, 0.08)	(396, 0.08)	0
397	(397, 0.041666666666666664)	(397, 0.041666666666666664)	0
398	(398, 0.05263157894736842)	(398, 0.05263157894736842)	0
399	(16, 0.047619047619047616)	(399, 0.0)	0
400	(183, 0.037037037037037035)	(400, 0.0)	0
401	(None, 0.0)	(401, 0.0)	0
402	(84, 0.037037037037037035)	(402, 0.022727272727272728)	0
403	(258, 0.037037037037037035)	(403, 0.0)	0
404	(247, 0.047619047619047616)	(404, 0.0)	0
405	(203, 0.037037037037037035)	(405, 0.0)	0
406	(406, 0.05128205128205128)	(406, 0.05128205128205128)	0
407	(407, 0.047619047619047616)	(407, 0.047619047619047616)	0
408	(408, 0.05128205128205128)	(408, 0.05128205128205128)	0
409	(409, 0.04597701149425287)	(409, 0.04597701149425287)	0
410	(410, 0.041666666666666664)	(410, 0.041666666666666664)	0
411	(411, 0.03125)	(411, 0.03125)	0
412	(492, 0.037037037037037035)	(412, 0.03225806451612903)	0
413	(None, 0.0)	(413, 0.0)	0
414	(414, 0.043478260869565216)	(414, 0.043478260869565216)	0
415	(None, 0.0)	(415, 0.0)	0
416	(None, 0.0)	(416, 0.0)	0
417	(84, 0.05)	(417, 0.0)	0
418	(177, 0.058823529411764705)	(418, 0.03333333333333333)	0
419	(84, 0.04)	(419, 0.0)	0
420	(None, 0.0)	(420, 0.0)	0
421	(235, 0.038461538461538464)	(421, 0.0)	0
422	(422, 0.046511627906976744)	(422, 0.046511627906976744)	0
423	(423, 0.12903225806451613)	(423, 0.12903225806451613)	0
424	(424, 0.05263157894736842)	(424, 0.05263157894736842)	0
425	(11, 0.047619047619047616)	(425, 0.03225806451612903)	0
426	(15, 0.047619047619047616)	(426, 0.041666666666666664)	0
427	(427, 0.027777777777777776)	(427, 0.027777777777777776)	0
428	(84, 0.045454545454545456)	(428, 0.043478260869565216)	0
429	(337, 0.06666666666666667)	(429, 0.0)	0
430	(84, 0.041666666666666664)	(430, 0.03571428571428571)	0
431	(64, 0.04)	(431, 0.0)	0
432	(84, 0.047619047619047616)	(432, 0.0)	0
433	(None, 0.0)	(433, 0.0)	0
434	(434, 0.0967741935483871)	(434, 0.0967741935483871)	0
435	(247, 0.05263157894736842)	(435, 0.0)	0
436	(84, 0.025)	(436, 0.012987012987012988)	0
437	(84, 0.043478260869565216)	(437, 0.03333333333333333)	0
438	(461, 0.038461538461538464)	(438, 0.037037037037037035)	0
439	(84, 0.02857142857142857)	(439, 0.0196078431372549)	0
440	(84, 0.045454545454545456)	(440, 0.038461538461538464)	0
441	(84, 0.037037037037037035)	(441, 0.0)	0
442	(84, 0.04)	(442, 0.0)	0
443	(84, 0.03333333333333333)	(443, 0.0)	0
444	(438, 0.06060606060606061)	(444, 0.0)	0
445	(445, 0.03333333333333333)	(445, 0.03333333333333333)	0
446	(228, 0.03333333333333333)	(446, 0.0)	0
447	(348, 0.023809523809523808)	(447, 0.0)	0
448	(448, 0.05714285714285714)	(448, 0.05714285714285714)	0
449	(449, 0.043478260869565216)	(449, 0.043478260869565216)	0
450	(450, 0.03571428571428571)	(450, 0.03571428571428571)	0
451	(474, 0.018518518518518517)	(451, 0.0)	0
452	(274, 0.041666666666666664)	(452, 0.0)	0
453	(471, 0.023255813953488372)	(453, 0.01639344262295082)	0
454	(454, 0.03773584905660377)	(454, 0.03773584905660377)	0
455	(455, 0.04)	(455, 0.04)	0
456	(456, 0.038461538461538464)	(456, 0.038461538461538464)	0
457	(457, 0.02702702702702703)	(457, 0.02702702702702703)	0
458	(474, 0.047619047619047616)	(458, 0.0)	0
459	(84, 0.05)	(459, 0.0)	0
460	(473, 0.02702702702702703)	(460, 0.02631578947368421)	0
461	(461, 0.045454545454545456)	(461, 0.045454545454545456)	0
462	(462, 0.07142857142857142)	(462, 0.07142857142857142)	0
463	(None, 0.0)	(463, 0.0)	0
464	(464, 0.05555555555555555)	(464, 0.05555555555555555)	0
465	(None, 0.0)	(465, 0.0)	0
466	(466, 0.0625)	(466, 0.0625)	0
467	(84, 0.037037037037037035)	(467, 0.023255813953488372)	0
468	(468, 0.03333333333333333)	(468, 0.03333333333333333)	0
469	(None, 0.0)	(469, 0.0)	0
470	(470, 0.030303030303030304)	(470, 0.030303030303030304)	0
471	(471, 0.14285714285714285)	(471, 0.14285714285714285)	0
472	(247, 0.05555555555555555)	(472, 0.0)	0
473	(473, 0.027777777777777776)	(473, 0.027777777777777776)	0
474	(474, 0.11764705882352941)	(474, 0.11764705882352941)	0
475	(None, 0.0)	(475, 0.0)	0
476	(476, 0.11764705882352941)	(476, 0.11764705882352941)	0
477	(477, 0.05555555555555555)	(477, 0.05555555555555555)	0
478	(337, 0.03125)	(478, 0.017857142857142856)	0
479	(479, 0.11764705882352941)	(479, 0.11764705882352941)	0
480	(480, 0.045454545454545456)	(480, 0.045454545454545456)	0
481	(312, 0.03125)	(481, 0.0)	0
482	(482, 0.06451612903225806)	(482, 0.06451612903225806)	0
483	(84, 0.05263157894736842)	(483, 0.0)	0
484	(247, 0.037037037037037035)	(484, 0.0)	0
485	(295, 0.024390243902439025)	(485, 0.0)	0
486	(84, 0.043478260869565216)	(486, 0.03571428571428571)	0
487	(84, 0.034482758620689655)	(487, 0.025)	0
488	(488, 0.08)	(488, 0.08)	0
489	(261, 0.03333333333333333)	(489, 0.02564102564102564)	0
490	(84, 0.043478260869565216)	(490, 0.04)	0
491	(259, 0.038461538461538464)	(491, 0.0)	0
492	(84, 0.041666666666666664)	(492, 0.041666666666666664)	0
493	(84, 0.041666666666666664)	(493, 0.0)	0
494	(494, 0.04838709677419355)	(494, 0.04838709677419355)	0
495	(456, 0.02702702702702703)	(495, 0.023255813953488372)	0
496	(None, 0.0)	(496, 0.0)	0
497	(497, 0.06896551724137931)	(497, 0.06896551724137931)	0
498	(253, 0.020833333333333332)	(498, 0.0)	0
499	(280, 0.0196078431372549)	(499, 0.01818181818181818)	0
