0	9,0.0909090909091	(0, 0.0)
0	64,0.0625	(0, 0.0)
0	153,0.0588235294118	(0, 0.0)
0	185,0.0555555555556	(0, 0.0)
0	15,0.047619047619	(0, 0.0)
0	71,0.0454545454545	(0, 0.0)
0	27,0.0444444444444	(0, 0.0)
0	235,0.0434782608696	(0, 0.0)
0	116,0.04	(0, 0.0)
0	133,0.04	(0, 0.0)
1	82,0.0689655172414	(1, 0.03508771929824561)
1	160,0.0606060606061	(1, 0.03508771929824561)
1	62,0.0540540540541	(1, 0.03508771929824561)
1	177,0.0454545454545	(1, 0.03508771929824561)
1	179,0.0444444444444	(1, 0.03508771929824561)
1	11,0.0434782608696	(1, 0.03508771929824561)
1	30,0.0434782608696	(1, 0.03508771929824561)
1	111,0.0416666666667	(1, 0.03508771929824561)
1	227,0.0416666666667	(1, 0.03508771929824561)
1	243,0.0416666666667	(1, 0.03508771929824561)
2	119,0.1	(2, 0.0)
2	248,0.0833333333333	(2, 0.0)
2	92,0.0769230769231	(2, 0.0)
2	95,0.0769230769231	(2, 0.0)
2	216,0.0769230769231	(2, 0.0)
2	18,0.0666666666667	(2, 0.0)
2	135,0.0666666666667	(2, 0.0)
2	143,0.0625	(2, 0.0)
2	80,0.05	(2, 0.0)
2	105,0.047619047619	(2, 0.0)
3	3,0.0652173913043	(3, 0.06521739130434782)
3	181,0.0357142857143	(3, 0.06521739130434782)
3	231,0.0243902439024	(3, 0.06521739130434782)
3	33,0.0227272727273	(3, 0.06521739130434782)
3	81,0.0204081632653	(3, 0.06521739130434782)
3	121,0.0196078431373	(3, 0.06521739130434782)
3	240,0.0188679245283	(3, 0.06521739130434782)
3	241,0.0188679245283	(3, 0.06521739130434782)
3	158,0.015625	(3, 0.06521739130434782)
3	0,0.0	(3, 0.06521739130434782)
4	0,0.0	(4, 0.0)
4	1,0.0	(4, 0.0)
4	2,0.0	(4, 0.0)
4	3,0.0	(4, 0.0)
4	4,0.0	(4, 0.0)
4	5,0.0	(4, 0.0)
4	6,0.0	(4, 0.0)
4	7,0.0	(4, 0.0)
4	8,0.0	(4, 0.0)
4	9,0.0	(4, 0.0)
5	206,0.0232558139535	(5, 0.022222222222222223)
5	5,0.0222222222222	(5, 0.022222222222222223)
5	219,0.0144927536232	(5, 0.022222222222222223)
5	0,0.0	(5, 0.022222222222222223)
5	1,0.0	(5, 0.022222222222222223)
5	2,0.0	(5, 0.022222222222222223)
5	3,0.0	(5, 0.022222222222222223)
5	4,0.0	(5, 0.022222222222222223)
5	6,0.0	(5, 0.022222222222222223)
5	7,0.0	(5, 0.022222222222222223)
6	6,0.0333333333333	(6, 0.03333333333333333)
6	143,0.0285714285714	(6, 0.03333333333333333)
6	166,0.0277777777778	(6, 0.03333333333333333)
6	133,0.0263157894737	(6, 0.03333333333333333)
6	109,0.0238095238095	(6, 0.03333333333333333)
6	215,0.0222222222222	(6, 0.03333333333333333)
6	60,0.02	(6, 0.03333333333333333)
6	65,0.02	(6, 0.03333333333333333)
6	12,0.0192307692308	(6, 0.03333333333333333)
6	122,0.0185185185185	(6, 0.03333333333333333)
7	76,0.0454545454545	(7, 0.0)
7	71,0.0434782608696	(7, 0.0)
7	187,0.0434782608696	(7, 0.0)
7	166,0.0416666666667	(7, 0.0)
7	105,0.0357142857143	(7, 0.0)
7	201,0.0357142857143	(7, 0.0)
7	174,0.0294117647059	(7, 0.0)
7	178,0.0294117647059	(7, 0.0)
7	244,0.0277777777778	(7, 0.0)
7	242,0.025641025641	(7, 0.0)
8	8,0.178571428571	(8, 0.17857142857142858)
8	9,0.0714285714286	(8, 0.17857142857142858)
8	64,0.0526315789474	(8, 0.17857142857142858)
8	153,0.05	(8, 0.17857142857142858)
8	185,0.047619047619	(8, 0.17857142857142858)
8	154,0.046511627907	(8, 0.17857142857142858)
8	15,0.0416666666667	(8, 0.17857142857142858)
8	241,0.0408163265306	(8, 0.17857142857142858)
8	71,0.04	(8, 0.17857142857142858)
8	235,0.0384615384615	(8, 0.17857142857142858)
9	9,0.166666666667	(9, 0.16666666666666666)
9	64,0.0909090909091	(9, 0.16666666666666666)
9	153,0.0833333333333	(9, 0.16666666666666666)
9	185,0.0769230769231	(9, 0.16666666666666666)
9	15,0.0625	(9, 0.16666666666666666)
9	71,0.0588235294118	(9, 0.16666666666666666)
9	94,0.0555555555556	(9, 0.16666666666666666)
9	235,0.0555555555556	(9, 0.16666666666666666)
9	116,0.05	(9, 0.16666666666666666)
9	133,0.05	(9, 0.16666666666666666)
10	94,0.0689655172414	(10, 0.0)
10	126,0.0606060606061	(10, 0.0)
10	41,0.0512820512821	(10, 0.0)
10	148,0.05	(10, 0.0)
10	177,0.047619047619	(10, 0.0)
10	11,0.0454545454545	(10, 0.0)
10	30,0.0454545454545	(10, 0.0)
10	227,0.0434782608696	(10, 0.0)
10	243,0.0434782608696	(10, 0.0)
10	195,0.0416666666667	(10, 0.0)
11	49,0.0357142857143	(11, 0.0)
11	0,0.0	(11, 0.0)
11	1,0.0	(11, 0.0)
11	2,0.0	(11, 0.0)
11	3,0.0	(11, 0.0)
11	4,0.0	(11, 0.0)
11	5,0.0	(11, 0.0)
11	6,0.0	(11, 0.0)
11	7,0.0	(11, 0.0)
11	8,0.0	(11, 0.0)
12	143,0.0416666666667	(12, 0.024390243902439025)
12	109,0.0322580645161	(12, 0.024390243902439025)
12	12,0.0243902439024	(12, 0.024390243902439025)
12	188,0.02	(12, 0.024390243902439025)
12	0,0.0	(12, 0.024390243902439025)
12	1,0.0	(12, 0.024390243902439025)
12	2,0.0	(12, 0.024390243902439025)
12	3,0.0	(12, 0.024390243902439025)
12	4,0.0	(12, 0.024390243902439025)
12	5,0.0	(12, 0.024390243902439025)
13	13,0.0857142857143	(13, 0.08571428571428572)
13	177,0.05	(13, 0.08571428571428572)
13	11,0.047619047619	(13, 0.08571428571428572)
13	30,0.047619047619	(13, 0.08571428571428572)
13	227,0.0454545454545	(13, 0.08571428571428572)
13	243,0.0454545454545	(13, 0.08571428571428572)
13	195,0.0434782608696	(13, 0.08571428571428572)
13	38,0.0416666666667	(13, 0.08571428571428572)
13	70,0.0416666666667	(13, 0.08571428571428572)
13	77,0.0416666666667	(13, 0.08571428571428572)
14	0,0.0	(14, 0.0)
14	1,0.0	(14, 0.0)
14	2,0.0	(14, 0.0)
14	3,0.0	(14, 0.0)
14	4,0.0	(14, 0.0)
14	5,0.0	(14, 0.0)
14	6,0.0	(14, 0.0)
14	7,0.0	(14, 0.0)
14	8,0.0	(14, 0.0)
14	9,0.0	(14, 0.0)
15	177,0.111111111111	(15, 0.0)
15	11,0.1	(15, 0.0)
15	30,0.1	(15, 0.0)
15	227,0.0909090909091	(15, 0.0)
15	243,0.0909090909091	(15, 0.0)
15	195,0.0833333333333	(15, 0.0)
15	38,0.0769230769231	(15, 0.0)
15	70,0.0769230769231	(15, 0.0)
15	77,0.0769230769231	(15, 0.0)
15	176,0.0769230769231	(15, 0.0)
16	25,0.05	(16, 0.0)
16	224,0.05	(16, 0.0)
16	39,0.047619047619	(16, 0.0)
16	137,0.0227272727273	(16, 0.0)
16	0,0.0	(16, 0.0)
16	1,0.0	(16, 0.0)
16	2,0.0	(16, 0.0)
16	3,0.0	(16, 0.0)
16	4,0.0	(16, 0.0)
16	5,0.0	(16, 0.0)
17	177,0.047619047619	(17, 0.02631578947368421)
17	11,0.0454545454545	(17, 0.02631578947368421)
17	30,0.0454545454545	(17, 0.02631578947368421)
17	227,0.0434782608696	(17, 0.02631578947368421)
17	243,0.0434782608696	(17, 0.02631578947368421)
17	195,0.0416666666667	(17, 0.02631578947368421)
17	38,0.04	(17, 0.02631578947368421)
17	70,0.04	(17, 0.02631578947368421)
17	77,0.04	(17, 0.02631578947368421)
17	176,0.04	(17, 0.02631578947368421)
18	119,0.0625	(18, 0.047619047619047616)
18	248,0.0555555555556	(18, 0.047619047619047616)
18	92,0.0526315789474	(18, 0.047619047619047616)
18	95,0.0526315789474	(18, 0.047619047619047616)
18	216,0.0526315789474	(18, 0.047619047619047616)
18	18,0.047619047619	(18, 0.047619047619047616)
18	135,0.047619047619	(18, 0.047619047619047616)
18	143,0.0454545454545	(18, 0.047619047619047616)
18	80,0.0384615384615	(18, 0.047619047619047616)
18	105,0.037037037037	(18, 0.047619047619047616)
19	0,0.0	(19, 0.0)
19	1,0.0	(19, 0.0)
19	2,0.0	(19, 0.0)
19	3,0.0	(19, 0.0)
19	4,0.0	(19, 0.0)
19	5,0.0	(19, 0.0)
19	6,0.0	(19, 0.0)
19	7,0.0	(19, 0.0)
19	8,0.0	(19, 0.0)
19	9,0.0	(19, 0.0)
20	20,0.0833333333333	(20, 0.08333333333333333)
20	230,0.08	(20, 0.08333333333333333)
20	177,0.0625	(20, 0.08333333333333333)
20	11,0.0588235294118	(20, 0.08333333333333333)
20	30,0.0588235294118	(20, 0.08333333333333333)
20	227,0.0555555555556	(20, 0.08333333333333333)
20	243,0.0555555555556	(20, 0.08333333333333333)
20	73,0.0526315789474	(20, 0.08333333333333333)
20	195,0.0526315789474	(20, 0.08333333333333333)
20	38,0.05	(20, 0.08333333333333333)
21	0,0.03125	(21, 0.0)
21	1,0.0	(21, 0.0)
21	2,0.0	(21, 0.0)
21	3,0.0	(21, 0.0)
21	4,0.0	(21, 0.0)
21	5,0.0	(21, 0.0)
21	6,0.0	(21, 0.0)
21	7,0.0	(21, 0.0)
21	8,0.0	(21, 0.0)
21	9,0.0	(21, 0.0)
22	52,0.04	(22, 0.03333333333333333)
22	68,0.04	(22, 0.03333333333333333)
22	35,0.0384615384615	(22, 0.03333333333333333)
22	224,0.0357142857143	(22, 0.03333333333333333)
22	22,0.0333333333333	(22, 0.03333333333333333)
22	108,0.0333333333333	(22, 0.03333333333333333)
22	123,0.0294117647059	(22, 0.03333333333333333)
22	167,0.0222222222222	(22, 0.03333333333333333)
22	233,0.0217391304348	(22, 0.03333333333333333)
22	0,0.0	(22, 0.03333333333333333)
23	248,0.0555555555556	(23, 0.02702702702702703)
23	45,0.0333333333333	(23, 0.02702702702702703)
23	118,0.0294117647059	(23, 0.02702702702702703)
23	23,0.027027027027	(23, 0.02702702702702703)
23	240,0.0212765957447	(23, 0.02702702702702703)
23	0,0.0	(23, 0.02702702702702703)
23	1,0.0	(23, 0.02702702702702703)
23	2,0.0	(23, 0.02702702702702703)
23	3,0.0	(23, 0.02702702702702703)
23	4,0.0	(23, 0.02702702702702703)
24	187,0.0434782608696	(24, 0.0)
24	106,0.0357142857143	(24, 0.0)
24	17,0.03125	(24, 0.0)
24	215,0.030303030303	(24, 0.0)
24	244,0.0277777777778	(24, 0.0)
24	61,0.0149253731343	(24, 0.0)
24	0,0.0	(24, 0.0)
24	1,0.0	(24, 0.0)
24	2,0.0	(24, 0.0)
24	3,0.0	(24, 0.0)
25	9,0.0909090909091	(25, 0.0)
25	64,0.0625	(25, 0.0)
25	153,0.0588235294118	(25, 0.0)
25	185,0.0555555555556	(25, 0.0)
25	15,0.047619047619	(25, 0.0)
25	71,0.0454545454545	(25, 0.0)
25	235,0.0434782608696	(25, 0.0)
25	116,0.04	(25, 0.0)
25	133,0.04	(25, 0.0)
25	28,0.0384615384615	(25, 0.0)
26	9,0.0909090909091	(26, 0.0)
26	64,0.0625	(26, 0.0)
26	153,0.0588235294118	(26, 0.0)
26	185,0.0555555555556	(26, 0.0)
26	15,0.047619047619	(26, 0.0)
26	71,0.0454545454545	(26, 0.0)
26	235,0.0434782608696	(26, 0.0)
26	116,0.04	(26, 0.0)
26	133,0.04	(26, 0.0)
26	28,0.0384615384615	(26, 0.0)
27	27,0.0555555555556	(27, 0.05555555555555555)
27	41,0.047619047619	(27, 0.05555555555555555)
27	148,0.046511627907	(27, 0.05555555555555555)
27	179,0.0425531914894	(27, 0.05555555555555555)
27	177,0.0416666666667	(27, 0.05555555555555555)
27	11,0.04	(27, 0.05555555555555555)
27	30,0.04	(27, 0.05555555555555555)
27	227,0.0384615384615	(27, 0.05555555555555555)
27	243,0.0384615384615	(27, 0.05555555555555555)
27	195,0.037037037037	(27, 0.05555555555555555)
28	9,0.0555555555556	(28, 0.030303030303030304)
28	64,0.0434782608696	(28, 0.030303030303030304)
28	153,0.0416666666667	(28, 0.030303030303030304)
28	185,0.04	(28, 0.030303030303030304)
28	15,0.0357142857143	(28, 0.030303030303030304)
28	71,0.0344827586207	(28, 0.030303030303030304)
28	235,0.0333333333333	(28, 0.030303030303030304)
28	116,0.03125	(28, 0.030303030303030304)
28	133,0.03125	(28, 0.030303030303030304)
28	28,0.030303030303	(28, 0.030303030303030304)
29	143,0.0384615384615	(29, 0.0)
29	164,0.0294117647059	(29, 0.0)
29	17,0.0285714285714	(29, 0.0)
29	236,0.0263157894737	(29, 0.0)
29	33,0.0238095238095	(29, 0.0)
29	87,0.0232558139535	(29, 0.0)
29	218,0.016393442623	(29, 0.0)
29	0,0.0	(29, 0.0)
29	1,0.0	(29, 0.0)
29	2,0.0	(29, 0.0)
30	0,0.0	(30, 0.0)
30	1,0.0	(30, 0.0)
30	2,0.0	(30, 0.0)
30	3,0.0	(30, 0.0)
30	4,0.0	(30, 0.0)
30	5,0.0	(30, 0.0)
30	6,0.0	(30, 0.0)
30	7,0.0	(30, 0.0)
30	8,0.0	(30, 0.0)
30	9,0.0	(30, 0.0)
31	177,0.0714285714286	(31, 0.045454545454545456)
31	11,0.0666666666667	(31, 0.045454545454545456)
31	30,0.0666666666667	(31, 0.045454545454545456)
31	227,0.0625	(31, 0.045454545454545456)
31	243,0.0625	(31, 0.045454545454545456)
31	195,0.0588235294118	(31, 0.045454545454545456)
31	38,0.0555555555556	(31, 0.045454545454545456)
31	70,0.0555555555556	(31, 0.045454545454545456)
31	77,0.0555555555556	(31, 0.045454545454545456)
31	176,0.0555555555556	(31, 0.045454545454545456)
32	9,0.0322580645161	(32, 0.018691588785046728)
32	64,0.0277777777778	(32, 0.018691588785046728)
32	153,0.027027027027	(32, 0.018691588785046728)
32	185,0.0263157894737	(32, 0.018691588785046728)
32	218,0.0263157894737	(32, 0.018691588785046728)
32	15,0.0243902439024	(32, 0.018691588785046728)
32	71,0.0238095238095	(32, 0.018691588785046728)
32	235,0.0232558139535	(32, 0.018691588785046728)
32	99,0.0222222222222	(32, 0.018691588785046728)
32	116,0.0222222222222	(32, 0.018691588785046728)
33	33,0.0789473684211	(33, 0.07894736842105263)
33	155,0.047619047619	(33, 0.07894736842105263)
33	181,0.0416666666667	(33, 0.07894736842105263)
33	141,0.03125	(33, 0.07894736842105263)
33	231,0.027027027027	(33, 0.07894736842105263)
33	87,0.0243902439024	(33, 0.07894736842105263)
33	43,0.0238095238095	(33, 0.07894736842105263)
33	3,0.0227272727273	(33, 0.07894736842105263)
33	103,0.0212765957447	(33, 0.07894736842105263)
33	121,0.0212765957447	(33, 0.07894736842105263)
34	0,0.0	(34, 0.0)
34	1,0.0	(34, 0.0)
34	2,0.0	(34, 0.0)
34	3,0.0	(34, 0.0)
34	4,0.0	(34, 0.0)
34	5,0.0	(34, 0.0)
34	6,0.0	(34, 0.0)
34	7,0.0	(34, 0.0)
34	8,0.0	(34, 0.0)
34	9,0.0	(34, 0.0)
35	52,0.05	(35, 0.047619047619047616)
35	68,0.05	(35, 0.047619047619047616)
35	35,0.047619047619	(35, 0.047619047619047616)
35	224,0.0434782608696	(35, 0.047619047619047616)
35	22,0.04	(35, 0.047619047619047616)
35	108,0.04	(35, 0.047619047619047616)
35	123,0.0344827586207	(35, 0.047619047619047616)
35	167,0.025	(35, 0.047619047619047616)
35	233,0.0243902439024	(35, 0.047619047619047616)
35	0,0.0	(35, 0.047619047619047616)
36	36,0.0263157894737	(36, 0.02631578947368421)
36	0,0.0	(36, 0.02631578947368421)
36	1,0.0	(36, 0.02631578947368421)
36	2,0.0	(36, 0.02631578947368421)
36	3,0.0	(36, 0.02631578947368421)
36	4,0.0	(36, 0.02631578947368421)
36	5,0.0	(36, 0.02631578947368421)
36	6,0.0	(36, 0.02631578947368421)
36	7,0.0	(36, 0.02631578947368421)
36	8,0.0	(36, 0.02631578947368421)
37	0,0.0	(37, 0.0)
37	1,0.0	(37, 0.0)
37	2,0.0	(37, 0.0)
37	3,0.0	(37, 0.0)
37	4,0.0	(37, 0.0)
37	5,0.0	(37, 0.0)
37	6,0.0	(37, 0.0)
37	7,0.0	(37, 0.0)
37	8,0.0	(37, 0.0)
37	9,0.0	(37, 0.0)
38	0,0.0	(38, 0.0)
38	1,0.0	(38, 0.0)
38	2,0.0	(38, 0.0)
38	3,0.0	(38, 0.0)
38	4,0.0	(38, 0.0)
38	5,0.0	(38, 0.0)
38	6,0.0	(38, 0.0)
38	7,0.0	(38, 0.0)
38	8,0.0	(38, 0.0)
38	9,0.0	(38, 0.0)
39	0,0.0	(39, 0.0)
39	1,0.0	(39, 0.0)
39	2,0.0	(39, 0.0)
39	3,0.0	(39, 0.0)
39	4,0.0	(39, 0.0)
39	5,0.0	(39, 0.0)
39	6,0.0	(39, 0.0)
39	7,0.0	(39, 0.0)
39	8,0.0	(39, 0.0)
39	9,0.0	(39, 0.0)
40	0,0.0	(40, 0.0)
40	1,0.0	(40, 0.0)
40	2,0.0	(40, 0.0)
40	3,0.0	(40, 0.0)
40	4,0.0	(40, 0.0)
40	5,0.0	(40, 0.0)
40	6,0.0	(40, 0.0)
40	7,0.0	(40, 0.0)
40	8,0.0	(40, 0.0)
40	9,0.0	(40, 0.0)
41	41,0.0487804878049	(41, 0.04878048780487805)
41	148,0.047619047619	(41, 0.04878048780487805)
41	177,0.0434782608696	(41, 0.04878048780487805)
41	11,0.0416666666667	(41, 0.04878048780487805)
41	30,0.0416666666667	(41, 0.04878048780487805)
41	3,0.04	(41, 0.04878048780487805)
41	227,0.04	(41, 0.04878048780487805)
41	243,0.04	(41, 0.04878048780487805)
41	195,0.0384615384615	(41, 0.04878048780487805)
41	38,0.037037037037	(41, 0.04878048780487805)
42	42,0.0588235294118	(42, 0.058823529411764705)
42	53,0.0540540540541	(42, 0.058823529411764705)
42	80,0.05	(42, 0.058823529411764705)
42	182,0.0444444444444	(42, 0.058823529411764705)
42	98,0.0434782608696	(42, 0.058823529411764705)
42	9,0.0384615384615	(42, 0.058823529411764705)
42	81,0.0350877192982	(42, 0.058823529411764705)
42	177,0.0344827586207	(42, 0.058823529411764705)
42	197,0.0344827586207	(42, 0.058823529411764705)
42	11,0.0333333333333	(42, 0.058823529411764705)
43	94,0.0294117647059	(43, 0.0196078431372549)
43	224,0.0285714285714	(43, 0.0196078431372549)
43	126,0.0263157894737	(43, 0.0196078431372549)
43	141,0.0243902439024	(43, 0.0196078431372549)
43	101,0.0232558139535	(43, 0.0196078431372549)
43	33,0.0204081632653	(43, 0.0196078431372549)
43	87,0.02	(43, 0.0196078431372549)
43	43,0.0196078431373	(43, 0.0196078431372549)
43	137,0.0169491525424	(43, 0.0196078431372549)
43	0,0.0	(43, 0.0196078431372549)
44	9,0.0625	(44, 0.041666666666666664)
44	64,0.047619047619	(44, 0.041666666666666664)
44	153,0.0454545454545	(44, 0.041666666666666664)
44	185,0.0434782608696	(44, 0.041666666666666664)
44	44,0.0416666666667	(44, 0.041666666666666664)
44	27,0.04	(44, 0.041666666666666664)
44	241,0.0392156862745	(44, 0.041666666666666664)
44	15,0.0384615384615	(44, 0.041666666666666664)
44	135,0.0384615384615	(44, 0.041666666666666664)
44	71,0.037037037037	(44, 0.041666666666666664)
45	52,0.030303030303	(45, 0.023809523809523808)
45	175,0.0294117647059	(45, 0.023809523809523808)
45	224,0.0277777777778	(45, 0.023809523809523808)
45	151,0.027027027027	(45, 0.023809523809523808)
45	24,0.025	(45, 0.023809523809523808)
45	232,0.025	(45, 0.023809523809523808)
45	45,0.0238095238095	(45, 0.023809523809523808)
45	13,0.0232558139535	(45, 0.023809523809523808)
45	67,0.0212765957447	(45, 0.023809523809523808)
45	91,0.0212765957447	(45, 0.023809523809523808)
46	0,0.0434782608696	(46, 0.0)
46	1,0.0	(46, 0.0)
46	2,0.0	(46, 0.0)
46	3,0.0	(46, 0.0)
46	4,0.0	(46, 0.0)
46	5,0.0	(46, 0.0)
46	6,0.0	(46, 0.0)
46	7,0.0	(46, 0.0)
46	8,0.0	(46, 0.0)
46	9,0.0	(46, 0.0)
47	181,0.08	(47, 0.0425531914893617)
47	9,0.0666666666667	(47, 0.0425531914893617)
47	64,0.05	(47, 0.0425531914893617)
47	153,0.047619047619	(47, 0.0425531914893617)
47	185,0.0454545454545	(47, 0.0425531914893617)
47	47,0.0425531914894	(47, 0.0425531914893617)
47	15,0.04	(47, 0.0425531914893617)
47	240,0.04	(47, 0.0425531914893617)
47	71,0.0384615384615	(47, 0.0425531914893617)
47	235,0.037037037037	(47, 0.0425531914893617)
48	94,0.0416666666667	(48, 0.0)
48	126,0.0357142857143	(48, 0.0)
48	101,0.030303030303	(48, 0.0)
48	0,0.0	(48, 0.0)
48	1,0.0	(48, 0.0)
48	2,0.0	(48, 0.0)
48	3,0.0	(48, 0.0)
48	4,0.0	(48, 0.0)
48	5,0.0	(48, 0.0)
48	6,0.0	(48, 0.0)
49	76,0.0344827586207	(49, 0.024390243902439025)
49	71,0.0333333333333	(49, 0.024390243902439025)
49	187,0.0333333333333	(49, 0.024390243902439025)
49	166,0.0322580645161	(49, 0.024390243902439025)
49	105,0.0285714285714	(49, 0.024390243902439025)
49	201,0.0285714285714	(49, 0.024390243902439025)
49	215,0.025	(49, 0.024390243902439025)
49	49,0.0243902439024	(49, 0.024390243902439025)
49	174,0.0243902439024	(49, 0.024390243902439025)
49	178,0.0243902439024	(49, 0.024390243902439025)
50	0,0.0	(50, 0.0)
50	1,0.0	(50, 0.0)
50	2,0.0	(50, 0.0)
50	3,0.0	(50, 0.0)
50	4,0.0	(50, 0.0)
50	5,0.0	(50, 0.0)
50	6,0.0	(50, 0.0)
50	7,0.0	(50, 0.0)
50	8,0.0	(50, 0.0)
50	9,0.0	(50, 0.0)
51	9,0.0588235294118	(51, 0.023809523809523808)
51	240,0.0588235294118	(51, 0.023809523809523808)
51	117,0.0487804878049	(51, 0.023809523809523808)
51	64,0.0454545454545	(51, 0.023809523809523808)
51	122,0.0434782608696	(51, 0.023809523809523808)
51	153,0.0434782608696	(51, 0.023809523809523808)
51	185,0.0416666666667	(51, 0.023809523809523808)
51	15,0.037037037037	(51, 0.023809523809523808)
51	71,0.0357142857143	(51, 0.023809523809523808)
51	166,0.0344827586207	(51, 0.023809523809523808)
52	52,0.05	(52, 0.05)
52	68,0.05	(52, 0.05)
52	35,0.047619047619	(52, 0.05)
52	224,0.0434782608696	(52, 0.05)
52	22,0.04	(52, 0.05)
52	108,0.04	(52, 0.05)
52	123,0.0344827586207	(52, 0.05)
52	167,0.025	(52, 0.05)
52	233,0.0243902439024	(52, 0.05)
52	0,0.0	(52, 0.05)
53	0,0.0	(53, 0.0)
53	1,0.0	(53, 0.0)
53	2,0.0	(53, 0.0)
53	3,0.0	(53, 0.0)
53	4,0.0	(53, 0.0)
53	5,0.0	(53, 0.0)
53	6,0.0	(53, 0.0)
53	7,0.0	(53, 0.0)
53	8,0.0	(53, 0.0)
53	9,0.0	(53, 0.0)
54	216,0.0434782608696	(54, 0.027777777777777776)
54	94,0.037037037037	(54, 0.027777777777777776)
54	28,0.0333333333333	(54, 0.027777777777777776)
54	80,0.0333333333333	(54, 0.027777777777777776)
54	66,0.030303030303	(54, 0.027777777777777776)
54	54,0.0277777777778	(54, 0.027777777777777776)
54	107,0.027027027027	(54, 0.027777777777777776)
54	178,0.027027027027	(54, 0.027777777777777776)
54	67,0.025641025641	(54, 0.027777777777777776)
54	72,0.0238095238095	(54, 0.027777777777777776)
55	55,0.027027027027	(55, 0.02702702702702703)
55	0,0.0	(55, 0.02702702702702703)
55	1,0.0	(55, 0.02702702702702703)
55	2,0.0	(55, 0.02702702702702703)
55	3,0.0	(55, 0.02702702702702703)
55	4,0.0	(55, 0.02702702702702703)
55	5,0.0	(55, 0.02702702702702703)
55	6,0.0	(55, 0.02702702702702703)
55	7,0.0	(55, 0.02702702702702703)
55	8,0.0	(55, 0.02702702702702703)
56	177,0.0909090909091	(56, 0.05555555555555555)
56	11,0.0833333333333	(56, 0.05555555555555555)
56	30,0.0833333333333	(56, 0.05555555555555555)
56	227,0.0769230769231	(56, 0.05555555555555555)
56	243,0.0769230769231	(56, 0.05555555555555555)
56	195,0.0714285714286	(56, 0.05555555555555555)
56	38,0.0666666666667	(56, 0.05555555555555555)
56	70,0.0666666666667	(56, 0.05555555555555555)
56	77,0.0666666666667	(56, 0.05555555555555555)
56	176,0.0666666666667	(56, 0.05555555555555555)
57	0,0.0	(57, 0.0)
57	1,0.0	(57, 0.0)
57	2,0.0	(57, 0.0)
57	3,0.0	(57, 0.0)
57	4,0.0	(57, 0.0)
57	5,0.0	(57, 0.0)
57	6,0.0	(57, 0.0)
57	7,0.0	(57, 0.0)
57	8,0.0	(57, 0.0)
57	9,0.0	(57, 0.0)
58	32,0.0117647058824	(58, 0.0)
58	0,0.0	(58, 0.0)
58	1,0.0	(58, 0.0)
58	2,0.0	(58, 0.0)
58	3,0.0	(58, 0.0)
58	4,0.0	(58, 0.0)
58	5,0.0	(58, 0.0)
58	6,0.0	(58, 0.0)
58	7,0.0	(58, 0.0)
58	8,0.0	(58, 0.0)
59	204,0.037037037037	(59, 0.0)
59	0,0.0	(59, 0.0)
59	1,0.0	(59, 0.0)
59	2,0.0	(59, 0.0)
59	3,0.0	(59, 0.0)
59	4,0.0	(59, 0.0)
59	5,0.0	(59, 0.0)
59	6,0.0	(59, 0.0)
59	7,0.0	(59, 0.0)
59	8,0.0	(59, 0.0)
60	9,0.0588235294118	(60, 0.023255813953488372)
60	197,0.05	(60, 0.023255813953488372)
60	170,0.0384615384615	(60, 0.023255813953488372)
60	71,0.0357142857143	(60, 0.023255813953488372)
60	166,0.0344827586207	(60, 0.023255813953488372)
60	99,0.0322580645161	(60, 0.023255813953488372)
60	80,0.03125	(60, 0.023255813953488372)
60	182,0.027027027027	(60, 0.023255813953488372)
60	98,0.0263157894737	(60, 0.023255813953488372)
60	215,0.0263157894737	(60, 0.023255813953488372)
61	33,0.0212765957447	(61, 0.013333333333333334)
61	61,0.0133333333333	(61, 0.013333333333333334)
61	0,0.0	(61, 0.013333333333333334)
61	1,0.0	(61, 0.013333333333333334)
61	2,0.0	(61, 0.013333333333333334)
61	3,0.0	(61, 0.013333333333333334)
61	4,0.0	(61, 0.013333333333333334)
61	5,0.0	(61, 0.013333333333333334)
61	6,0.0	(61, 0.013333333333333334)
61	7,0.0	(61, 0.013333333333333334)
62	94,0.0625	(62, 0.05128205128205128)
62	126,0.0555555555556	(62, 0.05128205128205128)
62	62,0.0512820512821	(62, 0.05128205128205128)
62	177,0.0416666666667	(62, 0.05128205128205128)
62	11,0.04	(62, 0.05128205128205128)
62	30,0.04	(62, 0.05128205128205128)
62	154,0.04	(62, 0.05128205128205128)
62	227,0.0384615384615	(62, 0.05128205128205128)
62	243,0.0384615384615	(62, 0.05128205128205128)
62	195,0.037037037037	(62, 0.05128205128205128)
63	63,0.0571428571429	(63, 0.05714285714285714)
63	233,0.0238095238095	(63, 0.05714285714285714)
63	128,0.0204081632653	(63, 0.05714285714285714)
63	1,0.02	(63, 0.05714285714285714)
63	100,0.0188679245283	(63, 0.05714285714285714)
63	0,0.0	(63, 0.05714285714285714)
63	2,0.0	(63, 0.05714285714285714)
63	3,0.0	(63, 0.05714285714285714)
63	4,0.0	(63, 0.05714285714285714)
63	5,0.0	(63, 0.05714285714285714)
64	64,0.0909090909091	(64, 0.09090909090909091)
64	0,0.0	(64, 0.09090909090909091)
64	1,0.0	(64, 0.09090909090909091)
64	2,0.0	(64, 0.09090909090909091)
64	3,0.0	(64, 0.09090909090909091)
64	4,0.0	(64, 0.09090909090909091)
64	5,0.0	(64, 0.09090909090909091)
64	6,0.0	(64, 0.09090909090909091)
64	7,0.0	(64, 0.09090909090909091)
64	8,0.0	(64, 0.09090909090909091)
65	146,0.0217391304348	(65, 0.0)
65	0,0.0	(65, 0.0)
65	1,0.0	(65, 0.0)
65	2,0.0	(65, 0.0)
65	3,0.0	(65, 0.0)
65	4,0.0	(65, 0.0)
65	5,0.0	(65, 0.0)
65	6,0.0	(65, 0.0)
65	7,0.0	(65, 0.0)
65	8,0.0	(65, 0.0)
66	66,0.027027027027	(66, 0.02702702702702703)
66	218,0.0153846153846	(66, 0.02702702702702703)
66	0,0.0	(66, 0.02702702702702703)
66	1,0.0	(66, 0.02702702702702703)
66	2,0.0	(66, 0.02702702702702703)
66	3,0.0	(66, 0.02702702702702703)
66	4,0.0	(66, 0.02702702702702703)
66	5,0.0	(66, 0.02702702702702703)
66	6,0.0	(66, 0.02702702702702703)
66	7,0.0	(66, 0.02702702702702703)
67	67,0.0571428571429	(67, 0.05714285714285714)
67	135,0.0454545454545	(67, 0.05714285714285714)
67	181,0.0434782608696	(67, 0.05714285714285714)
67	54,0.030303030303	(67, 0.05714285714285714)
67	236,0.0285714285714	(67, 0.05714285714285714)
67	60,0.0263157894737	(67, 0.05714285714285714)
67	192,0.0227272727273	(67, 0.05714285714285714)
67	44,0.0222222222222	(67, 0.05714285714285714)
67	241,0.0208333333333	(67, 0.05714285714285714)
67	209,0.0178571428571	(67, 0.05714285714285714)
68	68,0.15	(68, 0.15)
68	22,0.0769230769231	(68, 0.15)
68	108,0.0769230769231	(68, 0.15)
68	123,0.0666666666667	(68, 0.15)
68	177,0.0666666666667	(68, 0.15)
68	11,0.0625	(68, 0.15)
68	30,0.0625	(68, 0.15)
68	227,0.0588235294118	(68, 0.15)
68	243,0.0588235294118	(68, 0.15)
68	195,0.0555555555556	(68, 0.15)
69	24,0.0645161290323	(69, 0.058823529411764705)
69	232,0.0645161290323	(69, 0.058823529411764705)
69	13,0.0588235294118	(69, 0.058823529411764705)
69	69,0.0588235294118	(69, 0.058823529411764705)
69	177,0.0555555555556	(69, 0.058823529411764705)
69	11,0.0526315789474	(69, 0.058823529411764705)
69	30,0.0526315789474	(69, 0.058823529411764705)
69	227,0.05	(69, 0.058823529411764705)
69	243,0.05	(69, 0.058823529411764705)
69	195,0.047619047619	(69, 0.058823529411764705)
70	70,0.0769230769231	(70, 0.07692307692307693)
70	228,0.0434782608696	(70, 0.07692307692307693)
70	157,0.0416666666667	(70, 0.07692307692307693)
70	168,0.025	(70, 0.07692307692307693)
70	0,0.0	(70, 0.07692307692307693)
70	1,0.0	(70, 0.07692307692307693)
70	2,0.0	(70, 0.07692307692307693)
70	3,0.0	(70, 0.07692307692307693)
70	4,0.0	(70, 0.07692307692307693)
70	5,0.0	(70, 0.07692307692307693)
71	71,0.05	(71, 0.05)
71	118,0.03125	(71, 0.05)
71	0,0.0	(71, 0.05)
71	1,0.0	(71, 0.05)
71	2,0.0	(71, 0.05)
71	3,0.0	(71, 0.05)
71	4,0.0	(71, 0.05)
71	5,0.0	(71, 0.05)
71	6,0.0	(71, 0.05)
71	7,0.0	(71, 0.05)
72	71,0.0740740740741	(72, 0.046511627906976744)
72	235,0.0714285714286	(72, 0.046511627906976744)
72	133,0.0666666666667	(72, 0.046511627906976744)
72	28,0.0645161290323	(72, 0.046511627906976744)
72	201,0.0625	(72, 0.046511627906976744)
72	27,0.06	(72, 0.046511627906976744)
72	9,0.0588235294118	(72, 0.046511627906976744)
72	66,0.0588235294118	(72, 0.046511627906976744)
72	241,0.0588235294118	(72, 0.046511627906976744)
72	182,0.0555555555556	(72, 0.046511627906976744)
73	10,0.0588235294118	(73, 0.0)
73	141,0.0384615384615	(73, 0.0)
73	182,0.037037037037	(73, 0.0)
73	213,0.0333333333333	(73, 0.0)
73	27,0.0238095238095	(73, 0.0)
73	0,0.0	(73, 0.0)
73	1,0.0	(73, 0.0)
73	2,0.0	(73, 0.0)
73	3,0.0	(73, 0.0)
73	4,0.0	(73, 0.0)
74	64,0.0625	(74, 0.041666666666666664)
74	74,0.0416666666667	(74, 0.041666666666666664)
74	0,0.0	(74, 0.041666666666666664)
74	1,0.0	(74, 0.041666666666666664)
74	2,0.0	(74, 0.041666666666666664)
74	3,0.0	(74, 0.041666666666666664)
74	4,0.0	(74, 0.041666666666666664)
74	5,0.0	(74, 0.041666666666666664)
74	6,0.0	(74, 0.041666666666666664)
74	7,0.0	(74, 0.041666666666666664)
75	52,0.047619047619	(75, 0.0)
75	175,0.0454545454545	(75, 0.0)
75	151,0.04	(75, 0.0)
75	24,0.0357142857143	(75, 0.0)
75	232,0.0357142857143	(75, 0.0)
75	13,0.0322580645161	(75, 0.0)
75	48,0.030303030303	(75, 0.0)
75	67,0.0285714285714	(75, 0.0)
75	91,0.0285714285714	(75, 0.0)
75	244,0.0285714285714	(75, 0.0)
76	0,0.0	(76, 0.0)
76	1,0.0	(76, 0.0)
76	2,0.0	(76, 0.0)
76	3,0.0	(76, 0.0)
76	4,0.0	(76, 0.0)
76	5,0.0	(76, 0.0)
76	6,0.0	(76, 0.0)
76	7,0.0	(76, 0.0)
76	8,0.0	(76, 0.0)
76	9,0.0	(76, 0.0)
77	177,0.0714285714286	(77, 0.05555555555555555)
77	11,0.0666666666667	(77, 0.05555555555555555)
77	30,0.0666666666667	(77, 0.05555555555555555)
77	227,0.0625	(77, 0.05555555555555555)
77	243,0.0625	(77, 0.05555555555555555)
77	195,0.0588235294118	(77, 0.05555555555555555)
77	38,0.0555555555556	(77, 0.05555555555555555)
77	70,0.0555555555556	(77, 0.05555555555555555)
77	77,0.0555555555556	(77, 0.05555555555555555)
77	176,0.0555555555556	(77, 0.05555555555555555)
78	0,0.0	(78, 0.0)
78	1,0.0	(78, 0.0)
78	2,0.0	(78, 0.0)
78	3,0.0	(78, 0.0)
78	4,0.0	(78, 0.0)
78	5,0.0	(78, 0.0)
78	6,0.0	(78, 0.0)
78	7,0.0	(78, 0.0)
78	8,0.0	(78, 0.0)
78	9,0.0	(78, 0.0)
79	0,0.0	(79, 0.0)
79	1,0.0	(79, 0.0)
79	2,0.0	(79, 0.0)
79	3,0.0	(79, 0.0)
79	4,0.0	(79, 0.0)
79	5,0.0	(79, 0.0)
79	6,0.0	(79, 0.0)
79	7,0.0	(79, 0.0)
79	8,0.0	(79, 0.0)
79	9,0.0	(79, 0.0)
80	0,0.0	(80, 0.0)
80	1,0.0	(80, 0.0)
80	2,0.0	(80, 0.0)
80	3,0.0	(80, 0.0)
80	4,0.0	(80, 0.0)
80	5,0.0	(80, 0.0)
80	6,0.0	(80, 0.0)
80	7,0.0	(80, 0.0)
80	8,0.0	(80, 0.0)
80	9,0.0	(80, 0.0)
81	0,0.0	(81, 0.0)
81	1,0.0	(81, 0.0)
81	2,0.0	(81, 0.0)
81	3,0.0	(81, 0.0)
81	4,0.0	(81, 0.0)
81	5,0.0	(81, 0.0)
81	6,0.0	(81, 0.0)
81	7,0.0	(81, 0.0)
81	8,0.0	(81, 0.0)
81	9,0.0	(81, 0.0)
82	111,0.0769230769231	(82, 0.05263157894736842)
82	199,0.0666666666667	(82, 0.05263157894736842)
82	82,0.0526315789474	(82, 0.05263157894736842)
82	224,0.047619047619	(82, 0.05263157894736842)
82	99,0.0454545454545	(82, 0.05263157894736842)
82	160,0.0434782608696	(82, 0.05263157894736842)
82	141,0.037037037037	(82, 0.05263157894736842)
82	193,0.0322580645161	(82, 0.05263157894736842)
82	100,0.02	(82, 0.05263157894736842)
82	0,0.0	(82, 0.05263157894736842)
83	45,0.030303030303	(83, 0.0)
83	118,0.027027027027	(83, 0.0)
83	0,0.0	(83, 0.0)
83	1,0.0	(83, 0.0)
83	2,0.0	(83, 0.0)
83	3,0.0	(83, 0.0)
83	4,0.0	(83, 0.0)
83	5,0.0	(83, 0.0)
83	6,0.0	(83, 0.0)
83	7,0.0	(83, 0.0)
84	0,0.0	(84, 0.0)
84	1,0.0	(84, 0.0)
84	2,0.0	(84, 0.0)
84	3,0.0	(84, 0.0)
84	4,0.0	(84, 0.0)
84	5,0.0	(84, 0.0)
84	6,0.0	(84, 0.0)
84	7,0.0	(84, 0.0)
84	8,0.0	(84, 0.0)
84	9,0.0	(84, 0.0)
85	187,0.04	(85, 0.0)
85	106,0.0333333333333	(85, 0.0)
85	17,0.0294117647059	(85, 0.0)
85	215,0.0285714285714	(85, 0.0)
85	244,0.0263157894737	(85, 0.0)
85	61,0.0144927536232	(85, 0.0)
85	32,0.010989010989	(85, 0.0)
85	0,0.0	(85, 0.0)
85	1,0.0	(85, 0.0)
85	2,0.0	(85, 0.0)
86	86,0.0526315789474	(86, 0.05263157894736842)
86	0,0.0	(86, 0.05263157894736842)
86	1,0.0	(86, 0.05263157894736842)
86	2,0.0	(86, 0.05263157894736842)
86	3,0.0	(86, 0.05263157894736842)
86	4,0.0	(86, 0.05263157894736842)
86	5,0.0	(86, 0.05263157894736842)
86	6,0.0	(86, 0.05263157894736842)
86	7,0.0	(86, 0.05263157894736842)
86	8,0.0	(86, 0.05263157894736842)
87	87,0.046511627907	(87, 0.046511627906976744)
87	224,0.0344827586207	(87, 0.046511627906976744)
87	141,0.0285714285714	(87, 0.046511627906976744)
87	33,0.0232558139535	(87, 0.046511627906976744)
87	43,0.0222222222222	(87, 0.046511627906976744)
87	137,0.0188679245283	(87, 0.046511627906976744)
87	0,0.0	(87, 0.046511627906976744)
87	1,0.0	(87, 0.046511627906976744)
87	2,0.0	(87, 0.046511627906976744)
87	3,0.0	(87, 0.046511627906976744)
88	235,0.08	(88, 0.05128205128205128)
88	133,0.0740740740741	(88, 0.05128205128205128)
88	9,0.0714285714286	(88, 0.05128205128205128)
88	28,0.0714285714286	(88, 0.05128205128205128)
88	126,0.0689655172414	(88, 0.05128205128205128)
88	66,0.0645161290323	(88, 0.05128205128205128)
88	182,0.0606060606061	(88, 0.05128205128205128)
88	194,0.0606060606061	(88, 0.05128205128205128)
88	177,0.0588235294118	(88, 0.05128205128205128)
88	107,0.0571428571429	(88, 0.05128205128205128)
89	9,0.125	(89, 0.0)
89	64,0.0769230769231	(89, 0.0)
89	153,0.0714285714286	(89, 0.0)
89	185,0.0666666666667	(89, 0.0)
89	15,0.0555555555556	(89, 0.0)
89	71,0.0526315789474	(89, 0.0)
89	235,0.05	(89, 0.0)
89	116,0.0454545454545	(89, 0.0)
89	133,0.0454545454545	(89, 0.0)
89	28,0.0434782608696	(89, 0.0)
90	94,0.0454545454545	(90, 0.0)
90	0,0.0	(90, 0.0)
90	1,0.0	(90, 0.0)
90	2,0.0	(90, 0.0)
90	3,0.0	(90, 0.0)
90	4,0.0	(90, 0.0)
90	5,0.0	(90, 0.0)
90	6,0.0	(90, 0.0)
90	7,0.0	(90, 0.0)
90	8,0.0	(90, 0.0)
91	52,0.0434782608696	(91, 0.02702702702702703)
91	175,0.0416666666667	(91, 0.02702702702702703)
91	151,0.037037037037	(91, 0.02702702702702703)
91	0,0.0344827586207	(91, 0.02702702702702703)
91	24,0.0333333333333	(91, 0.02702702702702703)
91	232,0.0333333333333	(91, 0.02702702702702703)
91	13,0.030303030303	(91, 0.02702702702702703)
91	67,0.027027027027	(91, 0.02702702702702703)
91	91,0.027027027027	(91, 0.02702702702702703)
91	244,0.027027027027	(91, 0.02702702702702703)
92	119,0.0909090909091	(92, 0.07142857142857142)
92	248,0.0769230769231	(92, 0.07142857142857142)
92	92,0.0714285714286	(92, 0.07142857142857142)
92	95,0.0714285714286	(92, 0.07142857142857142)
92	216,0.0714285714286	(92, 0.07142857142857142)
92	18,0.0625	(92, 0.07142857142857142)
92	135,0.0625	(92, 0.07142857142857142)
92	143,0.0588235294118	(92, 0.07142857142857142)
92	80,0.047619047619	(92, 0.07142857142857142)
92	105,0.0454545454545	(92, 0.07142857142857142)
93	9,0.05	(93, 0.04081632653061224)
93	93,0.0408163265306	(93, 0.04081632653061224)
93	64,0.04	(93, 0.04081632653061224)
93	153,0.0384615384615	(93, 0.04081632653061224)
93	185,0.037037037037	(93, 0.04081632653061224)
93	240,0.0363636363636	(93, 0.04081632653061224)
93	15,0.0333333333333	(93, 0.04081632653061224)
93	71,0.0322580645161	(93, 0.04081632653061224)
93	181,0.0322580645161	(93, 0.04081632653061224)
93	235,0.03125	(93, 0.04081632653061224)
94	94,0.115384615385	(94, 0.11538461538461539)
94	126,0.0645161290323	(94, 0.11538461538461539)
94	249,0.0588235294118	(94, 0.11538461538461539)
94	177,0.0526315789474	(94, 0.11538461538461539)
94	11,0.05	(94, 0.11538461538461539)
94	30,0.05	(94, 0.11538461538461539)
94	227,0.047619047619	(94, 0.11538461538461539)
94	243,0.047619047619	(94, 0.11538461538461539)
94	195,0.0454545454545	(94, 0.11538461538461539)
94	38,0.0434782608696	(94, 0.11538461538461539)
95	0,0.0	(95, 0.0)
95	1,0.0	(95, 0.0)
95	2,0.0	(95, 0.0)
95	3,0.0	(95, 0.0)
95	4,0.0	(95, 0.0)
95	5,0.0	(95, 0.0)
95	6,0.0	(95, 0.0)
95	7,0.0	(95, 0.0)
95	8,0.0	(95, 0.0)
95	9,0.0	(95, 0.0)
96	0,0.0	(96, 0.0)
96	1,0.0	(96, 0.0)
96	2,0.0	(96, 0.0)
96	3,0.0	(96, 0.0)
96	4,0.0	(96, 0.0)
96	5,0.0	(96, 0.0)
96	6,0.0	(96, 0.0)
96	7,0.0	(96, 0.0)
96	8,0.0	(96, 0.0)
96	9,0.0	(96, 0.0)
97	97,0.0588235294118	(97, 0.058823529411764705)
97	0,0.0	(97, 0.058823529411764705)
97	1,0.0	(97, 0.058823529411764705)
97	2,0.0	(97, 0.058823529411764705)
97	3,0.0	(97, 0.058823529411764705)
97	4,0.0	(97, 0.058823529411764705)
97	5,0.0	(97, 0.058823529411764705)
97	6,0.0	(97, 0.058823529411764705)
97	7,0.0	(97, 0.058823529411764705)
97	8,0.0	(97, 0.058823529411764705)
98	119,0.0434782608696	(98, 0.02564102564102564)
98	248,0.04	(98, 0.02564102564102564)
98	92,0.0384615384615	(98, 0.02564102564102564)
98	95,0.0384615384615	(98, 0.02564102564102564)
98	216,0.0384615384615	(98, 0.02564102564102564)
98	18,0.0357142857143	(98, 0.02564102564102564)
98	135,0.0357142857143	(98, 0.02564102564102564)
98	143,0.0344827586207	(98, 0.02564102564102564)
98	80,0.030303030303	(98, 0.02564102564102564)
98	105,0.0294117647059	(98, 0.02564102564102564)
99	99,0.0357142857143	(99, 0.03571428571428571)
99	218,0.0166666666667	(99, 0.03571428571428571)
99	0,0.0	(99, 0.03571428571428571)
99	1,0.0	(99, 0.03571428571428571)
99	2,0.0	(99, 0.03571428571428571)
99	3,0.0	(99, 0.03571428571428571)
99	4,0.0	(99, 0.03571428571428571)
99	5,0.0	(99, 0.03571428571428571)
99	6,0.0	(99, 0.03571428571428571)
99	7,0.0	(99, 0.03571428571428571)
100	195,0.0666666666667	(100, 0.014925373134328358)
100	235,0.0555555555556	(100, 0.014925373134328358)
100	133,0.0526315789474	(100, 0.014925373134328358)
100	28,0.0512820512821	(100, 0.014925373134328358)
100	66,0.047619047619	(100, 0.014925373134328358)
100	182,0.0454545454545	(100, 0.014925373134328358)
100	194,0.0454545454545	(100, 0.014925373134328358)
100	107,0.0434782608696	(100, 0.014925373134328358)
100	174,0.0434782608696	(100, 0.014925373134328358)
100	9,0.04	(100, 0.014925373134328358)
101	94,0.08	(101, 0.058823529411764705)
101	126,0.0689655172414	(101, 0.058823529411764705)
101	101,0.0588235294118	(101, 0.058823529411764705)
101	177,0.0588235294118	(101, 0.058823529411764705)
101	11,0.0555555555556	(101, 0.058823529411764705)
101	30,0.0555555555556	(101, 0.058823529411764705)
101	247,0.0555555555556	(101, 0.058823529411764705)
101	227,0.0526315789474	(101, 0.058823529411764705)
101	243,0.0526315789474	(101, 0.058823529411764705)
101	195,0.05	(101, 0.058823529411764705)
102	0,0.0	(102, 0.0)
102	1,0.0	(102, 0.0)
102	2,0.0	(102, 0.0)
102	3,0.0	(102, 0.0)
102	4,0.0	(102, 0.0)
102	5,0.0	(102, 0.0)
102	6,0.0	(102, 0.0)
102	7,0.0	(102, 0.0)
102	8,0.0	(102, 0.0)
102	9,0.0	(102, 0.0)
103	62,0.046511627907	(103, 0.034482758620689655)
103	177,0.0357142857143	(103, 0.034482758620689655)
103	11,0.0344827586207	(103, 0.034482758620689655)
103	30,0.0344827586207	(103, 0.034482758620689655)
103	103,0.0344827586207	(103, 0.034482758620689655)
103	227,0.0333333333333	(103, 0.034482758620689655)
103	243,0.0333333333333	(103, 0.034482758620689655)
103	195,0.0322580645161	(103, 0.034482758620689655)
103	38,0.03125	(103, 0.034482758620689655)
103	70,0.03125	(103, 0.034482758620689655)
104	0,0.0	(104, 0.0)
104	1,0.0	(104, 0.0)
104	2,0.0	(104, 0.0)
104	3,0.0	(104, 0.0)
104	4,0.0	(104, 0.0)
104	5,0.0	(104, 0.0)
104	6,0.0	(104, 0.0)
104	7,0.0	(104, 0.0)
104	8,0.0	(104, 0.0)
104	9,0.0	(104, 0.0)
105	177,0.0909090909091	(105, 0.041666666666666664)
105	201,0.0869565217391	(105, 0.041666666666666664)
105	11,0.0833333333333	(105, 0.041666666666666664)
105	30,0.0833333333333	(105, 0.041666666666666664)
105	227,0.0769230769231	(105, 0.041666666666666664)
105	243,0.0769230769231	(105, 0.041666666666666664)
105	195,0.0714285714286	(105, 0.041666666666666664)
105	178,0.0689655172414	(105, 0.041666666666666664)
105	38,0.0666666666667	(105, 0.041666666666666664)
105	70,0.0666666666667	(105, 0.041666666666666664)
106	187,0.105263157895	(106, 0.04)
106	244,0.0625	(106, 0.04)
106	76,0.0526315789474	(106, 0.04)
106	71,0.05	(106, 0.04)
106	105,0.04	(106, 0.04)
106	106,0.04	(106, 0.04)
106	201,0.04	(106, 0.04)
106	17,0.0344827586207	(106, 0.04)
106	215,0.0333333333333	(106, 0.04)
106	174,0.0322580645161	(106, 0.04)
107	235,0.0689655172414	(107, 0.05128205128205128)
107	133,0.0645161290323	(107, 0.05128205128205128)
107	28,0.0625	(107, 0.05128205128205128)
107	66,0.0571428571429	(107, 0.05128205128205128)
107	9,0.0555555555556	(107, 0.05128205128205128)
107	182,0.0540540540541	(107, 0.05128205128205128)
107	194,0.0540540540541	(107, 0.05128205128205128)
107	107,0.0512820512821	(107, 0.05128205128205128)
107	177,0.047619047619	(107, 0.05128205128205128)
107	11,0.0454545454545	(107, 0.05128205128205128)
108	62,0.0357142857143	(108, 0.0)
108	0,0.0	(108, 0.0)
108	1,0.0	(108, 0.0)
108	2,0.0	(108, 0.0)
108	3,0.0	(108, 0.0)
108	4,0.0	(108, 0.0)
108	5,0.0	(108, 0.0)
108	6,0.0	(108, 0.0)
108	7,0.0	(108, 0.0)
108	8,0.0	(108, 0.0)
109	9,0.0909090909091	(109, 0.0)
109	64,0.0625	(109, 0.0)
109	153,0.0588235294118	(109, 0.0)
109	185,0.0555555555556	(109, 0.0)
109	15,0.047619047619	(109, 0.0)
109	71,0.0454545454545	(109, 0.0)
109	235,0.0434782608696	(109, 0.0)
109	116,0.04	(109, 0.0)
109	133,0.04	(109, 0.0)
109	28,0.0384615384615	(109, 0.0)
110	110,0.0666666666667	(110, 0.06666666666666667)
110	167,0.027027027027	(110, 0.06666666666666667)
110	0,0.0	(110, 0.06666666666666667)
110	1,0.0	(110, 0.06666666666666667)
110	2,0.0	(110, 0.06666666666666667)
110	3,0.0	(110, 0.06666666666666667)
110	4,0.0	(110, 0.06666666666666667)
110	5,0.0	(110, 0.06666666666666667)
110	6,0.0	(110, 0.06666666666666667)
110	7,0.0	(110, 0.06666666666666667)
111	111,0.0714285714286	(111, 0.07142857142857142)
111	0,0.0	(111, 0.07142857142857142)
111	1,0.0	(111, 0.07142857142857142)
111	2,0.0	(111, 0.07142857142857142)
111	3,0.0	(111, 0.07142857142857142)
111	4,0.0	(111, 0.07142857142857142)
111	5,0.0	(111, 0.07142857142857142)
111	6,0.0	(111, 0.07142857142857142)
111	7,0.0	(111, 0.07142857142857142)
111	8,0.0	(111, 0.07142857142857142)
112	177,0.0434782608696	(112, 0.025)
112	11,0.0416666666667	(112, 0.025)
112	30,0.0416666666667	(112, 0.025)
112	227,0.04	(112, 0.025)
112	243,0.04	(112, 0.025)
112	195,0.0384615384615	(112, 0.025)
112	38,0.037037037037	(112, 0.025)
112	70,0.037037037037	(112, 0.025)
112	77,0.037037037037	(112, 0.025)
112	176,0.037037037037	(112, 0.025)
113	135,0.0416666666667	(113, 0.029411764705882353)
113	181,0.04	(113, 0.029411764705882353)
113	8,0.03125	(113, 0.029411764705882353)
113	113,0.0294117647059	(113, 0.029411764705882353)
113	236,0.027027027027	(113, 0.029411764705882353)
113	67,0.0263157894737	(113, 0.029411764705882353)
113	60,0.025	(113, 0.029411764705882353)
113	192,0.0217391304348	(113, 0.029411764705882353)
113	44,0.0212765957447	(113, 0.029411764705882353)
113	241,0.02	(113, 0.029411764705882353)
114	114,0.0606060606061	(114, 0.06060606060606061)
114	2,0.0277777777778	(114, 0.06060606060606061)
114	64,0.027027027027	(114, 0.06060606060606061)
114	153,0.0263157894737	(114, 0.06060606060606061)
114	31,0.0232558139535	(114, 0.06060606060606061)
114	82,0.0232558139535	(114, 0.06060606060606061)
114	166,0.0227272727273	(114, 0.06060606060606061)
114	204,0.0217391304348	(114, 0.06060606060606061)
114	150,0.0208333333333	(114, 0.06060606060606061)
114	132,0.02	(114, 0.06060606060606061)
115	177,0.047619047619	(115, 0.02857142857142857)
115	11,0.0454545454545	(115, 0.02857142857142857)
115	30,0.0454545454545	(115, 0.02857142857142857)
115	227,0.0434782608696	(115, 0.02857142857142857)
115	243,0.0434782608696	(115, 0.02857142857142857)
115	195,0.0416666666667	(115, 0.02857142857142857)
115	38,0.04	(115, 0.02857142857142857)
115	70,0.04	(115, 0.02857142857142857)
115	77,0.04	(115, 0.02857142857142857)
115	176,0.04	(115, 0.02857142857142857)
116	0,0.0	(116, 0.0)
116	1,0.0	(116, 0.0)
116	2,0.0	(116, 0.0)
116	3,0.0	(116, 0.0)
116	4,0.0	(116, 0.0)
116	5,0.0	(116, 0.0)
116	6,0.0	(116, 0.0)
116	7,0.0	(116, 0.0)
116	8,0.0	(116, 0.0)
116	9,0.0	(116, 0.0)
117	2,0.0526315789474	(117, 0.025)
117	153,0.047619047619	(117, 0.025)
117	132,0.030303030303	(117, 0.025)
117	231,0.025641025641	(117, 0.025)
117	117,0.025	(117, 0.025)
117	240,0.0196078431373	(117, 0.025)
117	114,0.0192307692308	(117, 0.025)
117	0,0.0	(117, 0.025)
117	1,0.0	(117, 0.025)
117	3,0.0	(117, 0.025)
118	118,0.0512820512821	(118, 0.05128205128205128)
118	71,0.0357142857143	(118, 0.05128205128205128)
118	45,0.0277777777778	(118, 0.05128205128205128)
118	0,0.0	(118, 0.05128205128205128)
118	1,0.0	(118, 0.05128205128205128)
118	2,0.0	(118, 0.05128205128205128)
118	3,0.0	(118, 0.05128205128205128)
118	4,0.0	(118, 0.05128205128205128)
118	5,0.0	(118, 0.05128205128205128)
118	6,0.0	(118, 0.05128205128205128)
119	9,0.1	(119, 0.0)
119	64,0.0666666666667	(119, 0.0)
119	153,0.0625	(119, 0.0)
119	185,0.0588235294118	(119, 0.0)
119	15,0.05	(119, 0.0)
119	71,0.047619047619	(119, 0.0)
119	235,0.0454545454545	(119, 0.0)
119	116,0.0416666666667	(119, 0.0)
119	133,0.0416666666667	(119, 0.0)
119	28,0.04	(119, 0.0)
120	27,0.0212765957447	(120, 0.0)
120	0,0.0	(120, 0.0)
120	1,0.0	(120, 0.0)
120	2,0.0	(120, 0.0)
120	3,0.0	(120, 0.0)
120	4,0.0	(120, 0.0)
120	5,0.0	(120, 0.0)
120	6,0.0	(120, 0.0)
120	7,0.0	(120, 0.0)
120	8,0.0	(120, 0.0)
121	181,0.0322580645161	(121, 0.018518518518518517)
121	231,0.0227272727273	(121, 0.018518518518518517)
121	33,0.0212765957447	(121, 0.018518518518518517)
121	3,0.0196078431373	(121, 0.018518518518518517)
121	121,0.0185185185185	(121, 0.018518518518518517)
121	240,0.0178571428571	(121, 0.018518518518518517)
121	158,0.0149253731343	(121, 0.018518518518518517)
121	0,0.0	(121, 0.018518518518518517)
121	1,0.0	(121, 0.018518518518518517)
121	2,0.0	(121, 0.018518518518518517)
122	82,0.0416666666667	(122, 0.023255813953488372)
122	204,0.037037037037	(122, 0.023255813953488372)
122	239,0.03125	(122, 0.023255813953488372)
122	148,0.0277777777778	(122, 0.023255813953488372)
122	12,0.0243902439024	(122, 0.023255813953488372)
122	122,0.0232558139535	(122, 0.023255813953488372)
122	0,0.0	(122, 0.023255813953488372)
122	1,0.0	(122, 0.023255813953488372)
122	2,0.0	(122, 0.023255813953488372)
122	3,0.0	(122, 0.023255813953488372)
123	52,0.047619047619	(123, 0.03333333333333333)
123	68,0.047619047619	(123, 0.03333333333333333)
123	35,0.0454545454545	(123, 0.03333333333333333)
123	94,0.0434782608696	(123, 0.03333333333333333)
123	224,0.0416666666667	(123, 0.03333333333333333)
123	22,0.0384615384615	(123, 0.03333333333333333)
123	108,0.0384615384615	(123, 0.03333333333333333)
123	123,0.0333333333333	(123, 0.03333333333333333)
123	167,0.0243902439024	(123, 0.03333333333333333)
123	233,0.0238095238095	(123, 0.03333333333333333)
124	9,0.0588235294118	(124, 0.02564102564102564)
124	64,0.0454545454545	(124, 0.02564102564102564)
124	153,0.0434782608696	(124, 0.02564102564102564)
124	185,0.0416666666667	(124, 0.02564102564102564)
124	15,0.037037037037	(124, 0.02564102564102564)
124	71,0.0357142857143	(124, 0.02564102564102564)
124	235,0.0344827586207	(124, 0.02564102564102564)
124	116,0.0322580645161	(124, 0.02564102564102564)
124	133,0.0322580645161	(124, 0.02564102564102564)
124	28,0.03125	(124, 0.02564102564102564)
125	126,0.0384615384615	(125, 0.0)
125	0,0.0	(125, 0.0)
125	1,0.0	(125, 0.0)
125	2,0.0	(125, 0.0)
125	3,0.0	(125, 0.0)
125	4,0.0	(125, 0.0)
125	5,0.0	(125, 0.0)
125	6,0.0	(125, 0.0)
125	7,0.0	(125, 0.0)
125	8,0.0	(125, 0.0)
126	126,0.0689655172414	(126, 0.06896551724137931)
126	177,0.0588235294118	(126, 0.06896551724137931)
126	11,0.0555555555556	(126, 0.06896551724137931)
126	30,0.0555555555556	(126, 0.06896551724137931)
126	227,0.0526315789474	(126, 0.06896551724137931)
126	243,0.0526315789474	(126, 0.06896551724137931)
126	88,0.0512820512821	(126, 0.06896551724137931)
126	195,0.05	(126, 0.06896551724137931)
126	38,0.047619047619	(126, 0.06896551724137931)
126	70,0.047619047619	(126, 0.06896551724137931)
127	0,0.0	(127, 0.0)
127	1,0.0	(127, 0.0)
127	2,0.0	(127, 0.0)
127	3,0.0	(127, 0.0)
127	4,0.0	(127, 0.0)
127	5,0.0	(127, 0.0)
127	6,0.0	(127, 0.0)
127	7,0.0	(127, 0.0)
127	8,0.0	(127, 0.0)
127	9,0.0	(127, 0.0)
128	128,0.0545454545455	(128, 0.05454545454545454)
128	9,0.0526315789474	(128, 0.05454545454545454)
128	64,0.0416666666667	(128, 0.05454545454545454)
128	136,0.04	(128, 0.05454545454545454)
128	153,0.04	(128, 0.05454545454545454)
128	185,0.0384615384615	(128, 0.05454545454545454)
128	15,0.0344827586207	(128, 0.05454545454545454)
128	71,0.0333333333333	(128, 0.05454545454545454)
128	235,0.0322580645161	(128, 0.05454545454545454)
128	116,0.030303030303	(128, 0.05454545454545454)
129	0,0.0	(129, 0.0)
129	1,0.0	(129, 0.0)
129	2,0.0	(129, 0.0)
129	3,0.0	(129, 0.0)
129	4,0.0	(129, 0.0)
129	5,0.0	(129, 0.0)
129	6,0.0	(129, 0.0)
129	7,0.0	(129, 0.0)
129	8,0.0	(129, 0.0)
129	9,0.0	(129, 0.0)
130	85,0.0434782608696	(130, 0.0)
130	201,0.037037037037	(130, 0.0)
130	182,0.0322580645161	(130, 0.0)
130	200,0.03125	(130, 0.0)
130	145,0.0188679245283	(130, 0.0)
130	0,0.0	(130, 0.0)
130	1,0.0	(130, 0.0)
130	2,0.0	(130, 0.0)
130	3,0.0	(130, 0.0)
130	4,0.0	(130, 0.0)
131	42,0.0425531914894	(131, 0.04054054054054054)
131	177,0.0416666666667	(131, 0.04054054054054054)
131	131,0.0405405405405	(131, 0.04054054054054054)
131	11,0.04	(131, 0.04054054054054054)
131	30,0.04	(131, 0.04054054054054054)
131	227,0.0384615384615	(131, 0.04054054054054054)
131	243,0.0384615384615	(131, 0.04054054054054054)
131	195,0.037037037037	(131, 0.04054054054054054)
131	38,0.0357142857143	(131, 0.04054054054054054)
131	70,0.0357142857143	(131, 0.04054054054054054)
132	132,0.0322580645161	(132, 0.03225806451612903)
132	117,0.0263157894737	(132, 0.03225806451612903)
132	114,0.02	(132, 0.03225806451612903)
132	0,0.0	(132, 0.03225806451612903)
132	1,0.0	(132, 0.03225806451612903)
132	2,0.0	(132, 0.03225806451612903)
132	3,0.0	(132, 0.03225806451612903)
132	4,0.0	(132, 0.03225806451612903)
132	5,0.0	(132, 0.03225806451612903)
132	6,0.0	(132, 0.03225806451612903)
133	133,0.0434782608696	(133, 0.043478260869565216)
133	0,0.0	(133, 0.043478260869565216)
133	1,0.0	(133, 0.043478260869565216)
133	2,0.0	(133, 0.043478260869565216)
133	3,0.0	(133, 0.043478260869565216)
133	4,0.0	(133, 0.043478260869565216)
133	5,0.0	(133, 0.043478260869565216)
133	6,0.0	(133, 0.043478260869565216)
133	7,0.0	(133, 0.043478260869565216)
133	8,0.0	(133, 0.043478260869565216)
134	177,0.05	(134, 0.022727272727272728)
134	11,0.047619047619	(134, 0.022727272727272728)
134	30,0.047619047619	(134, 0.022727272727272728)
134	227,0.0454545454545	(134, 0.022727272727272728)
134	243,0.0454545454545	(134, 0.022727272727272728)
134	195,0.0434782608696	(134, 0.022727272727272728)
134	38,0.0416666666667	(134, 0.022727272727272728)
134	70,0.0416666666667	(134, 0.022727272727272728)
134	77,0.0416666666667	(134, 0.022727272727272728)
134	176,0.0416666666667	(134, 0.022727272727272728)
135	119,0.0833333333333	(135, 0.058823529411764705)
135	248,0.0714285714286	(135, 0.058823529411764705)
135	92,0.0666666666667	(135, 0.058823529411764705)
135	95,0.0666666666667	(135, 0.058823529411764705)
135	216,0.0666666666667	(135, 0.058823529411764705)
135	18,0.0588235294118	(135, 0.058823529411764705)
135	135,0.0588235294118	(135, 0.058823529411764705)
135	143,0.0555555555556	(135, 0.058823529411764705)
135	80,0.0454545454545	(135, 0.058823529411764705)
135	105,0.0434782608696	(135, 0.058823529411764705)
136	9,0.0625	(136, 0.020833333333333332)
136	64,0.047619047619	(136, 0.020833333333333332)
136	153,0.0454545454545	(136, 0.020833333333333332)
136	185,0.0434782608696	(136, 0.020833333333333332)
136	216,0.0416666666667	(136, 0.020833333333333332)
136	15,0.0384615384615	(136, 0.020833333333333332)
136	71,0.037037037037	(136, 0.020833333333333332)
136	235,0.0357142857143	(136, 0.020833333333333332)
136	116,0.0333333333333	(136, 0.020833333333333332)
136	133,0.0333333333333	(136, 0.020833333333333332)
137	82,0.0333333333333	(137, 0.017857142857142856)
137	226,0.0333333333333	(137, 0.017857142857142856)
137	53,0.0322580645161	(137, 0.017857142857142856)
137	94,0.0322580645161	(137, 0.017857142857142856)
137	126,0.0285714285714	(137, 0.017857142857142856)
137	232,0.0277777777778	(137, 0.017857142857142856)
137	101,0.025	(137, 0.017857142857142856)
137	3,0.02	(137, 0.017857142857142856)
137	147,0.0188679245283	(137, 0.017857142857142856)
137	137,0.0178571428571	(137, 0.017857142857142856)
138	166,0.0344827586207	(138, 0.0)
138	215,0.0263157894737	(138, 0.0)
138	60,0.0232558139535	(138, 0.0)
138	65,0.0232558139535	(138, 0.0)
138	122,0.0212765957447	(138, 0.0)
138	240,0.0188679245283	(138, 0.0)
138	100,0.0169491525424	(138, 0.0)
138	145,0.0169491525424	(138, 0.0)
138	32,0.0106382978723	(138, 0.0)
138	0,0.0	(138, 0.0)
139	177,0.0625	(139, 0.03225806451612903)
139	11,0.0588235294118	(139, 0.03225806451612903)
139	30,0.0588235294118	(139, 0.03225806451612903)
139	227,0.0555555555556	(139, 0.03225806451612903)
139	243,0.0555555555556	(139, 0.03225806451612903)
139	195,0.0526315789474	(139, 0.03225806451612903)
139	38,0.05	(139, 0.03225806451612903)
139	70,0.05	(139, 0.03225806451612903)
139	77,0.05	(139, 0.03225806451612903)
139	176,0.05	(139, 0.03225806451612903)
140	9,0.0416666666667	(140, 0.0)
140	27,0.0344827586207	(140, 0.0)
140	64,0.0344827586207	(140, 0.0)
140	111,0.0344827586207	(140, 0.0)
140	153,0.0333333333333	(140, 0.0)
140	185,0.0322580645161	(140, 0.0)
140	199,0.0322580645161	(140, 0.0)
140	15,0.0294117647059	(140, 0.0)
140	71,0.0285714285714	(140, 0.0)
140	82,0.0285714285714	(140, 0.0)
141	141,0.0857142857143	(141, 0.08571428571428572)
141	82,0.0714285714286	(141, 0.08571428571428572)
141	160,0.0625	(141, 0.08571428571428572)
141	41,0.0512820512821	(141, 0.08571428571428572)
141	148,0.05	(141, 0.08571428571428572)
141	177,0.047619047619	(141, 0.08571428571428572)
141	11,0.0454545454545	(141, 0.08571428571428572)
141	30,0.0454545454545	(141, 0.08571428571428572)
141	43,0.0434782608696	(141, 0.08571428571428572)
141	111,0.0434782608696	(141, 0.08571428571428572)
142	0,0.0	(142, 0.0)
142	1,0.0	(142, 0.0)
142	2,0.0	(142, 0.0)
142	3,0.0	(142, 0.0)
142	4,0.0	(142, 0.0)
142	5,0.0	(142, 0.0)
142	6,0.0	(142, 0.0)
142	7,0.0	(142, 0.0)
142	8,0.0	(142, 0.0)
142	9,0.0	(142, 0.0)
143	143,0.05	(143, 0.05)
143	164,0.0357142857143	(143, 0.05)
143	17,0.0344827586207	(143, 0.05)
143	236,0.03125	(143, 0.05)
143	33,0.0277777777778	(143, 0.05)
143	0,0.0	(143, 0.05)
143	1,0.0	(143, 0.05)
143	2,0.0	(143, 0.05)
143	3,0.0	(143, 0.05)
143	4,0.0	(143, 0.05)
144	177,0.0833333333333	(144, 0.03571428571428571)
144	11,0.0769230769231	(144, 0.03571428571428571)
144	30,0.0769230769231	(144, 0.03571428571428571)
144	227,0.0714285714286	(144, 0.03571428571428571)
144	243,0.0714285714286	(144, 0.03571428571428571)
144	195,0.0666666666667	(144, 0.03571428571428571)
144	38,0.0625	(144, 0.03571428571428571)
144	70,0.0625	(144, 0.03571428571428571)
144	77,0.0625	(144, 0.03571428571428571)
144	176,0.0625	(144, 0.03571428571428571)
145	235,0.0571428571429	(145, 0.03076923076923077)
145	133,0.0540540540541	(145, 0.03076923076923077)
145	28,0.0526315789474	(145, 0.03076923076923077)
145	66,0.0487804878049	(145, 0.03076923076923077)
145	182,0.046511627907	(145, 0.03076923076923077)
145	194,0.046511627907	(145, 0.03076923076923077)
145	107,0.0444444444444	(145, 0.03076923076923077)
145	86,0.0425531914894	(145, 0.03076923076923077)
145	9,0.0416666666667	(145, 0.03076923076923077)
145	60,0.0408163265306	(145, 0.03076923076923077)
146	223,0.0434782608696	(146, 0.041666666666666664)
146	146,0.0416666666667	(146, 0.041666666666666664)
146	224,0.03125	(146, 0.041666666666666664)
146	249,0.0263157894737	(146, 0.041666666666666664)
146	34,0.0222222222222	(146, 0.041666666666666664)
146	55,0.0217391304348	(146, 0.041666666666666664)
146	137,0.0178571428571	(146, 0.041666666666666664)
146	0,0.0	(146, 0.041666666666666664)
146	1,0.0	(146, 0.041666666666666664)
146	2,0.0	(146, 0.041666666666666664)
147	147,0.0816326530612	(147, 0.08163265306122448)
147	82,0.0714285714286	(147, 0.08163265306122448)
147	226,0.0714285714286	(147, 0.08163265306122448)
147	53,0.0689655172414	(147, 0.08163265306122448)
147	232,0.0588235294118	(147, 0.08163265306122448)
147	177,0.047619047619	(147, 0.08163265306122448)
147	11,0.0454545454545	(147, 0.08163265306122448)
147	30,0.0454545454545	(147, 0.08163265306122448)
147	227,0.0434782608696	(147, 0.08163265306122448)
147	243,0.0434782608696	(147, 0.08163265306122448)
148	248,0.0454545454545	(148, 0.0)
148	162,0.0333333333333	(148, 0.0)
148	225,0.0333333333333	(148, 0.0)
148	139,0.030303030303	(148, 0.0)
148	179,0.0238095238095	(148, 0.0)
148	27,0.02	(148, 0.0)
148	0,0.0	(148, 0.0)
148	1,0.0	(148, 0.0)
148	2,0.0	(148, 0.0)
148	3,0.0	(148, 0.0)
149	0,0.0	(149, 0.0)
149	1,0.0	(149, 0.0)
149	2,0.0	(149, 0.0)
149	3,0.0	(149, 0.0)
149	4,0.0	(149, 0.0)
149	5,0.0	(149, 0.0)
149	6,0.0	(149, 0.0)
149	7,0.0	(149, 0.0)
149	8,0.0	(149, 0.0)
149	9,0.0	(149, 0.0)
150	31,0.0416666666667	(150, 0.0)
150	186,0.0227272727273	(150, 0.0)
150	0,0.0	(150, 0.0)
150	1,0.0	(150, 0.0)
150	2,0.0	(150, 0.0)
150	3,0.0	(150, 0.0)
150	4,0.0	(150, 0.0)
150	5,0.0	(150, 0.0)
150	6,0.0	(150, 0.0)
150	7,0.0	(150, 0.0)
151	94,0.0689655172414	(151, 0.03125)
151	126,0.0606060606061	(151, 0.03125)
151	24,0.0588235294118	(151, 0.03125)
151	232,0.0588235294118	(151, 0.03125)
151	13,0.0540540540541	(151, 0.03125)
151	182,0.0540540540541	(151, 0.03125)
151	213,0.05	(151, 0.03125)
151	67,0.0487804878049	(151, 0.03125)
151	158,0.047619047619	(151, 0.03125)
151	177,0.047619047619	(151, 0.03125)
152	31,0.0714285714286	(152, 0.024390243902439025)
152	80,0.0625	(152, 0.024390243902439025)
152	177,0.047619047619	(152, 0.024390243902439025)
152	11,0.0454545454545	(152, 0.024390243902439025)
152	30,0.0454545454545	(152, 0.024390243902439025)
152	227,0.0434782608696	(152, 0.024390243902439025)
152	243,0.0434782608696	(152, 0.024390243902439025)
152	195,0.0416666666667	(152, 0.024390243902439025)
152	38,0.04	(152, 0.024390243902439025)
152	70,0.04	(152, 0.024390243902439025)
153	0,0.0	(153, 0.0)
153	1,0.0	(153, 0.0)
153	2,0.0	(153, 0.0)
153	3,0.0	(153, 0.0)
153	4,0.0	(153, 0.0)
153	5,0.0	(153, 0.0)
153	6,0.0	(153, 0.0)
153	7,0.0	(153, 0.0)
153	8,0.0	(153, 0.0)
153	9,0.0	(153, 0.0)
154	154,0.0487804878049	(154, 0.04878048780487805)
154	164,0.0322580645161	(154, 0.04878048780487805)
154	158,0.0169491525424	(154, 0.04878048780487805)
154	0,0.0	(154, 0.04878048780487805)
154	1,0.0	(154, 0.04878048780487805)
154	2,0.0	(154, 0.04878048780487805)
154	3,0.0	(154, 0.04878048780487805)
154	4,0.0	(154, 0.04878048780487805)
154	5,0.0	(154, 0.04878048780487805)
154	6,0.0	(154, 0.04878048780487805)
155	155,0.0625	(155, 0.0625)
155	33,0.0285714285714	(155, 0.0625)
155	103,0.0238095238095	(155, 0.0625)
155	0,0.0	(155, 0.0625)
155	1,0.0	(155, 0.0625)
155	2,0.0	(155, 0.0625)
155	3,0.0	(155, 0.0625)
155	4,0.0	(155, 0.0625)
155	5,0.0	(155, 0.0625)
155	6,0.0	(155, 0.0625)
156	0,0.04	(156, 0.0)
156	1,0.0	(156, 0.0)
156	2,0.0	(156, 0.0)
156	3,0.0	(156, 0.0)
156	4,0.0	(156, 0.0)
156	5,0.0	(156, 0.0)
156	6,0.0	(156, 0.0)
156	7,0.0	(156, 0.0)
156	8,0.0	(156, 0.0)
156	9,0.0	(156, 0.0)
157	119,0.0526315789474	(157, 0.03125)
157	70,0.047619047619	(157, 0.03125)
157	248,0.047619047619	(157, 0.03125)
157	92,0.0454545454545	(157, 0.03125)
157	95,0.0454545454545	(157, 0.03125)
157	216,0.0454545454545	(157, 0.03125)
157	168,0.0425531914894	(157, 0.03125)
157	18,0.0416666666667	(157, 0.03125)
157	135,0.0416666666667	(157, 0.03125)
157	143,0.04	(157, 0.03125)
158	158,0.0684931506849	(158, 0.0684931506849315)
158	181,0.05	(158, 0.0684931506849315)
158	240,0.046875	(158, 0.0684931506849315)
158	67,0.0377358490566	(158, 0.0684931506849315)
158	93,0.0338983050847	(158, 0.0684931506849315)
158	154,0.0338983050847	(158, 0.0684931506849315)
158	9,0.0333333333333	(158, 0.0684931506849315)
158	186,0.0333333333333	(158, 0.0684931506849315)
158	44,0.0322580645161	(158, 0.0684931506849315)
158	241,0.0307692307692	(158, 0.0684931506849315)
159	166,0.047619047619	(159, 0.0)
159	215,0.0333333333333	(159, 0.0)
159	60,0.0285714285714	(159, 0.0)
159	65,0.0285714285714	(159, 0.0)
159	122,0.025641025641	(159, 0.0)
159	240,0.0222222222222	(159, 0.0)
159	100,0.0196078431373	(159, 0.0)
159	145,0.0196078431373	(159, 0.0)
159	32,0.0116279069767	(159, 0.0)
159	0,0.0	(159, 0.0)
160	160,0.12	(160, 0.12)
160	177,0.0666666666667	(160, 0.12)
160	11,0.0625	(160, 0.12)
160	30,0.0625	(160, 0.12)
160	227,0.0588235294118	(160, 0.12)
160	243,0.0588235294118	(160, 0.12)
160	195,0.0555555555556	(160, 0.12)
160	38,0.0526315789474	(160, 0.12)
160	70,0.0526315789474	(160, 0.12)
160	77,0.0526315789474	(160, 0.12)
161	0,0.0	(161, 0.0)
161	1,0.0	(161, 0.0)
161	2,0.0	(161, 0.0)
161	3,0.0	(161, 0.0)
161	4,0.0	(161, 0.0)
161	5,0.0	(161, 0.0)
161	6,0.0	(161, 0.0)
161	7,0.0	(161, 0.0)
161	8,0.0	(161, 0.0)
161	9,0.0	(161, 0.0)
162	162,0.04	(162, 0.04)
162	190,0.0285714285714	(162, 0.04)
162	103,0.0227272727273	(162, 0.04)
162	128,0.0208333333333	(162, 0.04)
162	0,0.0	(162, 0.04)
162	1,0.0	(162, 0.04)
162	2,0.0	(162, 0.04)
162	3,0.0	(162, 0.04)
162	4,0.0	(162, 0.04)
162	5,0.0	(162, 0.04)
163	0,0.0	(163, 0.0)
163	1,0.0	(163, 0.0)
163	2,0.0	(163, 0.0)
163	3,0.0	(163, 0.0)
163	4,0.0	(163, 0.0)
163	5,0.0	(163, 0.0)
163	6,0.0	(163, 0.0)
163	7,0.0	(163, 0.0)
163	8,0.0	(163, 0.0)
163	9,0.0	(163, 0.0)
164	0,0.0	(164, 0.0)
164	1,0.0	(164, 0.0)
164	2,0.0	(164, 0.0)
164	3,0.0	(164, 0.0)
164	4,0.0	(164, 0.0)
164	5,0.0	(164, 0.0)
164	6,0.0	(164, 0.0)
164	7,0.0	(164, 0.0)
164	8,0.0	(164, 0.0)
164	9,0.0	(164, 0.0)
165	0,0.0	(165, 0.0)
165	1,0.0	(165, 0.0)
165	2,0.0	(165, 0.0)
165	3,0.0	(165, 0.0)
165	4,0.0	(165, 0.0)
165	5,0.0	(165, 0.0)
165	6,0.0	(165, 0.0)
165	7,0.0	(165, 0.0)
165	8,0.0	(165, 0.0)
165	9,0.0	(165, 0.0)
166	166,0.0416666666667	(166, 0.041666666666666664)
166	244,0.0277777777778	(166, 0.041666666666666664)
166	0,0.0	(166, 0.041666666666666664)
166	1,0.0	(166, 0.041666666666666664)
166	2,0.0	(166, 0.041666666666666664)
166	3,0.0	(166, 0.041666666666666664)
166	4,0.0	(166, 0.041666666666666664)
166	5,0.0	(166, 0.041666666666666664)
166	6,0.0	(166, 0.041666666666666664)
166	7,0.0	(166, 0.041666666666666664)
167	167,0.0392156862745	(167, 0.0392156862745098)
167	110,0.0333333333333	(167, 0.0392156862745098)
167	52,0.03125	(167, 0.0392156862745098)
167	68,0.03125	(167, 0.0392156862745098)
167	35,0.030303030303	(167, 0.0392156862745098)
167	224,0.0285714285714	(167, 0.0392156862745098)
167	22,0.027027027027	(167, 0.0392156862745098)
167	108,0.027027027027	(167, 0.0392156862745098)
167	123,0.0243902439024	(167, 0.0392156862745098)
167	233,0.0188679245283	(167, 0.0392156862745098)
168	45,0.025641025641	(168, 0.018518518518518517)
168	118,0.0232558139535	(168, 0.018518518518518517)
168	168,0.0185185185185	(168, 0.018518518518518517)
168	219,0.0142857142857	(168, 0.018518518518518517)
168	0,0.0	(168, 0.018518518518518517)
168	1,0.0	(168, 0.018518518518518517)
168	2,0.0	(168, 0.018518518518518517)
168	3,0.0	(168, 0.018518518518518517)
168	4,0.0	(168, 0.018518518518518517)
168	5,0.0	(168, 0.018518518518518517)
169	0,0.0	(169, 0.0)
169	1,0.0	(169, 0.0)
169	2,0.0	(169, 0.0)
169	3,0.0	(169, 0.0)
169	4,0.0	(169, 0.0)
169	5,0.0	(169, 0.0)
169	6,0.0	(169, 0.0)
169	7,0.0	(169, 0.0)
169	8,0.0	(169, 0.0)
169	9,0.0	(169, 0.0)
170	126,0.0384615384615	(170, 0.0)
170	117,0.0285714285714	(170, 0.0)
170	88,0.0277777777778	(170, 0.0)
170	122,0.025	(170, 0.0)
170	240,0.0217391304348	(170, 0.0)
170	131,0.0153846153846	(170, 0.0)
170	0,0.0	(170, 0.0)
170	1,0.0	(170, 0.0)
170	2,0.0	(170, 0.0)
170	3,0.0	(170, 0.0)
171	0,0.0	(171, 0.0)
171	1,0.0	(171, 0.0)
171	2,0.0	(171, 0.0)
171	3,0.0	(171, 0.0)
171	4,0.0	(171, 0.0)
171	5,0.0	(171, 0.0)
171	6,0.0	(171, 0.0)
171	7,0.0	(171, 0.0)
171	8,0.0	(171, 0.0)
171	9,0.0	(171, 0.0)
172	172,0.0344827586207	(172, 0.034482758620689655)
172	45,0.0294117647059	(172, 0.034482758620689655)
172	118,0.0263157894737	(172, 0.034482758620689655)
172	0,0.0	(172, 0.034482758620689655)
172	1,0.0	(172, 0.034482758620689655)
172	2,0.0	(172, 0.034482758620689655)
172	3,0.0	(172, 0.034482758620689655)
172	4,0.0	(172, 0.034482758620689655)
172	5,0.0	(172, 0.034482758620689655)
172	6,0.0	(172, 0.034482758620689655)
173	25,0.0526315789474	(173, 0.0)
173	39,0.05	(173, 0.0)
173	0,0.0	(173, 0.0)
173	1,0.0	(173, 0.0)
173	2,0.0	(173, 0.0)
173	3,0.0	(173, 0.0)
173	4,0.0	(173, 0.0)
173	5,0.0	(173, 0.0)
173	6,0.0	(173, 0.0)
173	7,0.0	(173, 0.0)
174	185,0.1	(174, 0.08823529411764706)
174	174,0.0882352941176	(174, 0.08823529411764706)
174	9,0.0714285714286	(174, 0.08823529411764706)
174	64,0.0526315789474	(174, 0.08823529411764706)
174	127,0.05	(174, 0.08823529411764706)
174	153,0.05	(174, 0.08823529411764706)
174	195,0.05	(174, 0.08823529411764706)
174	15,0.0416666666667	(174, 0.08823529411764706)
174	71,0.04	(174, 0.08823529411764706)
174	1,0.0384615384615	(174, 0.08823529411764706)
175	0,0.0	(175, 0.0)
175	1,0.0	(175, 0.0)
175	2,0.0	(175, 0.0)
175	3,0.0	(175, 0.0)
175	4,0.0	(175, 0.0)
175	5,0.0	(175, 0.0)
175	6,0.0	(175, 0.0)
175	7,0.0	(175, 0.0)
175	8,0.0	(175, 0.0)
175	9,0.0	(175, 0.0)
176	176,0.133333333333	(176, 0.13333333333333333)
176	228,0.0384615384615	(176, 0.13333333333333333)
176	0,0.0	(176, 0.13333333333333333)
176	1,0.0	(176, 0.13333333333333333)
176	2,0.0	(176, 0.13333333333333333)
176	3,0.0	(176, 0.13333333333333333)
176	4,0.0	(176, 0.13333333333333333)
176	5,0.0	(176, 0.13333333333333333)
176	6,0.0	(176, 0.13333333333333333)
176	7,0.0	(176, 0.13333333333333333)
177	0,0.0	(177, 0.0)
177	1,0.0	(177, 0.0)
177	2,0.0	(177, 0.0)
177	3,0.0	(177, 0.0)
177	4,0.0	(177, 0.0)
177	5,0.0	(177, 0.0)
177	6,0.0	(177, 0.0)
177	7,0.0	(177, 0.0)
177	8,0.0	(177, 0.0)
177	9,0.0	(177, 0.0)
178	28,0.0967741935484	(178, 0.07894736842105263)
178	66,0.0882352941176	(178, 0.07894736842105263)
178	107,0.0789473684211	(178, 0.07894736842105263)
178	178,0.0789473684211	(178, 0.07894736842105263)
178	71,0.0714285714286	(178, 0.07894736842105263)
178	235,0.0689655172414	(178, 0.07894736842105263)
178	133,0.0645161290323	(178, 0.07894736842105263)
178	80,0.0625	(178, 0.07894736842105263)
178	201,0.0606060606061	(178, 0.07894736842105263)
178	27,0.0588235294118	(178, 0.07894736842105263)
179	179,0.0243902439024	(179, 0.024390243902439025)
179	0,0.0	(179, 0.024390243902439025)
179	1,0.0	(179, 0.024390243902439025)
179	2,0.0	(179, 0.024390243902439025)
179	3,0.0	(179, 0.024390243902439025)
179	4,0.0	(179, 0.024390243902439025)
179	5,0.0	(179, 0.024390243902439025)
179	6,0.0	(179, 0.024390243902439025)
179	7,0.0	(179, 0.024390243902439025)
179	8,0.0	(179, 0.024390243902439025)
180	0,0.0	(180, 0.0)
180	1,0.0	(180, 0.0)
180	2,0.0	(180, 0.0)
180	3,0.0	(180, 0.0)
180	4,0.0	(180, 0.0)
180	5,0.0	(180, 0.0)
180	6,0.0	(180, 0.0)
180	7,0.0	(180, 0.0)
180	8,0.0	(180, 0.0)
180	9,0.0	(180, 0.0)
181	181,0.08	(181, 0.08)
181	9,0.0666666666667	(181, 0.08)
181	64,0.05	(181, 0.08)
181	153,0.047619047619	(181, 0.08)
181	93,0.0454545454545	(181, 0.08)
181	185,0.0454545454545	(181, 0.08)
181	47,0.0425531914894	(181, 0.08)
181	27,0.0408163265306	(181, 0.08)
181	15,0.04	(181, 0.08)
181	240,0.04	(181, 0.08)
182	182,0.0322580645161	(182, 0.03225806451612903)
182	0,0.0	(182, 0.03225806451612903)
182	1,0.0	(182, 0.03225806451612903)
182	2,0.0	(182, 0.03225806451612903)
182	3,0.0	(182, 0.03225806451612903)
182	4,0.0	(182, 0.03225806451612903)
182	5,0.0	(182, 0.03225806451612903)
182	6,0.0	(182, 0.03225806451612903)
182	7,0.0	(182, 0.03225806451612903)
182	8,0.0	(182, 0.03225806451612903)
183	0,0.0	(183, 0.0)
183	1,0.0	(183, 0.0)
183	2,0.0	(183, 0.0)
183	3,0.0	(183, 0.0)
183	4,0.0	(183, 0.0)
183	5,0.0	(183, 0.0)
183	6,0.0	(183, 0.0)
183	7,0.0	(183, 0.0)
183	8,0.0	(183, 0.0)
183	9,0.0	(183, 0.0)
184	184,0.0327868852459	(184, 0.03278688524590164)
184	81,0.0192307692308	(184, 0.03278688524590164)
184	0,0.0	(184, 0.03278688524590164)
184	1,0.0	(184, 0.03278688524590164)
184	2,0.0	(184, 0.03278688524590164)
184	3,0.0	(184, 0.03278688524590164)
184	4,0.0	(184, 0.03278688524590164)
184	5,0.0	(184, 0.03278688524590164)
184	6,0.0	(184, 0.03278688524590164)
184	7,0.0	(184, 0.03278688524590164)
185	185,0.117647058824	(185, 0.11764705882352941)
185	9,0.0909090909091	(185, 0.11764705882352941)
185	64,0.0625	(185, 0.11764705882352941)
185	174,0.0625	(185, 0.11764705882352941)
185	86,0.0588235294118	(185, 0.11764705882352941)
185	127,0.0588235294118	(185, 0.11764705882352941)
185	153,0.0588235294118	(185, 0.11764705882352941)
185	15,0.047619047619	(185, 0.11764705882352941)
185	71,0.0454545454545	(185, 0.11764705882352941)
185	27,0.0444444444444	(185, 0.11764705882352941)
186	177,0.0416666666667	(186, 0.019230769230769232)
186	11,0.04	(186, 0.019230769230769232)
186	30,0.04	(186, 0.019230769230769232)
186	227,0.0384615384615	(186, 0.019230769230769232)
186	243,0.0384615384615	(186, 0.019230769230769232)
186	195,0.037037037037	(186, 0.019230769230769232)
186	38,0.0357142857143	(186, 0.019230769230769232)
186	70,0.0357142857143	(186, 0.019230769230769232)
186	77,0.0357142857143	(186, 0.019230769230769232)
186	176,0.0357142857143	(186, 0.019230769230769232)
187	187,0.0909090909091	(187, 0.09090909090909091)
187	106,0.0357142857143	(187, 0.09090909090909091)
187	211,0.0322580645161	(187, 0.09090909090909091)
187	17,0.03125	(187, 0.09090909090909091)
187	215,0.030303030303	(187, 0.09090909090909091)
187	244,0.0277777777778	(187, 0.09090909090909091)
187	6,0.0204081632653	(187, 0.09090909090909091)
187	61,0.0149253731343	(187, 0.09090909090909091)
187	0,0.0	(187, 0.09090909090909091)
187	1,0.0	(187, 0.09090909090909091)
188	188,0.0555555555556	(188, 0.05555555555555555)
188	9,0.0526315789474	(188, 0.05555555555555555)
188	64,0.0416666666667	(188, 0.05555555555555555)
188	153,0.04	(188, 0.05555555555555555)
188	185,0.0384615384615	(188, 0.05555555555555555)
188	15,0.0344827586207	(188, 0.05555555555555555)
188	71,0.0333333333333	(188, 0.05555555555555555)
188	235,0.0322580645161	(188, 0.05555555555555555)
188	224,0.03125	(188, 0.05555555555555555)
188	116,0.030303030303	(188, 0.05555555555555555)
189	189,0.0384615384615	(189, 0.038461538461538464)
189	0,0.0	(189, 0.038461538461538464)
189	1,0.0	(189, 0.038461538461538464)
189	2,0.0	(189, 0.038461538461538464)
189	3,0.0	(189, 0.038461538461538464)
189	4,0.0	(189, 0.038461538461538464)
189	5,0.0	(189, 0.038461538461538464)
189	6,0.0	(189, 0.038461538461538464)
189	7,0.0	(189, 0.038461538461538464)
189	8,0.0	(189, 0.038461538461538464)
190	190,0.05	(190, 0.05)
190	119,0.047619047619	(190, 0.05)
190	248,0.0434782608696	(190, 0.05)
190	92,0.0416666666667	(190, 0.05)
190	95,0.0416666666667	(190, 0.05)
190	216,0.0416666666667	(190, 0.05)
190	18,0.0384615384615	(190, 0.05)
190	135,0.0384615384615	(190, 0.05)
190	143,0.037037037037	(190, 0.05)
190	80,0.0322580645161	(190, 0.05)
191	191,0.0666666666667	(191, 0.06666666666666667)
191	0,0.0	(191, 0.06666666666666667)
191	1,0.0	(191, 0.06666666666666667)
191	2,0.0	(191, 0.06666666666666667)
191	3,0.0	(191, 0.06666666666666667)
191	4,0.0	(191, 0.06666666666666667)
191	5,0.0	(191, 0.06666666666666667)
191	6,0.0	(191, 0.06666666666666667)
191	7,0.0	(191, 0.06666666666666667)
191	8,0.0	(191, 0.06666666666666667)
192	201,0.0666666666667	(192, 0.043478260869565216)
192	177,0.0555555555556	(192, 0.043478260869565216)
192	178,0.0555555555556	(192, 0.043478260869565216)
192	11,0.0526315789474	(192, 0.043478260869565216)
192	30,0.0526315789474	(192, 0.043478260869565216)
192	227,0.05	(192, 0.043478260869565216)
192	243,0.05	(192, 0.043478260869565216)
192	242,0.0487804878049	(192, 0.043478260869565216)
192	195,0.047619047619	(192, 0.043478260869565216)
192	38,0.0454545454545	(192, 0.043478260869565216)
193	111,0.0588235294118	(193, 0.02857142857142857)
193	199,0.0526315789474	(193, 0.02857142857142857)
193	82,0.0434782608696	(193, 0.02857142857142857)
193	224,0.04	(193, 0.02857142857142857)
193	99,0.0384615384615	(193, 0.02857142857142857)
193	160,0.037037037037	(193, 0.02857142857142857)
193	141,0.0322580645161	(193, 0.02857142857142857)
193	193,0.0285714285714	(193, 0.02857142857142857)
193	100,0.0185185185185	(193, 0.02857142857142857)
193	0,0.0	(193, 0.02857142857142857)
194	99,0.0645161290323	(194, 0.0)
194	111,0.0434782608696	(194, 0.0)
194	199,0.04	(194, 0.0)
194	82,0.0344827586207	(194, 0.0)
194	224,0.0322580645161	(194, 0.0)
194	160,0.030303030303	(194, 0.0)
194	141,0.027027027027	(194, 0.0)
194	193,0.0243902439024	(194, 0.0)
194	100,0.0166666666667	(194, 0.0)
194	218,0.015625	(194, 0.0)
195	0,0.0	(195, 0.0)
195	1,0.0	(195, 0.0)
195	2,0.0	(195, 0.0)
195	3,0.0	(195, 0.0)
195	4,0.0	(195, 0.0)
195	5,0.0	(195, 0.0)
195	6,0.0	(195, 0.0)
195	7,0.0	(195, 0.0)
195	8,0.0	(195, 0.0)
195	9,0.0	(195, 0.0)
196	66,0.0357142857143	(196, 0.0)
196	0,0.0	(196, 0.0)
196	1,0.0	(196, 0.0)
196	2,0.0	(196, 0.0)
196	3,0.0	(196, 0.0)
196	4,0.0	(196, 0.0)
196	5,0.0	(196, 0.0)
196	6,0.0	(196, 0.0)
196	7,0.0	(196, 0.0)
196	8,0.0	(196, 0.0)
197	52,0.0666666666667	(197, 0.0)
197	175,0.0625	(197, 0.0)
197	151,0.0526315789474	(197, 0.0)
197	24,0.0454545454545	(197, 0.0)
197	232,0.0454545454545	(197, 0.0)
197	13,0.04	(197, 0.0)
197	67,0.0344827586207	(197, 0.0)
197	91,0.0344827586207	(197, 0.0)
197	244,0.0344827586207	(197, 0.0)
197	186,0.0277777777778	(197, 0.0)
198	177,0.0588235294118	(198, 0.0)
198	11,0.0555555555556	(198, 0.0)
198	30,0.0555555555556	(198, 0.0)
198	227,0.0526315789474	(198, 0.0)
198	243,0.0526315789474	(198, 0.0)
198	195,0.05	(198, 0.0)
198	38,0.047619047619	(198, 0.0)
198	70,0.047619047619	(198, 0.0)
198	77,0.047619047619	(198, 0.0)
198	176,0.047619047619	(198, 0.0)
199	111,0.0714285714286	(199, 0.0625)
199	199,0.0625	(199, 0.0625)
199	82,0.05	(199, 0.0625)
199	224,0.0454545454545	(199, 0.0625)
199	99,0.0434782608696	(199, 0.0625)
199	160,0.0416666666667	(199, 0.0625)
199	141,0.0357142857143	(199, 0.0625)
199	193,0.03125	(199, 0.0625)
199	33,0.0277777777778	(199, 0.0625)
199	100,0.0196078431373	(199, 0.0625)
200	244,0.046511627907	(200, 0.0)
200	76,0.0333333333333	(200, 0.0)
200	71,0.0322580645161	(200, 0.0)
200	187,0.0322580645161	(200, 0.0)
200	105,0.0277777777778	(200, 0.0)
200	201,0.0277777777778	(200, 0.0)
200	141,0.025641025641	(200, 0.0)
200	174,0.0238095238095	(200, 0.0)
200	178,0.0238095238095	(200, 0.0)
200	242,0.0212765957447	(200, 0.0)
201	201,0.0357142857143	(201, 0.03571428571428571)
201	0,0.0	(201, 0.03571428571428571)
201	1,0.0	(201, 0.03571428571428571)
201	2,0.0	(201, 0.03571428571428571)
201	3,0.0	(201, 0.03571428571428571)
201	4,0.0	(201, 0.03571428571428571)
201	5,0.0	(201, 0.03571428571428571)
201	6,0.0	(201, 0.03571428571428571)
201	7,0.0	(201, 0.03571428571428571)
201	8,0.0	(201, 0.03571428571428571)
202	177,0.0625	(202, 0.047619047619047616)
202	11,0.0588235294118	(202, 0.047619047619047616)
202	30,0.0588235294118	(202, 0.047619047619047616)
202	227,0.0555555555556	(202, 0.047619047619047616)
202	243,0.0555555555556	(202, 0.047619047619047616)
202	195,0.0526315789474	(202, 0.047619047619047616)
202	38,0.05	(202, 0.047619047619047616)
202	70,0.05	(202, 0.047619047619047616)
202	77,0.05	(202, 0.047619047619047616)
202	176,0.05	(202, 0.047619047619047616)
203	73,0.0909090909091	(203, 0.0)
203	212,0.0196078431373	(203, 0.0)
203	0,0.0	(203, 0.0)
203	1,0.0	(203, 0.0)
203	2,0.0	(203, 0.0)
203	3,0.0	(203, 0.0)
203	4,0.0	(203, 0.0)
203	5,0.0	(203, 0.0)
203	6,0.0	(203, 0.0)
203	7,0.0	(203, 0.0)
204	204,0.037037037037	(204, 0.037037037037037035)
204	6,0.02	(204, 0.037037037037037035)
204	0,0.0	(204, 0.037037037037037035)
204	1,0.0	(204, 0.037037037037037035)
204	2,0.0	(204, 0.037037037037037035)
204	3,0.0	(204, 0.037037037037037035)
204	4,0.0	(204, 0.037037037037037035)
204	5,0.0	(204, 0.037037037037037035)
204	7,0.0	(204, 0.037037037037037035)
204	8,0.0	(204, 0.037037037037037035)
205	0,0.0	(205, 0.0)
205	1,0.0	(205, 0.0)
205	2,0.0	(205, 0.0)
205	3,0.0	(205, 0.0)
205	4,0.0	(205, 0.0)
205	5,0.0	(205, 0.0)
205	6,0.0	(205, 0.0)
205	7,0.0	(205, 0.0)
205	8,0.0	(205, 0.0)
205	9,0.0	(205, 0.0)
206	0,0.0	(206, 0.0)
206	1,0.0	(206, 0.0)
206	2,0.0	(206, 0.0)
206	3,0.0	(206, 0.0)
206	4,0.0	(206, 0.0)
206	5,0.0	(206, 0.0)
206	6,0.0	(206, 0.0)
206	7,0.0	(206, 0.0)
206	8,0.0	(206, 0.0)
206	9,0.0	(206, 0.0)
207	92,0.117647058824	(207, 0.05263157894736842)
207	80,0.0833333333333	(207, 0.05263157894736842)
207	177,0.0769230769231	(207, 0.05263157894736842)
207	11,0.0714285714286	(207, 0.05263157894736842)
207	30,0.0714285714286	(207, 0.05263157894736842)
207	249,0.0714285714286	(207, 0.05263157894736842)
207	112,0.0689655172414	(207, 0.05263157894736842)
207	98,0.0666666666667	(207, 0.05263157894736842)
207	119,0.0666666666667	(207, 0.05263157894736842)
207	227,0.0666666666667	(207, 0.05263157894736842)
208	208,0.0714285714286	(208, 0.07142857142857142)
208	0,0.0	(208, 0.07142857142857142)
208	1,0.0	(208, 0.07142857142857142)
208	2,0.0	(208, 0.07142857142857142)
208	3,0.0	(208, 0.07142857142857142)
208	4,0.0	(208, 0.07142857142857142)
208	5,0.0	(208, 0.07142857142857142)
208	6,0.0	(208, 0.07142857142857142)
208	7,0.0	(208, 0.07142857142857142)
208	8,0.0	(208, 0.07142857142857142)
209	235,0.0666666666667	(209, 0.03225806451612903)
209	133,0.0625	(209, 0.03225806451612903)
209	28,0.0606060606061	(209, 0.03225806451612903)
209	241,0.0566037735849	(209, 0.03225806451612903)
209	66,0.0555555555556	(209, 0.03225806451612903)
209	9,0.0526315789474	(209, 0.03225806451612903)
209	182,0.0526315789474	(209, 0.03225806451612903)
209	194,0.0526315789474	(209, 0.03225806451612903)
209	107,0.05	(209, 0.03225806451612903)
209	60,0.0454545454545	(209, 0.03225806451612903)
210	210,0.0597014925373	(210, 0.05970149253731343)
210	195,0.0322580645161	(210, 0.05970149253731343)
210	141,0.0227272727273	(210, 0.05970149253731343)
210	54,0.0217391304348	(210, 0.05970149253731343)
210	174,0.0212765957447	(210, 0.05970149253731343)
210	67,0.0204081632653	(210, 0.05970149253731343)
210	179,0.0192307692308	(210, 0.05970149253731343)
210	27,0.0166666666667	(210, 0.05970149253731343)
210	100,0.0149253731343	(210, 0.05970149253731343)
210	0,0.0	(210, 0.05970149253731343)
211	9,0.0666666666667	(211, 0.029411764705882353)
211	64,0.05	(211, 0.029411764705882353)
211	153,0.047619047619	(211, 0.029411764705882353)
211	185,0.0454545454545	(211, 0.029411764705882353)
211	15,0.04	(211, 0.029411764705882353)
211	240,0.04	(211, 0.029411764705882353)
211	71,0.0384615384615	(211, 0.029411764705882353)
211	187,0.0384615384615	(211, 0.029411764705882353)
211	166,0.037037037037	(211, 0.029411764705882353)
211	235,0.037037037037	(211, 0.029411764705882353)
212	9,0.0416666666667	(212, 0.028985507246376812)
212	197,0.037037037037	(212, 0.028985507246376812)
212	73,0.0333333333333	(212, 0.028985507246376812)
212	170,0.030303030303	(212, 0.028985507246376812)
212	212,0.0289855072464	(212, 0.028985507246376812)
212	71,0.0285714285714	(212, 0.028985507246376812)
212	80,0.025641025641	(212, 0.028985507246376812)
212	182,0.0227272727273	(212, 0.028985507246376812)
212	98,0.0222222222222	(212, 0.028985507246376812)
212	136,0.0178571428571	(212, 0.028985507246376812)
213	213,0.0277777777778	(213, 0.027777777777777776)
213	0,0.0	(213, 0.027777777777777776)
213	1,0.0	(213, 0.027777777777777776)
213	2,0.0	(213, 0.027777777777777776)
213	3,0.0	(213, 0.027777777777777776)
213	4,0.0	(213, 0.027777777777777776)
213	5,0.0	(213, 0.027777777777777776)
213	6,0.0	(213, 0.027777777777777776)
213	7,0.0	(213, 0.027777777777777776)
213	8,0.0	(213, 0.027777777777777776)
214	2,0.0526315789474	(214, 0.030303030303030304)
214	111,0.05	(214, 0.030303030303030304)
214	153,0.047619047619	(214, 0.030303030303030304)
214	199,0.0454545454545	(214, 0.030303030303030304)
214	82,0.0384615384615	(214, 0.030303030303030304)
214	224,0.0357142857143	(214, 0.030303030303030304)
214	99,0.0344827586207	(214, 0.030303030303030304)
214	160,0.0333333333333	(214, 0.030303030303030304)
214	214,0.030303030303	(214, 0.030303030303030304)
214	141,0.0294117647059	(214, 0.030303030303030304)
215	0,0.0	(215, 0.0)
215	1,0.0	(215, 0.0)
215	2,0.0	(215, 0.0)
215	3,0.0	(215, 0.0)
215	4,0.0	(215, 0.0)
215	5,0.0	(215, 0.0)
215	6,0.0	(215, 0.0)
215	7,0.0	(215, 0.0)
215	8,0.0	(215, 0.0)
215	9,0.0	(215, 0.0)
216	119,0.0909090909091	(216, 0.07142857142857142)
216	248,0.0769230769231	(216, 0.07142857142857142)
216	92,0.0714285714286	(216, 0.07142857142857142)
216	95,0.0714285714286	(216, 0.07142857142857142)
216	216,0.0714285714286	(216, 0.07142857142857142)
216	18,0.0625	(216, 0.07142857142857142)
216	135,0.0625	(216, 0.07142857142857142)
216	143,0.0588235294118	(216, 0.07142857142857142)
216	80,0.047619047619	(216, 0.07142857142857142)
216	105,0.0454545454545	(216, 0.07142857142857142)
217	0,0.0	(217, 0.0)
217	1,0.0	(217, 0.0)
217	2,0.0	(217, 0.0)
217	3,0.0	(217, 0.0)
217	4,0.0	(217, 0.0)
217	5,0.0	(217, 0.0)
217	6,0.0	(217, 0.0)
217	7,0.0	(217, 0.0)
217	8,0.0	(217, 0.0)
217	9,0.0	(217, 0.0)
218	153,0.0540540540541	(218, 0.039473684210526314)
218	71,0.047619047619	(218, 0.039473684210526314)
218	235,0.046511627907	(218, 0.039473684210526314)
218	27,0.0461538461538	(218, 0.039473684210526314)
218	241,0.0454545454545	(218, 0.039473684210526314)
218	133,0.0444444444444	(218, 0.039473684210526314)
218	28,0.0434782608696	(218, 0.039473684210526314)
218	201,0.0425531914894	(218, 0.039473684210526314)
218	66,0.0408163265306	(218, 0.039473684210526314)
218	218,0.0394736842105	(218, 0.039473684210526314)
219	62,0.0625	(219, 0.015625)
219	177,0.0588235294118	(219, 0.015625)
219	11,0.0555555555556	(219, 0.015625)
219	30,0.0555555555556	(219, 0.015625)
219	227,0.0526315789474	(219, 0.015625)
219	243,0.0526315789474	(219, 0.015625)
219	195,0.05	(219, 0.015625)
219	38,0.047619047619	(219, 0.015625)
219	70,0.047619047619	(219, 0.015625)
219	77,0.047619047619	(219, 0.015625)
220	0,0.0	(220, 0.0)
220	1,0.0	(220, 0.0)
220	2,0.0	(220, 0.0)
220	3,0.0	(220, 0.0)
220	4,0.0	(220, 0.0)
220	5,0.0	(220, 0.0)
220	6,0.0	(220, 0.0)
220	7,0.0	(220, 0.0)
220	8,0.0	(220, 0.0)
220	9,0.0	(220, 0.0)
221	119,0.0555555555556	(221, 0.0)
221	248,0.05	(221, 0.0)
221	92,0.047619047619	(221, 0.0)
221	95,0.047619047619	(221, 0.0)
221	216,0.047619047619	(221, 0.0)
221	18,0.0434782608696	(221, 0.0)
221	135,0.0434782608696	(221, 0.0)
221	143,0.0416666666667	(221, 0.0)
221	80,0.0357142857143	(221, 0.0)
221	105,0.0344827586207	(221, 0.0)
222	0,0.0	(222, 0.0)
222	1,0.0	(222, 0.0)
222	2,0.0	(222, 0.0)
222	3,0.0	(222, 0.0)
222	4,0.0	(222, 0.0)
222	5,0.0	(222, 0.0)
222	6,0.0	(222, 0.0)
222	7,0.0	(222, 0.0)
222	8,0.0	(222, 0.0)
222	9,0.0	(222, 0.0)
223	223,0.0769230769231	(223, 0.07692307692307693)
223	249,0.0357142857143	(223, 0.07692307692307693)
223	34,0.0285714285714	(223, 0.07692307692307693)
223	55,0.0277777777778	(223, 0.07692307692307693)
223	146,0.025641025641	(223, 0.07692307692307693)
223	0,0.0	(223, 0.07692307692307693)
223	1,0.0	(223, 0.07692307692307693)
223	2,0.0	(223, 0.07692307692307693)
223	3,0.0	(223, 0.07692307692307693)
223	4,0.0	(223, 0.07692307692307693)
224	224,0.08	(224, 0.08)
224	216,0.047619047619	(224, 0.08)
224	52,0.0434782608696	(224, 0.08)
224	68,0.0434782608696	(224, 0.08)
224	35,0.0416666666667	(224, 0.08)
224	22,0.0357142857143	(224, 0.08)
224	108,0.0357142857143	(224, 0.08)
224	123,0.03125	(224, 0.08)
224	167,0.0232558139535	(224, 0.08)
224	233,0.0227272727273	(224, 0.08)
225	76,0.047619047619	(225, 0.0)
225	212,0.0175438596491	(225, 0.0)
225	158,0.0172413793103	(225, 0.0)
225	0,0.0	(225, 0.0)
225	1,0.0	(225, 0.0)
225	2,0.0	(225, 0.0)
225	3,0.0	(225, 0.0)
225	4,0.0	(225, 0.0)
225	5,0.0	(225, 0.0)
225	6,0.0	(225, 0.0)
226	177,0.0714285714286	(226, 0.045454545454545456)
226	11,0.0666666666667	(226, 0.045454545454545456)
226	30,0.0666666666667	(226, 0.045454545454545456)
226	227,0.0625	(226, 0.045454545454545456)
226	243,0.0625	(226, 0.045454545454545456)
226	195,0.0588235294118	(226, 0.045454545454545456)
226	38,0.0555555555556	(226, 0.045454545454545456)
226	70,0.0555555555556	(226, 0.045454545454545456)
226	77,0.0555555555556	(226, 0.045454545454545456)
226	176,0.0555555555556	(226, 0.045454545454545456)
227	177,0.1	(227, 0.08333333333333333)
227	11,0.0909090909091	(227, 0.08333333333333333)
227	30,0.0909090909091	(227, 0.08333333333333333)
227	227,0.0833333333333	(227, 0.08333333333333333)
227	243,0.0833333333333	(227, 0.08333333333333333)
227	195,0.0769230769231	(227, 0.08333333333333333)
227	38,0.0714285714286	(227, 0.08333333333333333)
227	70,0.0714285714286	(227, 0.08333333333333333)
227	77,0.0714285714286	(227, 0.08333333333333333)
227	176,0.0714285714286	(227, 0.08333333333333333)
228	176,0.0555555555556	(228, 0.03571428571428571)
228	228,0.0357142857143	(228, 0.03571428571428571)
228	0,0.0	(228, 0.03571428571428571)
228	1,0.0	(228, 0.03571428571428571)
228	2,0.0	(228, 0.03571428571428571)
228	3,0.0	(228, 0.03571428571428571)
228	4,0.0	(228, 0.03571428571428571)
228	5,0.0	(228, 0.03571428571428571)
228	6,0.0	(228, 0.03571428571428571)
228	7,0.0	(228, 0.03571428571428571)
229	166,0.0416666666667	(229, 0.02564102564102564)
229	215,0.030303030303	(229, 0.02564102564102564)
229	60,0.0263157894737	(229, 0.02564102564102564)
229	65,0.0263157894737	(229, 0.02564102564102564)
229	229,0.025641025641	(229, 0.02564102564102564)
229	122,0.0238095238095	(229, 0.02564102564102564)
229	147,0.0217391304348	(229, 0.02564102564102564)
229	240,0.0208333333333	(229, 0.02564102564102564)
229	100,0.0185185185185	(229, 0.02564102564102564)
229	145,0.0185185185185	(229, 0.02564102564102564)
230	20,0.05	(230, 0.047619047619047616)
230	230,0.047619047619	(230, 0.047619047619047616)
230	0,0.0	(230, 0.047619047619047616)
230	1,0.0	(230, 0.047619047619047616)
230	2,0.0	(230, 0.047619047619047616)
230	3,0.0	(230, 0.047619047619047616)
230	4,0.0	(230, 0.047619047619047616)
230	5,0.0	(230, 0.047619047619047616)
230	6,0.0	(230, 0.047619047619047616)
230	7,0.0	(230, 0.047619047619047616)
231	126,0.0344827586207	(231, 0.0)
231	117,0.0263157894737	(231, 0.0)
231	88,0.025641025641	(231, 0.0)
231	122,0.0232558139535	(231, 0.0)
231	240,0.0204081632653	(231, 0.0)
231	131,0.0147058823529	(231, 0.0)
231	0,0.0	(231, 0.0)
231	1,0.0	(231, 0.0)
231	2,0.0	(231, 0.0)
231	3,0.0	(231, 0.0)
232	82,0.0434782608696	(232, 0.034482758620689655)
232	226,0.0434782608696	(232, 0.034482758620689655)
232	53,0.0416666666667	(232, 0.034482758620689655)
232	232,0.0344827586207	(232, 0.034482758620689655)
232	147,0.0217391304348	(232, 0.034482758620689655)
232	27,0.0212765957447	(232, 0.034482758620689655)
232	212,0.0172413793103	(232, 0.034482758620689655)
232	0,0.0	(232, 0.034482758620689655)
232	1,0.0	(232, 0.034482758620689655)
232	2,0.0	(232, 0.034482758620689655)
233	177,0.05	(233, 0.0425531914893617)
233	63,0.0487804878049	(233, 0.0425531914893617)
233	11,0.047619047619	(233, 0.0425531914893617)
233	30,0.047619047619	(233, 0.0425531914893617)
233	227,0.0454545454545	(233, 0.0425531914893617)
233	243,0.0454545454545	(233, 0.0425531914893617)
233	195,0.0434782608696	(233, 0.0425531914893617)
233	233,0.0425531914894	(233, 0.0425531914893617)
233	38,0.0416666666667	(233, 0.0425531914893617)
233	70,0.0416666666667	(233, 0.0425531914893617)
234	77,0.0952380952381	(234, 0.07142857142857142)
234	234,0.0714285714286	(234, 0.07142857142857142)
234	22,0.0689655172414	(234, 0.07142857142857142)
234	177,0.0555555555556	(234, 0.07142857142857142)
234	11,0.0526315789474	(234, 0.07142857142857142)
234	30,0.0526315789474	(234, 0.07142857142857142)
234	227,0.05	(234, 0.07142857142857142)
234	243,0.05	(234, 0.07142857142857142)
234	195,0.047619047619	(234, 0.07142857142857142)
234	38,0.0454545454545	(234, 0.07142857142857142)
235	9,0.0714285714286	(235, 0.038461538461538464)
235	64,0.0526315789474	(235, 0.038461538461538464)
235	153,0.05	(235, 0.038461538461538464)
235	185,0.047619047619	(235, 0.038461538461538464)
235	15,0.0416666666667	(235, 0.038461538461538464)
235	71,0.04	(235, 0.038461538461538464)
235	235,0.0384615384615	(235, 0.038461538461538464)
235	116,0.0357142857143	(235, 0.038461538461538464)
235	133,0.0357142857143	(235, 0.038461538461538464)
235	28,0.0344827586207	(235, 0.038461538461538464)
236	0,0.0	(236, 0.0)
236	1,0.0	(236, 0.0)
236	2,0.0	(236, 0.0)
236	3,0.0	(236, 0.0)
236	4,0.0	(236, 0.0)
236	5,0.0	(236, 0.0)
236	6,0.0	(236, 0.0)
236	7,0.0	(236, 0.0)
236	8,0.0	(236, 0.0)
236	9,0.0	(236, 0.0)
237	237,0.030303030303	(237, 0.030303030303030304)
237	0,0.0	(237, 0.030303030303030304)
237	1,0.0	(237, 0.030303030303030304)
237	2,0.0	(237, 0.030303030303030304)
237	3,0.0	(237, 0.030303030303030304)
237	4,0.0	(237, 0.030303030303030304)
237	5,0.0	(237, 0.030303030303030304)
237	6,0.0	(237, 0.030303030303030304)
237	7,0.0	(237, 0.030303030303030304)
237	8,0.0	(237, 0.030303030303030304)
238	177,0.0666666666667	(238, 0.038461538461538464)
238	11,0.0625	(238, 0.038461538461538464)
238	30,0.0625	(238, 0.038461538461538464)
238	227,0.0588235294118	(238, 0.038461538461538464)
238	243,0.0588235294118	(238, 0.038461538461538464)
238	195,0.0555555555556	(238, 0.038461538461538464)
238	38,0.0526315789474	(238, 0.038461538461538464)
238	70,0.0526315789474	(238, 0.038461538461538464)
238	77,0.0526315789474	(238, 0.038461538461538464)
238	176,0.0526315789474	(238, 0.038461538461538464)
239	243,0.0625	(239, 0.03333333333333333)
239	239,0.0333333333333	(239, 0.03333333333333333)
239	51,0.0277777777778	(239, 0.03333333333333333)
239	0,0.0	(239, 0.03333333333333333)
239	1,0.0	(239, 0.03333333333333333)
239	2,0.0	(239, 0.03333333333333333)
239	3,0.0	(239, 0.03333333333333333)
239	4,0.0	(239, 0.03333333333333333)
239	5,0.0	(239, 0.03333333333333333)
239	6,0.0	(239, 0.03333333333333333)
240	240,0.0555555555556	(240, 0.05555555555555555)
240	248,0.037037037037	(240, 0.05555555555555555)
240	181,0.0322580645161	(240, 0.05555555555555555)
240	25,0.030303030303	(240, 0.05555555555555555)
240	231,0.0227272727273	(240, 0.05555555555555555)
240	23,0.0217391304348	(240, 0.05555555555555555)
240	33,0.0212765957447	(240, 0.05555555555555555)
240	3,0.0196078431373	(240, 0.05555555555555555)
240	121,0.0185185185185	(240, 0.05555555555555555)
240	209,0.015625	(240, 0.05555555555555555)
241	181,0.0512820512821	(241, 0.047619047619047616)
241	241,0.047619047619	(241, 0.047619047619047616)
241	3,0.0338983050847	(241, 0.047619047619047616)
241	216,0.027027027027	(241, 0.047619047619047616)
241	158,0.0266666666667	(241, 0.047619047619047616)
241	135,0.025641025641	(241, 0.047619047619047616)
241	94,0.0243902439024	(241, 0.047619047619047616)
241	126,0.0222222222222	(241, 0.047619047619047616)
241	8,0.0212765957447	(241, 0.047619047619047616)
241	101,0.02	(241, 0.047619047619047616)
242	177,0.05	(242, 0.022727272727272728)
242	11,0.047619047619	(242, 0.022727272727272728)
242	30,0.047619047619	(242, 0.022727272727272728)
242	227,0.0454545454545	(242, 0.022727272727272728)
242	243,0.0454545454545	(242, 0.022727272727272728)
242	195,0.0434782608696	(242, 0.022727272727272728)
242	38,0.0416666666667	(242, 0.022727272727272728)
242	70,0.0416666666667	(242, 0.022727272727272728)
242	77,0.0416666666667	(242, 0.022727272727272728)
242	176,0.0416666666667	(242, 0.022727272727272728)
243	243,0.0909090909091	(243, 0.09090909090909091)
243	239,0.04	(243, 0.09090909090909091)
243	51,0.0322580645161	(243, 0.09090909090909091)
243	0,0.0	(243, 0.09090909090909091)
243	1,0.0	(243, 0.09090909090909091)
243	2,0.0	(243, 0.09090909090909091)
243	3,0.0	(243, 0.09090909090909091)
243	4,0.0	(243, 0.09090909090909091)
243	5,0.0	(243, 0.09090909090909091)
243	6,0.0	(243, 0.09090909090909091)
244	52,0.05	(244, 0.029411764705882353)
244	175,0.047619047619	(244, 0.029411764705882353)
244	25,0.0434782608696	(244, 0.029411764705882353)
244	39,0.0416666666667	(244, 0.029411764705882353)
244	151,0.0416666666667	(244, 0.029411764705882353)
244	24,0.037037037037	(244, 0.029411764705882353)
244	232,0.037037037037	(244, 0.029411764705882353)
244	13,0.0333333333333	(244, 0.029411764705882353)
244	67,0.0294117647059	(244, 0.029411764705882353)
244	91,0.0294117647059	(244, 0.029411764705882353)
245	248,0.037037037037	(245, 0.0)
245	170,0.0344827586207	(245, 0.0)
245	225,0.0285714285714	(245, 0.0)
245	139,0.0263157894737	(245, 0.0)
245	0,0.0	(245, 0.0)
245	1,0.0	(245, 0.0)
245	2,0.0	(245, 0.0)
245	3,0.0	(245, 0.0)
245	4,0.0	(245, 0.0)
245	5,0.0	(245, 0.0)
246	143,0.04	(246, 0.0)
246	109,0.03125	(246, 0.0)
246	12,0.0238095238095	(246, 0.0)
246	188,0.0196078431373	(246, 0.0)
246	0,0.0	(246, 0.0)
246	1,0.0	(246, 0.0)
246	2,0.0	(246, 0.0)
246	3,0.0	(246, 0.0)
246	4,0.0	(246, 0.0)
246	5,0.0	(246, 0.0)
247	247,0.0909090909091	(247, 0.09090909090909091)
247	14,0.0357142857143	(247, 0.09090909090909091)
247	101,0.0357142857143	(247, 0.09090909090909091)
247	27,0.0238095238095	(247, 0.09090909090909091)
247	0,0.0	(247, 0.09090909090909091)
247	1,0.0	(247, 0.09090909090909091)
247	2,0.0	(247, 0.09090909090909091)
247	3,0.0	(247, 0.09090909090909091)
247	4,0.0	(247, 0.09090909090909091)
247	5,0.0	(247, 0.09090909090909091)
248	9,0.111111111111	(248, 0.0625)
248	64,0.0714285714286	(248, 0.0625)
248	153,0.0666666666667	(248, 0.0625)
248	185,0.0625	(248, 0.0625)
248	248,0.0625	(248, 0.0625)
248	15,0.0526315789474	(248, 0.0625)
248	71,0.05	(248, 0.0625)
248	235,0.047619047619	(248, 0.0625)
248	27,0.046511627907	(248, 0.0625)
248	240,0.0454545454545	(248, 0.0625)
249	249,0.0967741935484	(249, 0.0967741935483871)
249	223,0.0555555555556	(249, 0.0967741935483871)
249	119,0.0526315789474	(249, 0.0967741935483871)
249	55,0.05	(249, 0.0967741935483871)
249	248,0.047619047619	(249, 0.0967741935483871)
249	146,0.046511627907	(249, 0.0967741935483871)
249	92,0.0454545454545	(249, 0.0967741935483871)
249	95,0.0454545454545	(249, 0.0967741935483871)
249	216,0.0454545454545	(249, 0.0967741935483871)
249	18,0.0416666666667	(249, 0.0967741935483871)
